1     0     0     0     0     0     0     0
3     0     0     0     0     0     0     0
5     0     0     0     0     0     0     0
7     8.97251e-07     8.43948e-10     8.43948e-10     8.43948e-10     8.43948e-10     8.43948e-10     8.43948e-10
9     8.97251e-07     6.59833e-10     6.59833e-10     6.59833e-10     6.59833e-10     6.59833e-10     6.59833e-10
11     2.69175e-06     1.5248e-09     1.5248e-09     1.5248e-09     1.5248e-09     1.5248e-09     1.5248e-09
13     3.58901e-06     1.73673e-09     1.73673e-09     1.73673e-09     1.73673e-09     1.73673e-09     1.73673e-09
15     5.38351e-06     2.16477e-09     2.16477e-09     2.16477e-09     2.16477e-09     2.16477e-09     2.16477e-09
17     9.86977e-06     3.38209e-09     3.38209e-09     3.38209e-09     3.38209e-09     3.38209e-09     3.38209e-09
19     9.86977e-06     2.97195e-09     2.97195e-09     2.97195e-09     2.97195e-09     2.97195e-09     2.97195e-09
21     6.28076e-06     1.65731e-09     1.65731e-09     1.65731e-09     1.65731e-09     1.65731e-09     1.65731e-09
23     3.58901e-06     8.56725e-10     8.56725e-10     8.56725e-10     8.56725e-10     8.56725e-10     8.56725e-10
25     4.48626e-06     9.73414e-10     9.73414e-10     9.73414e-10     9.73414e-10     9.73414e-10     9.73414e-10
27     1.34588e-05     2.55777e-09     2.55777e-09     2.55777e-09     2.55777e-09     2.55777e-09     2.55777e-09
29     2.1534e-05     3.72262e-09     3.72262e-09     3.72262e-09     3.72262e-09     3.72262e-09     3.72262e-09
31     1.61505e-05     2.55066e-09     2.55066e-09     2.55066e-09     2.55066e-09     2.55066e-09     2.55066e-09
33     2.8712e-05     4.14902e-09     4.14902e-09     4.14902e-09     4.14902e-09     4.14902e-09     4.14902e-09
35     1.97395e-05     2.65745e-09     2.65745e-09     2.65745e-09     2.65745e-09     2.65745e-09     2.65745e-09
37     2.60203e-05     3.23071e-09     3.23071e-09     3.23071e-09     3.23071e-09     3.23071e-09     3.23071e-09
39     1.70478e-05     1.9787e-09     1.9787e-09     1.9787e-09     1.9787e-09     1.9787e-09     1.9787e-09
41     2.5123e-05     2.70698e-09     2.70698e-09     2.70698e-09     2.70698e-09     2.70698e-09     2.70698e-09
43     1.88423e-05     1.89935e-09     1.89935e-09     1.89935e-09     1.89935e-09     1.89935e-09     1.89935e-09
45     2.33285e-05     2.22018e-09     2.22018e-09     2.22018e-09     2.22018e-09     2.22018e-09     2.22018e-09
47     3.05065e-05     2.74185e-09     2.74185e-09     2.74185e-09     2.74185e-09     2.74185e-09     2.74185e-09
49     2.8712e-05     2.44169e-09     2.44169e-09     2.44169e-09     2.44169e-09     2.44169e-09     2.44169e-09
51     2.69175e-05     2.17292e-09     2.17292e-09     2.17292e-09     2.17292e-09     2.17292e-09     2.17292e-09
53     1.88423e-05     1.44288e-09     1.44288e-09     1.44288e-09     1.44288e-09     1.44288e-09     1.44288e-09
55     4.21708e-05     3.09174e-09     3.09174e-09     3.09174e-09     3.09174e-09     3.09174e-09     3.09174e-09
57     4.30681e-05     3.02511e-09     3.02511e-09     3.02511e-09     3.02511e-09     3.02511e-09     3.02511e-09
59     4.12736e-05     2.78093e-09     2.78093e-09     2.78093e-09     2.78093e-09     2.78093e-09     2.78093e-09
61     4.39653e-05     2.86125e-09     2.86125e-09     2.86125e-09     2.86125e-09     2.86125e-09     2.86125e-09
63     3.58901e-05     2.25625e-09     2.25625e-09     2.25625e-09     2.25625e-09     2.25625e-09     2.25625e-09
65     4.39653e-05     2.67745e-09     2.67745e-09     2.67745e-09     2.67745e-09     2.67745e-09     2.67745e-09
67     5.38351e-05     3.18814e-09     3.18814e-09     3.18814e-09     3.18814e-09     3.18814e-09     3.18814e-09
69     4.93488e-05     2.85561e-09     2.85561e-09     2.85561e-09     2.85561e-09     2.85561e-09     2.85561e-09
71     4.30681e-05     2.43036e-09     2.43036e-09     2.43036e-09     2.43036e-09     2.43036e-09     2.43036e-09
73     5.56296e-05     3.07255e-09     3.07255e-09     3.07255e-09     3.07255e-09     3.07255e-09     3.07255e-09
75     4.93488e-05     2.67739e-09     2.67739e-09     2.67739e-09     2.67739e-09     2.67739e-09     2.67739e-09
77     4.30681e-05     2.29828e-09     2.29828e-09     2.29828e-09     2.29828e-09     2.29828e-09     2.29828e-09
79     5.65268e-05     2.9734e-09     2.9734e-09     2.9734e-09     2.9734e-09     2.9734e-09     2.9734e-09
81     4.66571e-05     2.42571e-09     2.42571e-09     2.42571e-09     2.42571e-09     2.42571e-09     2.42571e-09
83     7.17801e-05     3.69758e-09     3.69758e-09     3.69758e-09     3.69758e-09     3.69758e-09     3.69758e-09
85     6.10131e-05     3.11852e-09     3.11852e-09     3.11852e-09     3.11852e-09     3.11852e-09     3.11852e-09
87     5.20406e-05     2.64471e-09     2.64471e-09     2.64471e-09     2.64471e-09     2.64471e-09     2.64471e-09
89     7.53691e-05     3.81434e-09     3.81434e-09     3.81434e-09     3.81434e-09     3.81434e-09     3.81434e-09
91     6.37049e-05     3.21609e-09     3.21609e-09     3.21609e-09     3.21609e-09     3.21609e-09     3.21609e-09
93     7.89581e-05     3.98281e-09     3.98281e-09     3.98281e-09     3.98281e-09     3.98281e-09     3.98281e-09
95     6.90884e-05     3.48715e-09     3.48715e-09     3.48715e-09     3.48715e-09     3.48715e-09     3.48715e-09
97     7.17801e-05     3.62998e-09     3.62998e-09     3.62998e-09     3.62998e-09     3.62998e-09     3.62998e-09
99     8.34444e-05     4.23351e-09     4.23351e-09     4.23351e-09     4.23351e-09     4.23351e-09     4.23351e-09
101     7.62664e-05     3.88514e-09     3.88514e-09     3.88514e-09     3.88514e-09     3.88514e-09     3.88514e-09
103     8.70334e-05     4.45606e-09     4.45606e-09     4.45606e-09     4.45606e-09     4.45606e-09     4.45606e-09
105     7.35746e-05     3.79121e-09     3.79121e-09     3.79121e-09     3.79121e-09     3.79121e-09     3.79121e-09
107     8.79306e-05     4.57012e-09     4.57012e-09     4.57012e-09     4.57012e-09     4.57012e-09     4.57012e-09
109     6.72939e-05     3.53876e-09     3.53876e-09     3.53876e-09     3.53876e-09     3.53876e-09     3.53876e-09
111     8.88279e-05     4.74193e-09     4.74193e-09     4.74193e-09     4.74193e-09     4.74193e-09     4.74193e-09
113     9.15196e-05     4.973e-09     4.973e-09     4.973e-09     4.973e-09     4.973e-09     4.973e-09
115     7.44719e-05     4.14126e-09     4.14126e-09     4.14126e-09     4.14126e-09     4.14126e-09     4.14126e-09
117     8.70334e-05     4.96031e-09     4.96031e-09     4.96031e-09     4.96031e-09     4.96031e-09     4.96031e-09
119     8.43416e-05     4.95547e-09     4.95547e-09     4.95547e-09     4.95547e-09     4.95547e-09     4.95547e-09
121     8.79306e-05     5.35565e-09     5.35565e-09     5.35565e-09     5.35565e-09     5.35565e-09     5.35565e-09
123     0.000112156     7.11566e-09     7.11566e-09     7.11566e-09     7.11566e-09     7.11566e-09     7.11566e-09
125     8.79306e-05     5.85103e-09     5.85103e-09     5.85103e-09     5.85103e-09     5.85103e-09     5.85103e-09
127     0.000108567     7.64848e-09     7.64848e-09     7.64848e-09     7.64848e-09     7.64848e-09     7.64848e-09
129     0.000111259     8.29595e-09     8.29595e-09     8.29595e-09     8.29595e-09     8.29595e-09     8.29595e-09
131     0.000115745     9.25549e-09     9.25549e-09     9.25549e-09     9.25549e-09     9.25549e-09     9.25549e-09
133     9.95949e-05     8.62412e-09     8.62412e-09     8.62412e-09     8.62412e-09     8.62412e-09     8.62412e-09
135     8.88279e-05     8.36342e-09     8.36342e-09     8.36342e-09     8.36342e-09     8.36342e-09     8.36342e-09
137     0.000102287     1.05005e-08     1.05005e-08     1.05005e-08     1.05005e-08     1.05005e-08     1.05005e-08
139     0.000122026     1.37994e-08     1.37994e-08     1.37994e-08     1.37994e-08     1.37994e-08     1.37994e-08
141     0.000111259     1.40427e-08     1.40427e-08     1.40427e-08     1.40427e-08     1.40427e-08     1.40427e-08
143     0.000102287     1.46369e-08     1.46369e-08     1.46369e-08     1.46369e-08     1.46369e-08     1.46369e-08
145     0.000108567     1.75426e-08     1.75426e-08     1.75426e-08     1.75426e-08     1.75426e-08     1.75426e-08
147     0.000113951     2.12246e-08     2.12246e-08     2.12246e-08     2.12246e-08     2.12246e-08     2.12246e-08
149     0.000109465     2.38211e-08     2.38211e-08     2.38211e-08     2.38211e-08     2.38211e-08     2.38211e-08
151     0.000116643     3.07847e-08     3.07847e-08     3.07847e-08     3.07847e-08     3.07847e-08     3.07847e-08
153     0.000120232     3.87336e-08     3.87336e-08     3.87336e-08     3.87336e-08     3.87336e-08     3.87336e-08
155     0.000109465     4.38628e-08     4.38628e-08     4.38628e-08     4.38628e-08     4.38628e-08     4.38628e-08
157     0.000130999     7.09691e-08     7.09691e-08     7.09691e-08     7.09691e-08     7.09691e-08     7.09691e-08
159     0.000123821     1.04333e-07     1.04333e-07     1.04333e-07     1.04333e-07     1.04333e-07     1.04333e-07
161     0.000125615     1.76294e-07     1.76294e-07     1.76294e-07     1.76294e-07     1.76294e-07     1.76294e-07
163     0.000116643     2.57937e-07     2.57937e-07     2.57937e-07     2.57937e-07     2.57937e-07     2.57937e-07
165     0.000135485     4.12001e-07     4.12001e-07     4.12001e-07     4.12001e-07     4.12001e-07     4.12001e-07
167     0.00012741     4.7793e-07     4.7793e-07     4.7793e-07     4.7793e-07     4.7793e-07     4.7793e-07
169     0.000122026     5.26819e-07     5.26819e-07     5.26819e-07     5.26819e-07     5.26819e-07     5.26819e-07
171     0.000131896     6.43059e-07     6.43059e-07     6.43059e-07     6.43059e-07     6.43059e-07     6.43059e-07
173     0.000128307     6.92268e-07     6.92268e-07     6.92268e-07     6.92268e-07     6.92268e-07     6.92268e-07
175     0.000124718     7.31595e-07     7.31595e-07     7.31595e-07     7.31595e-07     7.31595e-07     7.31595e-07
177     0.000140868     8.95274e-07     8.95274e-07     8.95274e-07     8.95274e-07     8.95274e-07     8.95274e-07
179     0.000126512     8.72799e-07     8.72799e-07     8.72799e-07     8.72799e-07     8.72799e-07     8.72799e-07
181     0.00013369     1.00554e-06     1.00554e-06     1.00554e-06     1.00554e-06     1.00554e-06     1.00554e-06
183     0.000132793     1.11234e-06     1.11234e-06     1.11234e-06     1.11234e-06     1.11234e-06     1.11234e-06
185     0.000130999     1.21024e-06     1.21025e-06     1.21024e-06     1.21024e-06     1.21025e-06     1.21024e-06
187     0.000160608     1.61614e-06     1.61616e-06     1.61614e-06     1.61614e-06     1.61616e-06     1.61614e-06
189     0.000145355     1.58212e-06     1.58213e-06     1.58212e-06     1.58212e-06     1.58213e-06     1.58212e-06
191     0.000157916     1.83419e-06     1.83421e-06     1.83419e-06     1.83419e-06     1.83421e-06     1.83419e-06
193     0.000151635     1.87366e-06     1.87368e-06     1.87366e-06     1.87366e-06     1.87368e-06     1.87366e-06
195     0.000119334     1.55559e-06     1.5556e-06     1.55559e-06     1.55559e-06     1.5556e-06     1.55559e-06
197     0.000164197     2.25068e-06     2.2507e-06     2.25068e-06     2.25068e-06     2.2507e-06     2.25068e-06
199     0.000145355     2.08368e-06     2.0837e-06     2.08368e-06     2.08368e-06     2.0837e-06     2.08368e-06
201     0.00015343     2.29317e-06     2.2932e-06     2.29317e-06     2.29317e-06     2.2932e-06     2.29317e-06
203     0.000136382     2.1301e-06     2.13012e-06     2.1301e-06     2.1301e-06     2.13012e-06     2.1301e-06
205     0.000148944     2.43495e-06     2.43497e-06     2.43495e-06     2.43495e-06     2.43497e-06     2.43495e-06
207     0.000135485     2.29736e-06     2.29738e-06     2.29736e-06     2.29736e-06     2.29738e-06     2.29736e-06
209     0.000192909     3.41375e-06     3.41379e-06     3.41375e-06     3.41375e-06     3.41379e-06     3.41375e-06
211     0.000145355     2.67266e-06     2.67269e-06     2.67266e-06     2.67266e-06     2.67269e-06     2.67266e-06
213     0.000168683     3.21245e-06     3.21248e-06     3.21245e-06     3.21245e-06     3.21248e-06     3.21245e-06
215     0.000162403     3.20727e-06     3.2073e-06     3.20727e-06     3.20727e-06     3.2073e-06     3.20727e-06
217     0.000165094     3.37536e-06     3.37541e-06     3.37536e-06     3.37536e-06     3.37541e-06     3.37536e-06
219     0.000177656     3.75664e-06     3.75669e-06     3.75664e-06     3.75664e-06     3.75669e-06     3.75664e-06
221     0.000165094     3.60348e-06     3.60352e-06     3.60348e-06     3.60348e-06     3.60352e-06     3.60348e-06
223     0.000172272     3.87886e-06     3.87891e-06     3.87886e-06     3.87886e-06     3.87891e-06     3.87886e-06
225     0.000176759     4.10238e-06     4.10243e-06     4.10238e-06     4.10238e-06     4.10243e-06     4.10238e-06
227     0.000192909     4.61749e-06     4.61755e-06     4.61749e-06     4.61749e-06     4.61755e-06     4.61749e-06
229     0.000176759     4.36038e-06     4.36043e-06     4.36038e-06     4.36038e-06     4.36043e-06     4.36038e-06
231     0.000161505     4.10116e-06     4.10123e-06     4.10116e-06     4.10116e-06     4.10123e-06     4.10116e-06
233     0.00018932     4.95937e-06     4.95945e-06     4.95937e-06     4.95937e-06     4.95945e-06     4.95937e-06
235     0.000165992     4.47061e-06     4.47067e-06     4.47061e-06     4.47061e-06     4.47067e-06     4.47061e-06
237     0.000156122     4.3269e-06     4.32696e-06     4.3269e-06     4.3269e-06     4.32696e-06     4.3269e-06
239     0.00017945     5.11382e-06     5.11389e-06     5.11382e-06     5.11382e-06     5.11389e-06     5.11382e-06
241     0.000188423     5.51466e-06     5.51474e-06     5.51466e-06     5.51466e-06     5.51474e-06     5.51466e-06
243     0.000192012     5.77608e-06     5.77615e-06     5.77608e-06     5.77608e-06     5.77615e-06     5.77608e-06
245     0.000187526     5.78491e-06     5.785e-06     5.78491e-06     5.78491e-06     5.785e-06     5.78491e-06
247     0.000192012     6.08427e-06     6.08437e-06     6.08427e-06     6.08427e-06     6.08437e-06     6.08427e-06
249     0.0001633     5.30848e-06     5.30857e-06     5.30848e-06     5.30848e-06     5.30857e-06     5.30848e-06
251     0.000188423     6.28293e-06     6.28303e-06     6.28293e-06     6.28293e-06     6.28303e-06     6.28293e-06
253     0.00017945     6.13416e-06     6.13425e-06     6.13416e-06     6.13416e-06     6.13425e-06     6.13416e-06
255     0.000178553     6.258e-06     6.2581e-06     6.258e-06     6.258e-06     6.2581e-06     6.258e-06
257     0.00017945     6.44371e-06     6.4438e-06     6.44371e-06     6.44371e-06     6.4438e-06     6.44371e-06
259     0.000190217     6.99749e-06     6.9976e-06     6.99749e-06     6.99749e-06     6.9976e-06     6.99749e-06
261     0.000175861     6.62681e-06     6.62694e-06     6.62681e-06     6.62681e-06     6.62694e-06     6.62681e-06
263     0.000187526     7.23479e-06     7.23493e-06     7.23479e-06     7.23479e-06     7.23493e-06     7.23479e-06
265     0.000192012     7.57957e-06     7.57971e-06     7.57957e-06     7.57957e-06     7.57971e-06     7.57957e-06
267     0.000183039     7.38361e-06     7.38374e-06     7.38361e-06     7.38361e-06     7.38374e-06     7.38361e-06
269     0.000200087     8.25827e-06     8.25841e-06     8.25827e-06     8.25827e-06     8.25841e-06     8.25827e-06
271     0.000210854     8.90378e-06     8.90394e-06     8.90378e-06     8.90378e-06     8.90394e-06     8.90378e-06
273     0.000218929     9.45195e-06     9.45211e-06     9.45195e-06     9.45195e-06     9.45211e-06     9.45195e-06
275     0.000178553     7.88417e-06     7.88433e-06     7.88417e-06     7.88417e-06     7.88433e-06     7.88417e-06
277     0.000208162     9.38146e-06     9.38166e-06     9.38146e-06     9.38146e-06     9.38166e-06     9.38146e-06
279     0.000202779     9.33069e-06     9.33088e-06     9.33069e-06     9.33069e-06     9.33088e-06     9.33069e-06
281     0.000226107     1.06398e-05     1.064e-05     1.06398e-05     1.06398e-05     1.064e-05     1.06398e-05
283     0.00021534     1.03467e-05     1.03469e-05     1.03467e-05     1.03467e-05     1.03469e-05     1.03467e-05
285     0.000218032     1.06968e-05     1.0697e-05     1.06968e-05     1.06968e-05     1.0697e-05     1.06968e-05
287     0.000218929     1.09577e-05     1.09579e-05     1.09577e-05     1.09577e-05     1.09579e-05     1.09577e-05
289     0.000231491     1.18213e-05     1.18215e-05     1.18213e-05     1.18213e-05     1.18215e-05     1.18213e-05
291     0.000235977     1.22896e-05     1.22899e-05     1.22896e-05     1.22896e-05     1.22899e-05     1.22896e-05
293     0.000224313     1.19068e-05     1.19071e-05     1.19068e-05     1.19068e-05     1.19071e-05     1.19068e-05
295     0.000221621     1.19976e-05     1.19979e-05     1.19976e-05     1.19976e-05     1.19979e-05     1.19976e-05
297     0.00022521     1.24326e-05     1.24329e-05     1.24326e-05     1.24326e-05     1.24329e-05     1.24326e-05
299     0.000227005     1.27741e-05     1.27744e-05     1.27741e-05     1.27741e-05     1.27744e-05     1.27741e-05
301     0.000235977     1.35223e-05     1.35226e-05     1.35223e-05     1.35223e-05     1.35226e-05     1.35223e-05
303     0.00021534     1.25753e-05     1.25756e-05     1.25753e-05     1.25753e-05     1.25756e-05     1.25753e-05
305     0.000226107     1.34595e-05     1.34599e-05     1.34595e-05     1.34595e-05     1.34599e-05     1.34595e-05
307     0.000231491     1.40295e-05     1.40299e-05     1.40295e-05     1.40295e-05     1.40299e-05     1.40295e-05
309     0.000248539     1.53302e-05     1.53306e-05     1.53302e-05     1.53302e-05     1.53306e-05     1.53302e-05
311     0.000232388     1.4611e-05     1.46114e-05     1.4611e-05     1.4611e-05     1.46114e-05     1.4611e-05
313     0.000229696     1.46901e-05     1.46904e-05     1.46901e-05     1.46901e-05     1.46904e-05     1.46901e-05
315     0.000227005     1.47735e-05     1.47739e-05     1.47735e-05     1.47735e-05     1.47739e-05     1.47735e-05
317     0.000226107     1.49841e-05     1.49845e-05     1.49841e-05     1.49841e-05     1.49845e-05     1.49841e-05
319     0.000245847     1.6562e-05     1.65625e-05     1.6562e-05     1.6562e-05     1.65625e-05     1.6562e-05
321     0.000252128     1.72759e-05     1.72764e-05     1.72759e-05     1.72759e-05     1.72764e-05     1.72759e-05
323     0.000238669     1.66273e-05     1.66278e-05     1.66273e-05     1.66273e-05     1.66278e-05     1.66273e-05
325     0.000230594     1.63305e-05     1.6331e-05     1.63305e-05     1.63305e-05     1.6331e-05     1.63305e-05
327     0.000228799     1.64562e-05     1.64567e-05     1.64562e-05     1.64562e-05     1.64567e-05     1.64562e-05
329     0.000243155     1.77768e-05     1.77773e-05     1.77768e-05     1.77768e-05     1.77773e-05     1.77768e-05
331     0.000299682     2.22501e-05     2.22507e-05     2.22501e-05     2.22501e-05     2.22507e-05     2.22501e-05
333     0.000267381     2.01748e-05     2.01754e-05     2.01748e-05     2.01748e-05     2.01754e-05     2.01748e-05
335     0.000239566     1.83534e-05     1.83541e-05     1.83534e-05     1.83534e-05     1.83541e-05     1.83534e-05
337     0.000273662     2.13017e-05     2.13026e-05     2.13017e-05     2.13017e-05     2.13026e-05     2.13017e-05
339     0.000244052     1.92838e-05     1.92845e-05     1.92838e-05     1.92838e-05     1.92845e-05     1.92838e-05
341     0.000221621     1.77873e-05     1.7788e-05     1.77873e-05     1.77873e-05     1.7788e-05     1.77873e-05
343     0.000264689     2.15875e-05     2.15883e-05     2.15875e-05     2.15875e-05     2.15883e-05     2.15875e-05
345     0.000236874     1.96506e-05     1.96513e-05     1.96506e-05     1.96506e-05     1.96513e-05     1.96506e-05
347     0.000269175     2.27153e-05     2.27162e-05     2.27153e-05     2.27153e-05     2.27162e-05     2.27153e-05
349     0.00024495     2.10841e-05     2.10851e-05     2.10841e-05     2.10841e-05     2.10851e-05     2.10841e-05
351     0.000253025     2.22509e-05     2.22521e-05     2.22509e-05     2.22509e-05     2.22521e-05     2.22509e-05
353     0.000270073     2.4298e-05     2.42992e-05     2.4298e-05     2.4298e-05     2.42992e-05     2.4298e-05
355     0.000270073     2.48525e-05     2.48537e-05     2.48525e-05     2.48525e-05     2.48537e-05     2.48525e-05
357     0.000289812     2.73337e-05     2.7335e-05     2.73337e-05     2.73337e-05     2.7335e-05     2.73337e-05
359     0.000291607     2.81469e-05     2.81482e-05     2.81469e-05     2.81469e-05     2.81482e-05     2.81469e-05
361     0.000255717     2.52466e-05     2.52478e-05     2.52466e-05     2.52466e-05     2.52478e-05     2.52466e-05
363     0.000290709     2.93472e-05     2.93486e-05     2.93472e-05     2.93472e-05     2.93486e-05     2.93472e-05
365     0.000261997     2.70261e-05     2.70277e-05     2.70261e-05     2.70261e-05     2.70277e-05     2.70261e-05
367     0.000277251     2.92353e-05     2.92371e-05     2.92353e-05     2.92353e-05     2.92371e-05     2.92353e-05
369     0.00028084     3.02377e-05     3.02395e-05     3.02377e-05     3.02377e-05     3.02395e-05     3.02377e-05
371     0.000272764     3.00234e-05     3.00252e-05     3.00234e-05     3.00234e-05     3.00252e-05     3.00234e-05
373     0.000301476     3.389e-05     3.3892e-05     3.389e-05     3.389e-05     3.3892e-05     3.389e-05
375     0.000285326     3.27509e-05     3.27527e-05     3.27509e-05     3.27509e-05     3.27527e-05     3.27509e-05
377     0.000279942     3.28157e-05     3.28175e-05     3.28157e-05     3.28157e-05     3.28175e-05     3.28157e-05
379     0.0002611     3.12447e-05     3.12468e-05     3.12447e-05     3.12447e-05     3.12468e-05     3.12447e-05
381     0.000299682     3.66105e-05     3.66131e-05     3.66105e-05     3.66105e-05     3.66131e-05     3.66105e-05
383     0.000279942     3.48763e-05     3.48787e-05     3.48763e-05     3.48763e-05     3.48787e-05     3.48763e-05
385     0.000310449     3.94084e-05     3.9411e-05     3.94084e-05     3.94084e-05     3.9411e-05     3.94084e-05
387     0.000294298     3.8031e-05     3.80335e-05     3.8031e-05     3.8031e-05     3.80335e-05     3.8031e-05
389     0.000284429     3.7472e-05     3.74744e-05     3.7472e-05     3.7472e-05     3.74744e-05     3.7472e-05
391     0.00029699     3.97819e-05     3.97845e-05     3.97819e-05     3.97819e-05     3.97845e-05     3.97819e-05
393     0.000321216     4.37942e-05     4.37973e-05     4.37942e-05     4.37942e-05     4.37973e-05     4.37942e-05
395     0.000291607     4.04409e-05     4.04441e-05     4.04409e-05     4.04409e-05     4.04441e-05     4.04409e-05
397     0.000313141     4.41603e-05     4.41637e-05     4.41603e-05     4.41603e-05     4.41637e-05     4.41603e-05
399     0.000310449     4.45114e-05     4.45148e-05     4.45114e-05     4.45114e-05     4.45148e-05     4.45114e-05
401     0.000309552     4.51224e-05     4.51258e-05     4.51224e-05     4.51224e-05     4.51258e-05     4.51224e-05
403     0.0003266     4.84042e-05     4.84078e-05     4.84042e-05     4.84042e-05     4.84078e-05     4.84042e-05
405     0.000318524     4.79404e-05     4.79439e-05     4.79404e-05     4.79404e-05     4.79439e-05     4.79404e-05
407     0.000305065     4.668e-05     4.66833e-05     4.668e-05     4.668e-05     4.66833e-05     4.668e-05
409     0.000328394     5.10432e-05     5.10476e-05     5.10432e-05     5.10432e-05     5.10476e-05     5.10432e-05
411     0.00031673     4.99938e-05     4.99981e-05     4.99938e-05     4.99938e-05     4.99981e-05     4.99938e-05
413     0.000318524     5.10266e-05     5.10309e-05     5.10266e-05     5.10266e-05     5.10309e-05     5.10266e-05
415     0.000314038     5.10784e-05     5.10826e-05     5.10784e-05     5.10784e-05     5.10826e-05     5.10784e-05
417     0.000347236     5.72802e-05     5.72848e-05     5.72802e-05     5.72802e-05     5.72848e-05     5.72802e-05
419     0.000335572     5.61707e-05     5.61752e-05     5.61707e-05     5.61707e-05     5.61752e-05     5.61707e-05
421     0.000301476     5.11536e-05     5.11576e-05     5.11536e-05     5.11536e-05     5.11576e-05     5.11536e-05
423     0.000327497     5.63186e-05     5.63234e-05     5.63186e-05     5.63186e-05     5.63234e-05     5.63186e-05
425     0.000331086     5.7704e-05     5.77093e-05     5.7704e-05     5.7704e-05     5.77093e-05     5.7704e-05
427     0.000351723     6.21197e-05     6.21253e-05     6.21197e-05     6.21197e-05     6.21253e-05     6.21197e-05
429     0.000349031     6.24756e-05     6.24812e-05     6.24756e-05     6.24756e-05     6.24812e-05     6.24756e-05
431     0.00035262     6.397e-05     6.39757e-05     6.397e-05     6.397e-05     6.39757e-05     6.397e-05
433     0.000335572     6.16652e-05     6.16706e-05     6.16652e-05     6.16652e-05     6.16706e-05     6.16652e-05
435     0.000366976     6.83137e-05     6.83196e-05     6.83137e-05     6.83137e-05     6.83196e-05     6.83137e-05
437     0.00033288     6.28047e-05     6.28102e-05     6.28047e-05     6.28047e-05     6.28102e-05     6.28047e-05
439     0.000349928     6.68279e-05     6.68345e-05     6.68279e-05     6.68279e-05     6.68345e-05     6.68279e-05
441     0.000353517     6.83587e-05     6.83654e-05     6.83587e-05     6.83587e-05     6.83654e-05     6.83587e-05
443     0.000408249     7.99271e-05     7.99347e-05     7.99271e-05     7.99271e-05     7.99347e-05     7.99271e-05
445     0.000341853     6.77282e-05     6.77347e-05     6.77282e-05     6.77282e-05     6.77347e-05     6.77282e-05
447     0.000377743     7.57376e-05     7.57447e-05     7.57376e-05     7.57376e-05     7.57447e-05     7.57376e-05
449     0.000366079     7.42541e-05     7.42609e-05     7.42541e-05     7.42541e-05     7.42609e-05     7.42541e-05
451     0.000338264     6.94026e-05     6.9409e-05     6.94026e-05     6.94026e-05     6.9409e-05     6.94026e-05
453     0.000387613     8.04106e-05     8.04187e-05     8.04106e-05     8.04106e-05     8.04187e-05     8.04106e-05
455     0.000379537     7.96182e-05     7.96265e-05     7.96182e-05     7.96182e-05     7.96265e-05     7.96182e-05
457     0.000373257     7.91709e-05     7.9179e-05     7.91709e-05     7.91709e-05     7.9179e-05     7.91709e-05
459     0.000384024     8.23445e-05     8.23529e-05     8.23445e-05     8.23445e-05     8.23529e-05     8.23445e-05
461     0.000359798     7.80021e-05     7.801e-05     7.80021e-05     7.80021e-05     7.801e-05     7.80021e-05
463     0.000365181     8.00413e-05     8.00493e-05     8.00413e-05     8.00413e-05     8.00493e-05     8.00413e-05
465     0.000367873     8.1496e-05     8.15041e-05     8.1496e-05     8.1496e-05     8.15041e-05     8.1496e-05
467     0.000382229     8.55889e-05     8.55976e-05     8.55889e-05     8.55889e-05     8.55976e-05     8.55889e-05
469     0.000377743     8.55031e-05     8.55126e-05     8.55031e-05     8.55031e-05     8.55126e-05     8.55031e-05
471     0.000384921     8.80313e-05     8.80409e-05     8.80313e-05     8.80313e-05     8.80409e-05     8.80313e-05
473     0.00039838     9.20354e-05     9.20454e-05     9.20354e-05     9.20354e-05     9.20454e-05     9.20354e-05
475     0.000413633     9.65288e-05     9.65392e-05     9.65288e-05     9.65288e-05     9.65392e-05     9.65288e-05
477     0.000402866     9.49474e-05     9.49575e-05     9.49474e-05     9.49474e-05     9.49575e-05     9.49474e-05
479     0.00037864     9.01362e-05     9.01457e-05     9.01362e-05     9.01362e-05     9.01457e-05     9.01362e-05
481     0.000399277     9.60143e-05     9.60243e-05     9.60143e-05     9.60143e-05     9.60243e-05     9.60143e-05
483     0.00040466     9.82545e-05     9.82659e-05     9.82545e-05     9.82545e-05     9.82659e-05     9.82545e-05
485     0.000407352     9.98621e-05     9.98738e-05     9.98621e-05     9.98621e-05     9.98738e-05     9.98621e-05
487     0.000432475     0.000107082     0.000107094     0.000107082     0.000107082     0.000107094     0.000107082
489     0.000422605     0.000105654     0.000105667     0.000105654     0.000105654     0.000105667     0.000105654
491     0.000412736     0.000104172     0.000104184     0.000104172     0.000104172     0.000104184     0.000104172
493     0.000407352     0.000103803     0.000103814     0.000103803     0.000103803     0.000103814     0.000103803
495     0.000409147     0.000105212     0.000105223     0.000105212     0.000105212     0.000105223     0.000105212
497     0.000384921     9.98789e-05     9.98906e-05     9.98789e-05     9.98789e-05     9.98906e-05     9.98789e-05
499     0.000472852     0.000123833     0.000123849     0.000123833     0.000123833     0.000123849     0.000123833
501     0.000408249     0.000107893     0.000107906     0.000107893     0.000107893     0.000107906     0.000107893
503     0.000399277     0.000106467     0.00010648     0.000106467     0.000106467     0.00010648     0.000106467
505     0.00041453     0.000111507     0.00011152     0.000111507     0.000111507     0.00011152     0.000111507
507     0.000452215     0.000122765     0.000122779     0.000122765     0.000122765     0.000122779     0.000122765
509     0.000448626     0.000122881     0.000122896     0.000122881     0.000122881     0.000122896     0.000122881
511     0.000465673     0.000128709     0.000128724     0.000128709     0.000128709     0.000128724     0.000128709
513     0.000441448     0.000123105     0.000123122     0.000123105     0.000123105     0.000123122     0.000123105
515     0.000473749     0.000133237     0.000133255     0.000133237     0.000133237     0.000133255     0.000133237
517     0.000480927     0.000136451     0.000136469     0.000136451     0.000136451     0.000136469     0.000136451
519     0.000456701     0.000130721     0.000130738     0.000130721     0.000130721     0.000130738     0.000130721
521     0.000468365     0.000135212     0.000135229     0.000135212     0.000135212     0.000135229     0.000135212
523     0.000422605     0.000123062     0.000123078     0.000123062     0.000123062     0.000123078     0.000123062
525     0.000472852     0.000138821     0.000138838     0.000138821     0.000138821     0.000138838     0.000138821
527     0.000462982     0.000137042     0.00013706     0.000137042     0.000137042     0.00013706     0.000137042
529     0.000474646     0.000141628     0.000141648     0.000141628     0.000141628     0.000141648     0.000141628
531     0.000436961     0.000131463     0.000131481     0.000131463     0.000131463     0.000131481     0.000131463
533     0.00047016     0.000142576     0.000142596     0.000142576     0.000142576     0.000142596     0.000142576
535     0.000504255     0.000154133     0.000154154     0.000154133     0.000154133     0.000154154     0.000154133
537     0.000436064     0.000134357     0.000134376     0.000134357     0.000134357     0.000134376     0.000134357
539     0.000465673     0.000144615     0.000144635     0.000144615     0.000144615     0.000144635     0.000144615
541     0.000516817     0.000161722     0.000161744     0.000161722     0.000161722     0.000161744     0.000161722
543     0.000471954     0.000148889     0.000148912     0.000148889     0.000148889     0.000148912     0.000148889
545     0.00054194     0.00017234     0.000172365     0.00017234     0.00017234     0.000172365     0.00017234
547     0.000524892     0.00016826     0.000168285     0.00016826     0.00016826     0.000168285     0.00016826
549     0.00056796     0.000183534     0.000183561     0.000183534     0.000183534     0.000183561     0.000183534
551     0.0005222     0.000170144     0.000170169     0.000170144     0.000170144     0.000170169     0.000170144
553     0.000535659     0.000175928     0.000175953     0.000175928     0.000175928     0.000175953     0.000175928
555     0.000510536     0.000169064     0.000169088     0.000169064     0.000169064     0.000169088     0.000169064
557     0.00054194     0.000180831     0.000180859     0.000180831     0.000180831     0.000180859     0.000180831
559     0.000509639     0.000171365     0.000171392     0.000171365     0.000171365     0.000171392     0.000171365
561     0.000530276     0.000179598     0.000179627     0.000179598     0.000179598     0.000179627     0.000179598
563     0.000552707     0.000188429     0.000188459     0.000188429     0.000188429     0.000188459     0.000188429
565     0.000545529     0.000187245     0.000187274     0.000187245     0.000187245     0.000187274     0.000187245
567     0.000530276     0.000183219     0.000183248     0.000183219     0.000183219     0.000183248     0.000183219
569     0.000553604     0.000192587     0.000192617     0.000192587     0.000192587     0.000192617     0.000192587
571     0.00055809     0.000195547     0.000195578     0.000195547     0.000195547     0.000195578     0.000195547
573     0.000625384     0.000220835     0.000220873     0.000220835     0.000220835     0.000220873     0.000220835
575     0.00053207     0.000189366     0.000189399     0.000189366     0.000189366     0.000189399     0.000189366
577     0.000544632     0.00019535     0.000195383     0.00019535     0.00019535     0.000195383     0.00019535
579     0.000524892     0.000189741     0.000189773     0.000189741     0.000189741     0.000189773     0.000189741
581     0.0005877     0.000213992     0.000214028     0.000213992     0.000213992     0.000214028     0.000213992
583     0.000561679     0.000205989     0.000206023     0.000205989     0.000205989     0.000206023     0.000205989
585     0.000586802     0.000216681     0.000216717     0.000216681     0.000216681     0.000216717     0.000216681
587     0.000580522     0.000215929     0.000215969     0.000215929     0.000215929     0.000215969     0.000215929
589     0.000574241     0.000215198     0.000215238     0.000215198     0.000215198     0.000215238     0.000215198
591     0.000619103     0.000233905     0.000233949     0.000233905     0.000233905     0.000233949     0.000233905
593     0.000576933     0.000219919     0.00021996     0.000219919     0.000219919     0.00021996     0.000219919
595     0.000605645     0.000232892     0.000232934     0.000232892     0.000232892     0.000232934     0.000232892
597     0.000646021     0.000250585     0.000250631     0.000250585     0.000250585     0.000250631     0.000250585
599     0.000602056     0.000235517     0.000235559     0.000235517     0.000235517     0.000235559     0.000235517
601     0.000644227     0.000253924     0.000253973     0.000253924     0.000253924     0.000253973     0.000253924
603     0.000638843     0.000253507     0.000253558     0.000253507     0.000253507     0.000253558     0.000253507
605     0.000689986     0.000275559     0.000275615     0.000275559     0.000275559     0.000275615     0.000275559
607     0.000628076     0.000252398     0.000252448     0.000252398     0.000252398     0.000252448     0.000252398
609     0.00063974     0.000258755     0.000258807     0.000258755     0.000258755     0.000258807     0.000258755
611     0.000684603     0.000278844     0.000278899     0.000278844     0.000278844     0.000278899     0.000278844
613     0.000676528     0.000277635     0.000277689     0.000277635     0.000277635     0.000277689     0.000277635
615     0.000699856     0.000289515     0.000289572     0.000289515     0.000289515     0.000289572     0.000289515
617     0.000735746     0.000306822     0.00030689     0.000306822     0.000306822     0.00030689     0.000306822
619     0.000655891     0.000275801     0.000275861     0.000275801     0.000275801     0.000275861     0.000275801
621     0.000672939     0.000285246     0.000285309     0.000285246     0.000285246     0.000285309     0.000285246
623     0.000671144     0.000286711     0.000286773     0.000286711     0.000286711     0.000286773     0.000286711
625     0.00069537     0.000299342     0.000299406     0.000299342     0.000299342     0.000299406     0.000299342
627     0.000715109     0.000310213     0.000310279     0.000310213     0.000310213     0.000310279     0.000310213
629     0.000724979     0.000316817     0.000316884     0.000316817     0.000316817     0.000316884     0.000316817
631     0.000716904     0.000315563     0.000315637     0.000315563     0.000315563     0.000315637     0.000315563
633     0.000707931     0.000313841     0.000313917     0.000313841     0.000313841     0.000313917     0.000313841
635     0.000714212     0.000318958     0.000319035     0.000318958     0.000318958     0.000319035     0.000318958
637     0.000737541     0.000331846     0.000331925     0.000331846     0.000331846     0.000331925     0.000331846
639     0.000725876     0.00032915     0.000329228     0.00032915     0.00032915     0.000329228     0.00032915
641     0.000735746     0.00033632     0.000336399     0.00033632     0.00033632     0.000336399     0.00033632
643     0.000750999     0.000346238     0.000346319     0.000346238     0.000346238     0.000346319     0.000346238
645     0.000756383     0.000351703     0.000351787     0.000351703     0.000351703     0.000351787     0.000351703
647     0.00070524     0.000330818     0.000330907     0.000330818     0.000330818     0.000330907     0.000330818
649     0.000742924     0.000351557     0.00035165     0.000351557     0.000351557     0.00035165     0.000351557
651     0.000758177     0.000362014     0.000362109     0.000362014     0.000362014     0.000362109     0.000362014
653     0.000780609     0.000375886     0.000375984     0.000375886     0.000375886     0.000375984     0.000375886
655     0.000744719     0.000361711     0.000361804     0.000361711     0.000361711     0.000361804     0.000361711
657     0.000756383     0.000370565     0.00037066     0.000370565     0.000370565     0.00037066     0.000370565
659     0.000761766     0.000376353     0.000376448     0.000376353     0.000376353     0.000376448     0.000376353
661     0.000768047     0.000382647     0.000382757     0.000382647     0.000382647     0.000382757     0.000382647
663     0.00077702     0.000390437     0.000390551     0.000390437     0.000390437     0.000390551     0.000390437
665     0.00082278     0.000416955     0.000417076     0.000416955     0.000416955     0.000417076     0.000416955
667     0.000750999     0.00038382     0.00038393     0.00038382     0.00038382     0.00038393     0.00038382
669     0.000816499     0.000420915     0.000421035     0.000420915     0.000420915     0.000421035     0.000420915
671     0.000837136     0.000435323     0.000435446     0.000435323     0.000435323     0.000435446     0.000435323
673     0.000870334     0.000456514     0.000456642     0.000456514     0.000456514     0.000456642     0.000456514
675     0.000763561     0.000404036     0.000404157     0.000404036     0.000404036     0.000404157     0.000404036
677     0.00085867     0.000458279     0.000458427     0.000458279     0.000458279     0.000458427     0.000458279
679     0.000861361     0.000463718     0.000463866     0.000463718     0.000463718     0.000463866     0.000463718
681     0.000856875     0.000465316     0.000465464     0.000465316     0.000465316     0.000465464     0.000465316
683     0.000852389     0.0004668     0.000466947     0.0004668     0.0004668     0.000466947     0.0004668
685     0.000868539     0.000479722     0.000479872     0.000479722     0.000479722     0.000479872     0.000479722
687     0.000921477     0.000513517     0.000513676     0.000513517     0.000513517     0.000513676     0.000513517
689     0.000868539     0.000488528     0.000488678     0.000488528     0.000488528     0.000488678     0.000488528
691     0.000888279     0.000504392     0.000504573     0.000504392     0.000504392     0.000504573     0.000504392
693     0.000888279     0.000509341     0.000509522     0.000509341     0.000509341     0.000509522     0.000509341
695     0.00090084     0.000521856     0.00052204     0.000521856     0.000521856     0.00052204     0.000521856
697     0.000893662     0.000523102     0.000523285     0.000523102     0.000523102     0.000523285     0.000523102
699     0.000960059     0.000567785     0.000567981     0.000567785     0.000567785     0.000567981     0.000567785
701     0.00091071     0.000544268     0.000544453     0.000544268     0.000544268     0.000544453     0.000544268
703     0.000916094     0.000553121     0.000553308     0.000553121     0.000553121     0.000553308     0.000553121
705     0.000908916     0.000554242     0.000554448     0.000554242     0.000554242     0.000554448     0.000554242
707     0.000913402     0.000562903     0.000563124     0.000562903     0.000562903     0.000563124     0.000562903
709     0.00088469     0.000551128     0.000551342     0.000551128     0.000551128     0.000551342     0.000551128
711     0.000954676     0.000601423     0.000601655     0.000601423     0.000601423     0.000601655     0.000601423
713     0.000923272     0.000588483     0.000588707     0.000588483     0.000588483     0.000588707     0.000588483
715     0.000944806     0.00060947     0.000609699     0.00060947     0.00060947     0.000609699     0.00060947
717     0.000934936     0.000610371     0.000610598     0.000610371     0.000610371     0.000610598     0.000610371
719     0.000987874     0.000652594     0.00065284     0.000652594     0.000652594     0.00065284     0.000652594
721     0.000972621     0.00064989     0.000650171     0.00064989     0.00064989     0.000650171     0.00064989
723     0.000947498     0.000640426     0.000640699     0.000640426     0.000640426     0.000640699     0.000640426
725     0.00100492     0.000686903     0.000687193     0.000686903     0.000686903     0.000687193     0.000686903
727     0.000996846     0.000689074     0.000689362     0.000689074     0.000689074     0.000689362     0.000689074
729     0.000983388     0.00068756     0.000687843     0.00068756     0.00068756     0.000687843     0.00068756
731     0.0010112     0.000715433     0.000715725     0.000715433     0.000715433     0.000715725     0.000715433
733     0.00103184     0.000738979     0.000739277     0.000738979     0.000738979     0.000739277     0.000738979
735     0.000988771     0.000717036     0.000717363     0.000717036     0.000717036     0.000717363     0.000717036
737     0.000989668     0.000727121     0.000727462     0.000727121     0.000727121     0.000727462     0.000727121
739     0.000993257     0.000739457     0.000739798     0.000739457     0.000739457     0.000739798     0.000739457
741     0.000996846     0.000752374     0.000752717     0.000752374     0.000752374     0.000752717     0.000752374
743     0.00103991     0.000795955     0.000796313     0.000795955     0.000795955     0.000796313     0.000795955
745     0.000983388     0.000763547     0.000763885     0.000763547     0.000763547     0.000763885     0.000763547
747     0.000985182     0.000775899     0.000776238     0.000775899     0.000775899     0.000776238     0.000775899
749     0.00102107     0.00081566     0.000816034     0.00081566     0.00081566     0.000816034     0.00081566
751     0.00106683     0.000864181     0.000864616     0.000864181     0.000864181     0.000864616     0.000864181
753     0.000978901     0.000804075     0.000804475     0.000804075     0.000804075     0.000804475     0.000804075
755     0.00106324     0.000885303     0.000885737     0.000885303     0.000885303     0.000885737     0.000885303
757     0.00100672     0.000849753     0.000850164     0.000849753     0.000849753     0.000850164     0.000849753
759     0.00103274     0.000884185     0.000884607     0.000884185     0.000884185     0.000884607     0.000884185
761     0.00106773     0.000927016     0.000927452     0.000927016     0.000927016     0.000927452     0.000927016
763     0.00103902     0.000915458     0.000915882     0.000915458     0.000915458     0.000915882     0.000915458
765     0.000993257     0.000888425     0.000888897     0.000888425     0.000888425     0.000888897     0.000888425
767     0.00107132     0.000973154     0.00097367     0.000973154     0.000973154     0.00097367     0.000973154
769     0.00104978     0.000968804     0.000969309     0.000968804     0.000968804     0.000969309     0.000968804
771     0.00105517     0.000989726     0.000990233     0.000989726     0.000989726     0.000990233     0.000989726
773     0.00099236     0.000945938     0.000946416     0.000945938     0.000945938     0.000946416     0.000945938
775     0.00102107     0.000989241     0.000989733     0.000989241     0.000989241     0.000989733     0.000989241
777     0.00102107     0.00100573     0.00100622     0.00100573     0.00100573     0.00100622     0.00100573
779     0.00101928     0.00102058     0.00102111     0.00102058     0.00102058     0.00102111     0.00102058
781     0.0010767     0.00109573     0.00109633     0.00109573     0.00109573     0.00109633     0.00109573
783     0.000962751     0.000995548     0.000996086     0.000995548     0.000995548     0.000996086     0.000995548
785     0.000961854     0.00101065     0.00101119     0.00101065     0.00101065     0.00101119     0.00101065
787     0.00103274     0.00110192     0.0011025     0.00110192     0.00110192     0.0011025     0.00110192
789     0.00100044     0.00108514     0.0010857     0.00108514     0.00108514     0.0010857     0.00108514
791     0.000971723     0.00107129     0.00107183     0.00107129     0.00107129     0.00107183     0.00107129
793     0.000986079     0.00110525     0.0011058     0.00110525     0.00110525     0.0011058     0.00110525
795     0.000951087     0.00108423     0.00108483     0.00108423     0.00108423     0.00108483     0.00108423
797     0.000978901     0.0011346     0.00113522     0.0011346     0.0011346     0.00113522     0.0011346
799     0.000901738     0.00106339     0.00106396     0.00106339     0.00106339     0.00106396     0.00106339
801     0.00100851     0.00121011     0.00121075     0.00121011     0.00121011     0.00121075     0.00121011
803     0.00102287     0.00124914     0.00124979     0.00124914     0.00124914     0.00124979     0.00124914
805     0.000953778     0.00118506     0.00118566     0.00118506     0.00118506     0.00118566     0.00118506
807     0.000944806     0.00119432     0.00119492     0.00119432     0.00119432     0.00119492     0.00119432
809     0.000951984     0.00122501     0.00122565     0.00122501     0.00122501     0.00122565     0.00122501
811     0.000934936     0.00122414     0.0012248     0.00122414     0.00122414     0.0012248     0.00122414
813     0.000945703     0.00125971     0.00126038     0.00125971     0.00125971     0.00126038     0.00125971
815     0.000957367     0.00129775     0.00129842     0.00129775     0.00129775     0.00129842     0.00129775
817     0.000889176     0.0012261     0.00122672     0.0012261     0.0012261     0.00122672     0.0012261
819     0.000932244     0.00130751     0.00130816     0.00130751     0.00130751     0.00130816     0.00130751
821     0.000929552     0.0013258     0.00132646     0.0013258     0.0013258     0.00132646     0.0013258
823     0.000963648     0.00139736     0.00139805     0.00139736     0.00139736     0.00139805     0.00139736
825     0.000857772     0.00126443     0.00126507     0.00126443     0.00126443     0.00126507     0.00126443
827     0.000969032     0.00145242     0.00145314     0.00145242     0.00145242     0.00145314     0.00145242
829     0.000943011     0.0014367     0.0014374     0.0014367     0.0014367     0.0014374     0.0014367
831     0.000873026     0.00135248     0.00135313     0.00135248     0.00135248     0.00135313     0.00135248
833     0.000847005     0.00133436     0.00133499     0.00133436     0.00133436     0.00133499     0.00133436
835     0.000918785     0.00147106     0.00147175     0.00147106     0.00147106     0.00147175     0.00147106
837     0.000828163     0.00134757     0.00134819     0.00134757     0.00134757     0.00134819     0.00134757
839     0.000849697     0.0014055     0.00140614     0.0014055     0.0014055     0.00140614     0.0014055
841     0.000837136     0.00140652     0.00140715     0.00140652     0.00140652     0.00140715     0.00140652
843     0.000824574     0.00140714     0.00140776     0.00140714     0.00140714     0.00140776     0.00140714
845     0.000831752     0.00144125     0.00144188     0.00144125     0.00144125     0.00144188     0.00144125
847     0.000839827     0.00147743     0.00147807     0.00147743     0.00147743     0.00147807     0.00147743
849     0.000761766     0.00136008     0.00136066     0.00136008     0.00136008     0.00136066     0.00136008
851     0.000759972     0.0013773     0.00137788     0.0013773     0.0013773     0.00137788     0.0013773
853     0.000820985     0.0015094     0.00151002     0.0015094     0.0015094     0.00151002     0.0015094
855     0.000784198     0.00146347     0.00146404     0.00146347     0.00146347     0.00146404     0.00146347
857     0.000774328     0.00146563     0.0014662     0.00146563     0.00146563     0.0014662     0.00146563
859     0.000771636     0.0014816     0.00148216     0.0014816     0.0014816     0.00148216     0.0014816
861     0.000733054     0.00142724     0.00142777     0.00142724     0.00142724     0.00142777     0.00142724
863     0.000753691     0.00148712     0.00148767     0.00148712     0.00148712     0.00148767     0.00148712
865     0.00070524     0.00140984     0.00141035     0.00140984     0.00140984     0.00141035     0.00140984
867     0.000743821     0.00150664     0.00150718     0.00150664     0.00150664     0.00150718     0.00150664
869     0.000733054     0.00150318     0.00150367     0.00150318     0.00150318     0.00150367     0.00150318
871     0.000672939     0.00139662     0.00139707     0.00139662     0.00139662     0.00139707     0.00139662
873     0.000681014     0.00143045     0.0014309     0.00143045     0.00143045     0.0014309     0.00143045
875     0.000671144     0.00142585     0.00142629     0.00142585     0.00142585     0.00142629     0.00142585
877     0.000654994     0.00140742     0.00140785     0.00140742     0.00140742     0.00140785     0.00140742
879     0.000652302     0.00141728     0.00141771     0.00141728     0.00141728     0.00141771     0.00141728
881     0.000686397     0.00150748     0.00150793     0.00150748     0.00150748     0.00150793     0.00150748
883     0.000638843     0.00141789     0.00141828     0.00141789     0.00141789     0.00141828     0.00141789
885     0.000604747     0.00135678     0.00135712     0.00135678     0.00135678     0.00135712     0.00135678
887     0.000608336     0.00137834     0.00137868     0.00137834     0.00137834     0.00137868     0.00137834
889     0.000666658     0.00152589     0.00152627     0.00152589     0.00152589     0.00152627     0.00152589
891     0.000593083     0.00137101     0.00137134     0.00137101     0.00137101     0.00137134     0.00137101
893     0.000589494     0.00137617     0.0013765     0.00137617     0.00137617     0.0013765     0.00137617
895     0.000617309     0.00145458     0.00145492     0.00145458     0.00145458     0.00145492     0.00145458
897     0.000566166     0.00134635     0.00134666     0.00134635     0.00134635     0.00134666     0.00134635
899     0.000599364     0.00143767     0.00143794     0.00143767     0.00143767     0.00143794     0.00143767
901     0.000586802     0.00141941     0.00141968     0.00141941     0.00141941     0.00141968     0.00141941
903     0.000546426     0.00133236     0.00133261     0.00133236     0.00133236     0.00133261     0.00133236
905     0.000567063     0.00139383     0.0013941     0.00139383     0.00139383     0.0013941     0.00139383
907     0.000548221     0.00135771     0.00135796     0.00135771     0.00135771     0.00135796     0.00135771
909     0.000489002     0.00122005     0.00122027     0.00122005     0.00122005     0.00122027     0.00122005
911     0.000528481     0.00132829     0.00132853     0.00132829     0.00132829     0.00132853     0.00132829
913     0.000514125     0.00130135     0.00130155     0.00130135     0.00130135     0.00130155     0.00130135
915     0.000487208     0.00124192     0.0012421     0.00124192     0.00124192     0.0012421     0.00124192
917     0.000502461     0.00128928     0.00128946     0.00128928     0.00128928     0.00128946     0.00128928
919     0.000476441     0.00123052     0.0012307     0.00123052     0.00123052     0.0012307     0.00123052
921     0.000497077     0.00129183     0.00129201     0.00129183     0.00129183     0.00129201     0.00129183
923     0.000489002     0.00127819     0.00127837     0.00127819     0.00127819     0.00127837     0.00127819
925     0.000478235     0.00125717     0.00125734     0.00125717     0.00125717     0.00125734     0.00125717
927     0.000475543     0.00125695     0.00125711     0.00125695     0.00125695     0.00125711     0.00125695
929     0.000466571     0.00123981     0.00123993     0.00123981     0.00123981     0.00123993     0.00123981
931     0.000471954     0.00126073     0.00126086     0.00126073     0.00126073     0.00126086     0.00126073
933     0.000430681     0.00115638     0.00115649     0.00115638     0.00115638     0.00115649     0.00115638
935     0.000451317     0.00121791     0.00121803     0.00121791     0.00121791     0.00121803     0.00121791
937     0.000415427     0.00112658     0.00112669     0.00112658     0.00112658     0.00112669     0.00112658
939     0.000415427     0.0011318     0.00113191     0.0011318     0.0011318     0.00113191     0.0011318
941     0.000410941     0.00112467     0.00112479     0.00112467     0.00112467     0.00112479     0.00112467
943     0.000420811     0.00115643     0.00115652     0.00115643     0.00115643     0.00115652     0.00115643
945     0.000427989     0.00118102     0.0011811     0.00118102     0.00118102     0.0011811     0.00118102
947     0.000409147     0.00113346     0.00113354     0.00113346     0.00113346     0.00113354     0.00113346
949     0.000393893     0.00109534     0.00109541     0.00109534     0.00109534     0.00109541     0.00109534
951     0.000393893     0.00109933     0.00109941     0.00109933     0.00109933     0.00109941     0.00109933
953     0.000384024     0.0010757     0.00107577     0.0010757     0.0010757     0.00107577     0.0010757
955     0.000395688     0.00111251     0.00111259     0.00111251     0.00111251     0.00111259     0.00111251
957     0.000359798     0.00101514     0.0010152     0.00101514     0.00101514     0.0010152     0.00101514
959     0.000351723     0.000995927     0.000995974     0.000995927     0.000995927     0.000995974     0.000995927
961     0.000354414     0.00100696     0.00100701     0.00100696     0.00100696     0.00100701     0.00100696
963     0.00036249     0.0010334     0.00103345     0.0010334     0.0010334     0.00103345     0.0010334
965     0.000311346     0.000890639     0.000890681     0.000890639     0.000890639     0.000890681     0.000890639
967     0.000321216     0.000921823     0.000921866     0.000921823     0.000921823     0.000921866     0.000921823
969     0.000304168     0.000875616     0.000875657     0.000875616     0.000875616     0.000875657     0.000875616
971     0.000315833     0.000912012     0.000912054     0.000912012     0.000912012     0.000912054     0.000912012
973     0.000343647     0.000995016     0.000995047     0.000995016     0.000995016     0.000995047     0.000995016
975     0.000309552     0.000898685     0.000898713     0.000898685     0.000898685     0.000898713     0.000898685
977     0.000294298     0.000856692     0.000856719     0.000856692     0.000856692     0.000856719     0.000856692
979     0.000305963     0.00089304     0.000893068     0.00089304     0.00089304     0.000893068     0.00089304
981     0.000291607     0.00085326     0.000853286     0.00085326     0.00085326     0.000853286     0.00085326
983     0.000297887     0.000873971     0.000873998     0.000873971     0.000873971     0.000873998     0.000873971
985     0.000286223     0.000841884     0.00084191     0.000841884     0.000841884     0.00084191     0.000841884
987     0.000289812     0.000854623     0.000854644     0.000854623     0.000854623     0.000854644     0.000854623
989     0.000274559     0.000811724     0.00081174     0.000811724     0.000811724     0.00081174     0.000811724
991     0.000281737     0.000835133     0.000835149     0.000835133     0.000835133     0.000835149     0.000835133
993     0.000226107     0.000671838     0.000671851     0.000671838     0.000671838     0.000671851     0.000671838
995     0.000235977     0.000702974     0.000702987     0.000702974     0.000702974     0.000702987     0.000702974
997     0.000279942     0.000836036     0.000836052     0.000836036     0.000836036     0.000836052     0.000836036
999     0.000239566     0.000717217     0.00071723     0.000717217     0.000717217     0.00071723     0.000717217
