2    0     0     0     0     0     0     0
6    0     0     0     0     0     0     0
10    0     0     0     0     0     0     0
14    0     0     0     0     0     0     0
18    0     0     0     0     0     0     0
22    0     0     0     0     0     0     0
26    0     0     0     0     0     0     0
30    0     0     0     0     0     0     0
34    0     0     0     0     0     0     0
38    0     0     0     0     0     0     0
42    0     0     0     0     0     0     0
46    0     0     0     0     0     0     0
50    0.000584085     2.38007e-07     2.38033e-07     2.37981e-07     2.38007e-07     2.38007e-07     2.38007e-07
54    0.000515369     1.90668e-07     1.90689e-07     1.90647e-07     1.90668e-07     1.90668e-07     1.90668e-07
58    0.000704337     2.39235e-07     2.39262e-07     2.39209e-07     2.39235e-07     2.39235e-07     2.39235e-07
62    0.000721516     2.25451e-07     2.25476e-07     2.25426e-07     2.25451e-07     2.25451e-07     2.25451e-07
66    0.000618443     1.82089e-07     1.82109e-07     1.82069e-07     1.82089e-07     1.82089e-07     1.82089e-07
70    0.000704337     1.97154e-07     1.97176e-07     1.97132e-07     1.97154e-07     1.97154e-07     1.97154e-07
74    0.000807411     2.17052e-07     2.17076e-07     2.17028e-07     2.17052e-07     2.17052e-07     2.17052e-07
78    0.000841769     2.18492e-07     2.18516e-07     2.18468e-07     2.18492e-07     2.18492e-07     2.18492e-07
82    0.00108227     2.75134e-07     2.75164e-07     2.75103e-07     2.75134e-07     2.75134e-07     2.75134e-07
86    0.00115099     2.88203e-07     2.88235e-07     2.88171e-07     2.88203e-07     2.88203e-07     2.88203e-07
90    0.00099638     2.47331e-07     2.47359e-07     2.47304e-07     2.47331e-07     2.47331e-07     2.47331e-07
94    0.00108227     2.68213e-07     2.68243e-07     2.68183e-07     2.68213e-07     2.68213e-07     2.68213e-07
98    0.00152893     3.80575e-07     3.80617e-07     3.80533e-07     3.80575e-07     3.80575e-07     3.80575e-07
102    0.00156329     3.92012e-07     3.92055e-07     3.91968e-07     3.92012e-07     3.92012e-07     3.92012e-07
106    0.00108227     2.75161e-07     2.75191e-07     2.7513e-07     2.75161e-07     2.75161e-07     2.75161e-07
110    0.00147739     3.84599e-07     3.84641e-07     3.84556e-07     3.84599e-07     3.84599e-07     3.84599e-07
114    0.00154611     4.17415e-07     4.17462e-07     4.17369e-07     4.17415e-07     4.17415e-07     4.17415e-07
118    0.00140867     4.00815e-07     4.0086e-07     4.00771e-07     4.00815e-07     4.00815e-07     4.00815e-07
122    0.00168354     5.14618e-07     5.14675e-07     5.14561e-07     5.14618e-07     5.14618e-07     5.14618e-07
126    0.00149457     5.04757e-07     5.04813e-07     5.04701e-07     5.04757e-07     5.04757e-07     5.04757e-07
130    0.00190686     7.23622e-07     7.23702e-07     7.23542e-07     7.23622e-07     7.23622e-07     7.23622e-07
134    0.00187251     8.29436e-07     8.29528e-07     8.29345e-07     8.29436e-07     8.29436e-07     8.29436e-07
138    0.00192404     1.0228e-06     1.02291e-06     1.02269e-06     1.0228e-06     1.0228e-06     1.0228e-06
142    0.00250813     1.65103e-06     1.65121e-06     1.65085e-06     1.65103e-06     1.65103e-06     1.65103e-06
146    0.00192404     1.65217e-06     1.65235e-06     1.65198e-06     1.65217e-06     1.65217e-06     1.65217e-06
150    0.00194122     2.29275e-06     2.293e-06     2.29249e-06     2.29275e-06     2.29275e-06     2.29275e-06
154    0.00250813     4.54634e-06     4.54684e-06     4.54584e-06     4.54634e-06     4.54634e-06     4.54634e-06
158    0.00243941     8.2623e-06     8.26322e-06     8.26139e-06     8.2623e-06     8.2623e-06     8.2623e-06
162    0.00233634     2.10465e-05     2.10488e-05     2.10442e-05     2.10465e-05     2.10465e-05     2.10465e-05
166    0.0019584     3.32892e-05     3.32928e-05     3.32855e-05     3.32892e-05     3.32892e-05     3.32892e-05
170    0.00290324     6.6043e-05     6.60503e-05     6.60357e-05     6.6043e-05     6.6043e-05     6.6043e-05
174    0.00243941     6.71183e-05     6.71257e-05     6.71109e-05     6.71183e-05     6.71183e-05     6.71183e-05
178    0.00247377     8.03902e-05     8.03991e-05     8.03813e-05     8.03902e-05     8.03902e-05     8.03902e-05
182    0.00314375     0.000123369     0.000123383     0.000123356     0.000123369     0.000123369     0.000123369
186    0.00312657     0.000149402     0.000149419     0.000149386     0.000149402     0.000149402     0.000149402
190    0.00322964     0.000179178     0.000179198     0.000179158     0.000179178     0.000179178     0.000179178
194    0.00305785     0.00019168     0.000191701     0.000191659     0.00019168     0.00019168     0.00019168
198    0.00348733     0.000241582     0.000241609     0.000241556     0.000241582     0.000241582     0.000241582
202    0.00347015     0.000263389     0.000263418     0.00026336     0.000263389     0.000263389     0.000263389
206    0.00338426     0.000278332     0.000278363     0.000278301     0.000278332     0.000278332     0.000278332
210    0.00355604     0.000317539     0.000317574     0.000317504     0.000936102     0.00126959     0.000706977
214    0.00371066     0.000355854     0.000355893     0.000355814     0.00156567     0.00221949     0.00111675
218    0.00398552     0.00040972     0.000409765     0.000409674     0.00164663     0.002316     0.00118706
222    0.00429474     0.000470951     0.000471003     0.000470899     0.00171236     0.00238427     0.00125087
226    0.00475857     0.000554618     0.00055468     0.000554557     0.00179875     0.00247211     0.00133608
230    0.00475857     0.000590782     0.000590847     0.000590717     0.00185199     0.0025348     0.00138268
234    0.00486165     0.000638879     0.000638949     0.000638808     0.00192295     0.00261929     0.00144456
238    0.00458678     0.000637507     0.000637577     0.000637436     0.00189487     0.00257765     0.00142579
242    0.00493036     0.000725152     0.000725233     0.000725072     0.00200099     0.00269412     0.00152471
246    0.00506779     0.000786525     0.000786612     0.000786438     0.002094     0.00280417     0.00160583
250    0.0058752     0.00095862     0.000958726     0.000958514     0.00222607     0.0029145     0.00175265
254    0.00558316     0.000956762     0.000956868     0.000956657     0.00223157     0.00292453     0.00175496
258    0.00652801     0.00117883     0.00117896     0.0011787     0.00247933     0.00318701     0.00199264
262    0.0059611     0.00112705     0.00112717     0.00112693     0.00243146     0.00314162     0.00194303
266    0.00613289     0.00121612     0.00121626     0.00121599     0.00253813     0.00325783     0.00204294
270    0.00675133     0.00139893     0.00139909     0.00139878     0.00266225     0.00335019     0.00218881
274    0.00712927     0.00154592     0.0015461     0.00154575     0.00281256     0.00350291     0.00233748
278    0.0072667     0.00164611     0.00164629     0.00164593     0.00296622     0.00368643     0.00247058
282    0.00781643     0.00184578     0.00184598     0.00184557     0.00317381     0.00389912     0.00267471
286    0.00841769     0.00207397     0.0020742     0.00207374     0.00339985     0.00412458     0.00290123
290    0.00846923     0.00217283     0.00217307     0.00217259     0.00348685     0.00420528     0.00299238
294    0.00920792     0.00245575     0.00245603     0.00245548     0.0038254     0.00457441     0.00330982
298    0.00999815     0.00277021     0.00277051     0.0027699     0.0041459     0.00489823     0.00362778
302    0.0104448     0.00300616     0.00300649     0.00300583     0.00443413     0.00521554     0.00389601
306    0.0106681     0.00318895     0.0031893     0.0031886     0.00463729     0.0054304     0.00409105
310    0.0117504     0.00364255     0.00364295     0.00364215     0.00510231     0.00590249     0.00455123
314    0.012575     0.00404167     0.00404212     0.00404122     0.00558052     0.00642496     0.00499907
318    0.0134683     0.0044814     0.00448189     0.0044809     0.00606557     0.00693531     0.00546656
322    0.0137947     0.00474796     0.00474848     0.00474743     0.00640167     0.00730974     0.0057761
326    0.0157875     0.0056146     0.00561522     0.00561398     0.00740756     0.0083917     0.0067292
330    0.0165433     0.0060762     0.00607687     0.00607553     0.00785095     0.00882472     0.00717945
334    0.0174023     0.00659647     0.0065972     0.00659574     0.00856853     0.00965046     0.00782219
338    0.0198245     0.00774809     0.00774895     0.00774723     0.0098518     0.0110067     0.00905497
342    0.0216798     0.00874836     0.00874932     0.00874739     0.0110125     0.0122588     0.0101532
346    0.0237241     0.00989532     0.00989641     0.00989423     0.0124334     0.0138412     0.0114653
350    0.02582     0.0111852     0.0111865     0.011184     0.014038     0.0156204     0.0129492
354    0.0280876     0.0127461     0.0127477     0.0127446     0.0159413     0.0177202     0.0147186
358    0.0309737     0.0147532     0.0147551     0.0147514     0.0184124     0.0204632     0.0170062
362    0.0326057     0.0162485     0.0162506     0.0162464     0.0203253     0.0226194     0.0187547
366    0.0377765     0.0196661     0.0196688     0.0196634     0.0243995     0.0270695     0.0225728
370    0.0439438     0.023901     0.0239045     0.0238976     0.0295186     0.0326982     0.0273458
374    0.0493895     0.0280526     0.028057     0.0280482     0.0345128     0.0381869     0.032006
378    0.0548524     0.0325337     0.0325393     0.0325281     0.0397491     0.043875     0.0369399
382    0.0649021     0.040147     0.0401548     0.0401392     0.0487817     0.0537399     0.0454101
386    0.0762746     0.0491209     0.0491321     0.0491098     0.0591901     0.0649893     0.0552497
390    0.0880937     0.0590726     0.0590889     0.0590563     0.0705672     0.077202     0.06606
394    0.104774     0.0731582     0.073184     0.0731324     0.086392     0.0940462     0.0811914
398    0.128155     0.0934115     0.0934556     0.0933675     0.108571     0.117364     0.102595
402    0.15705     0.119881     0.119959     0.119802     0.137066     0.147077     0.130255
406    0.19024     0.153119     0.153267     0.152971     0.171868     0.182873     0.164368
410    0.233668     0.199893     0.200178     0.199608     0.219776     0.231591     0.211687
414    0.28335     0.260685     0.261231     0.260139     0.280236     0.292129     0.272016
418    0.321521     0.320885     0.321814     0.319956     0.337219     0.347626     0.329886
422    0.347908     0.377271     0.378583     0.375959     0.387389     0.394554     0.382127
426    0.3398     0.395058     0.393754     0.396362     0.396536     0.394226     0.399124
430    0.30783     0.374208     0.373188     0.375228     0.367439     0.362431     0.371173
434    0.259763     0.322472     0.321854     0.32309     0.309895     0.3019     0.315519
438    0.214685     0.268129     0.267808     0.268451     0.252639     0.243233     0.259118
442    0.169831     0.212203     0.212055     0.212351     0.196222     0.186699     0.202721
446    0.13671     0.170852     0.170785     0.170919     0.155229     0.145994     0.161504
450    0.109172     0.136741     0.136713     0.136768     0.122315     0.113822     0.128075
454    0.0901552     0.113461     0.113451     0.113471     0.0999965     0.0920863     0.105357
458    0.0749862     0.0950615     0.0950597     0.0950633     0.0826067     0.0752972     0.0875587
462    0.061913     0.079265     0.0792669     0.079263     0.068093     0.0615376     0.0725331
466    0.0516228     0.0668627     0.0668662     0.0668592     0.0567605     0.0508307     0.0607761
470    0.0434628     0.0570213     0.0570253     0.0570173     0.0478864     0.0425213     0.0515185
474    0.0387386     0.0515173     0.0515215     0.051513     0.0428829     0.0378106     0.0463168
478    0.0315577     0.0425703     0.0425741     0.0425664     0.0351059     0.0307203     0.0380753
482    0.0278471     0.0381418     0.0381455     0.0381382     0.0311638     0.0270621     0.0339409
486    0.0250813     0.0348862     0.0348897     0.0348827     0.0282385     0.0243287     0.0308858
490    0.0225388     0.0318461     0.0318494     0.0318428     0.0256782     0.0220482     0.0281358
494    0.0199448     0.0286239     0.0286269     0.0286209     0.0229111     0.0195481     0.0251882
498    0.0175741     0.0256231     0.0256259     0.0256204     0.0202909     0.0171514     0.022417
502    0.0160795     0.0238181     0.0238207     0.0238156     0.0188298     0.0158921     0.0208196
506    0.0141383     0.021287     0.0212894     0.0212847     0.0166673     0.0139454     0.018511
510    0.0124719     0.0190795     0.0190816     0.0190774     0.0148912     0.0124216     0.0165638
514    0.0115786     0.0180082     0.0180102     0.0180062     0.0139442     0.011546     0.0155684
518    0.0103933     0.0164307     0.0164325     0.0164289     0.0126229     0.0103736     0.0141456
522    0.0098779     0.0158653     0.015867     0.0158635     0.0122663     0.010139     0.0137065
526    0.00864102     0.0141011     0.0141027     0.0140995     0.0107635     0.00878979     0.0120998
530    0.00821154     0.0136087     0.0136102     0.0136072     0.0103614     0.0084409     0.011662
534    0.00707773     0.0119057     0.011907     0.0119044     0.00893125     0.00717231     0.0101228
538    0.00673415     0.0115074     0.0115086     0.0115061     0.00867872     0.00700616     0.009812
542    0.00647647     0.0112356     0.0112368     0.0112344     0.00842259     0.00675898     0.00955001
546    0.00573777     0.0101046     0.0101058     0.0101035     0.00754557     0.00603123     0.00857189
550    0.0056347     0.0100823     0.0100834     0.0100812     0.00752847     0.00601563     0.00855356
554    0.00541137     0.00983819     0.00983928     0.00983711     0.00722788     0.00567923     0.00827658
558    0.00462114     0.00852889     0.00852984     0.00852795     0.00625958     0.00491252     0.00717185
562    0.00403706     0.00755074     0.00755158     0.00754991     0.00548193     0.00425492     0.00631336
566    0.00436346     0.00827061     0.00827153     0.0082697     0.00606652     0.00476211     0.00695158
570    0.00419167     0.0080503     0.00805119     0.00804941     0.00590339     0.00463431     0.00676515
574    0.00353887     0.00689634     0.0068971     0.00689557     0.00499785     0.00387476     0.00576037
578    0.00362476     0.00717122     0.00717202     0.00717043     0.00519071     0.00401746     0.00598693
582    0.00300632     0.00602975     0.00603041     0.00602908     0.00433278     0.00332732     0.00501521
586    0.00309221     0.00628587     0.00628657     0.00628518     0.00452546     0.00348308     0.00523334
590    0.00297196     0.0061276     0.00612828     0.00612692     0.0043912     0.00336211     0.00508999
594    0.00292042     0.00612323     0.00612391     0.00612256     0.00433451     0.00327032     0.00505605
598    0.00252531     0.00538258     0.00538318     0.00538199     0.00379987     0.00285448     0.00443991
602    0.00211301     0.00456753     0.00456803     0.00456702     0.00310972     0.00223809     0.00369968
606    0.00247377     0.00540876     0.00540935     0.00540816     0.00381515     0.00286416     0.00445952
610    0.00180379     0.00399194     0.00399238     0.00399149     0.00274014     0.00199446     0.00324593
614    0.00190686     0.00427863     0.0042791     0.00427815     0.00295568     0.00216708     0.00349055
618    0.00187251     0.00426385     0.00426432     0.00426338     0.00292794     0.00212989     0.00346884
622    0.00188969     0.00436126     0.00436174     0.00436078     0.0030479     0.00226181     0.00358036
626    0.00147739     0.00345752     0.00345791     0.00345714     0.00231329     0.00162767     0.00277754
630    0.00164918     0.00390815     0.00390859     0.00390772     0.00261544     0.00184077     0.0031401
634    0.00146021     0.00350286     0.00350325     0.00350248     0.00234732     0.00165524     0.00281631
638    0.00161482     0.00392327     0.0039237     0.00392283     0.00266289     0.00190798     0.00317454
642    0.00142585     0.00351283     0.00351322     0.00351244     0.00236875     0.00168245     0.00283366
646    0.00158046     0.00394732     0.00394776     0.00394688     0.00271482     0.00197351     0.00321651
650    0.0013056     0.00330922     0.00330959     0.00330886     0.0022321     0.0015824     0.00267135
654    0.00137432     0.00353113     0.00353152     0.00353074     0.00236623     0.00166198     0.00284194
658    0.00118535     0.00308979     0.00309013     0.00308944     0.00204838     0.00141784     0.00247413
662    0.00120253     0.00317207     0.00317242     0.00317172     0.00212575     0.00149156     0.00255387
666    0.00135714     0.00362348     0.00362388     0.00362308     0.00243761     0.00171812     0.00292316
670    0.000893306     0.00241621     0.00241648     0.00241594     0.00148219     0.000915057     0.00186487
674    0.00118535     0.00324603     0.00324638     0.00324567     0.00216219     0.00150371     0.00260651
678    0.000910485     0.00252365     0.00252393     0.00252337     0.00164605     0.00111279     0.00200594
682    0.000927664     0.00259659     0.00259687     0.0025963     0.00170482     0.00116317     0.00207049
686    0.000755874     0.00214035     0.00214059     0.00214012     0.00136709     0.000897825     0.00168411
690    0.000687158     0.00197082     0.00197104     0.0019706     0.00126481     0.000836349     0.00155435
694    0.00082459     0.00239278     0.00239305     0.00239252     0.00150913     0.000972066     0.00187188
698    0.000704337     0.0020684     0.00206863     0.00206817     0.00130713     0.000843617     0.00161999
702    0.000618443     0.0018395     0.0018397     0.00183929     0.00109272     0.000637529     0.00139988
706    0.000687158     0.00206739     0.00206762     0.00206717     0.00130572     0.00084121     0.00161918
710    0.000755874     0.00230163     0.00230189     0.00230138     0.00146702     0.000957347     0.0018108
714    0.000738695     0.00228129     0.00228154     0.00228103     0.00149873     0.0010195     0.00182163
718    0.000738695     0.00230963     0.00230988     0.00230937     0.0014739     0.000960644     0.00181934
722    0.000669979     0.00212182     0.00212206     0.00212159     0.00135156     0.00087799     0.00167025
726    0.000395116     0.00126295     0.00126309     0.00126281     0.000748612     0.000432515     0.000961393
730    0.000446653     0.00144261     0.00144277     0.00144245     0.000882253     0.000538119     0.00111405
734    0.000584085     0.00190856     0.00190877     0.00190835     0.00121087     0.000782194     0.0014996
738    0.000532548     0.00176116     0.00176135     0.00176096     0.00112295     0.000730183     0.00138735
742    0.000721516     0.00241367     0.00241394     0.0024134     0.0015688     0.00104755     0.00191937
746    0.000584085     0.00197972     0.00197994     0.00197951     0.0012825     0.000850958     0.00157236
750    0.000377937     0.00129726     0.0012974     0.00129711     0.000721917     0.00036507     0.000961422
754    0.000584085     0.00202438     0.0020246     0.00202415     0.00131089     0.000868166     0.00160803
758    0.000343579     0.00120477     0.00120491     0.00120464     0.000668331     0.000335583     0.000891752
762    0.000463832     0.00164198     0.00164216     0.0016418     0.00101086     0.000619343     0.00127379
766    0.000206148     0.000737282     0.000737363     0.0007372     0.000379361     0.000157106     0.000528577
770    0.000395116     0.00143442     0.00143458     0.00143426     0.000842507     0.000474025     0.00108967
774    0.000429474     0.00157497     0.00157515     0.0015748     0.000966255     0.000586252     0.00122087
778    0.000412295     0.00153011     0.00153028     0.00152994     0.000927157     0.000549756     0.00117977
782    0.000377937     0.00141984     0.00142     0.00141969     0.000855404     0.0005016     0.00109211
786    0.000360758     0.0013694     0.00136956     0.00136925     0.000838478     0.000505635     0.0010612
790    0.000377937     0.00144906     0.00144922     0.0014489     0.00089307     0.000544541     0.00112636
794    0.0003264     0.00126483     0.00126497     0.00126469     0.000727174     0.000389822     0.000952904
798    0.00049819     0.00195052     0.00195074     0.00195031     0.00119651     0.000722697     0.00151339
802    0.000137432     0.000543416     0.000543477     0.000543356     0.000285702     0.000123474     0.000394133
806    0     0     0     0     -0.000132719     -0.000216518     -7.67773e-05
810    0     0     0     0     -0.000106914     -0.000174595     -6.17757e-05
814    0     0     0     0     -8.96589e-05     -0.000146533     -5.17539e-05
818    0     0     0     0     -6.6211e-05     -0.000108283     -3.81894e-05
822    0     0     0     0     -9.98598e-05     -0.0001634     -5.75574e-05
826    0     0     0     0     -0.000121182     -0.000198356     -6.98107e-05
830    0     0     0     0     -0.000109181     -0.000178807     -6.28573e-05
834    0     0     0     0     -7.56735e-05     -0.000124035     -4.35246e-05
838    0     0     0     0     -8.47319e-05     -0.000139011     -4.86813e-05
842    0     0     0     0     -7.87878e-05     -0.000129351     -4.52271e-05
846    0     0     0     0     -7.68812e-05     -0.000126295     -4.41018e-05
850    0     0     0     0     -0.00010048     -0.000165168     -5.75929e-05
854    0     0     0     0     -8.22737e-05     -0.000135342     -4.71157e-05
858    0     0     0     0     -0.000109302     -0.000179991     -6.25201e-05
862    0     0     0     0     -8.98579e-05     -0.000148089     -5.13494e-05
866    0     0     0     0     -7.63064e-05     -0.000125852     -4.35655e-05
870    0     0     0     0     -7.48224e-05     -0.000123489     -4.26806e-05
874    0     0     0     0     -8.65961e-05     -0.000142999     -4.93603e-05
878    0     0     0     0     -7.96119e-05     -0.00013153     -4.53526e-05
882    0     0     0     0     -8.6446e-05     -0.000142897     -4.92121e-05
886    0     0     0     0     -6.44274e-05     -0.000106578     -3.66473e-05
890    0     0     0     0     -7.0555e-05     -0.000116814     -4.00925e-05
894    0     0     0     0     -7.48713e-05     -0.000124109     -4.24865e-05
898    0     0     0     0     -6.99583e-05     -0.000116076     -3.96543e-05
902    0     0     0     0     -5.84814e-05     -9.71258e-05     -3.31129e-05
906    0     0     0     0     -5.14221e-05     -8.54644e-05     -2.9088e-05
910    0     0     0     0     -3.61066e-05     -6.00593e-05     -2.04061e-05
914    0     0     0     0     -6.79104e-05     -0.000113092     -3.83279e-05
918    0     0     0     0     -6.84098e-05     -0.000114018     -3.85735e-05
922    0     0     0     0     -5.9946e-05     -0.000100011     -3.37627e-05
926    0     0     0     0     -5.13873e-05     -8.58065e-05     -2.89137e-05
930    0     0     0     0     -7.41135e-05     -0.000123831     -4.16679e-05
934    0     0     0     0     -9.08387e-05     -0.000151937     -5.10096e-05
938    0     0     0     0     -8.22539e-05     -0.000137727     -4.61326e-05
942    0     0     0     0     -5.388e-05     -9.03012e-05     -3.01867e-05
946    0     0     0     0     -5.15489e-05     -8.64707e-05     -2.88523e-05
950    0     0     0     0     -4.78846e-05     -8.03784e-05     -2.67781e-05
954    0     0     0     0     -5.83507e-05     -9.80367e-05     -3.25963e-05
958    0     0     0     0     -6.12437e-05     -0.00010299     -3.41791e-05
962    0     0     0     0     -3.06874e-05     -5.16812e-05     -1.7096e-05
966    0     0     0     0     -3.0819e-05     -5.1944e-05     -1.71545e-05
970    0     0     0     0     -5.28007e-05     -8.91024e-05     -2.93506e-05
974    0     0     0     0     -6.1932e-05     -0.000104603     -3.43898e-05
978    0     0     0     0     -2.98405e-05     -5.04438e-05     -1.65537e-05
982    0     0     0     0     -4.81732e-05     -8.15213e-05     -2.66913e-05
986    0     0     0     0     -4.70159e-05     -7.96565e-05     -2.60159e-05
990    0     0     0     0     -3.15869e-05     -5.35637e-05     -1.74605e-05
994    0     0     0     0     -5.40598e-05     -9.17853e-05     -2.98404e-05
998    0     0     0     0     -5.04694e-05     -8.57707e-05     -2.78314e-05
1002    0     0     0     0     0     0     0
1006    0     0     0     0     0     0     0
1010    0     0     0     0     0     0     0
1014    0     0     0     0     0     0     0
1018    0     0     0     0     0     0     0
1022    0     0     0     0     0     0     0
1026    0     0     0     0     0     0     0
1030    0     0     0     0     0     0     0
1034    0     0     0     0     0     0     0
1038    0     0     0     0     0     0     0
1042    0     0     0     0     0     0     0
1046    0     0     0     0     0     0     0
1050    0     0     0     0     0     0     0
1054    0     0     0     0     0     0     0
1058    0     0     0     0     0     0     0
1062    0     0     0     0     0     0     0
1066    0     0     0     0     0     0     0
1070    0     0     0     0     0     0     0
1074    0     0     0     0     0     0     0
1078    0     0     0     0     0     0     0
1082    0     0     0     0     0     0     0
1086    0     0     0     0     0     0     0
1090    0     0     0     0     0     0     0
1094    0     0     0     0     0     0     0
1098    0     0     0     0     0     0     0
1102    0     0     0     0     0     0     0
1106    0     0     0     0     0     0     0
1110    0     0     0     0     0     0     0
1114    0     0     0     0     0     0     0
1118    0     0     0     0     0     0     0
1122    0     0     0     0     0     0     0
1126    0     0     0     0     0     0     0
1130    0     0     0     0     0     0     0
1134    0     0     0     0     0     0     0
1138    0     0     0     0     0     0     0
1142    0     0     0     0     0     0     0
1146    0     0     0     0     0     0     0
1150    0     0     0     0     0     0     0
1154    0     0     0     0     0     0     0
1158    0     0     0     0     0     0     0
1162    0     0     0     0     0     0     0
1166    0     0     0     0     0     0     0
1170    0     0     0     0     0     0     0
1174    0     0     0     0     0     0     0
1178    0     0     0     0     0     0     0
1182    0     0     0     0     0     0     0
1186    0     0     0     0     0     0     0
1190    0     0     0     0     0     0     0
1194    0     0     0     0     0     0     0
1198    0     0     0     0     0     0     0
1202    0     0     0     0     0     0     0
1206    0     0     0     0     0     0     0
1210    0     0     0     0     0     0     0
1214    0     0     0     0     0     0     0
1218    0     0     0     0     0     0     0
1222    0     0     0     0     0     0     0
1226    0     0     0     0     0     0     0
1230    0     0     0     0     0     0     0
1234    0     0     0     0     0     0     0
1238    0     0     0     0     0     0     0
1242    0     0     0     0     0     0     0
1246    0     0     0     0     0     0     0
1250    0     0     0     0     0     0     0
1254    0     0     0     0     0     0     0
1258    0     0     0     0     0     0     0
1262    0     0     0     0     0     0     0
1266    0     0     0     0     0     0     0
1270    0     0     0     0     0     0     0
1274    0     0     0     0     0     0     0
1278    0     0     0     0     0     0     0
1282    0     0     0     0     0     0     0
1286    0     0     0     0     0     0     0
1290    0     0     0     0     0     0     0
1294    0     0     0     0     0     0     0
1298    0     0     0     0     0     0     0
1302    0     0     0     0     0     0     0
1306    0     0     0     0     0     0     0
1310    0     0     0     0     0     0     0
1314    0     0     0     0     0     0     0
1318    0     0     0     0     0     0     0
1322    0     0     0     0     0     0     0
1326    0     0     0     0     0     0     0
1330    0     0     0     0     0     0     0
1334    0     0     0     0     0     0     0
1338    0     0     0     0     0     0     0
1342    0     0     0     0     0     0     0
1346    0     0     0     0     0     0     0
1350    0     0     0     0     0     0     0
1354    0     0     0     0     0     0     0
1358    0     0     0     0     0     0     0
1362    0     0     0     0     0     0     0
1366    0     0     0     0     0     0     0
1370    0     0     0     0     0     0     0
1374    0     0     0     0     0     0     0
1378    0     0     0     0     0     0     0
1382    0     0     0     0     0     0     0
1386    0     0     0     0     0     0     0
1390    0     0     0     0     0     0     0
1394    0     0     0     0     0     0     0
1398    0     0     0     0     0     0     0
1402    0     0     0     0     0     0     0
1406    0     0     0     0     0     0     0
1410    0     0     0     0     0     0     0
1414    0     0     0     0     0     0     0
1418    0     0     0     0     0     0     0
1422    0     0     0     0     0     0     0
1426    0     0     0     0     0     0     0
1430    0     0     0     0     0     0     0
1434    0     0     0     0     0     0     0
1438    0     0     0     0     0     0     0
1442    0     0     0     0     0     0     0
1446    0     0     0     0     0     0     0
1450    0     0     0     0     0     0     0
1454    0     0     0     0     0     0     0
1458    0     0     0     0     0     0     0
1462    0     0     0     0     0     0     0
1466    0     0     0     0     0     0     0
1470    0     0     0     0     0     0     0
1474    0     0     0     0     0     0     0
1478    0     0     0     0     0     0     0
1482    0     0     0     0     0     0     0
1486    0     0     0     0     0     0     0
1490    0     0     0     0     0     0     0
1494    0     0     0     0     0     0     0
1498    0     0     0     0     0     0     0
1502    0     0     0     0     0     0     0
1506    0     0     0     0     0     0     0
1510    0     0     0     0     0     0     0
1514    0     0     0     0     0     0     0
1518    0     0     0     0     0     0     0
1522    0     0     0     0     0     0     0
1526    0     0     0     0     0     0     0
1530    0     0     0     0     0     0     0
1534    0     0     0     0     0     0     0
1538    0     0     0     0     0     0     0
1542    0     0     0     0     0     0     0
1546    0     0     0     0     0     0     0
1550    0     0     0     0     0     0     0
1554    0     0     0     0     0     0     0
1558    0     0     0     0     0     0     0
1562    0     0     0     0     0     0     0
1566    0     0     0     0     0     0     0
1570    0     0     0     0     0     0     0
1574    0     0     0     0     0     0     0
1578    0     0     0     0     0     0     0
1582    0     0     0     0     0     0     0
1586    0     0     0     0     0     0     0
1590    0     0     0     0     0     0     0
1594    0     0     0     0     0     0     0
1598    0     0     0     0     0     0     0
1602    0     0     0     0     0     0     0
1606    0     0     0     0     0     0     0
1610    0     0     0     0     0     0     0
1614    0     0     0     0     0     0     0
1618    0     0     0     0     0     0     0
1622    0     0     0     0     0     0     0
1626    0     0     0     0     0     0     0
1630    0     0     0     0     0     0     0
1634    0     0     0     0     0     0     0
1638    0     0     0     0     0     0     0
1642    0     0     0     0     0     0     0
1646    0     0     0     0     0     0     0
1650    0     0     0     0     0     0     0
1654    0     0     0     0     0     0     0
1658    0     0     0     0     0     0     0
1662    0     0     0     0     0     0     0
1666    0     0     0     0     0     0     0
1670    0     0     0     0     0     0     0
1674    0     0     0     0     0     0     0
1678    0     0     0     0     0     0     0
1682    0     0     0     0     0     0     0
1686    0     0     0     0     0     0     0
1690    0     0     0     0     0     0     0
1694    0     0     0     0     0     0     0
1698    0     0     0     0     0     0     0
1702    0     0     0     0     0     0     0
1706    0     0     0     0     0     0     0
1710    0     0     0     0     0     0     0
1714    0     0     0     0     0     0     0
1718    0     0     0     0     0     0     0
1722    0     0     0     0     0     0     0
1726    0     0     0     0     0     0     0
1730    0     0     0     0     0     0     0
1734    0     0     0     0     0     0     0
1738    0     0     0     0     0     0     0
1742    0     0     0     0     0     0     0
1746    0     0     0     0     0     0     0
1750    0     0     0     0     0     0     0
1754    0     0     0     0     0     0     0
1758    0     0     0     0     0     0     0
1762    0     0     0     0     0     0     0
1766    0     0     0     0     0     0     0
1770    0     0     0     0     0     0     0
1774    0     0     0     0     0     0     0
1778    0     0     0     0     0     0     0
1782    0     0     0     0     0     0     0
1786    0     0     0     0     0     0     0
1790    0     0     0     0     0     0     0
1794    0     0     0     0     0     0     0
1798    0     0     0     0     0     0     0
1802    0     0     0     0     0     0     0
1806    0     0     0     0     0     0     0
1810    0     0     0     0     0     0     0
1814    0     0     0     0     0     0     0
1818    0     0     0     0     0     0     0
1822    0     0     0     0     0     0     0
1826    0     0     0     0     0     0     0
1830    0     0     0     0     0     0     0
1834    0     0     0     0     0     0     0
1838    0     0     0     0     0     0     0
1842    0     0     0     0     0     0     0
1846    0     0     0     0     0     0     0
1850    0     0     0     0     0     0     0
1854    0     0     0     0     0     0     0
1858    0     0     0     0     0     0     0
1862    0     0     0     0     0     0     0
1866    0     0     0     0     0     0     0
1870    0     0     0     0     0     0     0
1874    0     0     0     0     0     0     0
1878    0     0     0     0     0     0     0
1882    0     0     0     0     0     0     0
1886    0     0     0     0     0     0     0
1890    0     0     0     0     0     0     0
1894    0     0     0     0     0     0     0
1898    0     0     0     0     0     0     0
1902    0     0     0     0     0     0     0
1906    0     0     0     0     0     0     0
1910    0     0     0     0     0     0     0
1914    0     0     0     0     0     0     0
1918    0     0     0     0     0     0     0
1922    0     0     0     0     0     0     0
1926    0     0     0     0     0     0     0
1930    0     0     0     0     0     0     0
1934    0     0     0     0     0     0     0
1938    0     0     0     0     0     0     0
1942    0     0     0     0     0     0     0
1946    0     0     0     0     0     0     0
1950    0     0     0     0     0     0     0
1954    0     0     0     0     0     0     0
1958    0     0     0     0     0     0     0
1962    0     0     0     0     0     0     0
1966    0     0     0     0     0     0     0
1970    0     0     0     0     0     0     0
1974    0     0     0     0     0     0     0
1978    0     0     0     0     0     0     0
1982    0     0     0     0     0     0     0
1986    0     0     0     0     0     0     0
1990    0     0     0     0     0     0     0
1994    0     0     0     0     0     0     0
1998    0     0     0     0     0     0     0
2002    0     0     0     0     0     0     0
2006    0     0     0     0     0     0     0
2010    0     0     0     0     0     0     0
2014    0     0     0     0     0     0     0
2018    0     0     0     0     0     0     0
2022    0     0     0     0     0     0     0
2026    0     0     0     0     0     0     0
2030    0     0     0     0     0     0     0
2034    0     0     0     0     0     0     0
2038    0     0     0     0     0     0     0
2042    0     0     0     0     0     0     0
2046    0     0     0     0     0     0     0
2050    0     0     0     0     0     0     0
2054    0     0     0     0     0     0     0
2058    0     0     0     0     0     0     0
2062    0     0     0     0     0     0     0
2066    0     0     0     0     0     0     0
2070    0     0     0     0     0     0     0
2074    0     0     0     0     0     0     0
2078    0     0     0     0     0     0     0
2082    0     0     0     0     0     0     0
2086    0     0     0     0     0     0     0
2090    0     0     0     0     0     0     0
2094    0     0     0     0     0     0     0
2098    0     0     0     0     0     0     0
2102    0     0     0     0     0     0     0
2106    0     0     0     0     0     0     0
2110    0     0     0     0     0     0     0
2114    0     0     0     0     0     0     0
2118    0     0     0     0     0     0     0
2122    0     0     0     0     0     0     0
2126    0     0     0     0     0     0     0
2130    0     0     0     0     0     0     0
2134    0     0     0     0     0     0     0
2138    0     0     0     0     0     0     0
2142    0     0     0     0     0     0     0
2146    0     0     0     0     0     0     0
2150    0     0     0     0     0     0     0
2154    0     0     0     0     0     0     0
2158    0     0     0     0     0     0     0
2162    0     0     0     0     0     0     0
2166    0     0     0     0     0     0     0
2170    0     0     0     0     0     0     0
2174    0     0     0     0     0     0     0
2178    0     0     0     0     0     0     0
2182    0     0     0     0     0     0     0
2186    0     0     0     0     0     0     0
2190    0     0     0     0     0     0     0
2194    0     0     0     0     0     0     0
2198    0     0     0     0     0     0     0
2202    0     0     0     0     0     0     0
2206    0     0     0     0     0     0     0
2210    0     0     0     0     0     0     0
2214    0     0     0     0     0     0     0
2218    0     0     0     0     0     0     0
2222    0     0     0     0     0     0     0
2226    0     0     0     0     0     0     0
2230    0     0     0     0     0     0     0
2234    0     0     0     0     0     0     0
2238    0     0     0     0     0     0     0
2242    0     0     0     0     0     0     0
2246    0     0     0     0     0     0     0
2250    0     0     0     0     0     0     0
2254    0     0     0     0     0     0     0
2258    0     0     0     0     0     0     0
2262    0     0     0     0     0     0     0
2266    0     0     0     0     0     0     0
2270    0     0     0     0     0     0     0
2274    0     0     0     0     0     0     0
2278    0     0     0     0     0     0     0
2282    0     0     0     0     0     0     0
2286    0     0     0     0     0     0     0
2290    0     0     0     0     0     0     0
2294    0     0     0     0     0     0     0
2298    0     0     0     0     0     0     0
2302    0     0     0     0     0     0     0
2306    0     0     0     0     0     0     0
2310    0     0     0     0     0     0     0
2314    0     0     0     0     0     0     0
2318    0     0     0     0     0     0     0
2322    0     0     0     0     0     0     0
2326    0     0     0     0     0     0     0
2330    0     0     0     0     0     0     0
2334    0     0     0     0     0     0     0
2338    0     0     0     0     0     0     0
2342    0     0     0     0     0     0     0
2346    0     0     0     0     0     0     0
2350    0     0     0     0     0     0     0
2354    0     0     0     0     0     0     0
2358    0     0     0     0     0     0     0
2362    0     0     0     0     0     0     0
2366    0     0     0     0     0     0     0
2370    0     0     0     0     0     0     0
2374    0     0     0     0     0     0     0
2378    0     0     0     0     0     0     0
2382    0     0     0     0     0     0     0
2386    0     0     0     0     0     0     0
2390    0     0     0     0     0     0     0
2394    0     0     0     0     0     0     0
2398    0     0     0     0     0     0     0
2402    0     0     0     0     0     0     0
2406    0     0     0     0     0     0     0
2410    0     0     0     0     0     0     0
2414    0     0     0     0     0     0     0
2418    0     0     0     0     0     0     0
2422    0     0     0     0     0     0     0
2426    0     0     0     0     0     0     0
2430    0     0     0     0     0     0     0
2434    0     0     0     0     0     0     0
2438    0     0     0     0     0     0     0
2442    0     0     0     0     0     0     0
2446    0     0     0     0     0     0     0
2450    0     0     0     0     0     0     0
2454    0     0     0     0     0     0     0
2458    0     0     0     0     0     0     0
2462    0     0     0     0     0     0     0
2466    0     0     0     0     0     0     0
2470    0     0     0     0     0     0     0
2474    0     0     0     0     0     0     0
2478    0     0     0     0     0     0     0
2482    0     0     0     0     0     0     0
2486    0     0     0     0     0     0     0
2490    0     0     0     0     0     0     0
2494    0     0     0     0     0     0     0
2498    0     0     0     0     0     0     0
2502    0     0     0     0     0     0     0
2506    0     0     0     0     0     0     0
2510    0     0     0     0     0     0     0
2514    0     0     0     0     0     0     0
2518    0     0     0     0     0     0     0
2522    0     0     0     0     0     0     0
2526    0     0     0     0     0     0     0
2530    0     0     0     0     0     0     0
2534    0     0     0     0     0     0     0
2538    0     0     0     0     0     0     0
2542    0     0     0     0     0     0     0
2546    0     0     0     0     0     0     0
2550    0     0     0     0     0     0     0
2554    0     0     0     0     0     0     0
2558    0     0     0     0     0     0     0
2562    0     0     0     0     0     0     0
2566    0     0     0     0     0     0     0
2570    0     0     0     0     0     0     0
2574    0     0     0     0     0     0     0
2578    0     0     0     0     0     0     0
2582    0     0     0     0     0     0     0
2586    0     0     0     0     0     0     0
2590    0     0     0     0     0     0     0
2594    0     0     0     0     0     0     0
2598    0     0     0     0     0     0     0
2602    0     0     0     0     0     0     0
2606    0     0     0     0     0     0     0
2610    0     0     0     0     0     0     0
2614    0     0     0     0     0     0     0
2618    0     0     0     0     0     0     0
2622    0     0     0     0     0     0     0
2626    0     0     0     0     0     0     0
2630    0     0     0     0     0     0     0
2634    0     0     0     0     0     0     0
2638    0     0     0     0     0     0     0
2642    0     0     0     0     0     0     0
2646    0     0     0     0     0     0     0
2650    0     0     0     0     0     0     0
2654    0     0     0     0     0     0     0
2658    0     0     0     0     0     0     0
2662    0     0     0     0     0     0     0
2666    0     0     0     0     0     0     0
2670    0     0     0     0     0     0     0
2674    0     0     0     0     0     0     0
2678    0     0     0     0     0     0     0
2682    0     0     0     0     0     0     0
2686    0     0     0     0     0     0     0
2690    0     0     0     0     0     0     0
2694    0     0     0     0     0     0     0
2698    0     0     0     0     0     0     0
2702    0     0     0     0     0     0     0
2706    0     0     0     0     0     0     0
2710    0     0     0     0     0     0     0
2714    0     0     0     0     0     0     0
2718    0     0     0     0     0     0     0
2722    0     0     0     0     0     0     0
2726    0     0     0     0     0     0     0
2730    0     0     0     0     0     0     0
2734    0     0     0     0     0     0     0
2738    0     0     0     0     0     0     0
2742    0     0     0     0     0     0     0
2746    0     0     0     0     0     0     0
2750    0     0     0     0     0     0     0
2754    0     0     0     0     0     0     0
2758    0     0     0     0     0     0     0
2762    0     0     0     0     0     0     0
2766    0     0     0     0     0     0     0
2770    0     0     0     0     0     0     0
2774    0     0     0     0     0     0     0
2778    0     0     0     0     0     0     0
2782    0     0     0     0     0     0     0
2786    0     0     0     0     0     0     0
2790    0     0     0     0     0     0     0
2794    0     0     0     0     0     0     0
2798    0     0     0     0     0     0     0
2802    0     0     0     0     0     0     0
2806    0     0     0     0     0     0     0
2810    0     0     0     0     0     0     0
2814    0     0     0     0     0     0     0
2818    0     0     0     0     0     0     0
2822    0     0     0     0     0     0     0
2826    0     0     0     0     0     0     0
2830    0     0     0     0     0     0     0
2834    0     0     0     0     0     0     0
2838    0     0     0     0     0     0     0
2842    0     0     0     0     0     0     0
2846    0     0     0     0     0     0     0
2850    0     0     0     0     0     0     0
2854    0     0     0     0     0     0     0
2858    0     0     0     0     0     0     0
2862    0     0     0     0     0     0     0
2866    0     0     0     0     0     0     0
2870    0     0     0     0     0     0     0
2874    0     0     0     0     0     0     0
2878    0     0     0     0     0     0     0
2882    0     0     0     0     0     0     0
2886    0     0     0     0     0     0     0
2890    0     0     0     0     0     0     0
2894    0     0     0     0     0     0     0
2898    0     0     0     0     0     0     0
2902    0     0     0     0     0     0     0
2906    0     0     0     0     0     0     0
2910    0     0     0     0     0     0     0
2914    0     0     0     0     0     0     0
2918    0     0     0     0     0     0     0
2922    0     0     0     0     0     0     0
2926    0     0     0     0     0     0     0
2930    0     0     0     0     0     0     0
2934    0     0     0     0     0     0     0
2938    0     0     0     0     0     0     0
2942    0     0     0     0     0     0     0
2946    0     0     0     0     0     0     0
2950    0     0     0     0     0     0     0
2954    0     0     0     0     0     0     0
2958    0     0     0     0     0     0     0
2962    0     0     0     0     0     0     0
2966    0     0     0     0     0     0     0
2970    0     0     0     0     0     0     0
2974    0     0     0     0     0     0     0
2978    0     0     0     0     0     0     0
2982    0     0     0     0     0     0     0
2986    0     0     0     0     0     0     0
2990    0     0     0     0     0     0     0
2994    0     0     0     0     0     0     0
2998    0     0     0     0     0     0     0
3002    0     0     0     0     0     0     0
3006    0     0     0     0     0     0     0
3010    0     0     0     0     0     0     0
3014    0     0     0     0     0     0     0
3018    0     0     0     0     0     0     0
3022    0     0     0     0     0     0     0
3026    0     0     0     0     0     0     0
3030    0     0     0     0     0     0     0
3034    0     0     0     0     0     0     0
3038    0     0     0     0     0     0     0
3042    0     0     0     0     0     0     0
3046    0     0     0     0     0     0     0
3050    0     0     0     0     0     0     0
3054    0     0     0     0     0     0     0
3058    0     0     0     0     0     0     0
3062    0     0     0     0     0     0     0
3066    0     0     0     0     0     0     0
3070    0     0     0     0     0     0     0
3074    0     0     0     0     0     0     0
3078    0     0     0     0     0     0     0
3082    0     0     0     0     0     0     0
3086    0     0     0     0     0     0     0
3090    0     0     0     0     0     0     0
3094    0     0     0     0     0     0     0
3098    0     0     0     0     0     0     0
3102    0     0     0     0     0     0     0
3106    0     0     0     0     0     0     0
3110    0     0     0     0     0     0     0
3114    0     0     0     0     0     0     0
3118    0     0     0     0     0     0     0
3122    0     0     0     0     0     0     0
3126    0     0     0     0     0     0     0
3130    0     0     0     0     0     0     0
3134    0     0     0     0     0     0     0
3138    0     0     0     0     0     0     0
3142    0     0     0     0     0     0     0
3146    0     0     0     0     0     0     0
3150    0     0     0     0     0     0     0
3154    0     0     0     0     0     0     0
3158    0     0     0     0     0     0     0
3162    0     0     0     0     0     0     0
3166    0     0     0     0     0     0     0
3170    0     0     0     0     0     0     0
3174    0     0     0     0     0     0     0
3178    0     0     0     0     0     0     0
3182    0     0     0     0     0     0     0
3186    0     0     0     0     0     0     0
3190    0     0     0     0     0     0     0
3194    0     0     0     0     0     0     0
3198    0     0     0     0     0     0     0
3202    0     0     0     0     0     0     0
3206    0     0     0     0     0     0     0
3210    0     0     0     0     0     0     0
3214    0     0     0     0     0     0     0
3218    0     0     0     0     0     0     0
3222    0     0     0     0     0     0     0
3226    0     0     0     0     0     0     0
3230    0     0     0     0     0     0     0
3234    0     0     0     0     0     0     0
3238    0     0     0     0     0     0     0
3242    0     0     0     0     0     0     0
3246    0     0     0     0     0     0     0
3250    0     0     0     0     0     0     0
3254    0     0     0     0     0     0     0
3258    0     0     0     0     0     0     0
3262    0     0     0     0     0     0     0
3266    0     0     0     0     0     0     0
3270    0     0     0     0     0     0     0
3274    0     0     0     0     0     0     0
3278    0     0     0     0     0     0     0
3282    0     0     0     0     0     0     0
3286    0     0     0     0     0     0     0
3290    0     0     0     0     0     0     0
3294    0     0     0     0     0     0     0
3298    0     0     0     0     0     0     0
3302    0     0     0     0     0     0     0
3306    0     0     0     0     0     0     0
3310    0     0     0     0     0     0     0
3314    0     0     0     0     0     0     0
3318    0     0     0     0     0     0     0
3322    0     0     0     0     0     0     0
3326    0     0     0     0     0     0     0
3330    0     0     0     0     0     0     0
3334    0     0     0     0     0     0     0
3338    0     0     0     0     0     0     0
3342    0     0     0     0     0     0     0
3346    0     0     0     0     0     0     0
3350    0     0     0     0     0     0     0
3354    0     0     0     0     0     0     0
3358    0     0     0     0     0     0     0
3362    0     0     0     0     0     0     0
3366    0     0     0     0     0     0     0
3370    0     0     0     0     0     0     0
3374    0     0     0     0     0     0     0
3378    0     0     0     0     0     0     0
3382    0     0     0     0     0     0     0
3386    0     0     0     0     0     0     0
3390    0     0     0     0     0     0     0
3394    0     0     0     0     0     0     0
3398    0     0     0     0     0     0     0
3402    0     0     0     0     0     0     0
3406    0     0     0     0     0     0     0
3410    0     0     0     0     0     0     0
3414    0     0     0     0     0     0     0
3418    0     0     0     0     0     0     0
3422    0     0     0     0     0     0     0
3426    0     0     0     0     0     0     0
3430    0     0     0     0     0     0     0
3434    0     0     0     0     0     0     0
3438    0     0     0     0     0     0     0
3442    0     0     0     0     0     0     0
3446    0     0     0     0     0     0     0
3450    0     0     0     0     0     0     0
3454    0     0     0     0     0     0     0
3458    0     0     0     0     0     0     0
3462    0     0     0     0     0     0     0
3466    0     0     0     0     0     0     0
3470    0     0     0     0     0     0     0
3474    0     0     0     0     0     0     0
3478    0     0     0     0     0     0     0
3482    0     0     0     0     0     0     0
3486    0     0     0     0     0     0     0
3490    0     0     0     0     0     0     0
3494    0     0     0     0     0     0     0
3498    0     0     0     0     0     0     0
3502    0     0     0     0     0     0     0
3506    0     0     0     0     0     0     0
3510    0     0     0     0     0     0     0
3514    0     0     0     0     0     0     0
3518    0     0     0     0     0     0     0
3522    0     0     0     0     0     0     0
3526    0     0     0     0     0     0     0
3530    0     0     0     0     0     0     0
3534    0     0     0     0     0     0     0
3538    0     0     0     0     0     0     0
3542    0     0     0     0     0     0     0
3546    0     0     0     0     0     0     0
3550    0     0     0     0     0     0     0
3554    0     0     0     0     0     0     0
3558    0     0     0     0     0     0     0
3562    0     0     0     0     0     0     0
3566    0     0     0     0     0     0     0
3570    0     0     0     0     0     0     0
3574    0     0     0     0     0     0     0
3578    0     0     0     0     0     0     0
3582    0     0     0     0     0     0     0
3586    0     0     0     0     0     0     0
3590    0     0     0     0     0     0     0
3594    0     0     0     0     0     0     0
3598    0     0     0     0     0     0     0
3602    0     0     0     0     0     0     0
3606    0     0     0     0     0     0     0
3610    0     0     0     0     0     0     0
3614    0     0     0     0     0     0     0
3618    0     0     0     0     0     0     0
3622    0     0     0     0     0     0     0
3626    0     0     0     0     0     0     0
3630    0     0     0     0     0     0     0
3634    0     0     0     0     0     0     0
3638    0     0     0     0     0     0     0
3642    0     0     0     0     0     0     0
3646    0     0     0     0     0     0     0
3650    0     0     0     0     0     0     0
3654    0     0     0     0     0     0     0
3658    0     0     0     0     0     0     0
3662    0     0     0     0     0     0     0
3666    0     0     0     0     0     0     0
3670    0     0     0     0     0     0     0
3674    0     0     0     0     0     0     0
3678    0     0     0     0     0     0     0
3682    0     0     0     0     0     0     0
3686    0     0     0     0     0     0     0
3690    0     0     0     0     0     0     0
3694    0     0     0     0     0     0     0
3698    0     0     0     0     0     0     0
3702    0     0     0     0     0     0     0
3706    0     0     0     0     0     0     0
3710    0     0     0     0     0     0     0
3714    0     0     0     0     0     0     0
3718    0     0     0     0     0     0     0
3722    0     0     0     0     0     0     0
3726    0     0     0     0     0     0     0
3730    0     0     0     0     0     0     0
3734    0     0     0     0     0     0     0
3738    0     0     0     0     0     0     0
3742    0     0     0     0     0     0     0
3746    0     0     0     0     0     0     0
3750    0     0     0     0     0     0     0
3754    0     0     0     0     0     0     0
3758    0     0     0     0     0     0     0
3762    0     0     0     0     0     0     0
3766    0     0     0     0     0     0     0
3770    0     0     0     0     0     0     0
3774    0     0     0     0     0     0     0
3778    0     0     0     0     0     0     0
3782    0     0     0     0     0     0     0
3786    0     0     0     0     0     0     0
3790    0     0     0     0     0     0     0
3794    0     0     0     0     0     0     0
3798    0     0     0     0     0     0     0
3802    0     0     0     0     0     0     0
3806    0     0     0     0     0     0     0
3810    0     0     0     0     0     0     0
3814    0     0     0     0     0     0     0
3818    0     0     0     0     0     0     0
3822    0     0     0     0     0     0     0
3826    0     0     0     0     0     0     0
3830    0     0     0     0     0     0     0
3834    0     0     0     0     0     0     0
3838    0     0     0     0     0     0     0
3842    0     0     0     0     0     0     0
3846    0     0     0     0     0     0     0
3850    0     0     0     0     0     0     0
3854    0     0     0     0     0     0     0
3858    0     0     0     0     0     0     0
3862    0     0     0     0     0     0     0
3866    0     0     0     0     0     0     0
3870    0     0     0     0     0     0     0
3874    0     0     0     0     0     0     0
3878    0     0     0     0     0     0     0
3882    0     0     0     0     0     0     0
3886    0     0     0     0     0     0     0
3890    0     0     0     0     0     0     0
3894    0     0     0     0     0     0     0
3898    0     0     0     0     0     0     0
3902    0     0     0     0     0     0     0
3906    0     0     0     0     0     0     0
3910    0     0     0     0     0     0     0
3914    0     0     0     0     0     0     0
3918    0     0     0     0     0     0     0
3922    0     0     0     0     0     0     0
3926    0     0     0     0     0     0     0
3930    0     0     0     0     0     0     0
3934    0     0     0     0     0     0     0
3938    0     0     0     0     0     0     0
3942    0     0     0     0     0     0     0
3946    0     0     0     0     0     0     0
3950    0     0     0     0     0     0     0
3954    0     0     0     0     0     0     0
3958    0     0     0     0     0     0     0
3962    0     0     0     0     0     0     0
3966    0     0     0     0     0     0     0
3970    0     0     0     0     0     0     0
3974    0     0     0     0     0     0     0
3978    0     0     0     0     0     0     0
3982    0     0     0     0     0     0     0
3986    0     0     0     0     0     0     0
3990    0     0     0     0     0     0     0
3994    0     0     0     0     0     0     0
3998    0     0     0     0     0     0     0
