2    0     0     0     0     0     0     0
6    0     0     0     0     0     0     0
10    0     0     0     0     0     0     0
14    0     0     0     0     0     0     0
18    0     0     0     0     0     0     0
22    0     0     0     0     0     0     0
26    0.000198163     1.65802e-07     1.65753e-07     1.65837e-07     1.65802e-07     1.65802e-07     1.65802e-07
30    0.0001557     1.06234e-07     1.06203e-07     1.06256e-07     1.06234e-07     1.06234e-07     1.06234e-07
34    0.000353863     2.02696e-07     2.02636e-07     2.02739e-07     2.02696e-07     2.02696e-07     2.02696e-07
38    0.000254782     1.25668e-07     1.2563e-07     1.25694e-07     1.25668e-07     1.25668e-07     1.25668e-07
42    0.000424636     1.81794e-07     1.8174e-07     1.81832e-07     1.81794e-07     1.81794e-07     1.81794e-07
46    0.000368018     1.40506e-07     1.40464e-07     1.40535e-07     1.40506e-07     1.40506e-07     1.40506e-07
50    0.000424636     1.4352e-07     1.43477e-07     1.4355e-07     1.4352e-07     1.4352e-07     1.4352e-07
54    0.000608645     1.88998e-07     1.88942e-07     1.89038e-07     1.88998e-07     1.88998e-07     1.88998e-07
58    0.000636954     1.81742e-07     1.81688e-07     1.8178e-07     1.81742e-07     1.81742e-07     1.81742e-07
62    0.000537872     1.42406e-07     1.42364e-07     1.42436e-07     1.42406e-07     1.42406e-07     1.42406e-07
66    0.00059449     1.47224e-07     1.4718e-07     1.47255e-07     1.47224e-07     1.47224e-07     1.47224e-07
70    0.000622799     1.46766e-07     1.46722e-07     1.46796e-07     1.46766e-07     1.46766e-07     1.46766e-07
74    0.000863426     1.95416e-07     1.95358e-07     1.95457e-07     1.95416e-07     1.95416e-07     1.95416e-07
78    0.000764345     1.67385e-07     1.67335e-07     1.6742e-07     1.67385e-07     1.67385e-07     1.67385e-07
82    0.000806808     1.72507e-07     1.72456e-07     1.72544e-07     1.72507e-07     1.72507e-07     1.72507e-07
86    0.00101913     2.14516e-07     2.14452e-07     2.14561e-07     2.14516e-07     2.14516e-07     2.14516e-07
90    0.000920045     1.92123e-07     1.92066e-07     1.92164e-07     1.92123e-07     1.92123e-07     1.92123e-07
94    0.000990817     2.06624e-07     2.06562e-07     2.06667e-07     2.06624e-07     2.06624e-07     2.06624e-07
98    0.00101913     2.13332e-07     2.13269e-07     2.13377e-07     2.13332e-07     2.13332e-07     2.13332e-07
102    0.0012456     2.62914e-07     2.62836e-07     2.6297e-07     2.62914e-07     2.62914e-07     2.62914e-07
106    0.00142961     3.06439e-07     3.06348e-07     3.06503e-07     3.06439e-07     3.06439e-07     3.06439e-07
110    0.00135884     2.9764e-07     2.97551e-07     2.97702e-07     2.9764e-07     2.9764e-07     2.9764e-07
114    0.00141545     3.21014e-07     3.20918e-07     3.21081e-07     3.21014e-07     3.21014e-07     3.21014e-07
118    0.00145792     3.48811e-07     3.48707e-07     3.48884e-07     3.48811e-07     3.48811e-07     3.48811e-07
122    0.00161362     4.13346e-07     4.13223e-07     4.13433e-07     4.13346e-07     4.13346e-07     4.13346e-07
126    0.00152869     4.34062e-07     4.33933e-07     4.34153e-07     4.34062e-07     4.34062e-07     4.34062e-07
130    0.00148623     4.76379e-07     4.76238e-07     4.76479e-07     4.76379e-07     4.76379e-07     4.76379e-07
134    0.0014013     5.23003e-07     5.22848e-07     5.23113e-07     5.23003e-07     5.23003e-07     5.23003e-07
138    0.00158531     7.14872e-07     7.1466e-07     7.15023e-07     7.14872e-07     7.14872e-07     7.14872e-07
142    0.001557     8.73996e-07     8.73737e-07     8.7418e-07     8.73996e-07     8.73996e-07     8.73996e-07
146    0.00161362     1.16178e-06     1.16144e-06     1.16203e-06     1.16178e-06     1.16178e-06     1.16178e-06
150    0.00199579     1.98545e-06     1.98486e-06     1.98586e-06     1.98545e-06     1.98545e-06     1.98545e-06
154    0.00220811     3.32991e-06     3.32892e-06     3.33061e-06     3.32991e-06     3.32991e-06     3.32991e-06
158    0.00196748     5.57087e-06     5.56921e-06     5.57204e-06     5.57087e-06     5.57087e-06     5.57087e-06
162    0.00185424     1.36372e-05     1.36332e-05     1.36401e-05     1.36372e-05     1.36372e-05     1.36372e-05
166    0.00212318     2.98458e-05     2.98369e-05     2.9852e-05     2.98458e-05     2.98458e-05     2.98458e-05
170    0.00246289     4.7371e-05     4.73569e-05     4.73809e-05     4.7371e-05     4.7371e-05     4.7371e-05
174    0.00247704     5.7547e-05     5.75299e-05     5.75591e-05     5.7547e-05     5.7547e-05     5.7547e-05
178    0.00263274     7.23793e-05     7.23578e-05     7.23945e-05     7.23793e-05     7.23793e-05     7.23793e-05
182    0.00215149     7.13284e-05     7.13072e-05     7.13434e-05     7.13284e-05     7.13284e-05     7.13284e-05
186    0.00237796     9.55153e-05     9.54869e-05     9.55354e-05     9.55153e-05     9.55153e-05     9.55153e-05
190    0.00260443     0.000121772     0.000121736     0.000121798     0.000121772     0.000121772     0.000121772
194    0.0028026     0.000148044     0.000148     0.000148075     0.000148044     0.000148044     0.000148044
198    0.00304322     0.000176582     0.00017653     0.000176619     0.000176582     0.000176582     0.000176582
202    0.00329801     0.000210057     0.000209995     0.000210101     0.000210057     0.000210057     0.000210057
206    0.00328385     0.000228396     0.000228328     0.000228444     0.000228396     0.000228396     0.000228396
210    0.00284506     0.000213074     0.000213011     0.000213119     0.000706148     0.000919225     0.000559534
214    0.0032697     0.00026408     0.000264001     0.000264135     0.00121411     0.00162584     0.000930829
218    0.00355279     0.000307335     0.000307244     0.000307399     0.00126344     0.00167917     0.000977556
222    0.00331216     0.000305407     0.000305316     0.000305471     0.00127786     0.00170144     0.000986461
226    0.00317062     0.000311356     0.000311263     0.000311421     0.00127982     0.00170193     0.00098927
230    0.00365187     0.000380783     0.00038067     0.000380864     0.00136252     0.00179059     0.00106778
234    0.00416143     0.000460254     0.000460117     0.00046035     0.00143948     0.00186654     0.00114526
238    0.00386419     0.000452235     0.000452101     0.00045233     0.00142626     0.00185114     0.00113339
242    0.00444452     0.000549568     0.000549405     0.000549683     0.00151599     0.00193791     0.00122503
246    0.00407651     0.000531682     0.000531524     0.000531794     0.0015266     0.00196133     0.00122672
250    0.00433129     0.00059408     0.000593903     0.000594204     0.00155775     0.0019785     0.00126732
254    0.00518056     0.000747786     0.000747564     0.000747943     0.00170754     0.00212537     0.00141867
258    0.00450114     0.00068279     0.000682587     0.000682933     0.00165818     0.00208141     0.00136512
262    0.00523718     0.000833543     0.000833296     0.000833719     0.00181587     0.00224124     0.00152105
266    0.00506732     0.000843756     0.000843505     0.000843933     0.00182574     0.00225071     0.00153099
270    0.00550611     0.00096035     0.000960065     0.000960552     0.00189909     0.00230563     0.00161699
274    0.00564766     0.00102896     0.00102865     0.00102918     0.00197196     0.00238093     0.00168815
278    0.00556273     0.00105953     0.00105921     0.00105975     0.00202806     0.00244847     0.00173626
282    0.00580336     0.00115507     0.00115473     0.00115532     0.00212332     0.00254313     0.00183168
286    0.00612891     0.0012692     0.00126883     0.00126947     0.00222031     0.00263178     0.00193417
290    0.00676587     0.00146045     0.00146002     0.00146076     0.00240448     0.00281239     0.00212048
294    0.00661017     0.00148313     0.00148269     0.00148344     0.00245788     0.00287964     0.00216424
298    0.00716219     0.00166911     0.00166861     0.00166946     0.00263811     0.00305814     0.00234571
302    0.00764345     0.00185095     0.0018504     0.00185134     0.00284695     0.0032789     0.00254616
306    0.00795485     0.00199998     0.00199939     0.0020004     0.00300929     0.00344657     0.00270456
310    0.00822378     0.00214326     0.00214262     0.00214371     0.00313684     0.00356652     0.00283706
314    0.00866257     0.00233936     0.00233867     0.00233985     0.00337605     0.00382375     0.00306344
318    0.00911552     0.00254758     0.00254683     0.00254812     0.00359886     0.00405245     0.00328191
322    0.010446     0.00302263     0.00302173     0.00302327     0.00411885     0.00459151     0.00378834
326    0.0102479     0.00306236     0.00306145     0.003063     0.00421708     0.00471466     0.00386895
330    0.0107433     0.00331629     0.00331531     0.00331699     0.00443337     0.00491382     0.00409687
334    0.0106584     0.00339559     0.00339458     0.00339631     0.00462211     0.00514774     0.00425336
338    0.0121304     0.00398668     0.00398549     0.00398752     0.00524017     0.0057751     0.0048643
342    0.0128382     0.00435327     0.00435198     0.00435419     0.00565965     0.00621502     0.00526877
346    0.0143952     0.00504697     0.00504547     0.00504803     0.00649373     0.00711063     0.00605975
350    0.0145933     0.00532072     0.00531914     0.00532184     0.00688095     0.00754823     0.00641175
354    0.0154143     0.00588223     0.00588049     0.00588347     0.00757852     0.00830702     0.00706677
358    0.0173959     0.00695952     0.00695748     0.00696096     0.00883809     0.00964881     0.00826906
362    0.0181886     0.00761957     0.00761741     0.00762107     0.00967671     0.0105675     0.00905181
366    0.0211186     0.00924372     0.00924112     0.00924551     0.011571     0.0125812     0.0108626
370    0.0221094     0.0100936     0.0100908     0.0100955     0.0126581     0.0137741     0.0118758
374    0.0239919     0.0114511     0.0114479     0.0114532     0.0143037     0.015549     0.0134312
378    0.0267662     0.0133152     0.0133116     0.0133176     0.0164111     0.017767     0.0154617
382    0.0293282     0.015194     0.01519     0.0151966     0.0187585     0.0203245     0.0176627
386    0.0330225     0.0177804     0.0177759     0.0177833     0.0218298     0.0236131     0.020582
390    0.0358959     0.0200614     0.0200566     0.0200645     0.0246031     0.0266084     0.0232007
394    0.0407651     0.0236105     0.0236052     0.0236138     0.0288734     0.031202     0.027245
398    0.0455351     0.0273303     0.0273247     0.0273335     0.0331346     0.035709     0.0313349
402    0.0515225     0.0320363     0.0320307     0.0320392     0.0386366     0.0415715     0.0365849
406    0.0598029     0.0385376     0.0385322     0.0385395     0.046239     0.0496734     0.0438386
410    0.0669085     0.0446854     0.0446815     0.0446853     0.0532148     0.057029     0.0505491
414    0.0792371     0.0548972     0.0548967     0.054893     0.0646947     0.0690872     0.0616237
418    0.0914524     0.0658298     0.0658363     0.0658177     0.07677     0.0816913     0.0733278
422    0.107037     0.0802625     0.0802831     0.0802356     0.0924471     0.0979549     0.0885909
426    0.12313     0.0966243     0.0966711     0.0965707     0.109641     0.115568     0.105486
430    0.146938     0.121448     0.121547     0.121342     0.1355     0.141966     0.130956
434    0.168821     0.148159     0.148348     0.147968     0.162356     0.168988     0.157671
438    0.195219     0.183536     0.183871     0.183206     0.197131     0.203656     0.192485
442    0.215234     0.218238     0.218764     0.217735     0.229622     0.235363     0.225484
446    0.228964     0.250387     0.251096     0.249719     0.25802     0.262271     0.254886
450    0.22408     0.261937     0.2627     0.261223     0.264278     0.266186     0.262767
454    0.21035     0.258191     0.257428     0.258992     0.255279     0.253263     0.256951
458    0.185906     0.234962     0.234388     0.235553     0.227636     0.223784     0.230506
462    0.161942     0.207418     0.20703     0.207809     0.197159     0.192149     0.200765
466    0.138021     0.177435     0.177187     0.177677     0.165624     0.160046     0.169579
470    0.114906     0.147638     0.147483     0.147784     0.135402     0.129723     0.139399
474    0.0946089     0.121387     0.121289     0.121476     0.109592     0.104163     0.113398
478    0.0806808     0.103486     0.10342     0.103545     0.092081     0.0868512     0.0957405
482    0.068423     0.087924     0.0878771     0.0879634     0.0771409     0.072198     0.0805932
486    0.0570428     0.0735946     0.0735606     0.0736221     0.0637109     0.0591748     0.066875
490    0.0481396     0.0624681     0.0624424     0.0624884     0.0534961     0.0493744     0.0563692
494    0.0416426     0.0544216     0.054401     0.0544374     0.0460969     0.0422726     0.0487623
498    0.0356411     0.0469741     0.0469574     0.0469867     0.0393126     0.0357947     0.0417651
502    0.0307012     0.0408554     0.0408415     0.0408657     0.0339244     0.030741     0.0361436
506    0.0272192     0.0366078     0.0365958     0.0366166     0.0300957     0.0271011     0.032183
510    0.0246713     0.0335633     0.0335526     0.0335712     0.0274335     0.024608     0.0294016
514    0.0217272     0.0299167     0.0299072     0.0299234     0.0242238     0.0215926     0.0260557
518    0.019052     0.0265658     0.0265576     0.0265717     0.0213222     0.0188917     0.0230131
522    0.0168722     0.0238323     0.023825     0.0238375     0.0190924     0.0168906     0.0206235
526    0.0151312     0.0216557     0.0216491     0.0216604     0.0171812     0.0151004     0.0186279
530    0.0143385     0.0207881     0.0207818     0.0207926     0.0164198     0.0143888     0.0178326
534    0.0123003     0.0180643     0.0180588     0.0180681     0.0141044     0.0122645     0.0153847
538    0.0111962     0.0166609     0.0166559     0.0166645     0.0130012     0.0113026     0.0141841
542    0.0103187     0.0155619     0.0155573     0.0155652     0.01205     0.0104209     0.013185
546    0.00986571     0.0150869     0.0150824     0.0150901     0.0116682     0.010082     0.0127736
550    0.00895982     0.0138973     0.0138932     0.0139003     0.010692     0.00920397     0.0117291
554    0.00805393     0.0126723     0.0126685     0.0126749     0.00959261     0.00816186     0.0105898
558    0.00736036     0.0117414     0.0117379     0.0117438     0.00890197     0.00758128     0.00982225
562    0.00692157     0.0111842     0.0111809     0.0111865     0.00844373     0.00716682     0.00933326
566    0.00587413     0.00959989     0.00959704     0.00960191     0.00719603     0.00607355     0.0079776
570    0.00588829     0.00974583     0.00974293     0.00974787     0.00731279     0.00617494     0.00810498
574    0.00530795     0.0089094     0.00890675     0.00891127     0.00664206     0.00558112     0.00738077
578    0.00481254     0.00818863     0.0081862     0.00819035     0.00605186     0.00505186     0.00674822
582    0.0045153     0.0077872     0.00778489     0.00778884     0.00576198     0.00481389     0.00642236
586    0.0045436     0.00793994     0.00793759     0.00794161     0.00587063     0.00490111     0.00654595
590    0.00464269     0.00822044     0.00821799     0.00822216     0.00607447     0.00506787     0.00677548
594    0.00401989     0.00723413     0.00723198     0.00723565     0.00524923     0.00431698     0.00589837
598    0.0034254     0.0062602     0.00625834     0.00626151     0.00452619     0.00371067     0.00509399
602    0.00353863     0.00655471     0.00655276     0.00655609     0.00468918     0.00381013     0.00530096
606    0.00348201     0.0065251     0.00652316     0.00652647     0.00472122     0.00386944     0.00531378
610    0.00292999     0.00555459     0.00555294     0.00555576     0.0039792     0.00323413     0.00449739
614    0.0028026     0.00538199     0.0053804     0.00538313     0.00384019     0.00311046     0.00434771
618    0.00291583     0.00568277     0.00568109     0.00568397     0.0040536     0.00328228     0.00459011
622    0.00270352     0.00534079     0.00533921     0.00534192     0.00383291     0.00311865     0.00432981
626    0.00246289     0.00493021     0.00492875     0.00493125     0.00347052     0.00277841     0.0039519
630    0.00226473     0.00459101     0.00458965     0.00459198     0.00317009     0.00249564     0.00363917
634    0.00206656     0.00423715     0.00423589     0.00423804     0.00293737     0.00231978     0.00336685
638    0.00199579     0.00414374     0.00414251     0.00414461     0.00286408     0.00225534     0.00328738
642    0.00169854     0.00357104     0.00356998     0.00357179     0.00244314     0.00190575     0.0028167
646    0.00175516     0.00374283     0.00374172     0.00374362     0.00259279     0.00204396     0.00297423
650    0.00167023     0.00361413     0.00361305     0.00361488     0.00249     0.00195295     0.00286321
654    0.00152869     0.00335222     0.00335123     0.00335293     0.0022625     0.00174178     0.00262445
658    0.00212318     0.00471889     0.00471749     0.00471989     0.00329908     0.00262045     0.00377084
662    0.00133053     0.00299449     0.0029936     0.00299512     0.00202133     0.00155571     0.00234499
666    0.00128806     0.00293469     0.00293382     0.00293531     0.0019546     0.00148471     0.00228104
670    0.00118898     0.00274159     0.00274078     0.00274217     0.0017501     0.00127386     0.00208083
674    0.00130222     0.00303828     0.00303737     0.00303891     0.00203703     0.0015555     0.00237133
678    0.00128806     0.00304261     0.0030417     0.00304325     0.00205473     0.00157933     0.00238477
682    0.00127391     0.00304132     0.00304042     0.00304196     0.00205895     0.0015861     0.00238735
686    0.00123144     0.00297178     0.0029709     0.0029724     0.00200246     0.00153558     0.00232672
690    0.00100497     0.00245277     0.00245204     0.00245328     0.00164014     0.00124825     0.0019123
694    0.00111821     0.00276373     0.00276291     0.00276431     0.00180579     0.00134275     0.0021271
698    0.00103328     0.00258615     0.00258538     0.00258669     0.00170894     0.00128408     0.00200364
702    0.000877581     0.00222207     0.00222141     0.00222254     0.00139436     0.000992822     0.00167279
706    0.000792654     0.00202977     0.00202917     0.0020302     0.00129988     0.000945447     0.00154564
710    0.000877581     0.00227538     0.00227471     0.00227586     0.00147175     0.0010812     0.00174254
714    0.000835117     0.00219409     0.00219344     0.00219455     0.00145762     0.00109944     0.00170596
718    0.000806808     0.00214541     0.00214477     0.00214586     0.00137987     0.00100714     0.00163827
722    0.000636954     0.00171551     0.001715     0.00171587     0.00108078     0.000771127     0.00129534
726    0.000693572     0.00188589     0.00188533     0.00188628     0.00121211     0.00088271     0.00144023
730    0.000990817     0.00272126     0.00272045     0.00272183     0.00181896     0.00137695     0.00212491
734    0.000679418     0.00188747     0.00188691     0.00188787     0.00121642     0.000887325     0.00144419
738    0.000736036     0.00206872     0.00206811     0.00206915     0.00136148     0.00101428     0.00160175
742    0.000721881     0.00205475     0.00205414     0.00205518     0.00133727     0.000984511     0.00158131
746    0.00059449     0.0017126     0.00171209     0.00171296     0.0011134     0.000818234     0.00131752
750    0.000452945     0.00132227     0.00132187     0.00132254     0.000756951     0.000477938     0.000949809
754    0.000608645     0.00179642     0.00179588     0.00179679     0.00117078     0.000861656     0.00138442
758    0.000566181     0.00168662     0.00168612     0.00168698     0.00102472     0.000697415     0.00125091
762    0.0004671     0.00140554     0.00140512     0.00140583     0.000863742     0.000595454     0.00104908
766    0.000566181     0.00172245     0.00172193     0.00172281     0.00108376     0.00076696     0.00130256
770    0.000382172     0.00117665     0.0011763     0.0011769     0.000679329     0.000432179     0.000849921
774    0.0003114     0.000969752     0.000969464     0.000969956     0.000561526     0.000358359     0.000701743
778    0.000396327     0.00125107     0.00125069     0.00125133     0.00075087     0.000501469     0.000922901
782    0.000509563     0.00162689     0.0016264     0.00162723     0.00101735     0.000712821     0.00122732
786    0.000523718     0.00168845     0.00168794     0.0016888     0.00107578     0.000769006     0.00128719
790    0.000353863     0.00115176     0.00115142     0.001152     0.000704367     0.00047987     0.00085898
794    0.000424636     0.00139697     0.00139655     0.00139726     0.000835518     0.00055336     0.00102977
798    0.000424636     0.00141256     0.00141214     0.00141285     0.000849351     0.000565942     0.00104443
802    0.000368018     0.00123737     0.001237     0.00123763     0.000770317     0.000535002     0.000932261
806    0.000382172     0.00129996     0.00129958     0.00130024     0.000761738     0.000489993     0.000948622
810    0.0003114     0.00107241     0.0010721     0.00107264     0.000629401     0.000405256     0.00078349
814    0.0003114     0.00108452     0.0010842     0.00108475     0.000652028     0.000432668     0.000802706
818    0.000353863     0.00124746     0.00124709     0.00124772     0.000783975     0.000548447     0.000945674
822    0.000424636     0.00151119     0.00151074     0.0015115     0.000929305     0.000633639     0.00113234
826    0.000396327     0.00142268     0.00142226     0.00142298     0.000845951     0.000553045     0.00104719
830    0.000325554     0.00118297     0.00118262     0.00118322     0.000691035     0.000440737     0.000862917
834    0.000212318     0.000779379     0.000779147     0.000779543     0.000450446     0.000282205     0.000565764
838    0.000353863     0.00131462     0.00131423     0.0013149     0.000799745     0.00053479     0.00098102
842    0.000254782     0.000957399     0.000957115     0.0009576     0.000563398     0.000360192     0.000702332
846    0.000198163     0.000752568     0.000752345     0.000752726     0.000427158     0.00025955     0.000541822
850    0.000268936     0.00103065     0.00103034     0.00103087     0.000589361     0.000362319     0.000744802
854    0.000212318     0.000822975     0.000822731     0.000823148     0.000465974     0.000281883     0.000591919
858    0.000339709     0.00133176     0.00133136     0.00133204     0.000777695     0.000490777     0.000973727
862    0.000297245     0.00117841     0.00117806     0.00117866     0.000689643     0.000435489     0.000863067
866    0.000325554     0.00130478     0.00130439     0.00130505     0.000785099     0.000514043     0.000969868
870    0.000283091     0.00114521     0.00114487     0.00114545     0.000678741     0.000434862     0.000844871
874    0.000226473     0.000926457     0.000926182     0.000926652     0.000522831     0.00031127     0.000666852
878    0.000127391     0.00052612     0.000525964     0.000526231     0.00026739     0.000131492     0.000359843
882    0.000127391     0.000531425     0.000531267     0.000531536     0.000261997     0.000120329     0.000358351
886    0.000184009     0.000775883     0.000775652     0.000776046     0.000441826     0.00026607     0.000561367
890    0.000169854     0.000723907     0.000723693     0.00072406     0.000400873     0.000230483     0.000516672
894    0.0001557     0.000671168     0.000670969     0.000671309     0.0003599     0.000194842     0.000471875
898    0.000198163     0.00086245     0.000862194     0.000862631     0.000488482     0.000289174     0.000623475
902    0.000226473     0.000997792     0.000997495     0.000998001     0.000584644     0.000363805     0.000734073
906    5.66181e-05     0.000251798     0.000251723     0.000251851     0.000111869     3.70974e-05     0.000162481
910    0.000240627     0.00108158     0.00108126     0.00108181     0.000657157     0.000430314     0.000810703
914    0.000127391     0.000578042     0.00057787     0.000578163     0.000303418     0.000156296     0.000402942
918    5.66181e-05     0.000259881     0.000259804     0.000259935     9.86147e-05     1.18699e-05     0.000157218
922    0     0     0     0     -5.81184e-05     -8.9502e-05     -3.69449e-05
926    0     0     0     0     -4.98411e-05     -7.68386e-05     -3.16438e-05
930    0     0     0     0     -7.18617e-05     -0.000110864     -4.55906e-05
934    0     0     0     0     -8.81369e-05     -0.0001361     -5.58581e-05
938    0     0     0     0     -7.98021e-05     -0.000123318     -5.05303e-05
942    0     0     0     0     -5.22561e-05     -8.07912e-05     -3.30673e-05
946    0     0     0     0     -5.00014e-05     -7.73452e-05     -3.16216e-05
950    0     0     0     0     -4.64509e-05     -7.19034e-05     -2.93519e-05
954    0     0     0     0     -5.66064e-05     -8.77466e-05     -3.5717e-05
958    0     0     0     0     -5.94357e-05     -9.22617e-05     -3.74435e-05
962    0     0     0     0     -2.97967e-05     -4.6349e-05     -1.87307e-05
966    0     0     0     0     -2.99225e-05     -4.65831e-05     -1.87911e-05
970    0     0     0     0     -5.12489e-05     -7.98888e-05     -3.21408e-05
974    0     0     0     0     -6.00978e-05     -9.37779e-05     -3.76478e-05
978    0     0     0     0     -2.89675e-05     -4.52456e-05     -1.81265e-05
982    0     0     0     0     -4.67721e-05     -7.31309e-05     -2.92334e-05
986    0     0     0     0     -4.56398e-05     -7.14273e-05     -2.8495e-05
990    0     0     0     0     -3.06705e-05     -4.80304e-05     -1.91367e-05
994    0     0     0     0     -5.24984e-05     -8.22704e-05     -3.27263e-05
998    0     0     0     0     -4.9017e-05     -7.68513e-05     -3.05402e-05
1002    0     0     0     0     0     0     0
1006    0     0     0     0     0     0     0
1010    0     0     0     0     0     0     0
1014    0     0     0     0     0     0     0
1018    0     0     0     0     0     0     0
1022    0     0     0     0     0     0     0
1026    0     0     0     0     0     0     0
1030    0     0     0     0     0     0     0
1034    0     0     0     0     0     0     0
1038    0     0     0     0     0     0     0
1042    0     0     0     0     0     0     0
1046    0     0     0     0     0     0     0
1050    0     0     0     0     0     0     0
1054    0     0     0     0     0     0     0
1058    0     0     0     0     0     0     0
1062    0     0     0     0     0     0     0
1066    0     0     0     0     0     0     0
1070    0     0     0     0     0     0     0
1074    0     0     0     0     0     0     0
1078    0     0     0     0     0     0     0
1082    0     0     0     0     0     0     0
1086    0     0     0     0     0     0     0
1090    0     0     0     0     0     0     0
1094    0     0     0     0     0     0     0
1098    0     0     0     0     0     0     0
1102    0     0     0     0     0     0     0
1106    0     0     0     0     0     0     0
1110    0     0     0     0     0     0     0
1114    0     0     0     0     0     0     0
1118    0     0     0     0     0     0     0
1122    0     0     0     0     0     0     0
1126    0     0     0     0     0     0     0
1130    0     0     0     0     0     0     0
1134    0     0     0     0     0     0     0
1138    0     0     0     0     0     0     0
1142    0     0     0     0     0     0     0
1146    0     0     0     0     0     0     0
1150    0     0     0     0     0     0     0
1154    0     0     0     0     0     0     0
1158    0     0     0     0     0     0     0
1162    0     0     0     0     0     0     0
1166    0     0     0     0     0     0     0
1170    0     0     0     0     0     0     0
1174    0     0     0     0     0     0     0
1178    0     0     0     0     0     0     0
1182    0     0     0     0     0     0     0
1186    0     0     0     0     0     0     0
1190    0     0     0     0     0     0     0
1194    0     0     0     0     0     0     0
1198    0     0     0     0     0     0     0
1202    0     0     0     0     0     0     0
1206    0     0     0     0     0     0     0
1210    0     0     0     0     0     0     0
1214    0     0     0     0     0     0     0
1218    0     0     0     0     0     0     0
1222    0     0     0     0     0     0     0
1226    0     0     0     0     0     0     0
1230    0     0     0     0     0     0     0
1234    0     0     0     0     0     0     0
1238    0     0     0     0     0     0     0
1242    0     0     0     0     0     0     0
1246    0     0     0     0     0     0     0
1250    0     0     0     0     0     0     0
1254    0     0     0     0     0     0     0
1258    0     0     0     0     0     0     0
1262    0     0     0     0     0     0     0
1266    0     0     0     0     0     0     0
1270    0     0     0     0     0     0     0
1274    0     0     0     0     0     0     0
1278    0     0     0     0     0     0     0
1282    0     0     0     0     0     0     0
1286    0     0     0     0     0     0     0
1290    0     0     0     0     0     0     0
1294    0     0     0     0     0     0     0
1298    0     0     0     0     0     0     0
1302    0     0     0     0     0     0     0
1306    0     0     0     0     0     0     0
1310    0     0     0     0     0     0     0
1314    0     0     0     0     0     0     0
1318    0     0     0     0     0     0     0
1322    0     0     0     0     0     0     0
1326    0     0     0     0     0     0     0
1330    0     0     0     0     0     0     0
1334    0     0     0     0     0     0     0
1338    0     0     0     0     0     0     0
1342    0     0     0     0     0     0     0
1346    0     0     0     0     0     0     0
1350    0     0     0     0     0     0     0
1354    0     0     0     0     0     0     0
1358    0     0     0     0     0     0     0
1362    0     0     0     0     0     0     0
1366    0     0     0     0     0     0     0
1370    0     0     0     0     0     0     0
1374    0     0     0     0     0     0     0
1378    0     0     0     0     0     0     0
1382    0     0     0     0     0     0     0
1386    0     0     0     0     0     0     0
1390    0     0     0     0     0     0     0
1394    0     0     0     0     0     0     0
1398    0     0     0     0     0     0     0
1402    0     0     0     0     0     0     0
1406    0     0     0     0     0     0     0
1410    0     0     0     0     0     0     0
1414    0     0     0     0     0     0     0
1418    0     0     0     0     0     0     0
1422    0     0     0     0     0     0     0
1426    0     0     0     0     0     0     0
1430    0     0     0     0     0     0     0
1434    0     0     0     0     0     0     0
1438    0     0     0     0     0     0     0
1442    0     0     0     0     0     0     0
1446    0     0     0     0     0     0     0
1450    0     0     0     0     0     0     0
1454    0     0     0     0     0     0     0
1458    0     0     0     0     0     0     0
1462    0     0     0     0     0     0     0
1466    0     0     0     0     0     0     0
1470    0     0     0     0     0     0     0
1474    0     0     0     0     0     0     0
1478    0     0     0     0     0     0     0
1482    0     0     0     0     0     0     0
1486    0     0     0     0     0     0     0
1490    0     0     0     0     0     0     0
1494    0     0     0     0     0     0     0
1498    0     0     0     0     0     0     0
1502    0     0     0     0     0     0     0
1506    0     0     0     0     0     0     0
1510    0     0     0     0     0     0     0
1514    0     0     0     0     0     0     0
1518    0     0     0     0     0     0     0
1522    0     0     0     0     0     0     0
1526    0     0     0     0     0     0     0
1530    0     0     0     0     0     0     0
1534    0     0     0     0     0     0     0
1538    0     0     0     0     0     0     0
1542    0     0     0     0     0     0     0
1546    0     0     0     0     0     0     0
1550    0     0     0     0     0     0     0
1554    0     0     0     0     0     0     0
1558    0     0     0     0     0     0     0
1562    0     0     0     0     0     0     0
1566    0     0     0     0     0     0     0
1570    0     0     0     0     0     0     0
1574    0     0     0     0     0     0     0
1578    0     0     0     0     0     0     0
1582    0     0     0     0     0     0     0
1586    0     0     0     0     0     0     0
1590    0     0     0     0     0     0     0
1594    0     0     0     0     0     0     0
1598    0     0     0     0     0     0     0
1602    0     0     0     0     0     0     0
1606    0     0     0     0     0     0     0
1610    0     0     0     0     0     0     0
1614    0     0     0     0     0     0     0
1618    0     0     0     0     0     0     0
1622    0     0     0     0     0     0     0
1626    0     0     0     0     0     0     0
1630    0     0     0     0     0     0     0
1634    0     0     0     0     0     0     0
1638    0     0     0     0     0     0     0
1642    0     0     0     0     0     0     0
1646    0     0     0     0     0     0     0
1650    0     0     0     0     0     0     0
1654    0     0     0     0     0     0     0
1658    0     0     0     0     0     0     0
1662    0     0     0     0     0     0     0
1666    0     0     0     0     0     0     0
1670    0     0     0     0     0     0     0
1674    0     0     0     0     0     0     0
1678    0     0     0     0     0     0     0
1682    0     0     0     0     0     0     0
1686    0     0     0     0     0     0     0
1690    0     0     0     0     0     0     0
1694    0     0     0     0     0     0     0
1698    0     0     0     0     0     0     0
1702    0     0     0     0     0     0     0
1706    0     0     0     0     0     0     0
1710    0     0     0     0     0     0     0
1714    0     0     0     0     0     0     0
1718    0     0     0     0     0     0     0
1722    0     0     0     0     0     0     0
1726    0     0     0     0     0     0     0
1730    0     0     0     0     0     0     0
1734    0     0     0     0     0     0     0
1738    0     0     0     0     0     0     0
1742    0     0     0     0     0     0     0
1746    0     0     0     0     0     0     0
1750    0     0     0     0     0     0     0
1754    0     0     0     0     0     0     0
1758    0     0     0     0     0     0     0
1762    0     0     0     0     0     0     0
1766    0     0     0     0     0     0     0
1770    0     0     0     0     0     0     0
1774    0     0     0     0     0     0     0
1778    0     0     0     0     0     0     0
1782    0     0     0     0     0     0     0
1786    0     0     0     0     0     0     0
1790    0     0     0     0     0     0     0
1794    0     0     0     0     0     0     0
1798    0     0     0     0     0     0     0
1802    0     0     0     0     0     0     0
1806    0     0     0     0     0     0     0
1810    0     0     0     0     0     0     0
1814    0     0     0     0     0     0     0
1818    0     0     0     0     0     0     0
1822    0     0     0     0     0     0     0
1826    0     0     0     0     0     0     0
1830    0     0     0     0     0     0     0
1834    0     0     0     0     0     0     0
1838    0     0     0     0     0     0     0
1842    0     0     0     0     0     0     0
1846    0     0     0     0     0     0     0
1850    0     0     0     0     0     0     0
1854    0     0     0     0     0     0     0
1858    0     0     0     0     0     0     0
1862    0     0     0     0     0     0     0
1866    0     0     0     0     0     0     0
1870    0     0     0     0     0     0     0
1874    0     0     0     0     0     0     0
1878    0     0     0     0     0     0     0
1882    0     0     0     0     0     0     0
1886    0     0     0     0     0     0     0
1890    0     0     0     0     0     0     0
1894    0     0     0     0     0     0     0
1898    0     0     0     0     0     0     0
1902    0     0     0     0     0     0     0
1906    0     0     0     0     0     0     0
1910    0     0     0     0     0     0     0
1914    0     0     0     0     0     0     0
1918    0     0     0     0     0     0     0
1922    0     0     0     0     0     0     0
1926    0     0     0     0     0     0     0
1930    0     0     0     0     0     0     0
1934    0     0     0     0     0     0     0
1938    0     0     0     0     0     0     0
1942    0     0     0     0     0     0     0
1946    0     0     0     0     0     0     0
1950    0     0     0     0     0     0     0
1954    0     0     0     0     0     0     0
1958    0     0     0     0     0     0     0
1962    0     0     0     0     0     0     0
1966    0     0     0     0     0     0     0
1970    0     0     0     0     0     0     0
1974    0     0     0     0     0     0     0
1978    0     0     0     0     0     0     0
1982    0     0     0     0     0     0     0
1986    0     0     0     0     0     0     0
1990    0     0     0     0     0     0     0
1994    0     0     0     0     0     0     0
1998    0     0     0     0     0     0     0
2002    0     0     0     0     0     0     0
2006    0     0     0     0     0     0     0
2010    0     0     0     0     0     0     0
2014    0     0     0     0     0     0     0
2018    0     0     0     0     0     0     0
2022    0     0     0     0     0     0     0
2026    0     0     0     0     0     0     0
2030    0     0     0     0     0     0     0
2034    0     0     0     0     0     0     0
2038    0     0     0     0     0     0     0
2042    0     0     0     0     0     0     0
2046    0     0     0     0     0     0     0
2050    0     0     0     0     0     0     0
2054    0     0     0     0     0     0     0
2058    0     0     0     0     0     0     0
2062    0     0     0     0     0     0     0
2066    0     0     0     0     0     0     0
2070    0     0     0     0     0     0     0
2074    0     0     0     0     0     0     0
2078    0     0     0     0     0     0     0
2082    0     0     0     0     0     0     0
2086    0     0     0     0     0     0     0
2090    0     0     0     0     0     0     0
2094    0     0     0     0     0     0     0
2098    0     0     0     0     0     0     0
2102    0     0     0     0     0     0     0
2106    0     0     0     0     0     0     0
2110    0     0     0     0     0     0     0
2114    0     0     0     0     0     0     0
2118    0     0     0     0     0     0     0
2122    0     0     0     0     0     0     0
2126    0     0     0     0     0     0     0
2130    0     0     0     0     0     0     0
2134    0     0     0     0     0     0     0
2138    0     0     0     0     0     0     0
2142    0     0     0     0     0     0     0
2146    0     0     0     0     0     0     0
2150    0     0     0     0     0     0     0
2154    0     0     0     0     0     0     0
2158    0     0     0     0     0     0     0
2162    0     0     0     0     0     0     0
2166    0     0     0     0     0     0     0
2170    0     0     0     0     0     0     0
2174    0     0     0     0     0     0     0
2178    0     0     0     0     0     0     0
2182    0     0     0     0     0     0     0
2186    0     0     0     0     0     0     0
2190    0     0     0     0     0     0     0
2194    0     0     0     0     0     0     0
2198    0     0     0     0     0     0     0
2202    0     0     0     0     0     0     0
2206    0     0     0     0     0     0     0
2210    0     0     0     0     0     0     0
2214    0     0     0     0     0     0     0
2218    0     0     0     0     0     0     0
2222    0     0     0     0     0     0     0
2226    0     0     0     0     0     0     0
2230    0     0     0     0     0     0     0
2234    0     0     0     0     0     0     0
2238    0     0     0     0     0     0     0
2242    0     0     0     0     0     0     0
2246    0     0     0     0     0     0     0
2250    0     0     0     0     0     0     0
2254    0     0     0     0     0     0     0
2258    0     0     0     0     0     0     0
2262    0     0     0     0     0     0     0
2266    0     0     0     0     0     0     0
2270    0     0     0     0     0     0     0
2274    0     0     0     0     0     0     0
2278    0     0     0     0     0     0     0
2282    0     0     0     0     0     0     0
2286    0     0     0     0     0     0     0
2290    0     0     0     0     0     0     0
2294    0     0     0     0     0     0     0
2298    0     0     0     0     0     0     0
2302    0     0     0     0     0     0     0
2306    0     0     0     0     0     0     0
2310    0     0     0     0     0     0     0
2314    0     0     0     0     0     0     0
2318    0     0     0     0     0     0     0
2322    0     0     0     0     0     0     0
2326    0     0     0     0     0     0     0
2330    0     0     0     0     0     0     0
2334    0     0     0     0     0     0     0
2338    0     0     0     0     0     0     0
2342    0     0     0     0     0     0     0
2346    0     0     0     0     0     0     0
2350    0     0     0     0     0     0     0
2354    0     0     0     0     0     0     0
2358    0     0     0     0     0     0     0
2362    0     0     0     0     0     0     0
2366    0     0     0     0     0     0     0
2370    0     0     0     0     0     0     0
2374    0     0     0     0     0     0     0
2378    0     0     0     0     0     0     0
2382    0     0     0     0     0     0     0
2386    0     0     0     0     0     0     0
2390    0     0     0     0     0     0     0
2394    0     0     0     0     0     0     0
2398    0     0     0     0     0     0     0
2402    0     0     0     0     0     0     0
2406    0     0     0     0     0     0     0
2410    0     0     0     0     0     0     0
2414    0     0     0     0     0     0     0
2418    0     0     0     0     0     0     0
2422    0     0     0     0     0     0     0
2426    0     0     0     0     0     0     0
2430    0     0     0     0     0     0     0
2434    0     0     0     0     0     0     0
2438    0     0     0     0     0     0     0
2442    0     0     0     0     0     0     0
2446    0     0     0     0     0     0     0
2450    0     0     0     0     0     0     0
2454    0     0     0     0     0     0     0
2458    0     0     0     0     0     0     0
2462    0     0     0     0     0     0     0
2466    0     0     0     0     0     0     0
2470    0     0     0     0     0     0     0
2474    0     0     0     0     0     0     0
2478    0     0     0     0     0     0     0
2482    0     0     0     0     0     0     0
2486    0     0     0     0     0     0     0
2490    0     0     0     0     0     0     0
2494    0     0     0     0     0     0     0
2498    0     0     0     0     0     0     0
2502    0     0     0     0     0     0     0
2506    0     0     0     0     0     0     0
2510    0     0     0     0     0     0     0
2514    0     0     0     0     0     0     0
2518    0     0     0     0     0     0     0
2522    0     0     0     0     0     0     0
2526    0     0     0     0     0     0     0
2530    0     0     0     0     0     0     0
2534    0     0     0     0     0     0     0
2538    0     0     0     0     0     0     0
2542    0     0     0     0     0     0     0
2546    0     0     0     0     0     0     0
2550    0     0     0     0     0     0     0
2554    0     0     0     0     0     0     0
2558    0     0     0     0     0     0     0
2562    0     0     0     0     0     0     0
2566    0     0     0     0     0     0     0
2570    0     0     0     0     0     0     0
2574    0     0     0     0     0     0     0
2578    0     0     0     0     0     0     0
2582    0     0     0     0     0     0     0
2586    0     0     0     0     0     0     0
2590    0     0     0     0     0     0     0
2594    0     0     0     0     0     0     0
2598    0     0     0     0     0     0     0
2602    0     0     0     0     0     0     0
2606    0     0     0     0     0     0     0
2610    0     0     0     0     0     0     0
2614    0     0     0     0     0     0     0
2618    0     0     0     0     0     0     0
2622    0     0     0     0     0     0     0
2626    0     0     0     0     0     0     0
2630    0     0     0     0     0     0     0
2634    0     0     0     0     0     0     0
2638    0     0     0     0     0     0     0
2642    0     0     0     0     0     0     0
2646    0     0     0     0     0     0     0
2650    0     0     0     0     0     0     0
2654    0     0     0     0     0     0     0
2658    0     0     0     0     0     0     0
2662    0     0     0     0     0     0     0
2666    0     0     0     0     0     0     0
2670    0     0     0     0     0     0     0
2674    0     0     0     0     0     0     0
2678    0     0     0     0     0     0     0
2682    0     0     0     0     0     0     0
2686    0     0     0     0     0     0     0
2690    0     0     0     0     0     0     0
2694    0     0     0     0     0     0     0
2698    0     0     0     0     0     0     0
2702    0     0     0     0     0     0     0
2706    0     0     0     0     0     0     0
2710    0     0     0     0     0     0     0
2714    0     0     0     0     0     0     0
2718    0     0     0     0     0     0     0
2722    0     0     0     0     0     0     0
2726    0     0     0     0     0     0     0
2730    0     0     0     0     0     0     0
2734    0     0     0     0     0     0     0
2738    0     0     0     0     0     0     0
2742    0     0     0     0     0     0     0
2746    0     0     0     0     0     0     0
2750    0     0     0     0     0     0     0
2754    0     0     0     0     0     0     0
2758    0     0     0     0     0     0     0
2762    0     0     0     0     0     0     0
2766    0     0     0     0     0     0     0
2770    0     0     0     0     0     0     0
2774    0     0     0     0     0     0     0
2778    0     0     0     0     0     0     0
2782    0     0     0     0     0     0     0
2786    0     0     0     0     0     0     0
2790    0     0     0     0     0     0     0
2794    0     0     0     0     0     0     0
2798    0     0     0     0     0     0     0
2802    0     0     0     0     0     0     0
2806    0     0     0     0     0     0     0
2810    0     0     0     0     0     0     0
2814    0     0     0     0     0     0     0
2818    0     0     0     0     0     0     0
2822    0     0     0     0     0     0     0
2826    0     0     0     0     0     0     0
2830    0     0     0     0     0     0     0
2834    0     0     0     0     0     0     0
2838    0     0     0     0     0     0     0
2842    0     0     0     0     0     0     0
2846    0     0     0     0     0     0     0
2850    0     0     0     0     0     0     0
2854    0     0     0     0     0     0     0
2858    0     0     0     0     0     0     0
2862    0     0     0     0     0     0     0
2866    0     0     0     0     0     0     0
2870    0     0     0     0     0     0     0
2874    0     0     0     0     0     0     0
2878    0     0     0     0     0     0     0
2882    0     0     0     0     0     0     0
2886    0     0     0     0     0     0     0
2890    0     0     0     0     0     0     0
2894    0     0     0     0     0     0     0
2898    0     0     0     0     0     0     0
2902    0     0     0     0     0     0     0
2906    0     0     0     0     0     0     0
2910    0     0     0     0     0     0     0
2914    0     0     0     0     0     0     0
2918    0     0     0     0     0     0     0
2922    0     0     0     0     0     0     0
2926    0     0     0     0     0     0     0
2930    0     0     0     0     0     0     0
2934    0     0     0     0     0     0     0
2938    0     0     0     0     0     0     0
2942    0     0     0     0     0     0     0
2946    0     0     0     0     0     0     0
2950    0     0     0     0     0     0     0
2954    0     0     0     0     0     0     0
2958    0     0     0     0     0     0     0
2962    0     0     0     0     0     0     0
2966    0     0     0     0     0     0     0
2970    0     0     0     0     0     0     0
2974    0     0     0     0     0     0     0
2978    0     0     0     0     0     0     0
2982    0     0     0     0     0     0     0
2986    0     0     0     0     0     0     0
2990    0     0     0     0     0     0     0
2994    0     0     0     0     0     0     0
2998    0     0     0     0     0     0     0
3002    0     0     0     0     0     0     0
3006    0     0     0     0     0     0     0
3010    0     0     0     0     0     0     0
3014    0     0     0     0     0     0     0
3018    0     0     0     0     0     0     0
3022    0     0     0     0     0     0     0
3026    0     0     0     0     0     0     0
3030    0     0     0     0     0     0     0
3034    0     0     0     0     0     0     0
3038    0     0     0     0     0     0     0
3042    0     0     0     0     0     0     0
3046    0     0     0     0     0     0     0
3050    0     0     0     0     0     0     0
3054    0     0     0     0     0     0     0
3058    0     0     0     0     0     0     0
3062    0     0     0     0     0     0     0
3066    0     0     0     0     0     0     0
3070    0     0     0     0     0     0     0
3074    0     0     0     0     0     0     0
3078    0     0     0     0     0     0     0
3082    0     0     0     0     0     0     0
3086    0     0     0     0     0     0     0
3090    0     0     0     0     0     0     0
3094    0     0     0     0     0     0     0
3098    0     0     0     0     0     0     0
3102    0     0     0     0     0     0     0
3106    0     0     0     0     0     0     0
3110    0     0     0     0     0     0     0
3114    0     0     0     0     0     0     0
3118    0     0     0     0     0     0     0
3122    0     0     0     0     0     0     0
3126    0     0     0     0     0     0     0
3130    0     0     0     0     0     0     0
3134    0     0     0     0     0     0     0
3138    0     0     0     0     0     0     0
3142    0     0     0     0     0     0     0
3146    0     0     0     0     0     0     0
3150    0     0     0     0     0     0     0
3154    0     0     0     0     0     0     0
3158    0     0     0     0     0     0     0
3162    0     0     0     0     0     0     0
3166    0     0     0     0     0     0     0
3170    0     0     0     0     0     0     0
3174    0     0     0     0     0     0     0
3178    0     0     0     0     0     0     0
3182    0     0     0     0     0     0     0
3186    0     0     0     0     0     0     0
3190    0     0     0     0     0     0     0
3194    0     0     0     0     0     0     0
3198    0     0     0     0     0     0     0
3202    0     0     0     0     0     0     0
3206    0     0     0     0     0     0     0
3210    0     0     0     0     0     0     0
3214    0     0     0     0     0     0     0
3218    0     0     0     0     0     0     0
3222    0     0     0     0     0     0     0
3226    0     0     0     0     0     0     0
3230    0     0     0     0     0     0     0
3234    0     0     0     0     0     0     0
3238    0     0     0     0     0     0     0
3242    0     0     0     0     0     0     0
3246    0     0     0     0     0     0     0
3250    0     0     0     0     0     0     0
3254    0     0     0     0     0     0     0
3258    0     0     0     0     0     0     0
3262    0     0     0     0     0     0     0
3266    0     0     0     0     0     0     0
3270    0     0     0     0     0     0     0
3274    0     0     0     0     0     0     0
3278    0     0     0     0     0     0     0
3282    0     0     0     0     0     0     0
3286    0     0     0     0     0     0     0
3290    0     0     0     0     0     0     0
3294    0     0     0     0     0     0     0
3298    0     0     0     0     0     0     0
3302    0     0     0     0     0     0     0
3306    0     0     0     0     0     0     0
3310    0     0     0     0     0     0     0
3314    0     0     0     0     0     0     0
3318    0     0     0     0     0     0     0
3322    0     0     0     0     0     0     0
3326    0     0     0     0     0     0     0
3330    0     0     0     0     0     0     0
3334    0     0     0     0     0     0     0
3338    0     0     0     0     0     0     0
3342    0     0     0     0     0     0     0
3346    0     0     0     0     0     0     0
3350    0     0     0     0     0     0     0
3354    0     0     0     0     0     0     0
3358    0     0     0     0     0     0     0
3362    0     0     0     0     0     0     0
3366    0     0     0     0     0     0     0
3370    0     0     0     0     0     0     0
3374    0     0     0     0     0     0     0
3378    0     0     0     0     0     0     0
3382    0     0     0     0     0     0     0
3386    0     0     0     0     0     0     0
3390    0     0     0     0     0     0     0
3394    0     0     0     0     0     0     0
3398    0     0     0     0     0     0     0
3402    0     0     0     0     0     0     0
3406    0     0     0     0     0     0     0
3410    0     0     0     0     0     0     0
3414    0     0     0     0     0     0     0
3418    0     0     0     0     0     0     0
3422    0     0     0     0     0     0     0
3426    0     0     0     0     0     0     0
3430    0     0     0     0     0     0     0
3434    0     0     0     0     0     0     0
3438    0     0     0     0     0     0     0
3442    0     0     0     0     0     0     0
3446    0     0     0     0     0     0     0
3450    0     0     0     0     0     0     0
3454    0     0     0     0     0     0     0
3458    0     0     0     0     0     0     0
3462    0     0     0     0     0     0     0
3466    0     0     0     0     0     0     0
3470    0     0     0     0     0     0     0
3474    0     0     0     0     0     0     0
3478    0     0     0     0     0     0     0
3482    0     0     0     0     0     0     0
3486    0     0     0     0     0     0     0
3490    0     0     0     0     0     0     0
3494    0     0     0     0     0     0     0
3498    0     0     0     0     0     0     0
3502    0     0     0     0     0     0     0
3506    0     0     0     0     0     0     0
3510    0     0     0     0     0     0     0
3514    0     0     0     0     0     0     0
3518    0     0     0     0     0     0     0
3522    0     0     0     0     0     0     0
3526    0     0     0     0     0     0     0
3530    0     0     0     0     0     0     0
3534    0     0     0     0     0     0     0
3538    0     0     0     0     0     0     0
3542    0     0     0     0     0     0     0
3546    0     0     0     0     0     0     0
3550    0     0     0     0     0     0     0
3554    0     0     0     0     0     0     0
3558    0     0     0     0     0     0     0
3562    0     0     0     0     0     0     0
3566    0     0     0     0     0     0     0
3570    0     0     0     0     0     0     0
3574    0     0     0     0     0     0     0
3578    0     0     0     0     0     0     0
3582    0     0     0     0     0     0     0
3586    0     0     0     0     0     0     0
3590    0     0     0     0     0     0     0
3594    0     0     0     0     0     0     0
3598    0     0     0     0     0     0     0
3602    0     0     0     0     0     0     0
3606    0     0     0     0     0     0     0
3610    0     0     0     0     0     0     0
3614    0     0     0     0     0     0     0
3618    0     0     0     0     0     0     0
3622    0     0     0     0     0     0     0
3626    0     0     0     0     0     0     0
3630    0     0     0     0     0     0     0
3634    0     0     0     0     0     0     0
3638    0     0     0     0     0     0     0
3642    0     0     0     0     0     0     0
3646    0     0     0     0     0     0     0
3650    0     0     0     0     0     0     0
3654    0     0     0     0     0     0     0
3658    0     0     0     0     0     0     0
3662    0     0     0     0     0     0     0
3666    0     0     0     0     0     0     0
3670    0     0     0     0     0     0     0
3674    0     0     0     0     0     0     0
3678    0     0     0     0     0     0     0
3682    0     0     0     0     0     0     0
3686    0     0     0     0     0     0     0
3690    0     0     0     0     0     0     0
3694    0     0     0     0     0     0     0
3698    0     0     0     0     0     0     0
3702    0     0     0     0     0     0     0
3706    0     0     0     0     0     0     0
3710    0     0     0     0     0     0     0
3714    0     0     0     0     0     0     0
3718    0     0     0     0     0     0     0
3722    0     0     0     0     0     0     0
3726    0     0     0     0     0     0     0
3730    0     0     0     0     0     0     0
3734    0     0     0     0     0     0     0
3738    0     0     0     0     0     0     0
3742    0     0     0     0     0     0     0
3746    0     0     0     0     0     0     0
3750    0     0     0     0     0     0     0
3754    0     0     0     0     0     0     0
3758    0     0     0     0     0     0     0
3762    0     0     0     0     0     0     0
3766    0     0     0     0     0     0     0
3770    0     0     0     0     0     0     0
3774    0     0     0     0     0     0     0
3778    0     0     0     0     0     0     0
3782    0     0     0     0     0     0     0
3786    0     0     0     0     0     0     0
3790    0     0     0     0     0     0     0
3794    0     0     0     0     0     0     0
3798    0     0     0     0     0     0     0
3802    0     0     0     0     0     0     0
3806    0     0     0     0     0     0     0
3810    0     0     0     0     0     0     0
3814    0     0     0     0     0     0     0
3818    0     0     0     0     0     0     0
3822    0     0     0     0     0     0     0
3826    0     0     0     0     0     0     0
3830    0     0     0     0     0     0     0
3834    0     0     0     0     0     0     0
3838    0     0     0     0     0     0     0
3842    0     0     0     0     0     0     0
3846    0     0     0     0     0     0     0
3850    0     0     0     0     0     0     0
3854    0     0     0     0     0     0     0
3858    0     0     0     0     0     0     0
3862    0     0     0     0     0     0     0
3866    0     0     0     0     0     0     0
3870    0     0     0     0     0     0     0
3874    0     0     0     0     0     0     0
3878    0     0     0     0     0     0     0
3882    0     0     0     0     0     0     0
3886    0     0     0     0     0     0     0
3890    0     0     0     0     0     0     0
3894    0     0     0     0     0     0     0
3898    0     0     0     0     0     0     0
3902    0     0     0     0     0     0     0
3906    0     0     0     0     0     0     0
3910    0     0     0     0     0     0     0
3914    0     0     0     0     0     0     0
3918    0     0     0     0     0     0     0
3922    0     0     0     0     0     0     0
3926    0     0     0     0     0     0     0
3930    0     0     0     0     0     0     0
3934    0     0     0     0     0     0     0
3938    0     0     0     0     0     0     0
3942    0     0     0     0     0     0     0
3946    0     0     0     0     0     0     0
3950    0     0     0     0     0     0     0
3954    0     0     0     0     0     0     0
3958    0     0     0     0     0     0     0
3962    0     0     0     0     0     0     0
3966    0     0     0     0     0     0     0
3970    0     0     0     0     0     0     0
3974    0     0     0     0     0     0     0
3978    0     0     0     0     0     0     0
3982    0     0     0     0     0     0     0
3986    0     0     0     0     0     0     0
3990    0     0     0     0     0     0     0
3994    0     0     0     0     0     0     0
3998    0     0     0     0     0     0     0
