2    0     0     0     0     0     0     0
6    2.78621e-05     6.27014e-08     6.26964e-08     6.27016e-08     6.27014e-08     6.27014e-08     6.27014e-08
10    1.39311e-05     1.96685e-08     1.96669e-08     1.96685e-08     1.96685e-08     1.96685e-08     1.96685e-08
14    4.17932e-05     3.9114e-08     3.91109e-08     3.91142e-08     3.9114e-08     3.9114e-08     3.9114e-08
18    5.57242e-05     4.03451e-08     4.03418e-08     4.03452e-08     4.03451e-08     4.03451e-08     4.03451e-08
22    5.57242e-05     3.1383e-08     3.13805e-08     3.13831e-08     3.1383e-08     3.1383e-08     3.1383e-08
26    9.75174e-05     4.53181e-08     4.53145e-08     4.53183e-08     4.53181e-08     4.53181e-08     4.53181e-08
30    0.000167173     6.19349e-08     6.19299e-08     6.19351e-08     6.19349e-08     6.19349e-08     6.19349e-08
34    0.000104483     3.16866e-08     3.16841e-08     3.16867e-08     3.16866e-08     3.16866e-08     3.16866e-08
38    0.000215931     5.79956e-08     5.79909e-08     5.79958e-08     5.79956e-08     5.79956e-08     5.79956e-08
42    0.000313449     7.37083e-08     7.37024e-08     7.37086e-08     7.37083e-08     7.37083e-08     7.37083e-08
46    0.000243794     5.00542e-08     5.00502e-08     5.00544e-08     5.00542e-08     5.00542e-08     5.00542e-08
50    0.000271656     5.05633e-08     5.05592e-08     5.05635e-08     5.05633e-08     5.05633e-08     5.05633e-08
54    0.000348276     5.83024e-08     5.82977e-08     5.83026e-08     5.83024e-08     5.83024e-08     5.83024e-08
58    0.000473656     7.26212e-08     7.26154e-08     7.26215e-08     7.26212e-08     7.26212e-08     7.26212e-08
62    0.000306483     4.3696e-08     4.36925e-08     4.36962e-08     4.3696e-08     4.3696e-08     4.3696e-08
66    0.000480622     6.47344e-08     6.47292e-08     6.47346e-08     6.47344e-08     6.47344e-08     6.47344e-08
70    0.000424897     5.41427e-08     5.41384e-08     5.41429e-08     5.41427e-08     5.41427e-08     5.41427e-08
74    0.000369173     4.52244e-08     4.52208e-08     4.52246e-08     4.52244e-08     4.52244e-08     4.52244e-08
78    0.000578139     6.86269e-08     6.86214e-08     6.86272e-08     6.86269e-08     6.86269e-08     6.86269e-08
82    0.000501518     5.8042e-08     5.80374e-08     5.80422e-08     5.8042e-08     5.8042e-08     5.8042e-08
86    0.000612967     6.99042e-08     6.98986e-08     6.99044e-08     6.99042e-08     6.99042e-08     6.99042e-08
90    0.000703518     7.96057e-08     7.95993e-08     7.96059e-08     7.96057e-08     7.96057e-08     7.96057e-08
94    0.000675656     7.63188e-08     7.63127e-08     7.63191e-08     7.63188e-08     7.63188e-08     7.63188e-08
98    0.000759243     8.61037e-08     8.60967e-08     8.6104e-08     8.61037e-08     8.61037e-08     8.61037e-08
102    0.000752277     8.60127e-08     8.60058e-08     8.6013e-08     8.60127e-08     8.60127e-08     8.60127e-08
106    0.000745312     8.63841e-08     8.63771e-08     8.63844e-08     8.63841e-08     8.63841e-08     8.63841e-08
110    0.00079407     9.41336e-08     9.4126e-08     9.41339e-08     9.41336e-08     9.41336e-08     9.41336e-08
114    0.000801036     9.84521e-08     9.84442e-08     9.84525e-08     9.84521e-08     9.84521e-08     9.84521e-08
118    0.000682622     8.85029e-08     8.84958e-08     8.85032e-08     8.85029e-08     8.85029e-08     8.85029e-08
122    0.000954278     1.33624e-07     1.33613e-07     1.33624e-07     1.33624e-07     1.33624e-07     1.33624e-07
126    0.000898553     1.37617e-07     1.37606e-07     1.37618e-07     1.37617e-07     1.37617e-07     1.37617e-07
130    0.000933381     1.61844e-07     1.61831e-07     1.61844e-07     1.61844e-07     1.61844e-07     1.61844e-07
134    0.000975174     1.97623e-07     1.97608e-07     1.97624e-07     1.97623e-07     1.97623e-07     1.97623e-07
138    0.00098214     2.36058e-07     2.36039e-07     2.36058e-07     2.36058e-07     2.36058e-07     2.36058e-07
142    0.00110055     3.34185e-07     3.34158e-07     3.34186e-07     3.34185e-07     3.34185e-07     3.34185e-07
146    0.00101697     3.97485e-07     3.97453e-07     3.97486e-07     3.97485e-07     3.97485e-07     3.97485e-07
150    0.001212     6.47587e-07     6.47535e-07     6.4759e-07     6.47587e-07     6.47587e-07     6.47587e-07
154    0.00115628     9.30579e-07     9.30505e-07     9.30583e-07     9.30579e-07     9.30579e-07     9.30579e-07
158    0.00126773     1.94386e-06     1.9437e-06     1.94386e-06     1.94386e-06     1.94386e-06     1.94386e-06
162    0.00111448     4.62407e-06     4.62369e-06     4.62408e-06     4.62407e-06     4.62407e-06     4.62407e-06
166    0.00119807     9.22015e-06     9.21941e-06     9.22018e-06     9.22015e-06     9.22015e-06     9.22015e-06
170    0.00138614     1.43577e-05     1.43566e-05     1.43578e-05     1.43577e-05     1.43577e-05     1.43577e-05
174    0.00151849     1.90671e-05     1.90655e-05     1.90671e-05     1.90671e-05     1.90671e-05     1.90671e-05
178    0.00146973     2.17955e-05     2.17938e-05     2.17956e-05     2.17955e-05     2.17955e-05     2.17955e-05
182    0.00151152     2.70253e-05     2.70231e-05     2.70254e-05     2.70253e-05     2.70253e-05     2.70253e-05
186    0.00160904     3.46675e-05     3.46647e-05     3.46676e-05     3.46675e-05     3.46675e-05     3.46675e-05
190    0.00165083     4.15905e-05     4.15871e-05     4.15906e-05     4.15905e-05     4.15905e-05     4.15905e-05
194    0.0016369     4.66733e-05     4.66696e-05     4.66735e-05     4.66733e-05     4.66733e-05     4.66733e-05
198    0.00164386     5.15733e-05     5.15692e-05     5.15735e-05     5.15733e-05     5.15733e-05     5.15733e-05
202    0.00169262     5.79989e-05     5.79942e-05     5.79991e-05     5.79989e-05     5.79989e-05     5.79989e-05
206    0.00186676     6.99656e-05     6.996e-05     6.99658e-05     6.99656e-05     6.99656e-05     6.99656e-05
210    0.00174138     7.06821e-05     7.06764e-05     7.06824e-05     0.000275885     0.000364586     0.00021486
214    0.00173442     7.55309e-05     7.55248e-05     7.55311e-05     0.000527018     0.000722676     0.000392378
218    0.00180407     8.42493e-05     8.42426e-05     8.42496e-05     0.000559961     0.000766796     0.000417716
222    0.0018389     9.16124e-05     9.16051e-05     9.16127e-05     0.000560636     0.000764888     0.000420152
226    0.00206876     0.00010974     0.000109731     0.00010974     0.000591648     0.000801696     0.000447054
230    0.00201304     0.000113695     0.000113686     0.000113695     0.000584521     0.000789802     0.000443161
234    0.00207573     0.00012404     0.00012403     0.00012404     0.000597231     0.000803604     0.000455057
238    0.00230559     0.000145767     0.000145755     0.000145768     0.000601332     0.000800035     0.000464377
242    0.00222897     0.000148624     0.000148612     0.000148624     0.000603106     0.000801519     0.000466275
246    0.00230559     0.00016214     0.000162127     0.000162141     0.000606102     0.000800088     0.000472284
250    0.00250759     0.000185741     0.000185726     0.000185741     0.000641196     0.00084007     0.00050393
254    0.00233345     0.00018217     0.000182155     0.00018217     0.000632906     0.000829148     0.000497212
258    0.002424     0.00019824     0.000198224     0.000198241     0.000634155     0.000823324     0.00050319
262    0.00257725     0.00022086     0.000220843     0.000220861     0.00065898     0.000848692     0.00052748
266    0.00259118     0.00023286     0.000232841     0.000232861     0.000674401     0.000865485     0.000541839
270    0.00261904     0.000246047     0.000246027     0.000246047     0.000671755     0.000856096     0.000543855
274    0.00277228     0.000272228     0.000272206     0.000272229     0.000686875     0.000866697     0.000562057
278    0.00261207     0.000268118     0.000268097     0.000268119     0.000689286     0.000872059     0.000562389
282    0.00284194     0.0003045     0.000304476     0.000304501     0.000724799     0.000907026     0.000598198
286    0.00302304     0.000337477     0.00033745     0.000337478     0.00073783     0.000911047     0.000617368
290    0.00291159     0.000338362     0.000338335     0.000338364     0.000753911     0.000933493     0.000628887
294    0.00312056     0.000377078     0.000377048     0.00037708     0.000746476     0.000906298     0.000635211
298    0.00285587     0.000358768     0.000358739     0.000358769     0.000762844     0.00093802     0.000640911
302    0.00306483     0.000399762     0.00039973     0.000399763     0.000791672     0.000961635     0.000673301
306    0.0032738     0.000443371     0.000443335     0.000443372     0.000835665     0.00100561     0.000717228
310    0.00340614     0.000478559     0.00047852     0.00047856     0.000875608     0.00104734     0.000755811
314    0.00316932     0.000461467     0.00046143     0.000461469     0.000847254     0.00101388     0.000730911
318    0.00360814     0.000544076     0.000544032     0.000544077     0.000940253     0.00111121     0.000820807
322    0.00369173     0.000575584     0.000575538     0.000575586     0.000959822     0.0011255     0.000843959
326    0.00371263     0.000598162     0.000598114     0.000598164     0.00100585     0.00118152     0.00088292
330    0.00366387     0.000609415     0.000609366     0.000609417     0.00100527     0.00117554     0.000886044
334    0.00391463     0.000672122     0.000672068     0.000672125     0.00108232     0.00125812     0.000958985
338    0.00399125     0.000706593     0.000706536     0.000706595     0.00110307     0.00127227     0.00098419
342    0.00394249     0.000719078     0.00071902     0.000719081     0.00115817     0.00134485     0.00102679
346    0.00452063     0.000853447     0.000853378     0.00085345     0.00131675     0.0015143     0.00117776
350    0.00420718     0.000825836     0.00082577     0.000825839     0.00128518     0.00148162     0.00114705
354    0.00478532     0.000983613     0.000983534     0.000983617     0.001471     0.0016803     0.00132396
358    0.00472263     0.00101847     0.00101838     0.00101847     0.00149842     0.00170555     0.00135304
362    0.00435346     0.000981734     0.000981655     0.000981737     0.00149633     0.00171914     0.00134006
366    0.00502911     0.00118464     0.00118455     0.00118464     0.00172095     0.00195373     0.00155774
370    0.00516842     0.00127037     0.00127027     0.00127036     0.00179388     0.00202168     0.00163422
374    0.00524504     0.00134577     0.00134568     0.00134575     0.00197993     0.00225668     0.00178602
378    0.00510573     0.00136551     0.00136543     0.0013655     0.00197687     0.00224453     0.00178945
382    0.00569084     0.0015848     0.0015847     0.00158477     0.00219957     0.00246951     0.00201064
386    0.00589284     0.00170479     0.00170469     0.00170477     0.00234982     0.00263381     0.00215116
390    0.00606001     0.00181795     0.00181784     0.00181792     0.00244426     0.00272066     0.00225098
394    0.00645705     0.00200379     0.00200367     0.00200375     0.00271261     0.00302602     0.00249348
398    0.00651277     0.002091     0.00209088     0.00209095     0.00276116     0.00305817     0.00255359
402    0.00699339     0.0023202     0.00232007     0.00232014     0.00304002     0.00335977     0.00281665
406    0.00663815     0.00227458     0.00227446     0.00227452     0.00298826     0.003306     0.00276633
410    0.00774567     0.00273942     0.00273928     0.00273934     0.00351861     0.00386622     0.00327587
414    0.00739739     0.00269485     0.00269472     0.00269477     0.00351456     0.00388084     0.00325885
418    0.00778746     0.00292023     0.0029201     0.00292014     0.00381138     0.00421017     0.00353298
422    0.00824719     0.00318043     0.0031803     0.00318032     0.00407433     0.00447526     0.00379452
426    0.00817057     0.00323692     0.00323679     0.0032368     0.00422137     0.00466407     0.0039126
430    0.00892284     0.00362843     0.0036283     0.00362828     0.00462373     0.00507224     0.00431101
434    0.00929898     0.00388223     0.00388211     0.00388205     0.0048684     0.00531315     0.00455822
438    0.00979353     0.00419455     0.00419443     0.00419433     0.00526912     0.00575426     0.00493074
442    0.0106015     0.00465567     0.00465556     0.00465541     0.00585787     0.00640205     0.00547851
446    0.0100304     0.00451293     0.00451285     0.00451266     0.00566095     0.00618265     0.00529758
450    0.0113399     0.00522242     0.00522235     0.00522208     0.00645461     0.00701666     0.0060635
454    0.0115767     0.00545419     0.00545415     0.0054538     0.00679192     0.00740334     0.00636656
458    0.0123917     0.00596978     0.00596979     0.00596931     0.00735917     0.00799454     0.00691709
462    0.013144     0.00647594     0.00647599     0.00647538     0.00793358     0.00859947     0.00746986
466    0.013541     0.00682003     0.00682014     0.00681938     0.008416     0.00914376     0.00790864
470    0.0149202     0.00768087     0.00768107     0.00768006     0.00943255     0.0102304     0.00887601
474    0.0162158     0.00852796     0.00852828     0.00852697     0.0104119     0.01127     0.00981311
478    0.0158535     0.00851567     0.0085161     0.00851456     0.010368     0.0112127     0.00977846
482    0.0177621     0.00974671     0.00974736     0.0097453     0.0119999     0.0130297     0.0112813
486    0.0187582     0.0105169     0.0105177     0.0105152     0.0128627     0.0139382     0.0121128
490    0.0190716     0.010926     0.0109272     0.0109241     0.0132834     0.0143664     0.0125283
494    0.0211334     0.0123689     0.0123705     0.0123664     0.0149964     0.0162046     0.014154
498    0.0223315     0.0133561     0.0133581     0.0133531     0.0162237     0.0175425     0.0153037
502    0.0241007     0.0147384     0.0147411     0.0147347     0.0177629     0.019155     0.0167914
506    0.0259954     0.0162651     0.0162685     0.0162604     0.0195274     0.0210317     0.0184776
510    0.0277228     0.0177698     0.0177743     0.0177641     0.0212964     0.0229273     0.0201586
514    0.0301677     0.0198302     0.0198361     0.019823     0.0235608     0.0252922     0.0223533
518    0.031317     0.021132     0.0211393     0.0211232     0.0250486     0.026873     0.0237771
522    0.0333579     0.0231416     0.0231511     0.0231306     0.027303     0.0292474     0.0259479
526    0.0342634     0.0244726     0.0244845     0.0244595     0.0285568     0.0304699     0.0272232
530    0.038401     0.0283057     0.0283217     0.0282884     0.0328436     0.0349719     0.0313586
534    0.0407692     0.0310778     0.0310981     0.0310563     0.035787     0.0379977     0.0342428
538    0.0434579     0.0343427     0.0343686     0.0343159     0.039121     0.0413672     0.0375497
542    0.0450321     0.0370114     0.0370433     0.0369791     0.0417634     0.0440024     0.0401951
546    0.0475746     0.0407939     0.0408338     0.0407543     0.0456345     0.0479235     0.0440297
550    0.0502354     0.0451143     0.045164     0.0450658     0.0498425     0.052091     0.0482641
554    0.0513638     0.0483953     0.0484544     0.0483385     0.0528501     0.0549827     0.0513507
558    0.0524783     0.052001     0.0520706     0.0519351     0.0560976     0.0580768     0.0547037
562    0.0536346     0.0558303     0.0559112     0.0557549     0.0595099     0.0613099     0.05824
566    0.0536137     0.0585884     0.0586791     0.0585049     0.0616567     0.0631849     0.0605754
570    0.0531331     0.0608808     0.0609784     0.0607917     0.0632384     0.0644435     0.0623814
574    0.0517191     0.0620616     0.0621622     0.0619704     0.0636369     0.0644797     0.0630323
578    0.0512384     0.0641417     0.0640435     0.0642494     0.0648917     0.0645543     0.0653502
582    0.0483895     0.0628078     0.0627151     0.0629094     0.0627249     0.0625472     0.0629045
586    0.0459655     0.0614873     0.0614015     0.0615808     0.0606159     0.0601268     0.0609936
590    0.0421554     0.0578596     0.0577847     0.0579404     0.0563065     0.0555078     0.0568945
594    0.0397453     0.0558028     0.0557371     0.0558728     0.0536125     0.0525225     0.0543986
598    0.0374467     0.0535307     0.0534743     0.0535897     0.050768     0.0494166     0.0517315
602    0.0342704     0.0495692     0.0495231     0.0496164     0.0464303     0.0449091     0.0475068
606    0.0318743     0.0464004     0.0463628     0.046438     0.0429723     0.0413193     0.0441358
610    0.0290602     0.0424839     0.0424545     0.0425123     0.0388626     0.0371239     0.040082
614    0.0275765     0.0404892     0.0404651     0.0405118     0.0366226     0.0347717     0.0379178
618    0.0255217     0.0376336     0.0376143     0.037651     0.0336812     0.0317935     0.0350001
622    0.0226171     0.033466     0.0334514     0.0334788     0.0296208     0.0277872     0.0309005
626    0.0207294     0.0307431     0.0307315     0.0307527     0.0269055     0.0250768     0.0281807
630    0.0188348     0.0279746     0.0279654     0.0279818     0.0241665     0.0223522     0.0254307
634    0.0175392     0.0260807     0.0260733     0.0260862     0.0223461     0.0205664     0.0235855
638    0.0158884     0.0236655     0.0236597     0.0236696     0.0200955     0.0183934     0.0212804
642    0.0156098     0.0233213     0.0233162     0.0233246     0.019645     0.0178901     0.0208659
646    0.0137987     0.0207049     0.0207009     0.0207073     0.0172818     0.0156457     0.0184194
650    0.0131022     0.019756     0.0197526     0.0197579     0.0163616     0.014738     0.0174904
654    0.0118066     0.017886     0.0178832     0.0178874     0.0146655     0.0131253     0.0157365
658    0.0111239     0.0169316     0.0169292     0.0169327     0.0137583     0.0122405     0.0148137
662    0.010107     0.0154556     0.0154536     0.0154564     0.0124217     0.0109691     0.0134314
666    0.0093965     0.01444     0.0144382     0.0144406     0.0115621     0.010182     0.0125212
670    0.00888105     0.0137183     0.0137167     0.0137188     0.0109146     0.00956753     0.0118503
674    0.0083447     0.0129575     0.012956     0.0129579     0.0102373     0.00892885     0.0111458
678    0.00747401     0.0116668     0.0116656     0.0116671     0.00914839     0.00793641     0.00999009
682    0.00706305     0.0110818     0.0110807     0.011082     0.0085997     0.00740475     0.00942963
686    0.00687498     0.0108434     0.0108424     0.0108436     0.00839893     0.00722129     0.00921679
690    0.00636649     0.0101008     0.0100999     0.010101     0.00776682     0.00664118     0.0085486
694    0.00587891     0.00939466     0.00939381     0.00939478     0.0071585     0.0060778     0.00790862
698    0.0056978     0.00917784     0.00917704     0.00917794     0.0069304     0.00584194     0.00768552
702    0.00479925     0.00778812     0.00778745     0.00778818     0.00584502     0.0049024     0.00649877
706    0.00490373     0.00801538     0.0080147     0.00801543     0.00604401     0.00508671     0.00670783
710    0.00436739     0.0071963     0.0071957     0.00719634     0.00538289     0.00450163     0.00599391
714    0.00438828     0.00729831     0.0072977     0.00729834     0.00536338     0.00442228     0.00601586
718    0.0041027     0.00688797     0.00688741     0.006888     0.00499392     0.00407154     0.00563323
722    0.00402608     0.00681488     0.00681433     0.00681491     0.00494786     0.00403709     0.00557894
726    0.00337132     0.00574682     0.00574636     0.00574685     0.00416907     0.00339767     0.00470327
730    0.00339918     0.00583569     0.00583522     0.00583572     0.00425714     0.00348383     0.00479242
734    0.00321807     0.00556762     0.00556716     0.00556764     0.00400016     0.00323147     0.0045322
738    0.00319021     0.00556881     0.00556835     0.00556883     0.00395867     0.00316822     0.00450566
742    0.0030718     0.00541617     0.00541573     0.0054162     0.00387976     0.00312433     0.00440235
746    0.00289069     0.00514893     0.00514851     0.00514896     0.00362051     0.00286762     0.00414118
750    0.00292552     0.00526244     0.005262     0.00526247     0.00373519     0.00298147     0.0042562
754    0.00253545     0.00459803     0.00459765     0.00459806     0.00322797     0.0025511     0.00369579
758    0.00258421     0.0047226     0.00472221     0.00472263     0.00331472     0.0026185     0.00379585
762    0.00235435     0.00433925     0.00433889     0.00433927     0.00302305     0.00237133     0.00347334
766    0.00217325     0.00404015     0.00403982     0.00404018     0.0028328     0.00223399     0.00324642
770    0.00211056     0.00396501     0.00396468     0.00396503     0.00268687     0.00205161     0.00312534
774    0.00196428     0.0037262     0.00372589     0.00372622     0.00251227     0.00190808     0.00292923
778    0.00190159     0.00364653     0.00364623     0.00364656     0.00247202     0.00188647     0.002876
782    0.00185283     0.00358569     0.00358539     0.00358571     0.00242044     0.00183826     0.00282183
786    0.0018389     0.00358766     0.00358736     0.00358768     0.00245423     0.00188671     0.00284532
790    0.00170655     0.0033575     0.00335722     0.00335752     0.00227381     0.00173003     0.00264832
794    0.00149759     0.00297328     0.00297304     0.0029733     0.00192591     0.00139948     0.00228832
798    0.00146276     0.00293141     0.00293116     0.00293143     0.001914     0.00140203     0.00226639
802    0.0016369     0.00331419     0.00331391     0.00331421     0.00227425     0.00175017     0.00263488
806    0.00151152     0.00309186     0.0030916     0.00309188     0.00199095     0.0014351     0.00237325
810    0.00128166     0.00264974     0.00264952     0.00264975     0.00171571     0.00124298     0.00204057
814    0.00131648     0.0027482     0.00274798     0.00274821     0.001803     0.00132355     0.00213233
818    0.00136524     0.00287771     0.00287748     0.00287772     0.00184203     0.00131578     0.00220333
822    0.00121897     0.00259395     0.00259374     0.00259396     0.00165874     0.00118351     0.00198507
826    0.00126773     0.002723     0.00272278     0.00272301     0.00182439     0.00136802     0.00213795
830    0.00118414     0.00256644     0.00256623     0.00256645     0.00167115     0.00121565     0.00198398
834    0.00107966     0.00236393     0.00236374     0.00236394     0.00148003     0.00102775     0.00179003
838    0.000975174     0.00215768     0.00215751     0.00215769     0.00135577     0.000942997     0.00163815
842    0.000898553     0.0020068     0.00200664     0.0020068     0.00130552     0.000943775     0.0015528
846    0.00105876     0.00238683     0.00238664     0.00238684     0.00154762     0.00111538     0.00184336
850    0.000891588     0.00202894     0.00202878     0.00202895     0.00122547     0.000812081     0.00150849
854    0.000821932     0.00188972     0.00188956     0.00188972     0.00119421     0.000835497     0.0014396
858    0.000766208     0.00178053     0.00178039     0.00178054     0.00106012     0.000686876     0.00131508
862    0.000842829     0.00197868     0.00197852     0.00197868     0.00124393     0.000861801     0.00150466
866    0.000814967     0.00193087     0.00193072     0.00193088     0.00123119     0.000866302     0.00147996
870    0.000849795     0.0020324     0.00203223     0.0020324     0.0012822     0.00089005     0.00154938
874    0.000849795     0.00205132     0.00205115     0.00205133     0.00123065     0.000800502     0.00152347
878    0.000745312     0.00181676     0.00181661     0.00181677     0.00108472     0.000700192     0.00134631
882    0.00065476     0.00161059     0.00161046     0.0016106     0.000992969     0.000668195     0.00121386
886    0.00071745     0.00178163     0.00178149     0.00178164     0.00107113     0.000697322     0.00132539
890    0.000619932     0.00155541     0.00155528     0.00155541     0.000930791     0.000601304     0.00115471
894    0.000647794     0.00164084     0.00164071     0.00164084     0.000948088     0.000580803     0.00119727
898    0.000606001     0.00155114     0.00155101     0.00155114     0.000953943     0.000635579     0.00116953
902    0.000508484     0.0013142     0.0013141     0.00131421     0.000818089     0.000552914     0.000997515
906    0.000543311     0.00141796     0.00141784     0.00141796     0.000851538     0.000548838     0.00105641
910    0.000445794     0.00117513     0.00117504     0.00117514     0.000670241     0.000400409     0.00085291
914    0.000578139     0.0015399     0.00153978     0.00153991     0.000933881     0.000609161     0.00115352
918    0.000494553     0.0013308     0.0013307     0.00133081     0.000794832     0.000506504     0.000989604
922    0.000501518     0.00136289     0.00136278     0.0013629     0.000781322     0.000467262     0.000993207
926    0.000501518     0.00137571     0.00137559     0.00137571     0.00077765     0.0004538     0.000995933
930    0.000473656     0.00131293     0.00131282     0.00131293     0.000787467     0.000502221     0.000979606
934    0.000494553     0.00138359     0.00138348     0.00138359     0.000806083     0.000491793     0.0010176
938    0.000459725     0.00129881     0.0012987     0.00129881     0.000784872     0.000504642     0.000973385
942    0.000494553     0.00141152     0.00141141     0.00141153     0.000808187     0.000478689     0.00102974
946    0.000410966     0.00118372     0.00118363     0.00118373     0.000642781     0.000347017     0.000841596
950    0.00032738     0.000951708     0.000951631     0.000951711     0.000561463     0.000347645     0.000705108
954    0.000473656     0.00139141     0.0013913     0.00139142     0.000810366     0.000490746     0.00102481
958    0.000320414     0.000949363     0.000949286     0.000949366     0.000543677     0.000319607     0.000693799
962    0.00032738     0.000981251     0.000981172     0.000981255     0.000562703     0.000330419     0.000718049
966    0.00052938     0.00160185     0.00160172     0.00160185     0.000921226     0.000542169     0.00117445
970    0.000320414     0.000979515     0.000979436     0.000979518     0.000523868     0.000269272     0.000693759
974    0.000299518     0.000924883     0.000924809     0.000924886     0.000557879     0.00035215     0.000695006
978    0.000313449     0.000976728     0.00097665     0.000976732     0.000576596     0.000351728     0.00072637
982    0.00032738     0.00103017     0.00103009     0.00103017     0.000608126     0.000370286     0.000766372
986    0.000369173     0.00117324     0.00117315     0.00117324     0.00068196     0.000404438     0.000866476
990    0.000348276     0.00111718     0.00111709     0.00111719     0.000644378     0.000376749     0.000822191
994    0.000243794     0.000790033     0.000789969     0.000790035     0.000444636     0.000248747     0.000574726
998    0.000320414     0.00104931     0.00104923     0.00104932     0.000586902     0.000324366     0.000761224
1002    0.000278621     0.000921757     0.000921683     0.00092176     0.000921757     0.000921757     0.000921757
1006    0.000320414     0.00107029     0.0010702     0.00107029     0.00107029     0.00107029     0.00107029
1010    0.000229862     0.000776364     0.000776301     0.000776366     0.000776364     0.000776364     0.000776364
1014    0.000250759     0.00085498     0.000854911     0.000854983     0.00085498     0.00085498     0.00085498
1018    0.000181104     0.000623891     0.000623841     0.000623894     0.000623891     0.000623891     0.000623891
1022    0.000229862     0.000800397     0.000800333     0.0008004     0.000800397     0.000800397     0.000800397
1026    0.000215931     0.000759175     0.000759114     0.000759178     0.000759175     0.000759175     0.000759175
1030    0.000229862     0.000816647     0.000816581     0.00081665     0.000816647     0.000816647     0.000816647
1034    0.000250759     0.000899454     0.000899382     0.000899457     0.000899454     0.000899454     0.000899454
1038    0.000236828     0.000859218     0.000859149     0.000859221     0.000859218     0.000859218     0.000859218
1042    0.000188069     0.000689034     0.000688979     0.000689036     0.000689034     0.000689034     0.000689034
1046    0.000215931     0.00079898     0.000798916     0.000798983     0.00079898     0.00079898     0.00079898
1050    0.000222897     0.000833765     0.000833698     0.000833768     0.000833765     0.000833765     0.000833765
1054    0.000153242     0.000578791     0.000578744     0.000578793     0.000578791     0.000578791     0.000578791
1058    0.000188069     0.000717461     0.000717403     0.000717464     0.000717461     0.000717461     0.000717461
1062    0.000202     0.000779058     0.000778995     0.000779061     0.000779058     0.000779058     0.000779058
1066    0.000160207     0.0006243     0.000624249     0.000624302     0.0006243     0.0006243     0.0006243
1070    0.000160207     0.000630208     0.000630157     0.00063021     0.000630208     0.000630208     0.000630208
1074    0.000195035     0.000775533     0.000775471     0.000775536     0.000775533     0.000775533     0.000775533
1078    0.000188069     0.000755818     0.000755757     0.000755821     0.000755818     0.000755818     0.000755818
1082    0.000188069     0.000763844     0.000763783     0.000763847     0.000763844     0.000763844     0.000763844
1086    0.000111448     0.000457546     0.00045751     0.000457548     0.000457546     0.000457546     0.000457546
1090    0.000195035     0.000808137     0.000808072     0.00080814     0.000808137     0.000808137     0.000808137
1094    0.000153242     0.000641406     0.000641354     0.000641408     0.000641406     0.000641406     0.000641406
1098    0.000118414     0.000501089     0.000501048     0.00050109     0.000501089     0.000501089     0.000501089
1102    9.05519e-05     0.000386235     0.000386204     0.000386236     0.000386235     0.000386235     0.000386235
1106    0.000118414     0.000511138     0.000511096     0.000511139     0.000511138     0.000511138     0.000511138
1110    0.000111448     0.000485799     0.00048576     0.000485801     0.000485799     0.000485799     0.000485799
1114    0.000146276     0.000644491     0.000644439     0.000644493     0.000644491     0.000644491     0.000644491
1118    0.000132345     0.000589021     0.000588973     0.000589023     0.000589021     0.000589021     0.000589021
1122    9.75174e-05     0.000438531     0.000438496     0.000438532     0.000438531     0.000438531     0.000438531
1126    0.000111448     0.000506214     0.000506173     0.000506216     0.000506214     0.000506214     0.000506214
1130    0.000111448     0.000511084     0.000511043     0.000511086     0.000511084     0.000511084     0.000511084
1134    6.96553e-05     0.00032222     0.000322195     0.000322222     0.00032222     0.00032222     0.00032222
1138    7.66208e-05     0.00035827     0.000358242     0.000358272     0.00035827     0.00035827     0.00035827
1142    0.000104483     0.000493685     0.000493645     0.000493687     0.000493685     0.000493685     0.000493685
1146    0.000146276     0.000696919     0.000696863     0.000696922     0.000696919     0.000696919     0.000696919
1150    9.75174e-05     0.00046938     0.000469342     0.000469382     0.00046938     0.00046938     0.00046938
1154    0.00012538     0.000610018     0.000609969     0.00061002     0.000610018     0.000610018     0.000610018
1158    0.000104483     0.0005132     0.000513158     0.000513201     0.0005132     0.0005132     0.0005132
1162    9.05519e-05     0.000449086     0.00044905     0.000449087     0.000449086     0.000449086     0.000449086
1166    0.000104483     0.000522603     0.000522561     0.000522605     0.000522603     0.000522603     0.000522603
1170    0.000111448     0.000563513     0.000563468     0.000563515     0.000563513     0.000563513     0.000563513
1174    8.35863e-05     0.000426416     0.000426382     0.000426418     0.000426416     0.000426416     0.000426416
1178    0.000118414     0.000609577     0.000609528     0.000609579     0.000609577     0.000609577     0.000609577
1182    7.66208e-05     0.000398407     0.000398375     0.000398408     0.000398407     0.000398407     0.000398407
1186    6.96553e-05     0.00036611     0.00036608     0.000366111     0.00036611     0.00036611     0.00036611
1190    8.35863e-05     0.000443284     0.000443248     0.000443285     0.000443284     0.000443284     0.000443284
1194    7.66208e-05     0.000409296     0.000409264     0.000409298     0.000409296     0.000409296     0.000409296
1198    7.66208e-05     0.000413749     0.000413716     0.000413751     0.000413749     0.000413749     0.000413749
1202    5.57242e-05     0.000303662     0.000303638     0.000303664     0.000303662     0.000303662     0.000303662
1206    6.26898e-05     0.000344937     0.000344909     0.000344938     0.000344937     0.000344937     0.000344937
1210    7.66208e-05     0.000426271     0.000426236     0.000426272     0.000426271     0.000426271     0.000426271
1214    6.26898e-05     0.000351378     0.000351349     0.000351379     0.000351378     0.000351378     0.000351378
1218    9.75174e-05     0.000551845     0.000551801     0.000551847     0.000551845     0.000551845     0.000551845
1222    7.66208e-05     0.000438147     0.000438111     0.000438148     0.000438147     0.000438147     0.000438147
1226    7.66208e-05     0.00044139     0.000441354     0.000441391     0.00044139     0.00044139     0.00044139
1230    4.87587e-05     0.000283306     0.000283284     0.000283307     0.000283306     0.000283306     0.000283306
1234    7.66208e-05     0.00044902     0.000448983     0.000449021     0.00044902     0.00044902     0.00044902
1238    6.26898e-05     0.000371298     0.000371269     0.0003713     0.000371298     0.000371298     0.000371298
1242    5.57242e-05     0.000332984     0.000332957     0.000332985     0.000332984     0.000332984     0.000332984
1246    5.57242e-05     0.000335542     0.000335515     0.000335543     0.000335542     0.000335542     0.000335542
1250    6.96553e-05     0.000423233     0.000423199     0.000423235     0.000423233     0.000423233     0.000423233
1254    5.57242e-05     0.000341543     0.000341516     0.000341545     0.000341543     0.000341543     0.000341543
1258    6.96553e-05     0.000431109     0.000431074     0.000431111     0.000431109     0.000431109     0.000431109
1262    6.26898e-05     0.000390915     0.000390883     0.000390916     0.000390915     0.000390915     0.000390915
1266    6.96553e-05     0.000438296     0.000438261     0.000438297     0.000438296     0.000438296     0.000438296
1270    1.39311e-05     8.8418e-05     8.84109e-05     8.84183e-05     8.8418e-05     8.8418e-05     8.8418e-05
1274    9.05519e-05     0.000580339     0.000580293     0.000580341     0.000580339     0.000580339     0.000580339
1278    4.17932e-05     0.000269976     0.000269954     0.000269976     0.000269976     0.000269976     0.000269976
1282    6.96553e-05     0.000453658     0.000453622     0.00045366     0.000453658     0.000453658     0.000453658
1286    6.96553e-05     0.000457677     0.000457641     0.000457679     0.000457677     0.000457677     0.000457677
1290    4.17932e-05     0.0002769     0.000276878     0.000276901     0.0002769     0.0002769     0.0002769
1294    4.87587e-05     0.000325734     0.000325708     0.000325735     0.000325734     0.000325734     0.000325734
1298    4.87587e-05     0.000328707     0.000328681     0.000328708     0.000328707     0.000328707     0.000328707
1302    5.57242e-05     0.000378348     0.000378318     0.000378349     0.000378348     0.000378348     0.000378348
1306    2.78621e-05     0.000190867     0.000190851     0.000190867     0.000190867     0.000190867     0.000190867
1310    4.87587e-05     0.000337059     0.000337032     0.00033706     0.000337059     0.000337059     0.000337059
1314    4.17932e-05     0.000290892     0.000290869     0.000290893     0.000290892     0.000290892     0.000290892
1318    4.17932e-05     0.000293732     0.000293708     0.000293733     0.000293732     0.000293732     0.000293732
1322    4.87587e-05     0.000345511     0.000345483     0.000345512     0.000345511     0.000345511     0.000345511
1326    4.17932e-05     0.000298436     0.000298412     0.000298437     0.000298436     0.000298436     0.000298436
1330    3.48276e-05     0.000250449     0.000250429     0.00025045     0.000250449     0.000250449     0.000250449
1334    4.87587e-05     0.000354381     0.000354352     0.000354382     0.000354381     0.000354381     0.000354381
1338    3.48276e-05     0.000254227     0.000254207     0.000254228     0.000254227     0.000254227     0.000254227
1342    2.78621e-05     0.000205066     0.00020505     0.000205067     0.000205066     0.000205066     0.000205066
1346    4.87587e-05     0.000361959     0.00036193     0.00036196     0.000361959     0.000361959     0.000361959
1350    3.48276e-05     0.000260855     0.000260834     0.000260856     0.000260855     0.000260855     0.000260855
1354    2.78621e-05     0.000210438     0.000210421     0.000210439     0.000210438     0.000210438     0.000210438
1358    3.48276e-05     0.000264627     0.000264605     0.000264627     0.000264627     0.000264627     0.000264627
1362    4.17932e-05     0.000320309     0.000320283     0.00032031     0.000320309     0.000320309     0.000320309
1366    2.08966e-05     0.00016106     0.000161047     0.00016106     0.00016106     0.00016106     0.00016106
1370    2.08966e-05     0.000162827     0.000162814     0.000162827     0.000162827     0.000162827     0.000162827
1374    3.48276e-05     0.000273126     0.000273104     0.000273127     0.000273126     0.000273126     0.000273126
1378    2.08966e-05     0.000165196     0.000165183     0.000165197     0.000165196     0.000165196     0.000165196
1382    2.78621e-05     0.000221724     0.000221706     0.000221724     0.000221724     0.000221724     0.000221724
1386    5.57242e-05     0.00044676     0.000446724     0.000446761     0.00044676     0.00044676     0.00044676
1390    2.78621e-05     0.00022515     0.000225132     0.000225151     0.00022515     0.00022515     0.00022515
1394    2.08966e-05     0.000170236     0.000170222     0.000170236     0.000170236     0.000170236     0.000170236
1398    4.17932e-05     0.000342797     0.00034277     0.000342799     0.000342797     0.000342797     0.000342797
1402    2.08966e-05     0.000172669     0.000172655     0.000172669     0.000172669     0.000172669     0.000172669
1406    2.78621e-05     0.000232197     0.000232178     0.000232198     0.000232197     0.000232197     0.000232197
1410    2.08966e-05     0.000174958     0.000174944     0.000174959     0.000174958     0.000174958     0.000174958
1414    2.08966e-05     0.000176445     0.00017643     0.000176445     0.000176445     0.000176445     0.000176445
1418    2.08966e-05     0.00017789     0.000177875     0.00017789     0.00017789     0.00017789     0.00017789
1422    4.87587e-05     0.000417995     0.000417961     0.000417996     0.000417995     0.000417995     0.000417995
1426    2.78621e-05     0.000240483     0.000240464     0.000240484     0.000240483     0.000240483     0.000240483
1430    3.48276e-05     0.00030309     0.000303066     0.000303091     0.00030309     0.00030309     0.00030309
1434    2.08966e-05     0.000182882     0.000182867     0.000182883     0.000182882     0.000182882     0.000182882
1438    1.39311e-05     0.000122666     0.000122656     0.000122667     0.000122666     0.000122666     0.000122666
1442    1.39311e-05     0.000123655     0.000123645     0.000123655     0.000123655     0.000123655     0.000123655
1446    2.78621e-05     0.000248989     0.000248969     0.00024899     0.000248989     0.000248989     0.000248989
1450    1.39311e-05     0.000125484     0.000125474     0.000125485     0.000125484     0.000125484     0.000125484
1454    2.08966e-05     0.000189341     0.000189326     0.000189342     0.000189341     0.000189341     0.000189341
1458    1.39311e-05     0.000127402     0.000127391     0.000127402     0.000127402     0.000127402     0.000127402
1462    3.48276e-05     0.000320406     0.00032038     0.000320407     0.000320406     0.000320406     0.000320406
1466    1.39311e-05     0.000129076     0.000129066     0.000129077     0.000129076     0.000129076     0.000129076
1470    1.39311e-05     0.000130051     0.000130041     0.000130052     0.000130051     0.000130051     0.000130051
1474    2.78621e-05     0.000261283     0.000261262     0.000261284     0.000261283     0.000261283     0.000261283
1478    4.87587e-05     0.000461214     0.000461177     0.000461216     0.000461214     0.000461214     0.000461214
1482    6.96553e-06     6.64536e-05     6.64482e-05     6.64538e-05     6.64536e-05     6.64536e-05     6.64536e-05
1486    6.96553e-06     6.68188e-05     6.68135e-05     6.68191e-05     6.68188e-05     6.68188e-05     6.68188e-05
1490    1.39311e-05     0.000134436     0.000134426     0.000134437     0.000134436     0.000134436     0.000134436
1494    3.48276e-05     0.000338033     0.000338006     0.000338034     0.000338033     0.000338033     0.000338033
1498    2.08966e-05     0.000203885     0.000203868     0.000203885     0.000203885     0.000203885     0.000203885
1502    2.08966e-05     0.000205687     0.00020567     0.000205687     0.000205687     0.000205687     0.000205687
1506    1.39311e-05     0.000137781     0.00013777     0.000137781     0.000137781     0.000137781     0.000137781
1510    2.08966e-05     0.000208636     0.00020862     0.000208637     0.000208636     0.000208636     0.000208636
1514    2.08966e-05     0.000209412     0.000209395     0.000209413     0.000209412     0.000209412     0.000209412
1518    3.48276e-05     0.00035171     0.000351682     0.000351711     0.00035171     0.00035171     0.00035171
1522    2.08966e-05     0.000212467     0.00021245     0.000212467     0.000212467     0.000212467     0.000212467
1526    3.48276e-05     0.000356328     0.0003563     0.00035633     0.000356328     0.000356328     0.000356328
1530    6.96553e-06     7.16981e-05     7.16923e-05     7.16983e-05     7.16981e-05     7.16981e-05     7.16981e-05
1534    1.39311e-05     0.00014431     0.000144299     0.000144311     0.00014431     0.00014431     0.00014431
1538    1.39311e-05     0.000145068     0.000145056     0.000145068     0.000145068     0.000145068     0.000145068
1542    1.39311e-05     0.000146064     0.000146053     0.000146065     0.000146064     0.000146064     0.000146064
1546    1.39311e-05     0.000146694     0.000146683     0.000146695     0.000146694     0.000146694     0.000146694
1550    0     0     0     0     0     0     0
1554    1.39311e-05     0.0001489     0.000148888     0.0001489     0.0001489     0.0001489     0.0001489
1558    1.39311e-05     0.000150022     0.00015001     0.000150023     0.000150022     0.000150022     0.000150022
1562    1.39311e-05     0.000150714     0.000150702     0.000150714     0.000150714     0.000150714     0.000150714
1566    2.08966e-05     0.000227451     0.000227433     0.000227452     0.000227451     0.000227451     0.000227451
1570    6.96553e-06     7.61646e-05     7.61585e-05     7.61649e-05     7.61646e-05     7.61646e-05     7.61646e-05
1574    6.96553e-06     7.66334e-05     7.66272e-05     7.66336e-05     7.66334e-05     7.66334e-05     7.66334e-05
1578    1.39311e-05     0.000154202     0.00015419     0.000154203     0.000154202     0.000154202     0.000154202
1582    1.39311e-05     0.000155211     0.000155198     0.000155211     0.000155211     0.000155211     0.000155211
1586    1.39311e-05     0.000156506     0.000156493     0.000156506     0.000156506     0.000156506     0.000156506
1590    0     0     0     0     0     0     0
1594    1.39311e-05     0.0001583     0.000158287     0.0001583     0.0001583     0.0001583     0.0001583
1598    6.96553e-06     7.97603e-05     7.97539e-05     7.97606e-05     7.97603e-05     7.97603e-05     7.97603e-05
1602    1.39311e-05     0.000159959     0.000159946     0.000159959     0.000159959     0.000159959     0.000159959
1606    1.39311e-05     0.000161163     0.00016115     0.000161163     0.000161163     0.000161163     0.000161163
1610    0     0     0     0     0     0     0
1614    1.39311e-05     0.000162909     0.000162896     0.000162909     0.000162909     0.000162909     0.000162909
1618    1.39311e-05     0.000164162     0.000164149     0.000164163     0.000164162     0.000164162     0.000164162
1622    6.96553e-06     8.22862e-05     8.22796e-05     8.22865e-05     8.22862e-05     8.22862e-05     8.22862e-05
1626    6.96553e-06     8.27389e-05     8.27322e-05     8.27392e-05     8.27389e-05     8.27389e-05     8.27389e-05
1630    2.78621e-05     0.000332902     0.000332875     0.000332903     0.000332902     0.000332902     0.000332902
1634    0     0     0     0     0     0     0
1638    0     0     0     0     0     0     0
1642    2.08966e-05     0.000254549     0.000254528     0.00025455     0.000254549     0.000254549     0.000254549
1646    0     0     0     0     0     0     0
1650    0     0     0     0     0     0     0
1654    0     0     0     0     0     0     0
1658    0     0     0     0     0     0     0
1662    0     0     0     0     0     0     0
1666    0     0     0     0     0     0     0
1670    0     0     0     0     0     0     0
1674    0     0     0     0     0     0     0
1678    0     0     0     0     0     0     0
1682    0     0     0     0     0     0     0
1686    0     0     0     0     0     0     0
1690    0     0     0     0     0     0     0
1694    0     0     0     0     0     0     0
1698    0     0     0     0     0     0     0
1702    0     0     0     0     0     0     0
1706    0     0     0     0     0     0     0
1710    0     0     0     0     0     0     0
1714    0     0     0     0     0     0     0
1718    0     0     0     0     0     0     0
1722    0     0     0     0     0     0     0
1726    0     0     0     0     0     0     0
1730    0     0     0     0     0     0     0
1734    0     0     0     0     0     0     0
1738    0     0     0     0     0     0     0
1742    0     0     0     0     0     0     0
1746    0     0     0     0     0     0     0
1750    0     0     0     0     0     0     0
1754    0     0     0     0     0     0     0
1758    0     0     0     0     0     0     0
1762    0     0     0     0     0     0     0
1766    0     0     0     0     0     0     0
1770    0     0     0     0     0     0     0
1774    0     0     0     0     0     0     0
1778    0     0     0     0     0     0     0
1782    0     0     0     0     0     0     0
1786    0     0     0     0     0     0     0
1790    0     0     0     0     0     0     0
1794    0     0     0     0     0     0     0
1798    0     0     0     0     0     0     0
1802    0     0     0     0     0     0     0
1806    0     0     0     0     0     0     0
1810    0     0     0     0     0     0     0
1814    0     0     0     0     0     0     0
1818    0     0     0     0     0     0     0
1822    0     0     0     0     0     0     0
1826    0     0     0     0     0     0     0
1830    0     0     0     0     0     0     0
1834    0     0     0     0     0     0     0
1838    0     0     0     0     0     0     0
1842    0     0     0     0     0     0     0
1846    0     0     0     0     0     0     0
1850    0     0     0     0     0     0     0
1854    0     0     0     0     0     0     0
1858    0     0     0     0     0     0     0
1862    0     0     0     0     0     0     0
1866    0     0     0     0     0     0     0
1870    0     0     0     0     0     0     0
1874    0     0     0     0     0     0     0
1878    0     0     0     0     0     0     0
1882    0     0     0     0     0     0     0
1886    0     0     0     0     0     0     0
1890    0     0     0     0     0     0     0
1894    0     0     0     0     0     0     0
1898    0     0     0     0     0     0     0
1902    0     0     0     0     0     0     0
1906    0     0     0     0     0     0     0
1910    0     0     0     0     0     0     0
1914    0     0     0     0     0     0     0
1918    0     0     0     0     0     0     0
1922    0     0     0     0     0     0     0
1926    0     0     0     0     0     0     0
1930    0     0     0     0     0     0     0
1934    0     0     0     0     0     0     0
1938    0     0     0     0     0     0     0
1942    0     0     0     0     0     0     0
1946    0     0     0     0     0     0     0
1950    0     0     0     0     0     0     0
1954    0     0     0     0     0     0     0
1958    0     0     0     0     0     0     0
1962    0     0     0     0     0     0     0
1966    0     0     0     0     0     0     0
1970    0     0     0     0     0     0     0
1974    0     0     0     0     0     0     0
1978    0     0     0     0     0     0     0
1982    0     0     0     0     0     0     0
1986    0     0     0     0     0     0     0
1990    0     0     0     0     0     0     0
1994    0     0     0     0     0     0     0
1998    0     0     0     0     0     0     0
2002    0     0     0     0     0     0     0
2006    0     0     0     0     0     0     0
2010    0     0     0     0     0     0     0
2014    0     0     0     0     0     0     0
2018    0     0     0     0     0     0     0
2022    0     0     0     0     0     0     0
2026    0     0     0     0     0     0     0
2030    0     0     0     0     0     0     0
2034    0     0     0     0     0     0     0
2038    0     0     0     0     0     0     0
2042    0     0     0     0     0     0     0
2046    0     0     0     0     0     0     0
2050    0     0     0     0     0     0     0
2054    0     0     0     0     0     0     0
2058    0     0     0     0     0     0     0
2062    0     0     0     0     0     0     0
2066    0     0     0     0     0     0     0
2070    0     0     0     0     0     0     0
2074    0     0     0     0     0     0     0
2078    0     0     0     0     0     0     0
2082    0     0     0     0     0     0     0
2086    0     0     0     0     0     0     0
2090    0     0     0     0     0     0     0
2094    0     0     0     0     0     0     0
2098    0     0     0     0     0     0     0
2102    0     0     0     0     0     0     0
2106    0     0     0     0     0     0     0
2110    0     0     0     0     0     0     0
2114    0     0     0     0     0     0     0
2118    0     0     0     0     0     0     0
2122    0     0     0     0     0     0     0
2126    0     0     0     0     0     0     0
2130    0     0     0     0     0     0     0
2134    0     0     0     0     0     0     0
2138    0     0     0     0     0     0     0
2142    0     0     0     0     0     0     0
2146    0     0     0     0     0     0     0
2150    0     0     0     0     0     0     0
2154    0     0     0     0     0     0     0
2158    0     0     0     0     0     0     0
2162    0     0     0     0     0     0     0
2166    0     0     0     0     0     0     0
2170    0     0     0     0     0     0     0
2174    0     0     0     0     0     0     0
2178    0     0     0     0     0     0     0
2182    0     0     0     0     0     0     0
2186    0     0     0     0     0     0     0
2190    0     0     0     0     0     0     0
2194    0     0     0     0     0     0     0
2198    0     0     0     0     0     0     0
2202    0     0     0     0     0     0     0
2206    0     0     0     0     0     0     0
2210    0     0     0     0     0     0     0
2214    0     0     0     0     0     0     0
2218    0     0     0     0     0     0     0
2222    0     0     0     0     0     0     0
2226    0     0     0     0     0     0     0
2230    0     0     0     0     0     0     0
2234    0     0     0     0     0     0     0
2238    0     0     0     0     0     0     0
2242    0     0     0     0     0     0     0
2246    0     0     0     0     0     0     0
2250    0     0     0     0     0     0     0
2254    0     0     0     0     0     0     0
2258    0     0     0     0     0     0     0
2262    0     0     0     0     0     0     0
2266    0     0     0     0     0     0     0
2270    0     0     0     0     0     0     0
2274    0     0     0     0     0     0     0
2278    0     0     0     0     0     0     0
2282    0     0     0     0     0     0     0
2286    0     0     0     0     0     0     0
2290    0     0     0     0     0     0     0
2294    0     0     0     0     0     0     0
2298    0     0     0     0     0     0     0
2302    0     0     0     0     0     0     0
2306    0     0     0     0     0     0     0
2310    0     0     0     0     0     0     0
2314    0     0     0     0     0     0     0
2318    0     0     0     0     0     0     0
2322    0     0     0     0     0     0     0
2326    0     0     0     0     0     0     0
2330    0     0     0     0     0     0     0
2334    0     0     0     0     0     0     0
2338    0     0     0     0     0     0     0
2342    0     0     0     0     0     0     0
2346    0     0     0     0     0     0     0
2350    0     0     0     0     0     0     0
2354    0     0     0     0     0     0     0
2358    0     0     0     0     0     0     0
2362    0     0     0     0     0     0     0
2366    0     0     0     0     0     0     0
2370    0     0     0     0     0     0     0
2374    0     0     0     0     0     0     0
2378    0     0     0     0     0     0     0
2382    0     0     0     0     0     0     0
2386    0     0     0     0     0     0     0
2390    0     0     0     0     0     0     0
2394    0     0     0     0     0     0     0
2398    0     0     0     0     0     0     0
2402    0     0     0     0     0     0     0
2406    0     0     0     0     0     0     0
2410    0     0     0     0     0     0     0
2414    0     0     0     0     0     0     0
2418    0     0     0     0     0     0     0
2422    0     0     0     0     0     0     0
2426    0     0     0     0     0     0     0
2430    0     0     0     0     0     0     0
2434    0     0     0     0     0     0     0
2438    0     0     0     0     0     0     0
2442    0     0     0     0     0     0     0
2446    0     0     0     0     0     0     0
2450    0     0     0     0     0     0     0
2454    0     0     0     0     0     0     0
2458    0     0     0     0     0     0     0
2462    0     0     0     0     0     0     0
2466    0     0     0     0     0     0     0
2470    0     0     0     0     0     0     0
2474    0     0     0     0     0     0     0
2478    0     0     0     0     0     0     0
2482    0     0     0     0     0     0     0
2486    0     0     0     0     0     0     0
2490    0     0     0     0     0     0     0
2494    0     0     0     0     0     0     0
2498    0     0     0     0     0     0     0
2502    0     0     0     0     0     0     0
2506    0     0     0     0     0     0     0
2510    0     0     0     0     0     0     0
2514    0     0     0     0     0     0     0
2518    0     0     0     0     0     0     0
2522    0     0     0     0     0     0     0
2526    0     0     0     0     0     0     0
2530    0     0     0     0     0     0     0
2534    0     0     0     0     0     0     0
2538    0     0     0     0     0     0     0
2542    0     0     0     0     0     0     0
2546    0     0     0     0     0     0     0
2550    0     0     0     0     0     0     0
2554    0     0     0     0     0     0     0
2558    0     0     0     0     0     0     0
2562    0     0     0     0     0     0     0
2566    0     0     0     0     0     0     0
2570    0     0     0     0     0     0     0
2574    0     0     0     0     0     0     0
2578    0     0     0     0     0     0     0
2582    0     0     0     0     0     0     0
2586    0     0     0     0     0     0     0
2590    0     0     0     0     0     0     0
2594    0     0     0     0     0     0     0
2598    0     0     0     0     0     0     0
2602    0     0     0     0     0     0     0
2606    0     0     0     0     0     0     0
2610    0     0     0     0     0     0     0
2614    0     0     0     0     0     0     0
2618    0     0     0     0     0     0     0
2622    0     0     0     0     0     0     0
2626    0     0     0     0     0     0     0
2630    0     0     0     0     0     0     0
2634    0     0     0     0     0     0     0
2638    0     0     0     0     0     0     0
2642    0     0     0     0     0     0     0
2646    0     0     0     0     0     0     0
2650    0     0     0     0     0     0     0
2654    0     0     0     0     0     0     0
2658    0     0     0     0     0     0     0
2662    0     0     0     0     0     0     0
2666    0     0     0     0     0     0     0
2670    0     0     0     0     0     0     0
2674    0     0     0     0     0     0     0
2678    0     0     0     0     0     0     0
2682    0     0     0     0     0     0     0
2686    0     0     0     0     0     0     0
2690    0     0     0     0     0     0     0
2694    0     0     0     0     0     0     0
2698    0     0     0     0     0     0     0
2702    0     0     0     0     0     0     0
2706    0     0     0     0     0     0     0
2710    0     0     0     0     0     0     0
2714    0     0     0     0     0     0     0
2718    0     0     0     0     0     0     0
2722    0     0     0     0     0     0     0
2726    0     0     0     0     0     0     0
2730    0     0     0     0     0     0     0
2734    0     0     0     0     0     0     0
2738    0     0     0     0     0     0     0
2742    0     0     0     0     0     0     0
2746    0     0     0     0     0     0     0
2750    0     0     0     0     0     0     0
2754    0     0     0     0     0     0     0
2758    0     0     0     0     0     0     0
2762    0     0     0     0     0     0     0
2766    0     0     0     0     0     0     0
2770    0     0     0     0     0     0     0
2774    0     0     0     0     0     0     0
2778    0     0     0     0     0     0     0
2782    0     0     0     0     0     0     0
2786    0     0     0     0     0     0     0
2790    0     0     0     0     0     0     0
2794    0     0     0     0     0     0     0
2798    0     0     0     0     0     0     0
2802    0     0     0     0     0     0     0
2806    0     0     0     0     0     0     0
2810    0     0     0     0     0     0     0
2814    0     0     0     0     0     0     0
2818    0     0     0     0     0     0     0
2822    0     0     0     0     0     0     0
2826    0     0     0     0     0     0     0
2830    0     0     0     0     0     0     0
2834    0     0     0     0     0     0     0
2838    0     0     0     0     0     0     0
2842    0     0     0     0     0     0     0
2846    0     0     0     0     0     0     0
2850    0     0     0     0     0     0     0
2854    0     0     0     0     0     0     0
2858    0     0     0     0     0     0     0
2862    0     0     0     0     0     0     0
2866    0     0     0     0     0     0     0
2870    0     0     0     0     0     0     0
2874    0     0     0     0     0     0     0
2878    0     0     0     0     0     0     0
2882    0     0     0     0     0     0     0
2886    0     0     0     0     0     0     0
2890    0     0     0     0     0     0     0
2894    0     0     0     0     0     0     0
2898    0     0     0     0     0     0     0
2902    0     0     0     0     0     0     0
2906    0     0     0     0     0     0     0
2910    0     0     0     0     0     0     0
2914    0     0     0     0     0     0     0
2918    0     0     0     0     0     0     0
2922    0     0     0     0     0     0     0
2926    0     0     0     0     0     0     0
2930    0     0     0     0     0     0     0
2934    0     0     0     0     0     0     0
2938    0     0     0     0     0     0     0
2942    0     0     0     0     0     0     0
2946    0     0     0     0     0     0     0
2950    0     0     0     0     0     0     0
2954    0     0     0     0     0     0     0
2958    0     0     0     0     0     0     0
2962    0     0     0     0     0     0     0
2966    0     0     0     0     0     0     0
2970    0     0     0     0     0     0     0
2974    0     0     0     0     0     0     0
2978    0     0     0     0     0     0     0
2982    0     0     0     0     0     0     0
2986    0     0     0     0     0     0     0
2990    0     0     0     0     0     0     0
2994    0     0     0     0     0     0     0
2998    0     0     0     0     0     0     0
3002    0     0     0     0     0     0     0
3006    0     0     0     0     0     0     0
3010    0     0     0     0     0     0     0
3014    0     0     0     0     0     0     0
3018    0     0     0     0     0     0     0
3022    0     0     0     0     0     0     0
3026    0     0     0     0     0     0     0
3030    0     0     0     0     0     0     0
3034    0     0     0     0     0     0     0
3038    0     0     0     0     0     0     0
3042    0     0     0     0     0     0     0
3046    0     0     0     0     0     0     0
3050    0     0     0     0     0     0     0
3054    0     0     0     0     0     0     0
3058    0     0     0     0     0     0     0
3062    0     0     0     0     0     0     0
3066    0     0     0     0     0     0     0
3070    0     0     0     0     0     0     0
3074    0     0     0     0     0     0     0
3078    0     0     0     0     0     0     0
3082    0     0     0     0     0     0     0
3086    0     0     0     0     0     0     0
3090    0     0     0     0     0     0     0
3094    0     0     0     0     0     0     0
3098    0     0     0     0     0     0     0
3102    0     0     0     0     0     0     0
3106    0     0     0     0     0     0     0
3110    0     0     0     0     0     0     0
3114    0     0     0     0     0     0     0
3118    0     0     0     0     0     0     0
3122    0     0     0     0     0     0     0
3126    0     0     0     0     0     0     0
3130    0     0     0     0     0     0     0
3134    0     0     0     0     0     0     0
3138    0     0     0     0     0     0     0
3142    0     0     0     0     0     0     0
3146    0     0     0     0     0     0     0
3150    0     0     0     0     0     0     0
3154    0     0     0     0     0     0     0
3158    0     0     0     0     0     0     0
3162    0     0     0     0     0     0     0
3166    0     0     0     0     0     0     0
3170    0     0     0     0     0     0     0
3174    0     0     0     0     0     0     0
3178    0     0     0     0     0     0     0
3182    0     0     0     0     0     0     0
3186    0     0     0     0     0     0     0
3190    0     0     0     0     0     0     0
3194    0     0     0     0     0     0     0
3198    0     0     0     0     0     0     0
3202    0     0     0     0     0     0     0
3206    0     0     0     0     0     0     0
3210    0     0     0     0     0     0     0
3214    0     0     0     0     0     0     0
3218    0     0     0     0     0     0     0
3222    0     0     0     0     0     0     0
3226    0     0     0     0     0     0     0
3230    0     0     0     0     0     0     0
3234    0     0     0     0     0     0     0
3238    0     0     0     0     0     0     0
3242    0     0     0     0     0     0     0
3246    0     0     0     0     0     0     0
3250    0     0     0     0     0     0     0
3254    0     0     0     0     0     0     0
3258    0     0     0     0     0     0     0
3262    0     0     0     0     0     0     0
3266    0     0     0     0     0     0     0
3270    0     0     0     0     0     0     0
3274    0     0     0     0     0     0     0
3278    0     0     0     0     0     0     0
3282    0     0     0     0     0     0     0
3286    0     0     0     0     0     0     0
3290    0     0     0     0     0     0     0
3294    0     0     0     0     0     0     0
3298    0     0     0     0     0     0     0
3302    0     0     0     0     0     0     0
3306    0     0     0     0     0     0     0
3310    0     0     0     0     0     0     0
3314    0     0     0     0     0     0     0
3318    0     0     0     0     0     0     0
3322    0     0     0     0     0     0     0
3326    0     0     0     0     0     0     0
3330    0     0     0     0     0     0     0
3334    0     0     0     0     0     0     0
3338    0     0     0     0     0     0     0
3342    0     0     0     0     0     0     0
3346    0     0     0     0     0     0     0
3350    0     0     0     0     0     0     0
3354    0     0     0     0     0     0     0
3358    0     0     0     0     0     0     0
3362    0     0     0     0     0     0     0
3366    0     0     0     0     0     0     0
3370    0     0     0     0     0     0     0
3374    0     0     0     0     0     0     0
3378    0     0     0     0     0     0     0
3382    0     0     0     0     0     0     0
3386    0     0     0     0     0     0     0
3390    0     0     0     0     0     0     0
3394    0     0     0     0     0     0     0
3398    0     0     0     0     0     0     0
3402    0     0     0     0     0     0     0
3406    0     0     0     0     0     0     0
3410    0     0     0     0     0     0     0
3414    0     0     0     0     0     0     0
3418    0     0     0     0     0     0     0
3422    0     0     0     0     0     0     0
3426    0     0     0     0     0     0     0
3430    0     0     0     0     0     0     0
3434    0     0     0     0     0     0     0
3438    0     0     0     0     0     0     0
3442    0     0     0     0     0     0     0
3446    0     0     0     0     0     0     0
3450    0     0     0     0     0     0     0
3454    0     0     0     0     0     0     0
3458    0     0     0     0     0     0     0
3462    0     0     0     0     0     0     0
3466    0     0     0     0     0     0     0
3470    0     0     0     0     0     0     0
3474    0     0     0     0     0     0     0
3478    0     0     0     0     0     0     0
3482    0     0     0     0     0     0     0
3486    0     0     0     0     0     0     0
3490    0     0     0     0     0     0     0
3494    0     0     0     0     0     0     0
3498    0     0     0     0     0     0     0
3502    0     0     0     0     0     0     0
3506    0     0     0     0     0     0     0
3510    0     0     0     0     0     0     0
3514    0     0     0     0     0     0     0
3518    0     0     0     0     0     0     0
3522    0     0     0     0     0     0     0
3526    0     0     0     0     0     0     0
3530    0     0     0     0     0     0     0
3534    0     0     0     0     0     0     0
3538    0     0     0     0     0     0     0
3542    0     0     0     0     0     0     0
3546    0     0     0     0     0     0     0
3550    0     0     0     0     0     0     0
3554    0     0     0     0     0     0     0
3558    0     0     0     0     0     0     0
3562    0     0     0     0     0     0     0
3566    0     0     0     0     0     0     0
3570    0     0     0     0     0     0     0
3574    0     0     0     0     0     0     0
3578    0     0     0     0     0     0     0
3582    0     0     0     0     0     0     0
3586    0     0     0     0     0     0     0
3590    0     0     0     0     0     0     0
3594    0     0     0     0     0     0     0
3598    0     0     0     0     0     0     0
3602    0     0     0     0     0     0     0
3606    0     0     0     0     0     0     0
3610    0     0     0     0     0     0     0
3614    0     0     0     0     0     0     0
3618    0     0     0     0     0     0     0
3622    0     0     0     0     0     0     0
3626    0     0     0     0     0     0     0
3630    0     0     0     0     0     0     0
3634    0     0     0     0     0     0     0
3638    0     0     0     0     0     0     0
3642    0     0     0     0     0     0     0
3646    0     0     0     0     0     0     0
3650    0     0     0     0     0     0     0
3654    0     0     0     0     0     0     0
3658    0     0     0     0     0     0     0
3662    0     0     0     0     0     0     0
3666    0     0     0     0     0     0     0
3670    0     0     0     0     0     0     0
3674    0     0     0     0     0     0     0
3678    0     0     0     0     0     0     0
3682    0     0     0     0     0     0     0
3686    0     0     0     0     0     0     0
3690    0     0     0     0     0     0     0
3694    0     0     0     0     0     0     0
3698    0     0     0     0     0     0     0
3702    0     0     0     0     0     0     0
3706    0     0     0     0     0     0     0
3710    0     0     0     0     0     0     0
3714    0     0     0     0     0     0     0
3718    0     0     0     0     0     0     0
3722    0     0     0     0     0     0     0
3726    0     0     0     0     0     0     0
3730    0     0     0     0     0     0     0
3734    0     0     0     0     0     0     0
3738    0     0     0     0     0     0     0
3742    0     0     0     0     0     0     0
3746    0     0     0     0     0     0     0
3750    0     0     0     0     0     0     0
3754    0     0     0     0     0     0     0
3758    0     0     0     0     0     0     0
3762    0     0     0     0     0     0     0
3766    0     0     0     0     0     0     0
3770    0     0     0     0     0     0     0
3774    0     0     0     0     0     0     0
3778    0     0     0     0     0     0     0
3782    0     0     0     0     0     0     0
3786    0     0     0     0     0     0     0
3790    0     0     0     0     0     0     0
3794    0     0     0     0     0     0     0
3798    0     0     0     0     0     0     0
3802    0     0     0     0     0     0     0
3806    0     0     0     0     0     0     0
3810    0     0     0     0     0     0     0
3814    0     0     0     0     0     0     0
3818    0     0     0     0     0     0     0
3822    0     0     0     0     0     0     0
3826    0     0     0     0     0     0     0
3830    0     0     0     0     0     0     0
3834    0     0     0     0     0     0     0
3838    0     0     0     0     0     0     0
3842    0     0     0     0     0     0     0
3846    0     0     0     0     0     0     0
3850    0     0     0     0     0     0     0
3854    0     0     0     0     0     0     0
3858    0     0     0     0     0     0     0
3862    0     0     0     0     0     0     0
3866    0     0     0     0     0     0     0
3870    0     0     0     0     0     0     0
3874    0     0     0     0     0     0     0
3878    0     0     0     0     0     0     0
3882    0     0     0     0     0     0     0
3886    0     0     0     0     0     0     0
3890    0     0     0     0     0     0     0
3894    0     0     0     0     0     0     0
3898    0     0     0     0     0     0     0
3902    0     0     0     0     0     0     0
3906    0     0     0     0     0     0     0
3910    0     0     0     0     0     0     0
3914    0     0     0     0     0     0     0
3918    0     0     0     0     0     0     0
3922    0     0     0     0     0     0     0
3926    0     0     0     0     0     0     0
3930    0     0     0     0     0     0     0
3934    0     0     0     0     0     0     0
3938    0     0     0     0     0     0     0
3942    0     0     0     0     0     0     0
3946    0     0     0     0     0     0     0
3950    0     0     0     0     0     0     0
3954    0     0     0     0     0     0     0
3958    0     0     0     0     0     0     0
3962    0     0     0     0     0     0     0
3966    0     0     0     0     0     0     0
3970    0     0     0     0     0     0     0
3974    0     0     0     0     0     0     0
3978    0     0     0     0     0     0     0
3982    0     0     0     0     0     0     0
3986    0     0     0     0     0     0     0
3990    0     0     0     0     0     0     0
3994    0     0     0     0     0     0     0
3998    0     0     0     0     0     0     0
