2    0     0     0     0     0     0     0
6    1.03334e-05     1.75408e-08     1.75408e-08     1.75408e-08     1.75408e-08     1.75408e-08     1.75408e-08
10    6.20004e-06     5.35237e-09     5.35237e-09     5.35237e-09     5.35237e-09     5.35237e-09     5.35237e-09
14    2.06668e-05     1.31423e-08     1.31423e-08     1.31423e-08     1.31423e-08     1.31423e-08     1.31423e-08
18    2.48001e-05     1.10663e-08     1.10663e-08     1.10663e-08     1.10663e-08     1.10663e-08     1.10663e-08
22    3.30669e-05     1.15567e-08     1.15567e-08     1.15567e-08     1.15567e-08     1.15567e-08     1.15567e-08
26    4.34003e-05     1.19434e-08     1.19434e-08     1.19434e-08     1.19434e-08     1.19434e-08     1.19434e-08
30    7.02671e-05     1.62026e-08     1.62026e-08     1.62026e-08     1.62026e-08     1.62026e-08     1.62026e-08
34    5.99337e-05     1.14467e-08     1.14467e-08     1.14467e-08     1.14467e-08     1.14467e-08     1.14467e-08
38    8.26672e-05     1.37919e-08     1.37919e-08     1.37919e-08     1.37919e-08     1.37919e-08     1.37919e-08
42    0.000138467     2.00783e-08     2.00783e-08     2.00783e-08     2.00783e-08     2.00783e-08     2.00783e-08
46    0.000105401     1.33631e-08     1.33631e-08     1.33631e-08     1.33631e-08     1.33631e-08     1.33631e-08
50    9.71339e-05     1.10164e-08     1.10164e-08     1.10164e-08     1.10164e-08     1.10164e-08     1.10164e-08
54    0.000142601     1.48204e-08     1.48204e-08     1.48204e-08     1.48204e-08     1.48204e-08     1.48204e-08
58    0.000155001     1.48407e-08     1.48407e-08     1.48407e-08     1.48407e-08     1.48407e-08     1.48407e-08
62    0.000159134     1.40406e-08     1.40406e-08     1.40406e-08     1.40406e-08     1.40406e-08     1.40406e-08
66    0.000202535     1.67878e-08     1.67878e-08     1.67878e-08     1.67878e-08     1.67878e-08     1.67878e-08
70    0.000221135     1.74569e-08     1.74569e-08     1.74569e-08     1.74569e-08     1.74569e-08     1.74569e-08
74    0.000233535     1.76581e-08     1.76581e-08     1.76581e-08     1.76581e-08     1.76581e-08     1.76581e-08
78    0.000223201     1.63666e-08     1.63666e-08     1.63666e-08     1.63666e-08     1.63666e-08     1.63666e-08
82    0.000241801     1.72999e-08     1.72999e-08     1.72999e-08     1.72999e-08     1.72999e-08     1.72999e-08
86    0.000217001     1.52949e-08     1.52949e-08     1.52949e-08     1.52949e-08     1.52949e-08     1.52949e-08
90    0.000299668     2.09473e-08     2.09473e-08     2.09473e-08     2.09473e-08     2.09473e-08     2.09473e-08
94    0.000274868     1.91828e-08     1.91828e-08     1.91828e-08     1.91828e-08     1.91828e-08     1.91828e-08
98    0.000336869     2.36031e-08     2.36031e-08     2.36031e-08     2.36031e-08     2.36031e-08     2.36031e-08
102    0.000347202     2.45261e-08     2.45261e-08     2.45261e-08     2.45261e-08     2.45261e-08     2.45261e-08
106    0.000351335     2.51516e-08     2.51516e-08     2.51516e-08     2.51516e-08     2.51516e-08     2.51516e-08
110    0.000396802     2.90676e-08     2.90676e-08     2.90676e-08     2.90676e-08     2.90676e-08     2.90676e-08
114    0.000330669     2.51252e-08     2.51252e-08     2.51252e-08     2.51252e-08     2.51252e-08     2.51252e-08
118    0.000349269     2.80148e-08     2.80148e-08     2.80148e-08     2.80148e-08     2.80148e-08     2.80148e-08
122    0.000429869     3.68522e-08     3.68522e-08     3.68522e-08     3.68522e-08     3.68522e-08     3.68522e-08
126    0.000398869     3.78967e-08     3.78967e-08     3.78967e-08     3.78967e-08     3.78967e-08     3.78967e-08
130    0.000425736     4.56203e-08     4.56203e-08     4.56203e-08     4.56203e-08     4.56203e-08     4.56203e-08
134    0.000409202     5.10699e-08     5.10699e-08     5.10699e-08     5.10699e-08     5.10699e-08     5.10699e-08
138    0.000434003     6.50296e-08     6.50296e-08     6.50296e-08     6.50296e-08     6.50296e-08     6.50296e-08
142    0.00048567     9.08703e-08     9.08703e-08     9.08703e-08     9.08703e-08     9.08703e-08     9.08703e-08
146    0.000456736     1.09624e-07     1.09624e-07     1.09624e-07     1.09624e-07     1.09624e-07     1.09624e-07
150    0.00048567     1.64296e-07     1.64296e-07     1.64296e-07     1.64296e-07     1.64296e-07     1.64296e-07
154    0.000473269     2.3786e-07     2.3786e-07     2.3786e-07     2.3786e-07     2.3786e-07     2.3786e-07
158    0.00051667     4.95753e-07     4.95753e-07     4.95753e-07     4.95753e-07     4.95753e-07     4.95753e-07
162    0.000462936     1.15341e-06     1.15341e-06     1.15341e-06     1.15341e-06     1.15341e-06     1.15341e-06
166    0.000539403     2.53918e-06     2.53918e-06     2.53918e-06     2.53918e-06     2.53918e-06     2.53918e-06
170    0.00057247     3.62395e-06     3.62395e-06     3.62395e-06     3.62395e-06     3.62395e-06     3.62395e-06
174    0.000551803     4.28354e-06     4.28354e-06     4.28354e-06     4.28354e-06     4.28354e-06     4.28354e-06
178    0.000558003     5.13275e-06     5.13275e-06     5.13275e-06     5.13275e-06     5.13275e-06     5.13275e-06
182    0.000555937     6.1612e-06     6.1612e-06     6.1612e-06     6.1612e-06     6.1612e-06     6.1612e-06
186    0.000607604     8.111e-06     8.111e-06     8.111e-06     8.111e-06     8.111e-06     8.111e-06
190    0.000682004     1.05986e-05     1.05986e-05     1.05986e-05     1.05986e-05     1.05986e-05     1.05986e-05
194    0.000715071     1.25795e-05     1.25795e-05     1.25795e-05     1.25795e-05     1.25795e-05     1.25795e-05
198    0.000717138     1.39281e-05     1.39281e-05     1.39281e-05     1.39281e-05     1.39281e-05     1.39281e-05
202    0.000725404     1.53347e-05     1.53347e-05     1.53347e-05     1.53347e-05     1.53347e-05     1.53347e-05
206    0.000686137     1.58108e-05     1.58108e-05     1.58108e-05     1.58108e-05     1.58108e-05     1.58108e-05
210    0.000671671     1.67957e-05     1.67957e-05     1.67957e-05     0.000160529     0.000220202     0.000119003
214    0.000729538     1.96102e-05     1.96102e-05     1.96102e-05     0.000294127     0.000408204     0.000214754
218    0.000665471     1.9162e-05     1.9162e-05     1.9162e-05     0.000288996     0.000401447     0.00021079
222    0.000764671     2.35088e-05     2.35088e-05     2.35088e-05     0.000305394     0.000423074     0.00022352
226    0.000785338     2.55974e-05     2.55974e-05     2.55974e-05     0.000302851     0.000418684     0.000222154
230    0.000702671     2.43754e-05     2.43754e-05     2.43754e-05     0.000293624     0.00040617     0.000215171
234    0.000758471     2.79179e-05     2.79179e-05     2.79179e-05     0.000297437     0.000410144     0.000218846
238    0.000746071     2.90379e-05     2.90379e-05     2.90379e-05     0.000278053     0.000382235     0.000205367
242    0.000820472     3.36988e-05     3.36988e-05     3.36988e-05     0.000283163     0.000387669     0.000210208
246    0.000876272     3.7969e-05     3.7969e-05     3.7969e-05     0.000294587     0.000402185     0.000219448
250    0.000779138     3.54803e-05     3.54803e-05     3.54803e-05     0.000290947     0.000398014     0.000216138
254    0.000930006     4.46152e-05     4.46152e-05     4.46152e-05     0.000282814     0.00038249     0.000213099
258    0.000876272     4.41465e-05     4.41465e-05     4.41465e-05     0.000281571     0.000380682     0.000212138
262    0.000923806     4.87386e-05     4.87386e-05     4.87386e-05     0.000289602     0.000389995     0.000219204
266    0.00100027     5.52802e-05     5.52802e-05     5.52802e-05     0.000286024     0.000382214     0.000218568
270    0.000944472     5.45661e-05     5.45661e-05     5.45661e-05     0.000277397     0.000370416     0.000212163
274    0.000834938     5.04458e-05     5.04458e-05     5.04458e-05     0.000267221     0.000357883     0.00020364
278    0.00101681     6.41298e-05     6.41298e-05     6.41298e-05     0.000281735     0.000372897     0.000217805
282    0.000932072     6.13905e-05     6.13905e-05     6.13905e-05     0.000276315     0.000366358     0.000213119
286    0.000956872     6.5668e-05     6.5668e-05     6.5668e-05     0.000272049     0.000358354     0.000211401
290    0.000989939     7.06955e-05     7.06955e-05     7.06955e-05     0.000286259     0.000376405     0.000222879
294    0.00102094     7.58283e-05     7.58283e-05     7.58283e-05     0.000267774     0.000348158     0.00021126
298    0.00100854     7.78516e-05     7.78516e-05     7.78516e-05     0.000285166     0.000372178     0.000224016
302    0.00101061     8.09258e-05     8.09258e-05     8.09258e-05     0.000273224     0.000354045     0.0002164
306    0.00105401     8.76654e-05     8.76654e-05     8.76654e-05     0.000278769     0.000359024     0.000222318
310    0.00104987     9.04982e-05     9.04982e-05     9.04982e-05     0.000284911     0.000366468     0.000227498
314    0.00102921     9.19678e-05     9.19678e-05     9.19678e-05     0.000283627     0.000363938     0.00022704
318    0.00111601     0.000103171     0.000103171     0.000103171     0.000295836     0.000376488     0.000238962
322    0.00110774     0.000105964     0.000105964     0.000105964     0.000293536     0.00037197     0.000238173
326    0.00117801     0.000116394     0.000116394     0.000116394     0.00031683     0.000400529     0.000257712
330    0.00116147     0.000118465     0.000118465     0.000118465     0.000316088     0.000398386     0.000257898
334    0.00126481     0.000133082     0.000133082     0.000133082     0.000323222     0.000402056     0.000267388
338    0.00119661     0.000129929     0.000129929     0.000129929     0.000315008     0.000391262     0.000260868
342    0.00125861     0.000140956     0.000140956     0.000140956     0.00034373     0.00042632     0.000284847
346    0.00130201     0.000150786     0.000150786     0.000150786     0.000352842     0.000433966     0.000294738
350    0.00125034     0.000150535     0.000150535     0.000150535     0.000350741     0.000430673     0.00029337
354    0.00127927     0.00016105     0.00016105     0.00016105     0.000369971     0.00045355     0.000309996
358    0.00136814     0.000180611     0.000180611     0.000180611     0.000381839     0.00046279     0.00032384
362    0.00143841     0.000198708     0.000198708     0.000198708     0.000411681     0.000498155     0.000349848
366    0.00137641     0.000198738     0.000198738     0.000198738     0.000420504     0.000510954     0.000355887
370    0.00125241     0.000188732     0.000188732     0.000188732     0.000407856     0.000497564     0.000343801
374    0.00136194     0.000213866     0.000213866     0.000213866     0.000476286     0.000584161     0.000399316
378    0.00146321     0.000239735     0.000239735     0.000239735     0.00047659     0.000574518     0.000406824
382    0.00136814     0.000233336     0.000233336     0.000233336     0.000471187     0.000570241     0.000400714
386    0.00143428     0.000253965     0.000253965     0.000253965     0.000500283     0.000603375     0.00042702
390    0.00137434     0.000252319     0.000252319     0.000252319     0.000483306     0.000580403     0.000414376
394    0.00155208     0.00029485     0.00029485     0.00029485     0.000553541     0.000662733     0.000476101
398    0.00162854     0.000319915     0.000319915     0.000319915     0.000556176     0.00065627     0.000485252
402    0.00162234     0.00032937     0.00032937     0.00032937     0.000579225     0.000685652     0.000503894
406    0.00158928     0.000332983     0.000332983     0.000332983     0.00057791     0.000682691     0.00050382
410    0.00165128     0.000357069     0.000357069     0.000357069     0.000610472     0.000719271     0.000533602
414    0.00157068     0.000349996     0.000349996     0.000349996     0.000614235     0.0007281     0.000533841
418    0.00163268     0.000374135     0.000374135     0.000374135     0.000653986     0.000774972     0.000568608
422    0.00167814     0.000395331     0.000395331     0.000395331     0.000665353     0.000782717     0.000582636
426    0.00163474     0.000395367     0.000395367     0.000395367     0.000694502     0.000825039     0.000602583
430    0.00171741     0.000426644     0.000426644     0.000426644     0.000710912     0.000835381     0.000623327
434    0.00182901     0.00046609     0.00046609     0.00046609     0.000730313     0.000846325     0.000648723
438    0.00170501     0.000445847     0.000445847     0.000445847     0.000721933     0.000843431     0.000636525
442    0.00178561     0.000478336     0.000478336     0.000478336     0.000784763     0.000920328     0.000689588
446    0.00188481     0.000516966     0.000516966     0.000516966     0.000801038     0.000927407     0.000712446
450    0.00194268     0.000545074     0.000545074     0.000545074     0.000820078     0.000942921     0.000734042
454    0.00194061     0.000556593     0.000556593     0.000556593     0.000854458     0.000987955     0.000761029
458    0.00192408     0.000563958     0.000563958     0.000563958     0.00084758     0.000974977     0.000758458
462    0.00205428     0.000615122     0.000615122     0.000615122     0.00089444     0.00101997     0.000806607
466    0.00216175     0.000660895     0.000660895     0.000660895     0.000967113     0.00110469     0.00087081
470    0.00212041     0.000661976     0.000661976     0.000661976     0.000974827     0.0011154     0.000876394
474    0.00211215     0.000672628     0.000672628     0.000672628     0.00097731     0.00111434     0.000881364
478    0.00210595     0.000683836     0.000683836     0.000683836     0.000966957     0.00109451     0.000877663
482    0.00220928     0.000731256     0.000731256     0.000731256     0.00110063     0.00126779     0.000983729
486    0.00223821     0.000754952     0.000754952     0.000754952     0.00110454     0.00126337     0.000993591
490    0.00248415     0.000853898     0.000853898     0.000853898     0.00118102     0.00133006     0.00107698
494    0.00241388     0.000844873     0.000844873     0.000844873     0.00117738     0.00132918     0.00107145
498    0.00240355     0.000856021     0.000856021     0.000856021     0.00122834     0.00139851     0.00110959
502    0.00252342     0.000914498     0.000914498     0.000914498     0.001267     0.00142851     0.00115438
506    0.00244488     0.000901559     0.000901559     0.000901559     0.00125467     0.00141685     0.00114162
510    0.00275902     0.00103459     0.00103459     0.00103459     0.00142851     0.00161013     0.00130201
514    0.00255442     0.000974128     0.000974128     0.000974128     0.00132084     0.00148125     0.00120922
518    0.00264948     0.0010272     0.0010272     0.0010272     0.00142253     0.00160607     0.00129491
522    0.00270322     0.0010654     0.0010654     0.0010654     0.00149947     0.00170183     0.00135893
526    0.00271148     0.00108572     0.00108572     0.00108572     0.00143601     0.00159957     0.00132243
530    0.00283755     0.00115383     0.00115383     0.00115383     0.00157538     0.00177243     0.00143856
534    0.00291608     0.00120334     0.00120334     0.00120334     0.00165316     0.00186355     0.00150708
538    0.00277968     0.00116426     0.00116426     0.00116426     0.00156171     0.00174764     0.00143259
542    0.00309589     0.00131612     0.00131612     0.00131612     0.00174853     0.00195094     0.00160794
546    0.00315789     0.00136261     0.00136261     0.00136261     0.00188675     0.00213235     0.00171616
550    0.00314962     0.00137956     0.00137956     0.00137956     0.00185863     0.00208347     0.0017025
554    0.00323642     0.0014392     0.0014392     0.0014392     0.0019237     0.00215146     0.00176559
558    0.00339349     0.00153098     0.00153098     0.00153098     0.00203552     0.00227331     0.00187058
562    0.00337075     0.00154087     0.00154087     0.00154087     0.00207806     0.00233214     0.00190198
566    0.00359395     0.0016628     0.0016628     0.0016628     0.00223256     0.00250266     0.00204545
570    0.00357742     0.0016763     0.0016763     0.0016763     0.00227022     0.00255235     0.00207485
574    0.00378409     0.00179826     0.00179826     0.00179826     0.00239199     0.00267451     0.00219642
578    0.00376136     0.00181373     0.00181373     0.00181373     0.00237663     0.00264477     0.00219103
582    0.00394942     0.00193047     0.00193047     0.00193047     0.00253172     0.00281869     0.00233318
586    0.00413956     0.00204959     0.00204959     0.00204959     0.00268497     0.00298877     0.00247483
590    0.00434003     0.00217964     0.00217964     0.00217964     0.00284218     0.00315953     0.00262272
594    0.00414369     0.00211469     0.00211469     0.00211469     0.0027756     0.00309279     0.00255634
598    0.00429043     0.00222576     0.00222576     0.00222576     0.00295751     0.00330951     0.00271431
602    0.00468929     0.00246698     0.00246698     0.00246698     0.00325093     0.00362937     0.00298975
606    0.00458596     0.00244199     0.00244199     0.00244199     0.00314255     0.00348159     0.00290868
610    0.00462523     0.00249284     0.00249284     0.00249284     0.00323513     0.00359515     0.00298691
614    0.00500343     0.00273551     0.00273551     0.00273551     0.00353311     0.00392059     0.00326605
618    0.00506336     0.00281152     0.00281152     0.00281152     0.00360407     0.00398959     0.00333841
622    0.00527003     0.00297325     0.00297325     0.00297325     0.00379656     0.00419779     0.00352019
626    0.00528243     0.00302547     0.00302547     0.00302547     0.0038916     0.00431438     0.00360047
630    0.00533823     0.00310259     0.00310259     0.00310259     0.00407654     0.00455286     0.00374871
634    0.00546843     0.00322559     0.00322559     0.00322559     0.00416317     0.00462262     0.00384709
638    0.00575157     0.00344455     0.00344455     0.00344455     0.00439543     0.00486221     0.00407439
642    0.0056689     0.00345329     0.00345329     0.00345329     0.00436938     0.00482046     0.00405941
646    0.00593964     0.00368626     0.00368626     0.00368626     0.00463772     0.00510719     0.00431526
650    0.0060843     0.00384862     0.00384862     0.00384862     0.0048075     0.00528147     0.00448206
654    0.00611737     0.0039434     0.0039434     0.0039434     0.00494246     0.00543695     0.004603
658    0.00621864     0.00408765     0.00408765     0.00408765     0.00510793     0.00561346     0.00476097
662    0.00643564     0.00431598     0.00431598     0.00431598     0.00539861     0.00593642     0.00502974
666    0.00690684     0.0047274     0.0047274     0.0047274     0.00581787     0.00636104     0.00544561
670    0.00689857     0.00482162     0.00482162     0.00482162     0.00590309     0.00644296     0.00553328
674    0.00693577     0.00495516     0.00495516     0.00495516     0.00603671     0.00657758     0.00566634
678    0.00679317     0.0049634     0.0049634     0.0049634     0.00601634     0.00654363     0.00565539
682    0.00715691     0.00535233     0.00535233     0.00535233     0.00647822     0.00704301     0.00609178
686    0.00694611     0.00532039     0.00532039     0.00532039     0.00637119     0.00689902     0.00601006
690    0.00744831     0.00585205     0.00585205     0.00585205     0.0069617     0.00752031     0.00657974
694    0.00734084     0.00592956     0.00592956     0.00592956     0.00702592     0.00757928     0.00664785
698    0.00730364     0.00607299     0.00607299     0.00607299     0.00716846     0.00772286     0.00678992
702    0.00734911     0.0062961     0.0062961     0.0062961     0.00735242     0.00788876     0.00698655
706    0.00757024     0.00668481     0.00668481     0.00668481     0.00771104     0.00823301     0.0073551
710    0.00732018     0.00667306     0.00667306     0.00667306     0.00764636     0.00814222     0.00730836
714    0.00743178     0.00700581     0.00700581     0.00700581     0.00800919     0.00852119     0.00766031
718    0.00715071     0.00697686     0.00697686     0.00697686     0.00793015     0.00841742     0.00759822
722    0.00741111     0.00748315     0.00748315     0.00748315     0.00839576     0.00886371     0.0080773
726    0.00740284     0.00772253     0.00772253     0.00772253     0.00857447     0.0090124     0.00827664
730    0.00715071     0.00771256     0.00771256     0.00771256     0.00847898     0.00887386     0.0082106
734    0.00718791     0.00802269     0.00802269     0.00802269     0.00875794     0.00913755     0.00850009
738    0.00702051     0.00811371     0.00811371     0.00811371     0.00878897     0.00913818     0.00855188
742    0.00676424     0.00809989     0.00809989     0.00809989     0.00865964     0.00894999     0.00846268
746    0.00662371     0.0082199     0.0082199     0.0082199     0.00872166     0.00898258     0.00854477
750    0.00656791     0.00843076     0.00843076     0.00843076     0.00885547     0.00907686     0.00870549
754    0.00637984     0.00845374     0.00845374     0.00845374     0.00880309     0.00867954     0.00898557
758    0.0060657     0.00828465     0.00828465     0.00828465     0.00854569     0.00845325     0.00868228
762    0.0057619     0.00810425     0.00810425     0.00810425     0.00826117     0.00820549     0.00834349
766    0.0056875     0.00823509     0.00823509     0.00823509     0.00831573     0.00828708     0.00835811
770    0.0055077     0.00819941     0.00819941     0.00819941     0.00820828     0.00818603     0.00823201
774    0.00546637     0.00836797     0.00836797     0.00836797     0.00829639     0.00825854     0.00832194
778    0.0049683     0.00780277     0.00780277     0.00780277     0.00766593     0.00759347     0.00771481
782    0.0049373     0.00793738     0.00793738     0.00793738     0.00770133     0.0075759     0.00778584
786    0.00475956     0.00781047     0.00781047     0.00781047     0.00751706     0.00736067     0.00762233
790    0.00479263     0.0080184     0.0080184     0.0080184     0.00764728     0.00744896     0.00778068
794    0.00444336     0.0075719     0.0075719     0.0075719     0.00714258     0.00691267     0.00729716
798    0.00431729     0.0074894     0.0074894     0.0074894     0.00700333     0.00674251     0.00717858
802    0.00422636     0.00745677     0.00745677     0.00745677     0.00691583     0.00662476     0.00711125
806    0.00401556     0.00719936     0.00719936     0.00719936     0.00658762     0.00625763     0.00680902
810    0.00399489     0.00726868     0.00726868     0.00726868     0.00660466     0.00624553     0.00684541
814    0.00368696     0.0067998     0.0067998     0.0067998     0.00613073     0.0057679     0.00637376
818    0.00348855     0.00651342     0.00651342     0.00651342     0.00580478     0.00541951     0.0060626
822    0.00307315     0.00580247     0.00580247     0.00580247     0.00511429     0.00473963     0.00536495
826    0.00331702     0.00632727     0.00632727     0.00632727     0.00556461     0.00514904     0.00584261
830    0.00308142     0.00593572     0.00593572     0.00593572     0.00516166     0.00473856     0.00544443
834    0.00299875     0.00583282     0.00583282     0.00583282     0.00501252     0.00456206     0.0053131
838    0.00279415     0.00548547     0.00548547     0.00548547     0.00468095     0.00423646     0.00497689
842    0.00283135     0.00560644     0.00560644     0.00560644     0.00475846     0.00428831     0.00507114
846    0.00256268     0.00511341     0.00511341     0.00511341     0.00430457     0.00385632     0.00460279
850    0.00234361     0.00471278     0.00471278     0.00471278     0.00389493     0.00344127     0.0041967
854    0.00239528     0.00485412     0.00485412     0.00485412     0.00401523     0.00354867     0.00432532
858    0.00237461     0.00484947     0.00484947     0.00484947     0.00395105     0.00344917     0.00428411
862    0.00216381     0.00445126     0.00445126     0.00445126     0.00361699     0.00314828     0.00392745
866    0.00205841     0.0042626     0.0042626     0.0042626     0.00344752     0.00298816     0.00375147
870    0.00206668     0.00430679     0.00430679     0.00430679     0.0034562     0.00297548     0.00377396
874    0.00199848     0.00418983     0.00418983     0.00418983     0.00330395     0.0028019     0.00363551
878    0.00176081     0.0037137     0.0037137     0.0037137     0.00290275     0.00244199     0.00320682
882    0.00173601     0.00368279     0.00368279     0.00368279     0.00288386     0.00242875     0.00318393
886    0.00166781     0.0035604     0.0035604     0.0035604     0.00274935     0.00228642     0.00305439
890    0.00165334     0.00355241     0.00355241     0.00355241     0.00273087     0.00226029     0.00304057
894    0.00152521     0.00329946     0.00329946     0.00329946     0.0024968     0.00203491     0.00280029
898    0.00145081     0.00315977     0.00315977     0.00315977     0.00241404     0.00198253     0.00269702
902    0.00135781     0.0029762     0.0029762     0.0029762     0.00226504     0.00185196     0.00253558
906    0.00131234     0.00289451     0.00289451     0.00289451     0.00216877     0.00174692     0.00244498
910    0.00139914     0.00310524     0.00310524     0.00310524     0.00230008     0.00183136     0.00260685
914    0.00122347     0.00273376     0.00273376     0.00273376     0.00202673     0.00161402     0.00229661
918    0.00124827     0.00280817     0.00280817     0.00280817     0.00207244     0.00164127     0.00235402
922    0.00113874     0.00257838     0.00257838     0.00257838     0.0018625     0.0014406     0.00213743
926    0.00121934     0.00277837     0.00277837     0.00277837     0.00199116     0.00152564     0.00229416
930    0.00102507     0.00235023     0.00235023     0.00235023     0.00170346     0.00131991     0.00195286
934    0.00108914     0.00251422     0.00251422     0.00251422     0.00179757     0.00137127     0.00207447
938    0.00107261     0.00249327     0.00249327     0.00249327     0.00179645     0.00138088     0.00206617
942    0.000992006     0.00232152     0.00232152     0.00232152     0.00162617     0.00121034     0.00189581
946    0.000946539     0.00222916     0.00222916     0.00222916     0.00153469     0.00111852     0.00180436
950    0.000868005     0.00205772     0.00205772     0.00205772     0.00145342     0.00109018     0.00168853
954    0.000847338     0.00202191     0.00202191     0.00202191     0.00140367     0.00103067     0.00164478
958    0.000814272     0.00195672     0.00195672     0.00195672     0.0013589     0.000996419     0.00159275
962    0.000868005     0.00210161     0.00210161     0.00210161     0.00145185     0.00105544     0.00170698
966    0.000789471     0.00192479     0.00192479     0.00192479     0.00130331     0.000922807     0.00154792
970    0.000725404     0.00178189     0.00178189     0.00178189     0.00118718     0.000821677     0.00142182
974    0.000713004     0.00176389     0.00176389     0.00176389     0.00122264     0.000888828     0.00143664
978    0.000677871     0.00168858     0.00168858     0.00168858     0.00115522     0.000825123     0.00136657
982    0.000682004     0.00171073     0.00171073     0.00171073     0.00116356     0.000823605     0.00138093
986    0.000696471     0.00176039     0.00176039     0.00176039     0.00118399     0.000824856     0.00141337
990    0.000677871     0.00172589     0.00172589     0.00172589     0.0011553     0.000798872     0.00138275
994    0.000632404     0.00162247     0.00162247     0.00162247     0.00107892     0.000738402     0.00129601
998    0.000669604     0.00173111     0.00173111     0.00173111     0.00113817     0.000765626     0.00137539
1002    0.000570403     0.00148605     0.00148605     0.00148605     0.000985818     0.000670246     0.00118647
1006    0.000500136     0.0013131     0.0013131     0.0013131     0.000855946     0.00056667     0.00103966
1010    0.000558003     0.00147703     0.00147703     0.00147703     0.000971493     0.000650482     0.0011751
1014    0.000533203     0.00142232     0.00142232     0.00142232     0.000931275     0.000618604     0.0011294
1018    0.000502203     0.00135122     0.00135122     0.00135122     0.000870748     0.000563673     0.00106504
1022    0.000518736     0.00140673     0.00140673     0.00140673     0.000892913     0.000563044     0.00110127
1026    0.000427803     0.00117009     0.00117009     0.00117009     0.000751411     0.000481673     0.000921561
1030    0.000429869     0.00118533     0.00118533     0.00118533     0.000728337     0.000432867     0.00091446
1034    0.000473269     0.00131588     0.00131588     0.00131588     0.000832655     0.000519199     0.00102985
1038    0.000403002     0.00113006     0.00113006     0.00113006     0.000696403     0.000414031     0.000873776
1042    0.000403002     0.00113926     0.00113926     0.00113926     0.000697446     0.000408352     0.000878693
1046    0.000390602     0.00111395     0.00111395     0.00111395     0.000710859     0.000446126     0.000876603
1050    0.000400936     0.00115319     0.00115319     0.00115319     0.000713281     0.000423273     0.00089458
1054    0.000386469     0.00112085     0.00112085     0.00112085     0.000669354     0.000370733     0.000855796
1058    0.000361669     0.00105819     0.00105819     0.00105819     0.000615199     0.000320951     0.000798601
1062    0.000355469     0.00104897     0.00104897     0.00104897     0.00059331     0.000289086     0.000782548
1066    0.000332735     0.000990749     0.000990749     0.000990749     0.000576637     0.000299049     0.000749031
1070    0.000330669     0.000992999     0.000992999     0.000992999     0.000630353     0.000386326     0.000781668
1074    0.000324469     0.000983236     0.000983236     0.000983236     0.000610666     0.000358941     0.000766495
1078    0.000303802     0.000927957     0.000927957     0.000927957     0.00054084     0.000278227     0.000703137
1082    0.000268668     0.000827871     0.000827871     0.000827871     0.000508664     0.000290958     0.000642921
1086    0.000254201     0.000790696     0.000790696     0.000790696     0.00044989     0.000216551     0.000593566
1090    0.000248001     0.000777762     0.000777762     0.000777762     0.00041746     0.000169833     0.000569699
1094    0.000264535     0.000837242     0.000837242     0.000837242     0.000509262     0.000282837     0.000648208
1098    0.000231468     0.000738955     0.000738955     0.000738955     0.000424269     0.00020606     0.000557913
1102    0.000221135     0.000712713     0.000712713     0.000712713     0.000429091     0.000231317     0.000549937
1106    0.000239735     0.000779344     0.000779344     0.000779344     0.000468454     0.000250713     0.000601274
1110    0.000233535     0.000765639     0.000765639     0.000765639     0.000446629     0.00022237     0.000583216
1114    0.000227335     0.000752075     0.000752075     0.000752075     0.000459678     0.000253174     0.000585202
1118    0.000274868     0.000917035     0.000917035     0.000917035     0.000559372     0.000305729     0.000713274
1122    0.000274868     0.000925156     0.000925156     0.000925156     0.00055128     0.000284656     0.00071269
1126    0.000241801     0.000821012     0.000821012     0.000821012     0.0004744     0.000226209     0.000624387
1130    0.000225268     0.00077173     0.00077173     0.00077173     0.000442323     0.000205424     0.000585231
1134    0.000157068     0.000542668     0.000542668     0.000542668     0.000326616     0.000170558     0.000420589
1138    0.000200468     0.000699031     0.000699031     0.000699031     0.000372816     0.000136139     0.000515062
1142    0.000169468     0.000596281     0.000596281     0.000596281     0.000333878     0.000142402     0.000448673
1146    0.000157068     0.000557231     0.000557231     0.000557231     0.000309396     0.000127687     0.000418105
1150    0.000188068     0.000673123     0.000673123     0.000673123     0.000389761     0.000181171     0.000514335
1154    0.000150868     0.000545101     0.000545101     0.000545101     0.000300197     0.000119069     0.000408153
1158    0.000150868     0.000549366     0.000549366     0.000549366     0.000326227     0.00016053     0.000424819
1162    0.000206668     0.000759437     0.000759437     0.000759437     0.000412059     0.000152594     0.000566052
1166    0.000179801     0.000666467     0.000666467     0.000666467     0.000356313     0.000123633     0.000494147
1170    0.000173601     0.000648995     0.000648995     0.000648995     0.000332619     9.41273e-05     0.0004736
1174    0.000171534     0.00064677     0.00064677     0.00064677     0.000367436     0.000156023     0.000492192
1178    0.000144668     0.000550247     0.000550247     0.000550247     0.000309863     0.000127153     0.000417482
1182    0.000146734     0.000562829     0.000562829     0.000562829     0.000316332     0.000127882     0.000427048
1186    0.000121934     0.000471861     0.000471861     0.000471861     0.000261653     0.000100165     0.000356317
1190    0.000152934     0.000596878     0.000596878     0.000596878     0.000346377     0.000153197     0.000459431
1194    0.000121934     0.000479675     0.000479675     0.000479675     0.000265376     9.93561e-05     0.000362341
1198    0.000142601     0.000566098     0.000566098     0.000566098     0.000314386     0.000118546     0.00042855
1202    0.000159134     0.000636992     0.000636992     0.000636992     0.00032887     8.77325e-05     0.000469068
1206    0.000144668     0.000584071     0.000584071     0.000584071     0.000323196     0.000118151     0.000442184
1210    0.000134334     0.000546962     0.000546962     0.000546962     0.000314101     0.000130252     0.000420571
1214    9.50672e-05     0.00039012     0.00039012     0.00039012     0.000185147     2.26671e-05     0.00027907
1218    0.000121934     0.000504539     0.000504539     0.000504539     0.000287819     0.000115232     0.00038738
1222    0.000113667     0.00047479     0.00047479     0.00047479     0.000270941     0.000107647     0.000364887
1226    0.000119867     0.000504716     0.000504716     0.000504716     0.000261314     6.5449e-05     0.00037377
1230    0.000117801     0.000500032     0.000500032     0.000500032     0.000283711     0.000108915     0.000383881
1234    0.000113667     0.000486275     0.000486275     0.000486275     0.000275096     0.000103668     0.000373127
1238    0.000119867     0.000516951     0.000516951     0.000516951     0.000291785     0.000108219     0.000396548
1242    0.000105401     0.00045835     0.00045835     0.00045835     0.000245078     7.02122e-05     0.000344623
1246    0.000124001     0.000543939     0.000543939     0.000543939     0.000266646     3.82158e-05     0.000396395
1250    0.000107467     0.000475167     0.000475167     0.000475167     0.00025352     7.01717e-05     0.000357465
1254    9.71339e-05     0.000432986     0.000432986     0.000432986     0.000229213     5.99784e-05     0.000324983
1258    8.26672e-05     0.000371462     0.000371462     0.000371462     0.000167978     -1.83561e-06     0.000263856
1262    0.000115734     0.000524075     0.000524075     0.000524075     0.000291688     9.66049e-05     0.000401527
1266    9.92006e-05     0.000453039     0.000453039     0.000453039     0.000238482     5.7613e-05     0.000340128
1270    8.47338e-05     0.00039023     0.00039023     0.00039023     0.000216366     6.91206e-05     0.000298937
1274    8.47338e-05     0.000393118     0.000393118     0.000393118     0.00021753     6.82855e-05     0.00030108
1278    9.30006e-05     0.000434979     0.000434979     0.000434979     0.000227004     4.93014e-05     0.000326239
1282    6.20004e-05     0.000292551     0.000292551     0.000292551     0.000161467     4.8794e-05     0.000224207
1286    8.47338e-05     0.000402808     0.000402808     0.000402808     0.000221565     6.50123e-05     0.00030854
1290    7.23338e-05     0.000346637     0.000346637     0.000346637     0.000176888     2.95797e-05     0.000258553
1294    5.99337e-05     0.000289351     0.000289351     0.000289351     0.000158694     4.48783e-05     0.000221679
1298    6.82004e-05     0.000331765     0.000331765     0.000331765     0.000167796     2.43351e-05     0.000247018
1302    7.23338e-05     0.000354533     0.000354533     0.000354533     0.000193516     5.17913e-05     0.000271551
1306    7.64671e-05     0.000377945     0.000377945     0.000377945     0.000206127     5.40941e-05     0.000289625
1310    8.06005e-05     0.000401308     0.000401308     0.000401308     0.000191041     4.24357e-06     0.00029344
1314    8.68005e-05     0.000435306     0.000435306     0.000435306     0.000236204     5.858e-05     0.000333378
1318    6.20004e-05     0.000313538     0.000313538     0.000313538     0.000141965     -1.18085e-05     0.000225898
1322    4.96003e-05     0.000252872     0.000252872     0.000252872     0.000136741     3.20308e-05     0.00019373
1326    8.06005e-05     0.000413945     0.000413945     0.000413945     0.000223544     5.10101e-05     0.000317219
1330    4.96003e-05     0.000256737     0.000256737     0.000256737     0.000138203     3.02683e-05     0.000196665
1334    5.37337e-05     0.000279924     0.000279924     0.000279924     0.000150418     3.20872e-05     0.000214403
1338    7.02671e-05     0.000368856     0.000368856     0.000368856     0.000198183     4.14642e-05     0.000282718
1342    6.4067e-05     0.00033868     0.00033868     0.00033868     0.000181372     3.60542e-05     0.000259531
1346    5.7867e-05     0.000308533     0.000308533     0.000308533     0.000165139     3.20092e-05     0.000236567
1350    4.54669e-05     0.000244138     0.000244138     0.000244138     0.000116511     -2.43486e-06     0.000180207
1354    5.37337e-05     0.000290625     0.000290625     0.000290625     0.000141004     9.37324e-07     0.000215843
1358    5.1667e-05     0.000281565     0.000281565     0.000281565     0.000135897     -1.15719e-06     0.000208941
1362    3.92669e-05     0.000215501     0.000215501     0.000215501     0.000100375     -8.60572e-06     0.000158284
1366    6.20004e-05     0.000342597     0.000342597     0.000342597     0.000181971     2.9228e-05     0.000262947
1370    4.96003e-05     0.000276111     0.000276111     0.000276111     0.000132562     -4.52993e-06     0.000205086
1374    5.1667e-05     0.000289672     0.000289672     0.000289672     0.000125528     -3.18634e-05     0.000208627
1378    5.99337e-05     0.000338737     0.000338737     0.000338737     0.000150443     -3.11101e-05     0.000246027
1382    4.54669e-05     0.000258503     0.000258503     0.000258503     0.000136259     1.76635e-05     0.000198503
1386    4.96003e-05     0.000284007     0.000284007     0.000284007     0.000149764     1.90588e-05     0.00021824
1390    3.10002e-05     0.000178882     0.000178882     0.000178882     7.98622e-05     -1.71016e-05     0.000130514
1394    3.51335e-05     0.000204287     0.000204287     0.000204287     9.29277e-05     -1.66859e-05     0.000150036
1398    3.30669e-05     0.000193642     0.000193642     0.000193642     8.74092e-05     -1.75687e-05     0.000141995
1402    3.10002e-05     0.000182614     0.000182614     0.000182614     9.55964e-05     9.07593e-06     0.000140444
1406    5.99337e-05     0.000355549     0.000355549     0.000355549     0.000186119     1.69264e-05     0.000273622
1410    4.75336e-05     0.000283955     0.000283955     0.000283955     0.000148519     1.26824e-05     0.000218613
1414    5.99337e-05     0.000360737     0.000360737     0.000360737     0.000188237     1.42055e-05     0.000277769
1418    2.89335e-05     0.000175223     0.000175223     0.000175223     9.12463e-05     6.17765e-06     0.000134917
1422    4.54669e-05     0.000277373     0.000277373     0.000277373     0.000129655     -2.08973e-05     0.000206704
1426    2.27335e-05     0.000139459     0.000139459     0.000139459     5.79909e-05     -2.52335e-05     0.000100531
1430    2.68668e-05     0.000166172     0.000166172     0.000166172     8.62311e-05     3.93433e-06     0.000128129
1434    3.72002e-05     0.000231644     0.000231644     0.000231644     0.000105703     -2.44597e-05     0.000171835
1438    2.27335e-05     0.000142492     0.000142492     0.000142492     7.37985e-05     2.47238e-06     0.00010995
1442    3.92669e-05     0.000247786     0.000247786     0.000247786     0.000128318     3.50196e-06     0.000191377
1446    2.06668e-05     0.000131361     0.000131361     0.000131361     6.77676e-05     9.92008e-07     0.000101414
1450    3.30669e-05     0.000211525     0.000211525     0.000211525     0.000109035     9.4881e-07     0.000163372
1454    2.68668e-05     0.000172883     0.000172883     0.000172883     8.91285e-05     5.29542e-07     0.000133597
1458    3.51335e-05     0.000227657     0.000227657     0.000227657     0.00011728     -2.18323e-07     0.000176058
1462    3.10002e-05     0.000202117     0.000202117     0.000202117     0.000103844     -1.42048e-06     0.000156326
1466    3.10002e-05     0.000203595     0.000203595     0.000203595     8.98821e-05     -3.24647e-05     0.000150737
1470    2.48001e-05     0.000163826     0.000163826     0.000163826     8.40255e-05     -2.16924e-06     0.00012681
1474    2.48001e-05     0.0001649     0.0001649     0.0001649     8.45429e-05     -2.65907e-06     0.00012772
1478    3.72002e-05     0.00024906     0.00024906     0.00024906     0.000112951     -3.56084e-05     0.000186279
1482    3.72002e-05     0.000250712     0.000250712     0.000250712     0.000113663     -3.68624e-05     0.000187713
1486    2.48001e-05     0.000168099     0.000168099     0.000168099     7.13228e-05     -3.5492e-05     0.000123733
1490    3.51335e-05     0.000239748     0.000239748     0.000239748     0.00012251     -7.54318e-06     0.000186149
1494    2.27335e-05     0.000156015     0.000156015     0.000156015     7.96269e-05     -5.42744e-06     0.000121162
1498    2.89335e-05     0.000200099     0.000200099     0.000200099     0.000101832     -8.14844e-06     0.00015539
1502    2.68668e-05     0.000187171     0.000187171     0.000187171     9.54205e-05     -7.91565e-06     0.00014557
1506    1.44668e-05     0.000101211     0.000101211     0.000101211     5.1553e-05     -4.57598e-06     7.87401e-05
1510    3.30669e-05     0.00023302     0.00023302     0.00023302     0.000118574     -1.16983e-05     0.000181433
1514    3.51335e-05     0.000249114     0.000249114     0.000249114     0.000111885     -4.49424e-05     0.000187392
1518    2.68668e-05     0.000191552     0.000191552     0.000191552     8.24151e-05     -4.28477e-05     0.000142581
1522    3.30669e-05     0.000237326     0.000237326     0.000237326     0.000120602     -1.42215e-05     0.000185133
1526    2.06668e-05     0.000149192     0.000149192     0.000149192     7.56854e-05     -9.59812e-06     0.000116405
1530    1.86001e-05     0.000135053     0.000135053     0.000135053     3.87493e-05     -7.35224e-05     9.22125e-05
1534    3.30669e-05     0.000241543     0.000241543     0.000241543     0.000122098     -1.77861e-05     0.000188543
1538    1.65334e-05     0.000121467     0.000121467     0.000121467     6.13892e-05     -9.32929e-06     9.48864e-05
1542    1.65334e-05     0.000122349     0.000122349     0.000122349     6.18092e-05     -9.90638e-06     9.56584e-05
1546    2.89335e-05     0.000215251     0.000215251     0.000215251     9.36915e-05     -5.10495e-05     0.000161813
1550    2.48001e-05     0.000185636     0.000185636     0.000185636     7.87658e-05     -4.9153e-05     0.000138794
1554    2.06668e-05     0.000155758     0.000155758     0.000155758     6.36837e-05     -4.69497e-05     0.000115489
1558    3.10002e-05     0.000234597     0.000234597     0.000234597     0.000118179     -2.23648e-05     0.000183817
1562    2.89335e-05     0.00022051     0.00022051     0.00022051     9.62512e-05     -5.47138e-05     0.000166503
1566    1.65334e-05     0.000126579     0.000126579     0.000126579     4.877e-05     -4.61185e-05     9.28334e-05
1570    2.06668e-05     0.000159283     0.000159283     0.000159283     6.51974e-05     -5.02513e-05     0.000118622
1574    1.65334e-05     0.000128305     0.000128305     0.000128305     6.45303e-05     -1.41205e-05     0.000100822
1578    2.89335e-05     0.0002258     0.0002258     0.0002258     0.000113434     -2.56927e-05     0.000177485
1582    1.65334e-05     0.000129715     0.000129715     0.000129715     6.51965e-05     -1.51881e-05     0.000102075
1586    1.03334e-05     8.15336e-05     8.15336e-05     8.15336e-05     4.09368e-05     -9.90022e-06     6.41914e-05
1590    1.24001e-05     9.83432e-05     9.83432e-05     9.83432e-05     4.93744e-05     -1.21525e-05     7.74648e-05
1594    1.24001e-05     9.89972e-05     9.89972e-05     9.89972e-05     4.96637e-05     -1.27786e-05     7.80519e-05
1598    1.65334e-05     0.000132665     0.000132665     0.000132665     6.64731e-05     -1.75711e-05     0.000104613
1602    1.86001e-05     0.000150053     0.000150053     0.000150053     6.02999e-05     -5.43761e-05     0.000112154
1606    1.44668e-05     0.000117491     0.000117491     0.000117491     5.89035e-05     -1.63536e-05     9.28293e-05
1610    1.86001e-05     0.000151983     0.000151983     0.000151983     7.63069e-05     -2.14634e-05     0.000120235
1614    1.24001e-05     0.000101808     0.000101808     0.000101808     5.10882e-05     -1.46685e-05     8.05728e-05
1618    2.27335e-05     0.000187743     0.000187743     0.000187743     9.40311e-05     -2.79709e-05     0.000148604
1622    1.44668e-05     0.000120197     0.000120197     0.000120197     4.50728e-05     -5.33509e-05     8.89342e-05
1626    8.26672e-06     6.89514e-05     6.89514e-05     6.89514e-05     3.44861e-05     -1.08091e-05     5.46353e-05
1630    1.86001e-05     0.000156078     0.000156078     0.000156078     7.81296e-05     -2.49144e-05     0.000123813
1634    1.24001e-05     0.000104713     0.000104713     0.000104713     5.23572e-05     -1.73146e-05     8.31253e-05
1638    1.24001e-05     0.000105259     0.000105259     0.000105259     5.25546e-05     -1.78027e-05     8.35674e-05
1642    1.44668e-05     0.000123391     0.000123391     0.000123391     6.16617e-05     -2.12544e-05     9.80787e-05
1646    2.06668e-05     0.000177343     0.000177343     0.000177343     5.85095e-05     -0.000101917     0.000128758
1650    4.13336e-06     3.56656e-05     3.56656e-05     3.56656e-05     1.78261e-05     -6.36314e-06     2.83908e-05
1654    2.27335e-05     0.000197146     0.000197146     0.000197146     9.86094e-05     -3.5568e-05     0.000157066
1658    6.20004e-06     5.40492e-05     5.40492e-05     5.40492e-05     1.19598e-05     -4.56461e-05     3.69813e-05
1662    1.44668e-05     0.00012669     0.00012669     0.00012669     6.3471e-05     -2.35977e-05     0.000101149
1666    1.24001e-05     0.000109249     0.000109249     0.000109249     5.46556e-05     -2.0843e-05     8.72478e-05
1670    1.03334e-05     9.14739e-05     9.14739e-05     9.14739e-05     4.57219e-05     -1.776e-05     7.30727e-05
1674    1.24001e-05     0.000110464     0.000110464     0.000110464     5.51804e-05     -2.20778e-05     8.83232e-05
1678    1.24001e-05     0.000110947     0.000110947     0.000110947     5.54407e-05     -2.2453e-05     8.87731e-05
1682    1.65334e-05     0.00014892     0.00014892     0.00014892     7.43617e-05     -3.09271e-05     0.000119246
1686    1.03334e-05     9.35147e-05     9.35147e-05     9.35147e-05     4.66985e-05     -1.97476e-05     7.49383e-05
1690    6.20004e-06     5.63587e-05     5.63587e-05     5.63587e-05     2.81473e-05     -1.20263e-05     4.51872e-05
1694    1.44668e-05     0.00013238     0.00013238     0.00013238     6.61518e-05     -2.88009e-05     0.000106263
1698    1.86001e-05     0.000171094     0.000171094     0.000171094     8.55388e-05     -3.75631e-05     0.00013743
1702    1.24001e-05     0.000114429     0.000114429     0.000114429     2.70375e-05     -9.94889e-05     8.01729e-05
1706    8.26672e-06     7.66825e-05     7.66825e-05     7.66825e-05     3.82714e-05     -1.76047e-05     6.16687e-05
1710    0     0     0     0     -1.50274e-05     -3.6922e-05     -5.86824e-06
1714    1.03334e-05     9.69172e-05     9.69172e-05     9.69172e-05     4.84211e-05     -2.27692e-05     7.80666e-05
1718    8.26672e-06     7.78648e-05     7.78648e-05     7.78648e-05     3.896e-05     -1.84347e-05     6.27883e-05
1722    6.20004e-06     5.87595e-05     5.87595e-05     5.87595e-05     2.94366e-05     -1.40949e-05     4.74397e-05
1726    6.20004e-06     5.90632e-05     5.90632e-05     5.90632e-05     2.95531e-05     -1.4531e-05     4.77153e-05
1730    2.06668e-06     1.97713e-05     1.97713e-05     1.97713e-05     9.89285e-06     -4.86424e-06     1.59726e-05
1734    1.24001e-05     0.000119152     0.000119152     0.000119152     5.96542e-05     -2.98798e-05     9.63749e-05
1738    6.20004e-06     5.99523e-05     5.99523e-05     5.99523e-05     3.0031e-05     -1.52284e-05     4.8535e-05
1742    4.13336e-06     4.0196e-05     4.0196e-05     4.0196e-05     2.02046e-05     -1.02268e-05     3.25973e-05
1746    1.03334e-05     0.000100846     0.000100846     0.000100846     5.06223e-05     -2.60213e-05     8.17853e-05
1750    6.20004e-06     6.08493e-05     6.08493e-05     6.08493e-05     3.05099e-05     -1.60599e-05     4.93769e-05
1754    1.03334e-05     0.000101918     0.000101918     0.000101918     3.62462e-05     -6.50722e-05     7.71649e-05
1758    8.26672e-06     8.1925e-05     8.1925e-05     8.1925e-05     4.1111e-05     -2.21891e-05     6.65917e-05
1762    6.20004e-06     6.16522e-05     6.16522e-05     6.16522e-05     3.0965e-05     -1.69278e-05     5.01688e-05
1766    2.06668e-06     2.06531e-05     2.06531e-05     2.06531e-05     1.03514e-05     -5.8269e-06     1.68132e-05
1770    1.24001e-05     0.000124651     0.000124651     0.000124651     6.25504e-05     -3.53789e-05     0.000101564
1774    1.65334e-05     0.000166876     0.000166876     0.000166876     8.37875e-05     -4.7715e-05     0.000136056
1778    1.24001e-05     0.000125843     0.000125843     0.000125843     6.31828e-05     -3.64583e-05     0.000102669
1782    0     0     0     0     0     0     0
1786    4.13336e-06     4.23262e-05     4.23262e-05     4.23262e-05     2.12903e-05     -1.24714e-05     3.45923e-05
1790    6.20004e-06     6.38017e-05     6.38017e-05     6.38017e-05     1.71529e-05     -5.80561e-05     4.67001e-05
1794    8.26672e-06     8.5515e-05     8.5515e-05     8.5515e-05     4.31096e-05     -2.56965e-05     7.0032e-05
1798    6.20004e-06     6.43759e-05     6.43759e-05     6.43759e-05     3.24882e-05     -1.94944e-05     5.27677e-05
1802    4.13336e-06     4.31287e-05     4.31287e-05     4.31287e-05     2.17243e-05     -1.33853e-05     3.53673e-05
1806    0     0     0     0     -1.4864e-05     -3.93997e-05     -5.36841e-06
1810    8.26672e-06     8.71237e-05     8.71237e-05     8.71237e-05     4.39463e-05     -2.75452e-05     7.15603e-05
1814    0     0     0     0     0     0     0
1818    8.26672e-06     8.79594e-05     8.79594e-05     8.79594e-05     4.4366e-05     -2.84912e-05     7.23396e-05
1822    2.06668e-06     2.21248e-05     2.21248e-05     2.21248e-05     -3.67818e-06     -4.70669e-05     1.29157e-05
1826    4.13336e-06     4.43069e-05     4.43069e-05     4.43069e-05     2.23909e-05     -1.45751e-05     3.65006e-05
1830    8.26672e-06     8.91066e-05     8.91066e-05     8.91066e-05     4.50757e-05     -2.95362e-05     7.34702e-05
1834    2.06668e-06     2.23887e-05     2.23887e-05     2.23887e-05     1.13349e-05     -7.48324e-06     1.8475e-05
1838    8.26672e-06     8.99099e-05     8.99099e-05     8.99099e-05     4.5573e-05     -3.0368e-05     7.42752e-05
1842    6.20004e-06     6.76626e-05     6.76626e-05     6.76626e-05     3.42717e-05     -2.32707e-05     5.59346e-05
1846    8.26672e-06     9.06645e-05     9.06645e-05     9.06645e-05     3.13008e-05     -7.13986e-05     6.98658e-05
1850    0     0     0     0     0     0     0
1854    4.13336e-06     4.57474e-05     4.57474e-05     4.57474e-05     2.3205e-05     -1.61202e-05     3.78929e-05
1858    4.13336e-06     4.60286e-05     4.60286e-05     4.60286e-05     2.34111e-05     -1.62916e-05     3.81791e-05
1862    8.26672e-06     9.24209e-05     9.24209e-05     9.24209e-05     4.70716e-05     -3.30225e-05     7.67454e-05
1866    2.06668e-06     2.32511e-05     2.32511e-05     2.32511e-05     1.18343e-05     -8.45273e-06     1.93205e-05
1870    8.26672e-06     9.3095e-05     9.3095e-05     9.3095e-05     4.74076e-05     -3.38987e-05     7.73813e-05
1874    0     0     0     0     0     0     0
1878    4.13336e-06     4.69579e-05     4.69579e-05     4.69579e-05     2.39966e-05     -1.72982e-05     3.91156e-05
1882    4.13336e-06     4.72383e-05     4.72383e-05     4.72383e-05     2.40931e-05     -1.77882e-05     3.93649e-05
1886    8.26672e-06     9.48696e-05     9.48696e-05     9.48696e-05     4.8422e-05     -3.60069e-05     7.91165e-05
1890    6.20004e-06     7.13503e-05     7.13503e-05     7.13503e-05     2.17414e-05     -6.85696e-05     5.45418e-05
1894    0     0     0     0     0     0     0
1898    4.13336e-06     4.80339e-05     4.80339e-05     4.80339e-05     2.46486e-05     -1.84385e-05     4.01735e-05
1902    4.13336e-06     4.8244e-05     4.8244e-05     4.8244e-05     2.47456e-05     -1.8811e-05     4.03771e-05
1906    6.20004e-06     7.28145e-05     7.28145e-05     7.28145e-05     3.73979e-05     -2.86419e-05     6.1005e-05
1910    6.20004e-06     7.29969e-05     7.29969e-05     7.29969e-05     3.75069e-05     -2.88023e-05     6.11787e-05
1914    0     0     0     0     0     0     0
1918    8.26672e-06     9.82794e-05     9.82794e-05     9.82794e-05     5.0601e-05     -3.93682e-05     8.2508e-05
1922    2.06668e-06     2.46954e-05     2.46954e-05     2.46954e-05     1.27316e-05     -9.97877e-06     2.07537e-05
1926    6.20004e-06     7.41811e-05     7.41811e-05     7.41811e-05     3.82795e-05     -3.00062e-05     6.23683e-05
1930    6.20004e-06     7.45152e-05     7.45152e-05     7.45152e-05     3.85199e-05     -3.03507e-05     6.27187e-05
1934    0     0     0     0     0     0     0
1938    4.13336e-06     5.00983e-05     5.00983e-05     5.00983e-05     2.59356e-05     -2.07513e-05     4.22321e-05
1942    6.20004e-06     7.5486e-05     7.5486e-05     7.5486e-05     3.91066e-05     -3.16008e-05     6.36894e-05
1946    2.06668e-06     2.52528e-05     2.52528e-05     2.52528e-05     1.31132e-05     -1.06204e-05     2.1332e-05
1950    2.06668e-06     2.53537e-05     2.53537e-05     2.53537e-05     1.31655e-05     -1.06628e-05     2.14172e-05
1954    2.06668e-06     2.54829e-05     2.54829e-05     2.54829e-05     1.32215e-05     -1.08899e-05     2.15386e-05
1958    0     0     0     0     0     0     0
1962    2.06668e-06     2.56504e-05     2.56504e-05     2.56504e-05     1.33712e-05     -1.10584e-05     2.17315e-05
1966    2.06668e-06     2.57949e-05     2.57949e-05     2.57949e-05     1.34248e-05     -1.13278e-05     2.18626e-05
1970    4.13336e-06     5.18371e-05     5.18371e-05     5.18371e-05     2.70467e-05     -2.28466e-05     4.39878e-05
1974    2.06668e-06     2.60537e-05     2.60537e-05     2.60537e-05     1.36033e-05     -1.15989e-05     2.21271e-05
1978    8.26672e-06     0.000104417     0.000104417     0.000104417     4.01819e-05     -8.98446e-05     8.41588e-05
1982    4.13336e-06     5.24676e-05     5.24676e-05     5.24676e-05     2.74682e-05     -2.34281e-05     4.46143e-05
1986    4.13336e-06     5.25921e-05     5.25921e-05     5.25921e-05     2.75415e-05     -2.36052e-05     4.47382e-05
1990    0     0     0     0     0     0     0
1994    2.06668e-06     2.64789e-05     2.64789e-05     2.64789e-05     1.3898e-05     -1.20094e-05     2.25578e-05
1998    4.13336e-06     5.32656e-05     5.32656e-05     5.32656e-05     2.7869e-05     -2.44296e-05     4.53502e-05
2002    0     0     0     0     0     0     0
2006    6.20004e-06     8.05363e-05     8.05363e-05     8.05363e-05     8.05363e-05     8.05363e-05     8.05363e-05
2010    4.13336e-06     5.37962e-05     5.37962e-05     5.37962e-05     5.37962e-05     5.37962e-05     5.37962e-05
2014    4.13336e-06     5.4058e-05     5.4058e-05     5.4058e-05     5.4058e-05     5.4058e-05     5.4058e-05
2018    2.06668e-06     2.7211e-05     2.7211e-05     2.7211e-05     2.7211e-05     2.7211e-05     2.7211e-05
2022    2.06668e-06     2.72724e-05     2.72724e-05     2.72724e-05     2.72724e-05     2.72724e-05     2.72724e-05
2026    2.06668e-06     2.73541e-05     2.73541e-05     2.73541e-05     2.73541e-05     2.73541e-05     2.73541e-05
2030    4.13336e-06     5.49531e-05     5.49531e-05     5.49531e-05     5.49531e-05     5.49531e-05     5.49531e-05
2034    8.26672e-06     0.000110262     0.000110262     0.000110262     0.000110262     0.000110262     0.000110262
2038    0     0     0     0     0     0     0
2042    2.06668e-06     2.78232e-05     2.78232e-05     2.78232e-05     2.78232e-05     2.78232e-05     2.78232e-05
2046    2.06668e-06     2.78777e-05     2.78777e-05     2.78777e-05     2.78777e-05     2.78777e-05     2.78777e-05
2050    2.06668e-06     2.79808e-05     2.79808e-05     2.79808e-05     2.79808e-05     2.79808e-05     2.79808e-05
2054    0     0     0     0     0     0     0
2058    0     0     0     0     0     0     0
2062    2.06668e-06     2.83172e-05     2.83172e-05     2.83172e-05     2.83172e-05     2.83172e-05     2.83172e-05
2066    0     0     0     0     0     0     0
2070    6.20004e-06     8.55624e-05     8.55624e-05     8.55624e-05     8.55624e-05     8.55624e-05     8.55624e-05
2074    2.06668e-06     2.86968e-05     2.86968e-05     2.86968e-05     2.86968e-05     2.86968e-05     2.86968e-05
2078    2.06668e-06     2.87503e-05     2.87503e-05     2.87503e-05     2.87503e-05     2.87503e-05     2.87503e-05
2082    4.13336e-06     5.77369e-05     5.77369e-05     5.77369e-05     5.77369e-05     5.77369e-05     5.77369e-05
2086    0     0     0     0     0     0     0
2090    0     0     0     0     0     0     0
2094    6.20004e-06     8.74409e-05     8.74409e-05     8.74409e-05     8.74409e-05     8.74409e-05     8.74409e-05
2098    4.13336e-06     5.86076e-05     5.86076e-05     5.86076e-05     5.86076e-05     5.86076e-05     5.86076e-05
2102    2.06668e-06     2.94499e-05     2.94499e-05     2.94499e-05     2.94499e-05     2.94499e-05     2.94499e-05
2106    0     0     0     0     0     0     0
2110    2.06668e-06     2.95648e-05     2.95648e-05     2.95648e-05     2.95648e-05     2.95648e-05     2.95648e-05
2114    2.06668e-06     2.976e-05     2.976e-05     2.976e-05     2.976e-05     2.976e-05     2.976e-05
2118    2.06668e-06     2.98477e-05     2.98477e-05     2.98477e-05     2.98477e-05     2.98477e-05     2.98477e-05
2122    2.06668e-06     2.98997e-05     2.98997e-05     2.98997e-05     2.98997e-05     2.98997e-05     2.98997e-05
2126    0     0     0     0     0     0     0
2130    2.06668e-06     3.0172e-05     3.0172e-05     3.0172e-05     3.0172e-05     3.0172e-05     3.0172e-05
2134    2.06668e-06     3.03071e-05     3.03071e-05     3.03071e-05     3.03071e-05     3.03071e-05     3.03071e-05
2138    0     0     0     0     0     0     0
2142    0     0     0     0     0     0     0
2146    2.06668e-06     3.05281e-05     3.05281e-05     3.05281e-05     3.05281e-05     3.05281e-05     3.05281e-05
2150    8.26672e-06     0.000122691     0.000122691     0.000122691     0.000122691     0.000122691     0.000122691
2154    0     0     0     0     0     0     0
2158    0     0     0     0     0     0     0
2162    4.13336e-06     6.20367e-05     6.20367e-05     6.20367e-05     6.20367e-05     6.20367e-05     6.20367e-05
2166    0     0     0     0     0     0     0
2170    0     0     0     0     0     0     0
2174    4.13336e-06     6.26442e-05     6.26442e-05     6.26442e-05     6.26442e-05     6.26442e-05     6.26442e-05
2178    2.06668e-06     3.14505e-05     3.14505e-05     3.14505e-05     3.14505e-05     3.14505e-05     3.14505e-05
2182    2.06668e-06     3.15269e-05     3.15269e-05     3.15269e-05     3.15269e-05     3.15269e-05     3.15269e-05
2186    2.06668e-06     3.16351e-05     3.16351e-05     3.16351e-05     3.16351e-05     3.16351e-05     3.16351e-05
2190    4.13336e-06     6.35311e-05     6.35311e-05     6.35311e-05     6.35311e-05     6.35311e-05     6.35311e-05
2194    2.06668e-06     3.18806e-05     3.18806e-05     3.18806e-05     3.18806e-05     3.18806e-05     3.18806e-05
2198    2.06668e-06     3.20355e-05     3.20355e-05     3.20355e-05     3.20355e-05     3.20355e-05     3.20355e-05
2202    0     0     0     0     0     0     0
2206    0     0     0     0     0     0     0
2210    0     0     0     0     0     0     0
2214    4.13336e-06     6.48696e-05     6.48696e-05     6.48696e-05     6.48696e-05     6.48696e-05     6.48696e-05
2218    0     0     0     0     0     0     0
2222    0     0     0     0     0     0     0
2226    0     0     0     0     0     0     0
2230    0     0     0     0     0     0     0
2234    0     0     0     0     0     0     0
2238    6.20004e-06     9.9296e-05     9.9296e-05     9.9296e-05     9.9296e-05     9.9296e-05     9.9296e-05
2242    2.06668e-06     3.32178e-05     3.32178e-05     3.32178e-05     3.32178e-05     3.32178e-05     3.32178e-05
2246    2.06668e-06     3.32759e-05     3.32759e-05     3.32759e-05     3.32759e-05     3.32759e-05     3.32759e-05
2250    0     0     0     0     0     0     0
2254    0     0     0     0     0     0     0
2258    0     0     0     0     0     0     0
2262    4.13336e-06     6.74645e-05     6.74645e-05     6.74645e-05     6.74645e-05     6.74645e-05     6.74645e-05
2266    0     0     0     0     0     0     0
2270    2.06668e-06     3.40036e-05     3.40036e-05     3.40036e-05     3.40036e-05     3.40036e-05     3.40036e-05
2274    2.06668e-06     3.40759e-05     3.40759e-05     3.40759e-05     3.40759e-05     3.40759e-05     3.40759e-05
2278    0     0     0     0     0     0     0
2282    0     0     0     0     0     0     0
2286    4.13336e-06     6.88827e-05     6.88827e-05     6.88827e-05     6.88827e-05     6.88827e-05     6.88827e-05
2290    0     0     0     0     0     0     0
2294    2.06668e-06     3.46413e-05     3.46413e-05     3.46413e-05     3.46413e-05     3.46413e-05     3.46413e-05
2298    0     0     0     0     0     0     0
2302    0     0     0     0     0     0     0
2306    2.06668e-06     3.49898e-05     3.49898e-05     3.49898e-05     3.49898e-05     3.49898e-05     3.49898e-05
2310    0     0     0     0     0     0     0
2314    2.06668e-06     3.52182e-05     3.52182e-05     3.52182e-05     3.52182e-05     3.52182e-05     3.52182e-05
2318    0     0     0     0     0     0     0
2322    0     0     0     0     0     0     0
2326    0     0     0     0     0     0     0
2330    0     0     0     0     0     0     0
2334    0     0     0     0     0     0     0
2338    2.06668e-06     3.58185e-05     3.58185e-05     3.58185e-05     3.58185e-05     3.58185e-05     3.58185e-05
2342    0     0     0     0     0     0     0
2346    2.06668e-06     3.61058e-05     3.61058e-05     3.61058e-05     3.61058e-05     3.61058e-05     3.61058e-05
2350    0     0     0     0     0     0     0
2354    0     0     0     0     0     0     0
2358    0     0     0     0     0     0     0
2362    0     0     0     0     0     0     0
2366    0     0     0     0     0     0     0
2370    0     0     0     0     0     0     0
2374    2.06668e-06     3.68556e-05     3.68556e-05     3.68556e-05     3.68556e-05     3.68556e-05     3.68556e-05
2378    0     0     0     0     0     0     0
2382    0     0     0     0     0     0     0
2386    0     0     0     0     0     0     0
2390    2.06668e-06     3.7315e-05     3.7315e-05     3.7315e-05     3.7315e-05     3.7315e-05     3.7315e-05
2394    0     0     0     0     0     0     0
2398    0     0     0     0     0     0     0
2402    0     0     0     0     0     0     0
2406    0     0     0     0     0     0     0
2410    0     0     0     0     0     0     0
2414    0     0     0     0     0     0     0
2418    2.06668e-06     3.80728e-05     3.80728e-05     3.80728e-05     3.80728e-05     3.80728e-05     3.80728e-05
2422    0     0     0     0     0     0     0
2426    0     0     0     0     0     0     0
2430    0     0     0     0     0     0     0
2434    0     0     0     0     0     0     0
2438    0     0     0     0     0     0     0
2442    4.13336e-06     7.75038e-05     7.75038e-05     7.75038e-05     7.75038e-05     7.75038e-05     7.75038e-05
2446    0     0     0     0     0     0     0
2450    2.06668e-06     3.88982e-05     3.88982e-05     3.88982e-05     3.88982e-05     3.88982e-05     3.88982e-05
2454    2.06668e-06     3.90819e-05     3.90819e-05     3.90819e-05     3.90819e-05     3.90819e-05     3.90819e-05
2458    0     0     0     0     0     0     0
2462    0     0     0     0     0     0     0
2466    2.06668e-06     3.93989e-05     3.93989e-05     3.93989e-05     3.93989e-05     3.93989e-05     3.93989e-05
2470    0     0     0     0     0     0     0
2474    0     0     0     0     0     0     0
2478    2.06668e-06     3.971e-05     3.971e-05     3.971e-05     3.971e-05     3.971e-05     3.971e-05
2482    0     0     0     0     0     0     0
2486    0     0     0     0     0     0     0
2490    2.06668e-06     4.002e-05     4.002e-05     4.002e-05     4.002e-05     4.002e-05     4.002e-05
2494    0     0     0     0     0     0     0
2498    0     0     0     0     0     0     0
2502    0     0     0     0     0     0     0
2506    0     0     0     0     0     0     0
2510    0     0     0     0     0     0     0
2514    0     0     0     0     0     0     0
2518    0     0     0     0     0     0     0
2522    0     0     0     0     0     0     0
2526    0     0     0     0     0     0     0
2530    0     0     0     0     0     0     0
2534    0     0     0     0     0     0     0
2538    0     0     0     0     0     0     0
2542    0     0     0     0     0     0     0
2546    0     0     0     0     0     0     0
2550    2.06668e-06     4.17521e-05     4.17521e-05     4.17521e-05     4.17521e-05     4.17521e-05     4.17521e-05
2554    0     0     0     0     0     0     0
2558    0     0     0     0     0     0     0
2562    2.06668e-06     4.21425e-05     4.21425e-05     4.21425e-05     4.21425e-05     4.21425e-05     4.21425e-05
2566    0     0     0     0     0     0     0
2570    0     0     0     0     0     0     0
2574    2.06668e-06     4.24798e-05     4.24798e-05     4.24798e-05     4.24798e-05     4.24798e-05     4.24798e-05
2578    0     0     0     0     0     0     0
2582    0     0     0     0     0     0     0
2586    2.06668e-06     4.28217e-05     4.28217e-05     4.28217e-05     4.28217e-05     4.28217e-05     4.28217e-05
2590    0     0     0     0     0     0     0
2594    2.06668e-06     4.30157e-05     4.30157e-05     4.30157e-05     4.30157e-05     4.30157e-05     4.30157e-05
2598    0     0     0     0     0     0     0
2602    0     0     0     0     0     0     0
2606    0     0     0     0     0     0     0
2610    0     0     0     0     0     0     0
2614    0     0     0     0     0     0     0
2618    0     0     0     0     0     0     0
2622    0     0     0     0     0     0     0
2626    0     0     0     0     0     0     0
2630    0     0     0     0     0     0     0
2634    0     0     0     0     0     0     0
2638    0     0     0     0     0     0     0
2642    0     0     0     0     0     0     0
2646    0     0     0     0     0     0     0
2650    0     0     0     0     0     0     0
2654    0     0     0     0     0     0     0
2658    0     0     0     0     0     0     0
2662    0     0     0     0     0     0     0
2666    2.06668e-06     4.50375e-05     4.50375e-05     4.50375e-05     4.50375e-05     4.50375e-05     4.50375e-05
2670    2.06668e-06     4.51269e-05     4.51269e-05     4.51269e-05     4.51269e-05     4.51269e-05     4.51269e-05
2674    0     0     0     0     0     0     0
2678    0     0     0     0     0     0     0
2682    0     0     0     0     0     0     0
2686    0     0     0     0     0     0     0
2690    0     0     0     0     0     0     0
2694    0     0     0     0     0     0     0
2698    0     0     0     0     0     0     0
2702    4.13336e-06     9.21618e-05     9.21618e-05     9.21618e-05     9.21618e-05     9.21618e-05     9.21618e-05
2706    0     0     0     0     0     0     0
2710    0     0     0     0     0     0     0
2714    0     0     0     0     0     0     0
2718    2.06668e-06     4.65238e-05     4.65238e-05     4.65238e-05     4.65238e-05     4.65238e-05     4.65238e-05
2722    0     0     0     0     0     0     0
2726    0     0     0     0     0     0     0
2730    0     0     0     0     0     0     0
2734    0     0     0     0     0     0     0
2738    0     0     0     0     0     0     0
2742    0     0     0     0     0     0     0
2746    0     0     0     0     0     0     0
2750    0     0     0     0     0     0     0
2754    0     0     0     0     0     0     0
2758    0     0     0     0     0     0     0
2762    0     0     0     0     0     0     0
2766    0     0     0     0     0     0     0
2770    0     0     0     0     0     0     0
2774    0     0     0     0     0     0     0
2778    0     0     0     0     0     0     0
2782    0     0     0     0     0     0     0
2786    0     0     0     0     0     0     0
2790    0     0     0     0     0     0     0
2794    0     0     0     0     0     0     0
2798    0     0     0     0     0     0     0
2802    0     0     0     0     0     0     0
2806    0     0     0     0     0     0     0
2810    0     0     0     0     0     0     0
2814    0     0     0     0     0     0     0
2818    0     0     0     0     0     0     0
2822    0     0     0     0     0     0     0
2826    0     0     0     0     0     0     0
2830    0     0     0     0     0     0     0
2834    0     0     0     0     0     0     0
2838    0     0     0     0     0     0     0
2842    0     0     0     0     0     0     0
2846    0     0     0     0     0     0     0
2850    0     0     0     0     0     0     0
2854    0     0     0     0     0     0     0
2858    0     0     0     0     0     0     0
2862    0     0     0     0     0     0     0
2866    0     0     0     0     0     0     0
2870    0     0     0     0     0     0     0
2874    0     0     0     0     0     0     0
2878    0     0     0     0     0     0     0
2882    0     0     0     0     0     0     0
2886    0     0     0     0     0     0     0
2890    0     0     0     0     0     0     0
2894    0     0     0     0     0     0     0
2898    0     0     0     0     0     0     0
2902    0     0     0     0     0     0     0
2906    0     0     0     0     0     0     0
2910    0     0     0     0     0     0     0
2914    0     0     0     0     0     0     0
2918    0     0     0     0     0     0     0
2922    0     0     0     0     0     0     0
2926    0     0     0     0     0     0     0
2930    0     0     0     0     0     0     0
2934    0     0     0     0     0     0     0
2938    0     0     0     0     0     0     0
2942    0     0     0     0     0     0     0
2946    0     0     0     0     0     0     0
2950    0     0     0     0     0     0     0
2954    0     0     0     0     0     0     0
2958    0     0     0     0     0     0     0
2962    0     0     0     0     0     0     0
2966    0     0     0     0     0     0     0
2970    0     0     0     0     0     0     0
2974    0     0     0     0     0     0     0
2978    0     0     0     0     0     0     0
2982    0     0     0     0     0     0     0
2986    0     0     0     0     0     0     0
2990    0     0     0     0     0     0     0
2994    0     0     0     0     0     0     0
2998    0     0     0     0     0     0     0
3002    0     0     0     0     0     0     0
3006    0     0     0     0     0     0     0
3010    0     0     0     0     0     0     0
3014    0     0     0     0     0     0     0
3018    2.06668e-06     5.52382e-05     5.52382e-05     5.52382e-05     5.52382e-05     5.52382e-05     5.52382e-05
3022    0     0     0     0     0     0     0
3026    0     0     0     0     0     0     0
3030    0     0     0     0     0     0     0
3034    0     0     0     0     0     0     0
3038    0     0     0     0     0     0     0
3042    0     0     0     0     0     0     0
3046    0     0     0     0     0     0     0
3050    0     0     0     0     0     0     0
3054    0     0     0     0     0     0     0
3058    0     0     0     0     0     0     0
3062    0     0     0     0     0     0     0
3066    2.06668e-06     5.66152e-05     5.66152e-05     5.66152e-05     5.66152e-05     5.66152e-05     5.66152e-05
3070    0     0     0     0     0     0     0
3074    0     0     0     0     0     0     0
3078    0     0     0     0     0     0     0
3082    0     0     0     0     0     0     0
3086    0     0     0     0     0     0     0
3090    0     0     0     0     0     0     0
3094    0     0     0     0     0     0     0
3098    0     0     0     0     0     0     0
3102    0     0     0     0     0     0     0
3106    0     0     0     0     0     0     0
3110    0     0     0     0     0     0     0
3114    0     0     0     0     0     0     0
3118    0     0     0     0     0     0     0
3122    0     0     0     0     0     0     0
3126    0     0     0     0     0     0     0
3130    0     0     0     0     0     0     0
3134    0     0     0     0     0     0     0
3138    0     0     0     0     0     0     0
3142    0     0     0     0     0     0     0
3146    0     0     0     0     0     0     0
3150    0     0     0     0     0     0     0
3154    0     0     0     0     0     0     0
3158    0     0     0     0     0     0     0
3162    0     0     0     0     0     0     0
3166    0     0     0     0     0     0     0
3170    0     0     0     0     0     0     0
3174    0     0     0     0     0     0     0
3178    0     0     0     0     0     0     0
3182    0     0     0     0     0     0     0
3186    0     0     0     0     0     0     0
3190    0     0     0     0     0     0     0
3194    0     0     0     0     0     0     0
3198    0     0     0     0     0     0     0
3202    0     0     0     0     0     0     0
3206    0     0     0     0     0     0     0
3210    0     0     0     0     0     0     0
3214    0     0     0     0     0     0     0
3218    0     0     0     0     0     0     0
3222    0     0     0     0     0     0     0
3226    0     0     0     0     0     0     0
3230    0     0     0     0     0     0     0
3234    0     0     0     0     0     0     0
3238    0     0     0     0     0     0     0
3242    0     0     0     0     0     0     0
3246    0     0     0     0     0     0     0
3250    0     0     0     0     0     0     0
3254    0     0     0     0     0     0     0
3258    0     0     0     0     0     0     0
3262    0     0     0     0     0     0     0
3266    0     0     0     0     0     0     0
3270    0     0     0     0     0     0     0
3274    0     0     0     0     0     0     0
3278    0     0     0     0     0     0     0
3282    0     0     0     0     0     0     0
3286    0     0     0     0     0     0     0
3290    0     0     0     0     0     0     0
3294    0     0     0     0     0     0     0
3298    0     0     0     0     0     0     0
3302    0     0     0     0     0     0     0
3306    0     0     0     0     0     0     0
3310    0     0     0     0     0     0     0
3314    0     0     0     0     0     0     0
3318    0     0     0     0     0     0     0
3322    0     0     0     0     0     0     0
3326    0     0     0     0     0     0     0
3330    0     0     0     0     0     0     0
3334    0     0     0     0     0     0     0
3338    0     0     0     0     0     0     0
3342    0     0     0     0     0     0     0
3346    0     0     0     0     0     0     0
3350    0     0     0     0     0     0     0
3354    0     0     0     0     0     0     0
3358    0     0     0     0     0     0     0
3362    0     0     0     0     0     0     0
3366    0     0     0     0     0     0     0
3370    0     0     0     0     0     0     0
3374    0     0     0     0     0     0     0
3378    0     0     0     0     0     0     0
3382    0     0     0     0     0     0     0
3386    0     0     0     0     0     0     0
3390    0     0     0     0     0     0     0
3394    0     0     0     0     0     0     0
3398    0     0     0     0     0     0     0
3402    0     0     0     0     0     0     0
3406    0     0     0     0     0     0     0
3410    0     0     0     0     0     0     0
3414    0     0     0     0     0     0     0
3418    0     0     0     0     0     0     0
3422    0     0     0     0     0     0     0
3426    0     0     0     0     0     0     0
3430    0     0     0     0     0     0     0
3434    0     0     0     0     0     0     0
3438    0     0     0     0     0     0     0
3442    0     0     0     0     0     0     0
3446    0     0     0     0     0     0     0
3450    0     0     0     0     0     0     0
3454    0     0     0     0     0     0     0
3458    0     0     0     0     0     0     0
3462    0     0     0     0     0     0     0
3466    0     0     0     0     0     0     0
3470    0     0     0     0     0     0     0
3474    0     0     0     0     0     0     0
3478    0     0     0     0     0     0     0
3482    0     0     0     0     0     0     0
3486    0     0     0     0     0     0     0
3490    0     0     0     0     0     0     0
3494    0     0     0     0     0     0     0
3498    0     0     0     0     0     0     0
3502    0     0     0     0     0     0     0
3506    0     0     0     0     0     0     0
3510    0     0     0     0     0     0     0
3514    0     0     0     0     0     0     0
3518    0     0     0     0     0     0     0
3522    0     0     0     0     0     0     0
3526    0     0     0     0     0     0     0
3530    0     0     0     0     0     0     0
3534    0     0     0     0     0     0     0
3538    0     0     0     0     0     0     0
3542    0     0     0     0     0     0     0
3546    0     0     0     0     0     0     0
3550    0     0     0     0     0     0     0
3554    0     0     0     0     0     0     0
3558    0     0     0     0     0     0     0
3562    0     0     0     0     0     0     0
3566    0     0     0     0     0     0     0
3570    0     0     0     0     0     0     0
3574    0     0     0     0     0     0     0
3578    0     0     0     0     0     0     0
3582    0     0     0     0     0     0     0
3586    0     0     0     0     0     0     0
3590    0     0     0     0     0     0     0
3594    0     0     0     0     0     0     0
3598    0     0     0     0     0     0     0
3602    0     0     0     0     0     0     0
3606    0     0     0     0     0     0     0
3610    0     0     0     0     0     0     0
3614    0     0     0     0     0     0     0
3618    0     0     0     0     0     0     0
3622    0     0     0     0     0     0     0
3626    0     0     0     0     0     0     0
3630    0     0     0     0     0     0     0
3634    0     0     0     0     0     0     0
3638    0     0     0     0     0     0     0
3642    0     0     0     0     0     0     0
3646    0     0     0     0     0     0     0
3650    0     0     0     0     0     0     0
3654    0     0     0     0     0     0     0
3658    0     0     0     0     0     0     0
3662    0     0     0     0     0     0     0
3666    0     0     0     0     0     0     0
3670    0     0     0     0     0     0     0
3674    0     0     0     0     0     0     0
3678    0     0     0     0     0     0     0
3682    0     0     0     0     0     0     0
3686    0     0     0     0     0     0     0
3690    0     0     0     0     0     0     0
3694    0     0     0     0     0     0     0
3698    0     0     0     0     0     0     0
3702    0     0     0     0     0     0     0
3706    0     0     0     0     0     0     0
3710    0     0     0     0     0     0     0
3714    0     0     0     0     0     0     0
3718    0     0     0     0     0     0     0
3722    0     0     0     0     0     0     0
3726    0     0     0     0     0     0     0
3730    0     0     0     0     0     0     0
3734    0     0     0     0     0     0     0
3738    0     0     0     0     0     0     0
3742    0     0     0     0     0     0     0
3746    0     0     0     0     0     0     0
3750    0     0     0     0     0     0     0
3754    0     0     0     0     0     0     0
3758    0     0     0     0     0     0     0
3762    0     0     0     0     0     0     0
3766    0     0     0     0     0     0     0
3770    0     0     0     0     0     0     0
3774    0     0     0     0     0     0     0
3778    0     0     0     0     0     0     0
3782    0     0     0     0     0     0     0
3786    0     0     0     0     0     0     0
3790    0     0     0     0     0     0     0
3794    0     0     0     0     0     0     0
3798    0     0     0     0     0     0     0
3802    0     0     0     0     0     0     0
3806    0     0     0     0     0     0     0
3810    0     0     0     0     0     0     0
3814    0     0     0     0     0     0     0
3818    0     0     0     0     0     0     0
3822    0     0     0     0     0     0     0
3826    0     0     0     0     0     0     0
3830    0     0     0     0     0     0     0
3834    0     0     0     0     0     0     0
3838    0     0     0     0     0     0     0
3842    0     0     0     0     0     0     0
3846    0     0     0     0     0     0     0
3850    0     0     0     0     0     0     0
3854    0     0     0     0     0     0     0
3858    0     0     0     0     0     0     0
3862    0     0     0     0     0     0     0
3866    0     0     0     0     0     0     0
3870    0     0     0     0     0     0     0
3874    0     0     0     0     0     0     0
3878    0     0     0     0     0     0     0
3882    0     0     0     0     0     0     0
3886    0     0     0     0     0     0     0
3890    0     0     0     0     0     0     0
3894    0     0     0     0     0     0     0
3898    0     0     0     0     0     0     0
3902    0     0     0     0     0     0     0
3906    0     0     0     0     0     0     0
3910    0     0     0     0     0     0     0
3914    0     0     0     0     0     0     0
3918    0     0     0     0     0     0     0
3922    0     0     0     0     0     0     0
3926    0     0     0     0     0     0     0
3930    0     0     0     0     0     0     0
3934    0     0     0     0     0     0     0
3938    0     0     0     0     0     0     0
3942    0     0     0     0     0     0     0
3946    0     0     0     0     0     0     0
3950    0     0     0     0     0     0     0
3954    0     0     0     0     0     0     0
3958    0     0     0     0     0     0     0
3962    0     0     0     0     0     0     0
3966    0     0     0     0     0     0     0
3970    0     0     0     0     0     0     0
3974    0     0     0     0     0     0     0
3978    0     0     0     0     0     0     0
3982    0     0     0     0     0     0     0
3986    0     0     0     0     0     0     0
3990    0     0     0     0     0     0     0
3994    0     0     0     0     0     0     0
3998    0     0     0     0     0     0     0
