2    0     0     0     0     0     0     0
6    1.32147e-06     1.11135e-09     1.11135e-09     1.11135e-09     1.11135e-09     1.11135e-09     1.11135e-09
10    5.28586e-06     2.87681e-09     2.87681e-09     2.87681e-09     2.87681e-09     2.87681e-09     2.87681e-09
14    1.32147e-05     5.13766e-09     5.13766e-09     5.13766e-09     5.13766e-09     5.13766e-09     5.13766e-09
18    2.90722e-05     8.36725e-09     8.36725e-09     8.36725e-09     8.36725e-09     8.36725e-09     8.36725e-09
22    1.45361e-05     3.31058e-09     3.31058e-09     3.31058e-09     3.31058e-09     3.31058e-09     3.31058e-09
26    2.64293e-05     4.65e-09     4.65e-09     4.65e-09     4.65e-09     4.65e-09     4.65e-09
30    5.55016e-05     8.26091e-09     8.26091e-09     8.26091e-09     8.26091e-09     8.26091e-09     8.26091e-09
34    7.13592e-05     8.96304e-09     8.96304e-09     8.96304e-09     8.96304e-09     8.96304e-09     8.96304e-09
38    6.34304e-05     6.85996e-09     6.85996e-09     6.85996e-09     6.85996e-09     6.85996e-09     6.85996e-09
42    6.47518e-05     6.0658e-09     6.0658e-09     6.0658e-09     6.0658e-09     6.0658e-09     6.0658e-09
46    7.92879e-05     6.5342e-09     6.5342e-09     6.5342e-09     6.5342e-09     6.5342e-09     6.5342e-09
50    8.19309e-05     6.07669e-09     6.07669e-09     6.07669e-09     6.07669e-09     6.07669e-09     6.07669e-09
54    8.98597e-05     5.97137e-09     5.97137e-09     5.97137e-09     5.97137e-09     5.97137e-09     5.97137e-09
58    0.000124218     7.64563e-09     7.64563e-09     7.64563e-09     7.64563e-09     7.64563e-09     7.64563e-09
62    0.00011761     6.73893e-09     6.73893e-09     6.73893e-09     6.73893e-09     6.73893e-09     6.73893e-09
66    0.00014404     7.72405e-09     7.72405e-09     7.72405e-09     7.72405e-09     7.72405e-09     7.72405e-09
70    0.000136111     6.96078e-09     6.96078e-09     6.96078e-09     6.96078e-09     6.96078e-09     6.96078e-09
74    0.000154611     7.57176e-09     7.57176e-09     7.57176e-09     7.57176e-09     7.57176e-09     7.57176e-09
78    0.000146683     6.94196e-09     6.94196e-09     6.94196e-09     6.94196e-09     6.94196e-09     6.94196e-09
82    0.000174433     8.06338e-09     8.06338e-09     8.06338e-09     8.06338e-09     8.06338e-09     8.06338e-09
86    0.000166505     7.58925e-09     7.58925e-09     7.58925e-09     7.58925e-09     7.58925e-09     7.58925e-09
90    0.000204827     9.25796e-09     9.25796e-09     9.25796e-09     9.25796e-09     9.25796e-09     9.25796e-09
94    0.000218042     9.83675e-09     9.83675e-09     9.83675e-09     9.83675e-09     9.83675e-09     9.83675e-09
98    0.000228614     1.0355e-08     1.0355e-08     1.0355e-08     1.0355e-08     1.0355e-08     1.0355e-08
102    0.000240507     1.0984e-08     1.0984e-08     1.0984e-08     1.0984e-08     1.0984e-08     1.0984e-08
106    0.000237864     1.10105e-08     1.10105e-08     1.10105e-08     1.10105e-08     1.10105e-08     1.10105e-08
110    0.000229935     1.09043e-08     1.09043e-08     1.09043e-08     1.09043e-08     1.09043e-08     1.09043e-08
114    0.000244471     1.2002e-08     1.2002e-08     1.2002e-08     1.2002e-08     1.2002e-08     1.2002e-08
118    0.0002524     1.30575e-08     1.30575e-08     1.30575e-08     1.30575e-08     1.30575e-08     1.30575e-08
122    0.000294687     1.64227e-08     1.64227e-08     1.64227e-08     1.64227e-08     1.64227e-08     1.64227e-08
126    0.000289401     1.77767e-08     1.77767e-08     1.77767e-08     1.77767e-08     1.77767e-08     1.77767e-08
130    0.000334331     2.31124e-08     2.31124e-08     2.31124e-08     2.31124e-08     2.31124e-08     2.31124e-08
134    0.000277508     2.23699e-08     2.23699e-08     2.23699e-08     2.23699e-08     2.23699e-08     2.23699e-08
138    0.000330366     3.1999e-08     3.1999e-08     3.1999e-08     3.1999e-08     3.1999e-08     3.1999e-08
142    0.000314509     3.77664e-08     3.77664e-08     3.77664e-08     3.77664e-08     3.77664e-08     3.77664e-08
146    0.000327724     5.10501e-08     5.10501e-08     5.10501e-08     5.10501e-08     5.10501e-08     5.10501e-08
150    0.000333009     7.19072e-08     7.19072e-08     7.19072e-08     7.19072e-08     7.19072e-08     7.19072e-08
154    0.000338295     1.08766e-07     1.08766e-07     1.08766e-07     1.08766e-07     1.08766e-07     1.08766e-07
158    0.000375296     2.30845e-07     2.30845e-07     2.30845e-07     2.30845e-07     2.30845e-07     2.30845e-07
162    0.000356796     5.71812e-07     5.71812e-07     5.71812e-07     5.71812e-07     5.71812e-07     5.71812e-07
166    0.000387189     1.1719e-06     1.1719e-06     1.1719e-06     1.1719e-06     1.1719e-06     1.1719e-06
170    0.000373975     1.54054e-06     1.54054e-06     1.54054e-06     1.54054e-06     1.54054e-06     1.54054e-06
174    0.000372653     1.875e-06     1.875e-06     1.875e-06     1.875e-06     1.875e-06     1.875e-06
178    0.000393797     2.32827e-06     2.32827e-06     2.32827e-06     2.32827e-06     2.32827e-06     2.32827e-06
182    0.000392475     2.78892e-06     2.78892e-06     2.78892e-06     2.78892e-06     2.78892e-06     2.78892e-06
186    0.000429476     3.72189e-06     3.72189e-06     3.72189e-06     3.72189e-06     3.72189e-06     3.72189e-06
190    0.000446655     4.49873e-06     4.49873e-06     4.49873e-06     4.49873e-06     4.49873e-06     4.49873e-06
194    0.000399083     4.51577e-06     4.51577e-06     4.51577e-06     4.51577e-06     4.51577e-06     4.51577e-06
198    0.000455906     5.70766e-06     5.70766e-06     5.70766e-06     5.70766e-06     5.70766e-06     5.70766e-06
202    0.000426833     5.82474e-06     5.82474e-06     5.82474e-06     5.82474e-06     5.82474e-06     5.82474e-06
206    0.000418905     6.23169e-06     6.23169e-06     6.23169e-06     6.23169e-06     6.23169e-06     6.23169e-06
210    0.000498193     8.01483e-06     8.01483e-06     8.01483e-06     0.00010385     0.000143671     7.61262e-05
214    0.000487621     8.45374e-06     8.45374e-06     8.45374e-06     0.000201802     0.000282195     0.000145824
218    0.0005048     9.3917e-06     9.3917e-06     9.3917e-06     0.00023039     0.000322432     0.000166276
222    0.000496871     9.85304e-06     9.85304e-06     9.85304e-06     0.000231503     0.000323971     0.000167083
226    0.000544444     1.14827e-05     1.14827e-05     1.14827e-05     0.000232536     0.00032489     0.000168228
230    0.000498193     1.11425e-05     1.11425e-05     1.11425e-05     0.000219892     0.000307162     0.000159077
234    0.0005233     1.24178e-05     1.24178e-05     1.24178e-05     0.00021476     0.000299381     0.000155739
238    0.000494228     1.24319e-05     1.24319e-05     1.24319e-05     0.000199405     0.00027764     0.000144856
242    0.000560301     1.48681e-05     1.48681e-05     1.48681e-05     0.000202228     0.000280698     0.000147437
246    0.00055898     1.56298e-05     1.56298e-05     1.56298e-05     0.000211297     0.000293372     0.000153994
250    0.000518015     1.5264e-05     1.5264e-05     1.5264e-05     0.000209076     0.000290349     0.000152315
254    0.000527265     1.63185e-05     1.63185e-05     1.63185e-05     0.00019529     0.000270221     0.000142916
258    0.000544444     1.76999e-05     1.76999e-05     1.76999e-05     0.000196114     0.000270626     0.000143956
262    0.000535194     1.82535e-05     1.82535e-05     1.82535e-05     0.000199304     0.000274742     0.000146433
266    0.000552373     1.97041e-05     1.97041e-05     1.97041e-05     0.000190358     0.000261487     0.000140464
270    0.000605231     2.25997e-05     2.25997e-05     2.25997e-05     0.00018647     0.00025488     0.000138483
274    0.000585409     2.28289e-05     2.28289e-05     2.28289e-05     0.000186117     0.000254428     0.000138203
278    0.000605231     2.46409e-05     2.46409e-05     2.46409e-05     0.000199388     0.000272625     0.000148001
282    0.000650161     2.76358e-05     2.76358e-05     2.76358e-05     0.000181694     0.000246209     0.000136411
286    0.000643554     2.85156e-05     2.85156e-05     2.85156e-05     0.00017649     0.000238369     0.000133023
290    0.000688484     3.17502e-05     3.17502e-05     3.17502e-05     0.00019421     0.00026217     0.000146467
294    0.000656769     3.14783e-05     3.14783e-05     3.14783e-05     0.000179401     0.000241372     0.000135864
298    0.000666019     3.31932e-05     3.31932e-05     3.31932e-05     0.000181971     0.000244442     0.000138064
302    0.000664697     3.43664e-05     3.43664e-05     3.43664e-05     0.000168191     0.000224414     0.000128656
306    0.000673948     3.61986e-05     3.61986e-05     3.61986e-05     0.000180896     0.000241656     0.000138167
310    0.000708306     3.94277e-05     3.94277e-05     3.94277e-05     0.00019026     0.000253523     0.000145734
314    0.000672626     3.87988e-05     3.87988e-05     3.87988e-05     0.000187588     0.000249922     0.000143671
318    0.000695091     4.15413e-05     4.15413e-05     4.15413e-05     0.000191213     0.000253879     0.000147026
322    0.000722842     4.4645e-05     4.4645e-05     4.4645e-05     0.000175503     0.000230228     0.000136884
326    0.00067659     4.31748e-05     4.31748e-05     4.31748e-05     0.000183068     0.000241491     0.000141806
330    0.000799487     5.2709e-05     5.2709e-05     5.2709e-05     0.000190801     0.000248313     0.000150138
334    0.000746628     5.07354e-05     5.07354e-05     5.07354e-05     0.000183626     0.000238727     0.0001446
338    0.000762486     5.34446e-05     5.34446e-05     5.34446e-05     0.000182983     0.000236355     0.000145081
342    0.000716234     5.18503e-05     5.18503e-05     5.18503e-05     0.000193958     0.000251833     0.000152682
346    0.000745307     5.57892e-05     5.57892e-05     5.57892e-05     0.000197651     0.000254598     0.00015685
350    0.000733414     5.70653e-05     5.70653e-05     5.70653e-05     0.000200215     0.000257361     0.000159195
354    0.000795522     6.47234e-05     6.47234e-05     6.47234e-05     0.000216658     0.000277439     0.000173047
358    0.00085631     7.30591e-05     7.30591e-05     7.30591e-05     0.00021956     0.000278493     0.000177329
362    0.000804773     7.18913e-05     7.18913e-05     7.18913e-05     0.000227285     0.00029037     0.000182173
366    0.000794201     7.40872e-05     7.40872e-05     7.40872e-05     0.000226726     0.000288976     0.000182252
370    0.000815344     7.93543e-05     7.93543e-05     7.93543e-05     0.00023064     0.000292577     0.000186412
374    0.000864239     8.77554e-05     8.77554e-05     8.77554e-05     0.000270765     0.000345988     0.000217084
378    0.000796844     8.43572e-05     8.43572e-05     8.43572e-05     0.000245393     0.000311974     0.000197955
382    0.000853667     9.41368e-05     9.41368e-05     9.41368e-05     0.00025981     0.000328812     0.000210723
386    0.000890668     0.000101975     0.000101975     0.000101975     0.000274171     0.000346242     0.000222956
390    0.00085631     0.000101731     0.000101731     0.000101731     0.000262882     0.00033062     0.000214794
394    0.000902561     0.000110924     0.000110924     0.000110924     0.000289963     0.000365532     0.000236369
398    0.000918419     0.000116767     0.000116767     0.000116767     0.000277824     0.00034606     0.000229476
402    0.000936919     0.00012316     0.00012316     0.00012316     0.000293504     0.000366062     0.000242146
406    0.000918419     0.0001246     0.0001246     0.0001246     0.000291256     0.000362552     0.000240847
410    0.000950134     0.00013305     0.00013305     0.00013305     0.000304853     0.000378618     0.000252739
414    0.000931633     0.000134456     0.000134456     0.000134456     0.000313371     0.000390471     0.000258936
418    0.00100564     0.000149397     0.000149397     0.000149397     0.000338394     0.000420097     0.000280733
422    0.000926348     0.000141524     0.000141524     0.000141524     0.000321574     0.000399834     0.00026642
426    0.00100564     0.000157789     0.000157789     0.000157789     0.000358197     0.000445653     0.000296616
430    0.00103339     0.000166509     0.000166509     0.000166509     0.000355153     0.000437752     0.000297032
434    0.00103471     0.000171161     0.000171161     0.000171161     0.000344613     0.000420773     0.000291055
438    0.00100564     0.000170705     0.000170705     0.000170705     0.000353797     0.000434372     0.000297159
442    0.00112192     0.000195269     0.000195269     0.000195269     0.000395939     0.000484719     0.000333616
446    0.00105982     0.000188922     0.000188922     0.000188922     0.000372219     0.00045376     0.000315054
450    0.00103735     0.000189173     0.000189173     0.000189173     0.000364401     0.000442674     0.000309582
454    0.00112985     0.000210732     0.000210732     0.000210732     0.00040077     0.00048594     0.000341166
458    0.00111532     0.00021269     0.00021269     0.00021269     0.00039227     0.000472932     0.000335844
462    0.00106774     0.000208118     0.000208118     0.000208118     0.000382061     0.000460239     0.000327362
466    0.00110475     0.000220024     0.000220024     0.000220024     0.000409595     0.000494767     0.000349976
470    0.00112325     0.000228517     0.000228517     0.000228517     0.000423016     0.000510414     0.000361819
474    0.00119593     0.000248309     0.000248309     0.000248309     0.000437147     0.000522072     0.00037768
478    0.001151     0.000243726     0.000243726     0.000243726     0.000414752     0.000491804     0.000360813
482    0.00118403     0.000255821     0.000255821     0.000255821     0.000483897     0.000587114     0.000411717
486    0.00123689     0.000272512     0.000272512     0.000272512     0.000484185     0.000580355     0.000417007
490    0.00123028     0.000276308     0.000276308     0.000276308     0.000466665     0.000553385     0.000406126
494    0.00120253     0.000275238     0.000275238     0.000275238     0.000468913     0.00055733     0.000407211
498    0.00126332     0.000294593     0.000294593     0.000294593     0.000516211     0.000617505     0.000445528
502    0.00118932     0.000282278     0.000282278     0.000282278     0.000484568     0.000577254     0.000419936
506    0.00127654     0.000308498     0.000308498     0.000308498     0.000512149     0.000605679     0.000446954
510    0.00134657     0.000331304     0.000331304     0.000331304     0.00055431     0.000657138     0.000482697
514    0.0013479     0.000337562     0.000337562     0.000337562     0.000531209     0.000620801     0.000468867
518    0.00138093     0.000351823     0.000351823     0.000351823     0.000574287     0.000677573     0.000502474
522    0.00131222     0.000340106     0.000340106     0.000340106     0.000584954     0.000699098     0.000505678
526    0.00137829     0.000363267     0.000363267     0.000363267     0.000549085     0.000635846     0.000488834
530    0.00134261     0.000359617     0.000359617     0.000359617     0.000585379     0.000690907     0.000512105
534    0.00143511     0.000390719     0.000390719     0.000390719     0.000631757     0.000744491     0.00055348
538    0.00132807     0.000367362     0.000367362     0.000367362     0.000573003     0.0006692     0.000506195
542    0.00145626     0.000409025     0.000409025     0.000409025     0.000626041     0.000727621     0.000555479
546    0.00157122     0.000448515     0.000448515     0.000448515     0.000725022     0.000854592     0.000635027
550    0.00160558     0.000465737     0.000465737     0.000465737     0.000708463     0.000822379     0.000629355
554    0.00154083     0.000454299     0.000454299     0.000454299     0.00069152     0.000803029     0.000614108
558    0.00154876     0.000463785     0.000463785     0.000463785     0.00070664     0.000821096     0.000627248
562    0.00159501     0.000484633     0.000484633     0.000484633     0.000750883     0.000876812     0.000663613
566    0.00158444     0.000487842     0.000487842     0.000487842     0.000761422     0.000891106     0.000671583
570    0.0016373     0.00051111     0.00051111     0.00051111     0.000798047     0.00093435     0.00070366
574    0.00170469     0.000540169     0.000540169     0.000540169     0.000813747     0.000943926     0.00072363
578    0.00157519     0.000507103     0.000507103     0.000507103     0.000753059     0.000870226     0.000671965
582    0.0016928     0.000553047     0.000553047     0.000553047     0.000814963     0.000939973     0.000728476
586    0.00171923     0.000569677     0.000569677     0.000569677     0.000841553     0.000971547     0.000751632
590    0.00175755     0.000591397     0.000591397     0.000591397     0.000866841     0.000998772     0.000775607
594    0.00174169     0.00059628     0.00059628     0.00059628     0.000876872     0.00101152     0.000783794
598    0.00183816     0.000640119     0.000640119     0.000640119     0.000961656     0.00111633     0.00085479
602    0.0018897     0.000668206     0.000668206     0.000668206     0.000997894     0.00115704     0.000888057
606    0.00194123     0.000695235     0.000695235     0.000695235     0.000968712     0.00110105     0.000877424
610    0.00195048     0.000707931     0.000707931     0.000707931     0.00100727     0.00115247     0.00090717
614    0.00202713     0.000746846     0.000746846     0.000746846     0.00105806     0.00120925     0.000953859
618    0.00204959     0.00076722     0.00076722     0.00076722     0.00106508     0.00120997     0.000965239
622    0.00197956     0.000753176     0.000753176     0.000753176     0.00104882     0.00119291     0.00094958
626    0.00207734     0.000802686     0.000802686     0.000802686     0.00113276     0.00129387     0.00102182
630    0.0021236     0.000832743     0.000832743     0.000832743     0.00124501     0.00144663     0.00110624
634    0.00209452     0.000833295     0.000833295     0.000833295     0.0012009     0.00138107     0.00107696
638    0.00215531     0.000870426     0.000870426     0.000870426     0.00122146     0.00139378     0.00110295
642    0.00218967     0.00089882     0.00089882     0.00089882     0.00123261     0.00139696     0.00111967
646    0.00215267     0.000898771     0.000898771     0.000898771     0.0012285     0.00139117     0.00111676
650    0.00221081     0.000939658     0.000939658     0.000939658     0.00126323     0.00142318     0.00115341
654    0.00224649     0.000971297     0.000971297     0.000971297     0.00133016     0.00150779     0.00120822
658    0.00223592     0.000983572     0.000983572     0.000983572     0.00134959     0.00153095     0.00122512
662    0.00227556     0.00101803     0.00101803     0.00101803     0.0014289     0.00163301     0.00128891
666    0.00231785     0.00105449     0.00105449     0.00105449     0.00141934     0.00160108     0.00129479
670    0.00243546     0.00112753     0.00112753     0.00112753     0.00150115     0.00168766     0.00137339
674    0.00240639     0.00113321     0.00113321     0.00113321     0.00150747     0.00169465     0.0013793
678    0.00253325     0.00121412     0.00121412     0.00121412     0.00160226     0.00179664     0.00146921
682    0.00251739     0.00122745     0.00122745     0.00122745     0.00166135     0.00187901     0.00151242
686    0.00263632     0.00130794     0.00130794     0.00130794     0.00171755     0.0019233     0.00157679
690    0.00258743     0.00130752     0.00130752     0.00130752     0.00172169     0.00193021     0.00157911
694    0.002635     0.00135792     0.00135792     0.00135792     0.0018007     0.0020242     0.00164799
698    0.00273015     0.00143652     0.00143652     0.00143652     0.00192082     0.00216591     0.00175347
702    0.0026905     0.00144509     0.00144509     0.00144509     0.00191648     0.00215583     0.00175321
706    0.0026839     0.0014711     0.0014711     0.0014711     0.0018952     0.00211092     0.0017481
710    0.002709     0.00151773     0.00151773     0.00151773     0.00195425     0.00217665     0.00180265
714    0.00275129     0.00157751     0.00157751     0.00157751     0.00209707     0.00236221     0.0019164
718    0.0028319     0.00166312     0.00166312     0.00166312     0.00222888     0.00251806     0.00203189
722    0.00282794     0.00169914     0.00169914     0.00169914     0.00224331     0.00252234     0.00205342
726    0.00294819     0.00181194     0.00181194     0.00181194     0.00234008     0.00261159     0.00215543
730    0.00293762     0.00184752     0.00184752     0.00184752     0.00234697     0.00260433     0.00217205
734    0.00297594     0.00191734     0.00191734     0.00191734     0.00246317     0.00274499     0.00227175
738    0.00292044     0.00193125     0.00193125     0.00193125     0.00249804     0.00279117     0.00229904
742    0.00299973     0.0020389     0.0020389     0.0020389     0.00257919     0.00285943     0.00238908
746    0.0028993     0.00202721     0.00202721     0.00202721     0.0026001     0.00289808     0.00239811
750    0.00307505     0.00221208     0.00221208     0.00221208     0.00277875     0.00307423     0.0025786
754    0.00300766     0.00222464     0.00222464     0.00222464     0.00279258     0.00308928     0.0025917
758    0.00300369     0.00228332     0.00228332     0.00228332     0.00284825     0.00314387     0.00264819
762    0.0031028     0.00242624     0.00242624     0.00242624     0.0030127     0.00332034     0.0028046
766    0.00304069     0.0024514     0.0024514     0.0024514     0.00300599     0.00329767     0.00280884
770    0.00310016     0.00257907     0.00257907     0.00257907     0.00320219     0.00353064     0.00298033
774    0.00296537     0.00254832     0.00254832     0.00254832     0.00314637     0.00346234     0.00293309
778    0.00300501     0.00266833     0.00266833     0.00266833     0.00325886     0.00357157     0.00304792
782    0.00300369     0.00275388     0.00275388     0.00275388     0.0033397     0.00365099     0.00312996
786    0.00293762     0.00278191     0.00278191     0.00278191     0.00332668     0.00361699     0.00313125
790    0.00290458     0.00283968     0.00283968     0.00283968     0.00338356     0.00367411     0.0031881
794    0.00285304     0.00288319     0.00288319     0.00288319     0.00345631     0.00376322     0.00324998
798    0.00276979     0.0028944     0.0028944     0.0028944     0.00343451     0.00372433     0.00323978
802    0.0029918     0.00323844     0.00323844     0.00323844     0.00375222     0.00402866     0.00356661
806    0.00279622     0.00313326     0.00313326     0.00313326     0.00366726     0.00395529     0.00347401
810    0.00277904     0.00322514     0.00322514     0.00322514     0.00373099     0.00400455     0.0035476
814    0.00280283     0.00336777     0.00336777     0.00336777     0.00385527     0.00411962     0.0036782
818    0.00268258     0.00333635     0.00333635     0.00333635     0.00381248     0.00407134     0.00363925
822    0.00278829     0.00358597     0.00358597     0.00358597     0.00404951     0.00430187     0.00388068
826    0.0026905     0.00357766     0.00357766     0.00357766     0.00398136     0.00420132     0.00383421
830    0.00267465     0.0036729     0.0036729     0.0036729     0.004071     0.00428853     0.0039256
834    0.00260064     0.00369429     0.00369429     0.00369429     0.00407832     0.00428919     0.00393761
838    0.00247114     0.00362535     0.00362535     0.00362535     0.00396907     0.00415898     0.00384264
842    0.00244735     0.00370514     0.00370514     0.00370514     0.00399951     0.00416273     0.00389097
846    0.00246189     0.00384345     0.00384345     0.00384345     0.0041188     0.0042714     0.00401727
850    0.00224121     0.0036047     0.0036047     0.0036047     0.00384869     0.00398402     0.00375867
854    0.0023641     0.0039148     0.0039148     0.0039148     0.00413315     0.00405245     0.00425455
858    0.00227689     0.00388104     0.00388104     0.00388104     0.00407467     0.00400289     0.00418283
862    0.00218967     0.00383775     0.00383775     0.00383775     0.00397875     0.00392628     0.00405797
866    0.00213417     0.00384053     0.00384053     0.00384053     0.00394706     0.00390734     0.00400707
870    0.00207074     0.00381858     0.00381858     0.00381858     0.00389534     0.00386667     0.0039387
874    0.00199145     0.00376129     0.00376129     0.00376129     0.00380763     0.00379029     0.00383388
878    0.00192538     0.00371968     0.00371968     0.00371968     0.00373283     0.0037279     0.0037403
882    0.0019518     0.00385224     0.00385224     0.00385224     0.00382536     0.00381005     0.00383546
886    0.00178662     0.00360171     0.00360171     0.00360171     0.00354513     0.00351282     0.00356642
890    0.00185534     0.00381475     0.00381475     0.00381475     0.00372617     0.0036754     0.00375958
894    0.00177737     0.00372764     0.00372764     0.00372764     0.00360793     0.003539     0.00365321
898    0.00171658     0.00366611     0.00366611     0.00366611     0.00352678     0.00344615     0.00357965
902    0.00166901     0.00362364     0.00362364     0.00362364     0.00345     0.00334915     0.00351606
906    0.00164258     0.00362335     0.00362335     0.00362335     0.00341804     0.0032987     0.00349618
910    0.00149854     0.00335574     0.00335574     0.00335574     0.00313494     0.00300638     0.00321908
914    0.00147476     0.00334908     0.00334908     0.00334908     0.00311091     0.00297186     0.00320182
918    0.00144172     0.00331817     0.00331817     0.00331817     0.00306011     0.00290888     0.00315888
922    0.00145229     0.00338431     0.00338431     0.00338431     0.00308059     0.00290159     0.00319723
926    0.00140472     0.00331069     0.00331069     0.00331069     0.00298648     0.00279477     0.00311127
930    0.00138225     0.00329281     0.00329281     0.00329281     0.00296101     0.00276419     0.00308897
934    0.001299     0.00312656     0.00312656     0.00312656     0.00278305     0.00257871     0.00291577
938    0.00122368     0.00297392     0.00297392     0.00297392     0.00263595     0.00243439     0.00276677
942    0.001225     0.00300386     0.00300386     0.00300386     0.0026225     0.00239445     0.00277039
946    0.00123293     0.00304779     0.00304779     0.00304779     0.0026338     0.0023857     0.00279456
950    0.00116025     0.00289003     0.00289003     0.00289003     0.00250027     0.00226599     0.00265191
954    0.00114835     0.00288152     0.00288152     0.00288152     0.00246587     0.002215     0.00262801
958    0.00104792     0.00264825     0.00264825     0.00264825     0.00225325     0.00201375     0.00240777
962    0.00105585     0.00268683     0.00268683     0.00268683     0.00226466     0.0020071     0.00243043
966    0.000931633     0.00238672     0.00238672     0.00238672     0.00198615     0.00174085     0.00214384
970    0.000913133     0.00235402     0.00235402     0.00235402     0.0019397     0.00168504     0.00210317
974    0.000962027     0.0024937     0.0024937     0.0024937     0.0020727     0.00181306     0.00223916
978    0.000884061     0.00230412     0.00230412     0.00230412     0.00189653     0.00164427     0.00205803
982    0.000868203     0.00227449     0.00227449     0.00227449     0.00185532     0.00159488     0.00202184
986    0.000848381     0.00223403     0.00223403     0.00223403     0.00180543     0.0015384     0.00197599
990    0.000819309     0.00216865     0.00216865     0.00216865     0.00174075     0.00147345     0.00191132
994    0.000680555     0.00181041     0.00181041     0.00181041     0.00144018     0.00120824     0.00158804
998    0.000765129     0.00204539     0.00204539     0.00204539     0.0016129     0.00134118     0.00178593
1002    0.000784951     0.00210901     0.00210901     0.00210901     0.0016625     0.00138081     0.00184161
1006    0.000745307     0.0020122     0.0020122     0.0020122     0.00156979     0.00128979     0.0017476
1010    0.000695091     0.00188592     0.00188592     0.00188592     0.00146696     0.00120092     0.00163569
1014    0.000675269     0.00184074     0.00184074     0.00184074     0.0014233     0.00115743     0.00159175
1018    0.000638268     0.00174853     0.00174853     0.00174853     0.00133707     0.00107409     0.00150345
1022    0.000585409     0.00161137     0.00161137     0.00161137     0.00121391     0.000958742     0.00137508
1026    0.000606553     0.00167781     0.00167781     0.00167781     0.00127012     0.00100747     0.0014358
1030    0.000502157     0.00139553     0.00139553     0.00139553     0.0010275     0.000789621     0.00117736
1034    0.000529908     0.0014802     0.0014802     0.0014802     0.00110039     0.000853979     0.00125539
1038    0.000574838     0.00161346     0.00161346     0.00161346     0.00118623     0.000908037     0.00136098
1042    0.000528586     0.00149117     0.00149117     0.00149117     0.00108494     0.000819116     0.00125159
1046    0.000552373     0.00156596     0.00156596     0.00156596     0.0011582     0.000890396     0.00132586
1050    0.000474406     0.00135164     0.00135164     0.00135164     0.000978136     0.000731861     0.00113208
1054    0.000470442     0.00134702     0.00134702     0.00134702     0.000954315     0.000694477     0.00111652
1058    0.000494228     0.00142245     0.00142245     0.00142245     0.000996058     0.000712835     0.00117259
1062    0.000440048     0.00127322     0.00127322     0.00127322     0.000870039     0.00060085     0.00103748
1066    0.000424191     0.00123348     0.00123348     0.00123348     0.000853536     0.000598892     0.00101169
1070    0.000399083     0.0011666     0.0011666     0.0011666     0.000842123     0.000623762     0.000977518
1074    0.000384547     0.00113001     0.00113001     0.00113001     0.000803412     0.000582773     0.000940004
1078    0.000407011     0.00120257     0.00120257     0.00120257     0.00082572     0.000570076     0.000983711
1082    0.000401726     0.00119316     0.00119316     0.00119316     0.000839096     0.000597619     0.000988013
1086    0.000354153     0.00105763     0.00105763     0.00105763     0.000712729     0.000476525     0.000858153
1090    0.000354153     0.0010632     0.0010632     0.0010632     0.000695484     0.000442726     0.000850869
1094    0.000359439     0.00108531     0.00108531     0.00108531     0.000751851     0.000521622     0.000893126
1098    0.000327724     0.000995154     0.000995154     0.000995154     0.000667709     0.000440652     0.000806772
1102    0.000310544     0.000948207     0.000948207     0.000948207     0.000649256     0.000440792     0.000776632
1106    0.000377939     0.00116033     0.00116033     0.00116033     0.000792725     0.00053534     0.000949746
1110    0.000262972     0.000812003     0.000812003     0.000812003     0.00053993     0.000348641     0.000656429
1114    0.000299973     0.000931626     0.000931626     0.000931626     0.000638025     0.000430686     0.000764062
1118    0.00029733     0.0009286     0.0009286     0.0009286     0.000633516     0.000424252     0.00076049
1122    0.000280151     0.000880043     0.000880043     0.000880043     0.000588402     0.000380423     0.000714309
1126    0.000251078     0.000793364     0.000793364     0.000793364     0.000517245     0.000319463     0.000636752
1130    0.000273543     0.000869476     0.000869476     0.000869476     0.000565826     0.000347463     0.000697555
1134    0.0002709     0.000866066     0.000866066     0.000866066     0.000580511     0.000374245     0.000704716
1138    0.000249757     0.000803365     0.000803365     0.000803365     0.000497625     0.000275803     0.000630942
1142    0.000227292     0.000735357     0.000735357     0.000735357     0.000469799     0.000276019     0.000585974
1146    0.000262972     0.000856043     0.000856043     0.000856043     0.000547579     0.000321461     0.000682868
1150    0.000232578     0.000761587     0.000761587     0.000761587     0.000493199     0.000295647     0.000611186
1154    0.000202184     0.00066608     0.00066608     0.00066608     0.000418136     0.0002348     0.000527418
1158    0.000257686     0.000854084     0.000854084     0.000854084     0.000560446     0.000342398     0.000690187
1162    0.000223328     0.000744796     0.000744796     0.000744796     0.00045482     0.00023823     0.000583367
1166    0.000185005     0.000620808     0.000620808     0.000620808     0.000372556     0.000186348     0.000482869
1170    0.00020747     0.000700276     0.000700276     0.000700276     0.000412013     0.000194806     0.000540436
1174    0.00020747     0.000704876     0.000704876     0.000704876     0.000445012     0.000248343     0.00056107
1178    0.00018897     0.000645923     0.000645923     0.000645923     0.000405385     0.000222557     0.000513074
1182    0.000196898     0.000677151     0.000677151     0.000677151     0.000423752     0.000230023     0.000537568
1186    0.000187648     0.000649586     0.000649586     0.000649586     0.00040375     0.000214873     0.000514464
1190    0.000173112     0.000602626     0.000602626     0.000602626     0.000383751     0.000214988     0.000482522
1194    0.000171791     0.000601816     0.000601816     0.000601816     0.000371283     0.000192709     0.000475587
1198    0.000202184     0.000712966     0.000712966     0.000712966     0.000440185     0.000227953     0.000563905
1202    0.000179719     0.000637769     0.000637769     0.000637769     0.000368724     0.000158167     0.000491143
1206    0.000178398     0.000636946     0.000636946     0.000636946     0.000389328     0.000194715     0.000502266
1210    0.000148004     0.000531729     0.000531729     0.000531729     0.000333476     0.000176982     0.000424113
1214    0.000118932     0.000430103     0.000430103     0.000430103     0.000235172     8.06199e-05     0.000324504
1218    0.000175755     0.000639224     0.000639224     0.000639224     0.000397854     0.000205638     0.00050874
1222    0.000137432     0.000503211     0.000503211     0.000503211     0.000312671     0.000160037     0.000400483
1226    0.000141397     0.000521147     0.000521147     0.000521147     0.000299852     0.000121778     0.000402094
1230    0.00015329     0.00056842     0.00056842     0.00056842     0.000350865     0.000175071     0.000451607
1234    0.000163862     0.00061151     0.00061151     0.00061151     0.000376245     0.000185298     0.000485446
1238    0.000129504     0.000486262     0.000486262     0.000486262     0.000298283     0.000145033     0.000385744
1242    0.000114968     0.000434474     0.000434474     0.000434474     0.000253998     0.000106021     0.000338236
1246    0.00013479     0.000512591     0.000512591     0.000512591     0.000277718     8.42743e-05     0.000387606
1250    0.000129504     0.00049567     0.00049567     0.00049567     0.000289761     0.000119387     0.00038634
1254    0.000149326     0.000575138     0.000575138     0.000575138     0.000337089     0.000139342     0.000448982
1258    0.000112325     0.000435344     0.000435344     0.000435344     0.000228016     5.49947e-05     0.000325704
1262    0.000109682     0.00042806     0.00042806     0.00042806     0.00025783     0.000114927     0.000338291
1266    0.000114968     0.000451419     0.000451419     0.000451419     0.000259342     9.73712e-05     0.000350354
1270    9.91099e-05     0.000391641     0.000391641     0.000391641     0.000234686     0.000101724     0.000309239
1274    8.19309e-05     0.000325674     0.000325674     0.000325674     0.000194682     8.32497e-05     0.000257039
1278    0.000100431     0.000401818     0.000401818     0.000401818     0.000227711     7.89465e-05     0.000310786
1282    0.000111003     0.000446996     0.000446996     0.000446996     0.000266135     0.000110677     0.000352699
1286    9.11811e-05     0.000369355     0.000369355     0.000369355     0.000219211     8.9601e-05     0.000291239
1290    0.000107039     0.000436512     0.000436512     0.000436512     0.000246243     8.12277e-05     0.000337751
1294    8.58953e-05     0.000352551     0.000352551     0.000352551     0.000208305     8.26517e-05     0.000277842
1298    8.85382e-05     0.0003657     0.0003657     0.0003657     0.000203051     6.07458e-05     0.000281635
1302    8.32523e-05     0.000346011     0.000346011     0.000346011     0.000203259     7.76124e-05     0.000272443
1306    6.21089e-05     0.000259757     0.000259757     0.000259757     0.000152351     5.73209e-05     0.000204545
1310    0.000100431     0.000422398     0.000422398     0.000422398     0.000222359     4.47667e-05     0.000319742
1314    8.06094e-05     0.000341229     0.000341229     0.000341229     0.000198995     7.20844e-05     0.000268419
1318    8.19309e-05     0.000349027     0.000349027     0.000349027     0.000177681     2.41119e-05     0.000261503
1322    7.92879e-05     0.00033993     0.00033993     0.00033993     0.000197319     6.87331e-05     0.000267303
1326    8.72167e-05     0.000376198     0.000376198     0.000376198     0.000217999     7.47406e-05     0.000295804
1330    8.58953e-05     0.000372825     0.000372825     0.000372825     0.00021542     7.22052e-05     0.000293022
1334    8.85382e-05     0.000386603     0.000386603     0.000386603     0.000222832     7.31914e-05     0.000303747
1338    8.19309e-05     0.000360167     0.000360167     0.000360167     0.000207434     6.71892e-05     0.000283084
1342    8.19309e-05     0.000362319     0.000362319     0.000362319     0.000207923     6.52958e-05     0.000284636
1346    7.53236e-05     0.000335154     0.000335154     0.000335154     0.000192097     5.93476e-05     0.000263338
1350    6.60733e-05     0.000295717     0.000295717     0.000295717     0.000156404     2.66612e-05     0.000225907
1354    7.26806e-05     0.000327312     0.000327312     0.000327312     0.00017396     3.04379e-05     0.000250656
1358    5.55016e-05     0.000251513     0.000251513     0.000251513     0.000130326     1.6305e-05     0.000191095
1362    6.47518e-05     0.000295388     0.000295388     0.000295388     0.000154766     2.16497e-05     0.0002255
1366    4.49298e-05     0.000206167     0.000206167     0.000206167     0.000117007     3.21763e-05     0.000161967
1370    7.79665e-05     0.000359813     0.000359813     0.000359813     0.000191072     2.98757e-05     0.000276335
1374    4.75728e-05     0.000221012     0.000221012     0.000221012     9.90149e-05     -1.80976e-05     0.000160811
1378    6.07874e-05     0.000283942     0.000283942     0.000283942     0.000133862     -1.08455e-05     0.000210048
1382    5.28586e-05     0.000248513     0.000248513     0.000248513     0.000139748     3.42287e-05     0.000195129
1386    4.75728e-05     0.000224991     0.000224991     0.000224991     0.00012654     3.06014e-05     0.00017678
1390    3.83225e-05     0.000182564     0.000182564     0.000182564     8.91188e-05     -2.49629e-06     0.000136946
1394    5.9466e-05     0.000284578     0.000284578     0.000284578     0.00014602     9.75028e-06     0.000217047
1398    5.28586e-05     0.000254467     0.000254467     0.000254467     0.000129159     5.33241e-06     0.000193546
1402    4.49298e-05     0.000217598     0.000217598     0.000217598     0.000121318     2.55882e-05     0.000170939
1406    5.02157e-05     0.000244779     0.000244779     0.000244779     0.000136437     2.8144e-05     0.000192417
1410    3.9644e-05     0.00019425     0.00019425     0.00019425     0.000108164     2.18543e-05     0.00015271
1414    4.09654e-05     0.000201939     0.000201939     0.000201939     0.000112148     2.16266e-05     0.000158736
1418    4.22869e-05     0.00020977     0.00020977     0.00020977     0.000116204     2.142e-05     0.000164862
1422    5.02157e-05     0.000250584     0.000250584     0.000250584     0.00012504     -2.91339e-06     0.000190524
1426    5.02157e-05     0.000252119     0.000252119     0.000252119     0.000125694     -3.74111e-06     0.000191778
1430    4.75728e-05     0.000240191     0.000240191     0.000240191     0.000132451     2.1557e-05     0.000188913
1434    5.41801e-05     0.000275252     0.000275252     0.000275252     0.000138199     -3.44211e-06     0.000210164
1438    3.56796e-05     0.000182275     0.000182275     0.000182275     0.000100274     1.51309e-05     0.000143429
1442    5.41801e-05     0.000278437     0.000278437     0.000278437     0.000153057     2.20656e-05     0.000219237
1446    4.36084e-05     0.000225186     0.000225186     0.000225186     0.000123484     1.68223e-05     0.000177262
1450    3.56796e-05     0.000185469     0.000185469     0.000185469     0.000101504     1.29039e-05     0.000146031
1454    4.22869e-05     0.000221051     0.000221051     0.000221051     0.000120899     1.47663e-05     0.000174118
1458    4.09654e-05     0.000215303     0.000215303     0.000215303     0.000117642     1.36814e-05     0.000169648
1462    3.17152e-05     0.000167722     0.000167722     0.000167722     9.13511e-05     9.54591e-06     0.000132136
1466    3.7001e-05     0.000196751     0.000196751     0.000196751     9.33725e-05     -1.79067e-05     0.000148709
1470    2.64293e-05     0.000141307     0.000141307     0.000141307     7.68215e-05     7.11855e-06     0.000111407
1474    3.03937e-05     0.000163411     0.000163411     0.000163411     8.87492e-05     7.63688e-06     0.000128887
1478    3.9644e-05     0.000214306     0.000214306     0.000214306     0.000102546     -1.94352e-05     0.000162756
1482    3.56796e-05     0.000194072     0.000194072     0.000194072     9.1424e-05     -2.13167e-05     0.000146886
1486    4.09654e-05     0.000223984     0.000223984     0.000223984     0.000107519     -2.0947e-05     0.000170573
1490    3.30366e-05     0.00018176     0.00018176     0.00018176     9.82988e-05     5.7783e-06     0.000143589
1494    3.56796e-05     0.000197433     0.000197433     0.000197433     0.000106551     5.23601e-06     0.000155995
1498    2.90722e-05     0.000161705     0.000161705     0.000161705     8.70842e-05     3.56882e-06     0.000127754
1502    2.90722e-05     0.000162599     0.000162599     0.000162599     8.7647e-05     3.22988e-06     0.000128615
1506    2.77508e-05     0.000156167     0.000156167     0.000156167     8.40349e-05     2.30911e-06     0.00012357
1510    2.37864e-05     0.000134468     0.000134468     0.000134468     7.23328e-05     1.7631e-06     0.000106426
1514    2.90722e-05     0.00016534     0.00016534     0.00016534     7.49537e-05     -2.82858e-05     0.000124675
1518    3.03937e-05     0.000173915     0.000173915     0.000173915     7.93354e-05     -2.92198e-05     0.000131476
1522    2.77508e-05     0.000159585     0.000159585     0.000159585     8.56267e-05     1.99481e-07     0.000126515
1526    3.43581e-05     0.000198572     0.000198572     0.000198572     0.000106349     -6.95318e-07     0.000157446
1530    2.77508e-05     0.000161205     0.000161205     0.000161205     5.82232e-05     -6.18996e-05     0.000115408
1534    1.71791e-05     0.000100378     0.000100378     0.000100378     5.35758e-05     -1.22377e-06     7.96087e-05
1538    2.11435e-05     0.000124251     0.000124251     0.000124251     6.62858e-05     -1.94603e-06     9.86052e-05
1542    2.51078e-05     0.000148312     0.000148312     0.000148312     7.9052e-05     -2.99293e-06     0.000117777
1546    2.77508e-05     0.000164858     0.000164858     0.000164858     7.36731e-05     -3.49465e-05     0.000124782
1550    3.03937e-05     0.000181568     0.000181568     0.000181568     8.25553e-05     -3.60032e-05     0.000138179
1554    2.11435e-05     0.00012684     0.00012684     0.00012684     5.34382e-05     -3.46476e-05     9.47142e-05
1558    1.58576e-05     9.56192e-05     9.56192e-05     9.56192e-05     5.0782e-05     -3.34686e-06     7.60618e-05
1562    2.90722e-05     0.000176393     0.000176393     0.000176393     7.96197e-05     -3.79524e-05     0.000134332
1566    2.11435e-05     0.000128902     0.000128902     0.000128902     5.42385e-05     -3.6842e-05     9.65261e-05
1570    3.30366e-05     0.000202397     0.000202397     0.000202397     9.31206e-05     -4.07947e-05     0.000155136
1574    2.51078e-05     0.000154706     0.000154706     0.000154706     8.19875e-05     -7.56932e-06     0.000123345
1578    1.45361e-05     9.00304e-05     9.00304e-05     9.00304e-05     4.76325e-05     -4.86317e-06     7.18003e-05
1582    1.85005e-05     0.000115221     0.000115221     0.000115221     6.09715e-05     -6.61852e-06     9.19798e-05
1586    1.71791e-05     0.000107532     0.000107532     0.000107532     5.68383e-05     -6.6301e-06     8.5874e-05
1590    2.24649e-05     0.000141295     0.000141295     0.000141295     7.46611e-05     -9.10291e-06     0.000112893
1594    1.9822e-05     0.000125384     0.000125384     0.000125384     6.61927e-05     -8.68e-06     0.000100245
1598    1.9822e-05     0.000125983     0.000125983     0.000125983     6.64136e-05     -9.22208e-06     0.000100737
1602    2.51078e-05     0.000160474     0.000160474     0.000160474     7.04646e-05     -4.45384e-05     0.000122466
1606    1.71791e-05     0.00011033     0.00011033     0.00011033     5.81605e-05     -8.84804e-06     8.83691e-05
1610    1.05717e-05     6.82213e-05     6.82213e-05     6.82213e-05     3.59759e-05     -5.57879e-06     5.46737e-05
1614    1.71791e-05     0.000111453     0.000111453     0.000111453     5.87951e-05     -9.3982e-06     8.93923e-05
1618    1.85005e-05     0.000120628     0.000120628     0.000120628     6.34904e-05     -1.08964e-05     9.67642e-05
1622    1.45361e-05     9.53319e-05     9.53319e-05     9.53319e-05     3.58358e-05     -4.21134e-05     7.05728e-05
1626    1.32147e-05     8.69425e-05     8.69425e-05     8.69425e-05     4.56844e-05     -8.50456e-06     6.97984e-05
1630    1.58576e-05     0.000104915     0.000104915     0.000104915     5.51536e-05     -1.05824e-05     8.43084e-05
1634    2.11435e-05     0.000140668     0.000140668     0.000140668     7.38951e-05     -1.4856e-05     0.000113117
1638    1.9822e-05     0.000132484     0.000132484     0.000132484     6.94776e-05     -1.46316e-05     0.000106552
1642    1.05717e-05     7.10184e-05     7.10184e-05     7.10184e-05     3.72541e-05     -8.09859e-06     5.71733e-05
1646    1.18932e-05     8.03868e-05     8.03868e-05     8.03868e-05     1.3582e-05     -7.65619e-05     5.30661e-05
1650    1.05717e-05     7.1729e-05     7.1729e-05     7.1729e-05     3.76096e-05     -8.618e-06     5.7809e-05
1654    1.71791e-05     0.000117176     0.000117176     0.000117176     6.14756e-05     -1.43944e-05     9.45235e-05
1658    1.71791e-05     0.000117797     0.000117797     0.000117797     4.74182e-05     -4.89061e-05     8.92574e-05
1662    1.32147e-05     9.10157e-05     9.10157e-05     9.10157e-05     4.77878e-05     -1.17484e-05     7.35514e-05
1666    2.24649e-05     0.000155381     0.000155381     0.000155381     8.14542e-05     -2.08794e-05     0.000125606
1670    2.11435e-05     0.000147041     0.000147041     0.000147041     7.70199e-05     -2.03214e-05     0.00011891
1674    7.92879e-06     5.54092e-05     5.54092e-05     5.54092e-05     2.90115e-05     -7.8792e-06     4.48371e-05
1678    1.18932e-05     8.35487e-05     8.35487e-05     8.35487e-05     4.37505e-05     -1.20992e-05     6.76498e-05
1682    9.25026e-06     6.52401e-05     6.52401e-05     6.52401e-05     3.41274e-05     -9.80891e-06     5.28574e-05
1686    1.45361e-05     0.000103032     0.000103032     0.000103032     5.38956e-05     -1.58114e-05     8.35294e-05
1690    1.45361e-05     0.000103528     0.000103528     0.000103528     5.41489e-05     -1.62596e-05     8.399e-05
1694    5.28586e-06     3.77598e-05     3.77598e-05     3.77598e-05     1.97479e-05     -6.00667e-06     3.06452e-05
1698    2.11435e-05     0.000152014     0.000152014     0.000152014     7.95662e-05     -2.46758e-05     0.000123507
1702    1.9822e-05     0.000143159     0.000143159     0.000143159     4.61055e-05     -9.44096e-05     0.000105115
1706    1.71791e-05     0.000124655     0.000124655     0.000124655     6.51193e-05     -2.13713e-05     0.000101366
1710    1.05717e-05     7.70594e-05     7.70594e-05     7.70594e-05     2.5937e-05     -4.85887e-05     5.71029e-05
1714    1.32147e-05     9.68399e-05     9.68399e-05     9.68399e-05     5.06282e-05     -1.72511e-05     7.88841e-05
1718    1.32147e-05     9.72308e-05     9.72308e-05     9.72308e-05     5.08837e-05     -1.74902e-05     7.92702e-05
1722    1.45361e-05     0.000107557     0.000107557     0.000107557     5.63211e-05     -1.97411e-05     8.77776e-05
1726    1.18932e-05     8.83529e-05     8.83529e-05     8.83529e-05     4.6224e-05     -1.66242e-05     7.21386e-05
1730    1.85005e-05     0.000138136     0.000138136     0.000138136     7.22749e-05     -2.6511e-05     0.000112872
1734    1.05717e-05     7.92552e-05     7.92552e-05     7.92552e-05     4.1476e-05     -1.53607e-05     6.47903e-05
1738    1.05717e-05     7.96585e-05     7.96585e-05     7.96585e-05     4.16917e-05     -1.57372e-05     6.51712e-05
1742    1.05717e-05     8.0046e-05     8.0046e-05     8.0046e-05     4.19973e-05     -1.5921e-05     6.55838e-05
1746    9.25026e-06     7.02893e-05     7.02893e-05     7.02893e-05     3.68163e-05     -1.43204e-05     5.75944e-05
1750    7.92879e-06     6.05547e-05     6.05547e-05     6.05547e-05     3.17289e-05     -1.26551e-05     4.96761e-05
1754    3.9644e-06     3.03743e-05     3.03743e-05     3.03743e-05     1.64362e-06     -4.26394e-05     1.95387e-05
1758    1.05717e-05     8.1491e-05     8.1491e-05     8.1491e-05     4.26964e-05     -1.74718e-05     6.69164e-05
1762    1.18932e-05     9.20822e-05     9.20822e-05     9.20822e-05     4.82569e-05     -2.01404e-05     7.56824e-05
1766    9.25026e-06     7.18863e-05     7.18863e-05     7.18863e-05     3.76209e-05     -1.60958e-05     5.90997e-05
1770    1.18932e-05     9.28677e-05     9.28677e-05     9.28677e-05     4.86031e-05     -2.11036e-05     7.63969e-05
1774    5.28586e-06     4.14778e-05     4.14778e-05     4.14778e-05     2.17228e-05     -9.59261e-06     3.41573e-05
1778    7.92879e-06     6.24361e-05     6.24361e-05     6.24361e-05     3.26977e-05     -1.45919e-05     5.14377e-05
1782    9.25026e-06     7.32438e-05     7.32438e-05     7.32438e-05     3.84571e-05     -1.71996e-05     6.04292e-05
1786    1.18932e-05     9.46051e-05     9.46051e-05     9.46051e-05     4.95739e-05     -2.28743e-05     7.80746e-05
1790    6.60733e-06     5.2711e-05     5.2711e-05     5.2711e-05     1.33426e-05     -5.00894e-05     3.82728e-05
1794    5.28586e-06     4.23763e-05     4.23763e-05     4.23763e-05     2.22592e-05     -1.03824e-05     3.50311e-05
1798    3.9644e-06     3.19081e-05     3.19081e-05     3.19081e-05     1.67761e-05     -7.89186e-06     2.63995e-05
1802    1.32147e-06     1.06864e-05     1.06864e-05     1.06864e-05     5.60847e-06     -2.72082e-06     8.8451e-06
1806    5.28586e-06     4.29636e-05     4.29636e-05     4.29636e-05     8.33884e-06     -4.88155e-05     3.04583e-05
1810    1.18932e-05     9.70085e-05     9.70085e-05     9.70085e-05     5.09692e-05     -2.52351e-05     8.04099e-05
1814    9.25026e-06     7.58159e-05     7.58159e-05     7.58159e-05     3.98285e-05     -2.00485e-05     6.28846e-05
1818    9.25026e-06     7.61339e-05     7.61339e-05     7.61339e-05     3.99937e-05     -2.04069e-05     6.31846e-05
1822    5.28586e-06     4.36576e-05     4.36576e-05     4.36576e-05     8.71303e-06     -5.00475e-05     3.11858e-05
1826    6.60733e-06     5.47883e-05     5.47883e-05     5.47883e-05     2.88053e-05     -1.494e-05     4.55223e-05
1830    5.28586e-06     4.40887e-05     4.40887e-05     4.40887e-05     2.3214e-05     -1.22137e-05     3.66831e-05
1834    6.60733e-06     5.52695e-05     5.52695e-05     5.52695e-05     2.91157e-05     -1.54633e-05     4.6017e-05
1838    7.92879e-06     6.66902e-05     6.66902e-05     6.66902e-05     3.51688e-05     -1.88214e-05     5.55747e-05
1842    1.32147e-06     1.11655e-05     1.11655e-05     1.11655e-05     5.88227e-06     -3.22235e-06     9.30987e-06
1846    6.60733e-06     5.59994e-05     5.59994e-05     5.59994e-05     1.5475e-05     -5.47397e-05     4.18152e-05
1850    1.32147e-06     1.12279e-05     1.12279e-05     1.12279e-05     5.94054e-06     -3.22802e-06     9.3782e-06
1854    7.92879e-06     6.77789e-05     6.77789e-05     6.77789e-05     3.57606e-05     -2.01533e-05     5.663e-05
1858    0     0     0     0     0     0     0
1862    1.18932e-05     0.000102564     0.000102564     0.000102564     5.42767e-05     -3.10064e-05     8.58729e-05
1866    7.92879e-06     6.86188e-05     6.86188e-05     6.86188e-05     3.62849e-05     -2.11126e-05     5.74794e-05
1870    3.9644e-06     3.44517e-05     3.44517e-05     3.44517e-05     1.82274e-05     -1.06604e-05     2.88734e-05
1874    5.28586e-06     4.61633e-05     4.61633e-05     4.61633e-05     2.44744e-05     -1.44152e-05     3.87408e-05
1878    1.32147e-06     1.15963e-05     1.15963e-05     1.15963e-05     6.15241e-06     -3.63825e-06     9.73701e-06
1882    9.25026e-06     8.14113e-05     8.14113e-05     8.14113e-05     4.31161e-05     -2.61791e-05     6.83844e-05
1886    3.9644e-06     3.49939e-05     3.49939e-05     3.49939e-05     1.85427e-05     -1.13461e-05     2.94125e-05
1890    7.92879e-06     7.03293e-05     7.03293e-05     7.03293e-05     2.32013e-05     -6.27759e-05     5.43838e-05
1894    5.28586e-06     4.70955e-05     4.70955e-05     4.70955e-05     2.50141e-05     -1.54888e-05     3.96512e-05
1898    9.25026e-06     8.27085e-05     8.27085e-05     8.27085e-05     4.40248e-05     -2.72499e-05     6.9706e-05
1902    7.92879e-06     7.11555e-05     7.11555e-05     7.11555e-05     3.78575e-05     -2.38636e-05     6.00078e-05
1906    1.32147e-06     1.19151e-05     1.19151e-05     1.19151e-05     6.34593e-06     -4.03863e-06     1.00581e-05
1910    5.28586e-06     4.78545e-05     4.78545e-05     4.78545e-05     2.55009e-05     -1.63062e-05     4.04156e-05
1914    3.9644e-06     3.60651e-05     3.60651e-05     3.60651e-05     1.92349e-05     -1.23987e-05     3.0483e-05
1918    1.32147e-06     1.20402e-05     1.20402e-05     1.20402e-05     6.42553e-06     -4.16941e-06     1.0183e-05
1922    1.32147e-06     1.20878e-05     1.20878e-05     1.20878e-05     6.4576e-06     -4.23005e-06     1.02328e-05
1926    6.60733e-06     6.07614e-05     6.07614e-05     6.07614e-05     3.25237e-05     -2.13338e-05     5.14875e-05
1930    3.9644e-06     3.65728e-05     3.65728e-05     3.65728e-05     1.95859e-05     -1.28517e-05     3.09984e-05
1934    5.28586e-06     4.89872e-05     4.89872e-05     4.89872e-05     2.62245e-05     -1.74989e-05     4.15472e-05
1938    1.32147e-06     1.22775e-05     1.22775e-05     1.22775e-05     6.58166e-06     -4.42372e-06     1.04232e-05
1942    2.64293e-06     2.47215e-05     2.47215e-05     2.47215e-05     1.32588e-05     -9.02012e-06     2.10046e-05
1946    6.60733e-06     6.19625e-05     6.19625e-05     6.19625e-05     3.32868e-05     -2.27099e-05     5.26935e-05
1950    2.64293e-06     2.4867e-05     2.4867e-05     2.4867e-05     1.3359e-05     -9.20539e-06     2.11576e-05
1954    2.64293e-06     2.49555e-05     2.49555e-05     2.49555e-05     1.34013e-05     -9.31947e-06     2.12386e-05
1958    0     0     0     0     0     0     0
1962    3.9644e-06     3.77018e-05     3.77018e-05     3.77018e-05     2.03283e-05     -1.42363e-05     3.2157e-05
1966    5.28586e-06     5.05406e-05     5.05406e-05     5.05406e-05     2.722e-05     -1.9378e-05     4.31199e-05
1970    3.9644e-06     3.80617e-05     3.80617e-05     3.80617e-05     2.05211e-05     -1.47133e-05     3.25005e-05
1974    7.92879e-06     7.63891e-05     7.63891e-05     7.63891e-05     4.1219e-05     -2.96326e-05     6.52607e-05
1978    6.60733e-06     6.39403e-05     6.39403e-05     6.39403e-05     2.0712e-05     -6.67916e-05     5.0307e-05
1982    1.32147e-06     1.28043e-05     1.28043e-05     1.28043e-05     6.92848e-06     -5.03417e-06     1.09585e-05
1986    3.9644e-06     3.86514e-05     3.86514e-05     3.86514e-05     2.09232e-05     -1.53763e-05     3.31042e-05
1990    0     0     0     0     0     0     0
1994    0     0     0     0     0     0     0
1998    5.28586e-06     5.20544e-05     5.20544e-05     5.20544e-05     2.81403e-05     -2.11056e-05     4.4601e-05
2002    7.92879e-06     7.84628e-05     7.84628e-05     7.84628e-05     7.84628e-05     7.84628e-05     7.84628e-05
2006    1.32147e-06     1.31353e-05     1.31353e-05     1.31353e-05     1.31353e-05     1.31353e-05     1.31353e-05
2010    6.60733e-06     6.58098e-05     6.58098e-05     6.58098e-05     6.58098e-05     6.58098e-05     6.58098e-05
2014    2.64293e-06     2.64423e-05     2.64423e-05     2.64423e-05     2.64423e-05     2.64423e-05     2.64423e-05
2018    0     0     0     0     0     0     0
2022    0     0     0     0     0     0     0
2026    1.32147e-06     1.33528e-05     1.33528e-05     1.33528e-05     1.33528e-05     1.33528e-05     1.33528e-05
2030    2.64293e-06     2.68474e-05     2.68474e-05     2.68474e-05     2.68474e-05     2.68474e-05     2.68474e-05
2034    3.9644e-06     4.03806e-05     4.03806e-05     4.03806e-05     4.03806e-05     4.03806e-05     4.03806e-05
2038    5.28586e-06     5.40412e-05     5.40412e-05     5.40412e-05     5.40412e-05     5.40412e-05     5.40412e-05
2042    5.28586e-06     5.42199e-05     5.42199e-05     5.42199e-05     5.42199e-05     5.42199e-05     5.42199e-05
2046    1.32147e-06     1.35842e-05     1.35842e-05     1.35842e-05     1.35842e-05     1.35842e-05     1.35842e-05
2050    6.60733e-06     6.82794e-05     6.82794e-05     6.82794e-05     6.82794e-05     6.82794e-05     6.82794e-05
2054    1.32147e-06     1.37261e-05     1.37261e-05     1.37261e-05     1.37261e-05     1.37261e-05     1.37261e-05
2058    2.64293e-06     2.75019e-05     2.75019e-05     2.75019e-05     2.75019e-05     2.75019e-05     2.75019e-05
2062    2.64293e-06     2.76034e-05     2.76034e-05     2.76034e-05     2.76034e-05     2.76034e-05     2.76034e-05
2066    2.64293e-06     2.76807e-05     2.76807e-05     2.76807e-05     2.76807e-05     2.76807e-05     2.76807e-05
2070    3.9644e-06     4.17012e-05     4.17012e-05     4.17012e-05     4.17012e-05     4.17012e-05     4.17012e-05
2074    3.9644e-06     4.18463e-05     4.18463e-05     4.18463e-05     4.18463e-05     4.18463e-05     4.18463e-05
2078    0     0     0     0     0     0     0
2082    0     0     0     0     0     0     0
2086    2.64293e-06     2.82074e-05     2.82074e-05     2.82074e-05     2.82074e-05     2.82074e-05     2.82074e-05
2090    0     0     0     0     0     0     0
2094    3.9644e-06     4.26342e-05     4.26342e-05     4.26342e-05     4.26342e-05     4.26342e-05     4.26342e-05
2098    1.32147e-06     1.42519e-05     1.42519e-05     1.42519e-05     1.42519e-05     1.42519e-05     1.42519e-05
2102    1.32147e-06     1.42792e-05     1.42792e-05     1.42792e-05     1.42792e-05     1.42792e-05     1.42792e-05
2106    1.32147e-06     1.43407e-05     1.43407e-05     1.43407e-05     1.43407e-05     1.43407e-05     1.43407e-05
2110    2.64293e-06     2.87805e-05     2.87805e-05     2.87805e-05     2.87805e-05     2.87805e-05     2.87805e-05
2114    2.64293e-06     2.88816e-05     2.88816e-05     2.88816e-05     2.88816e-05     2.88816e-05     2.88816e-05
2118    3.9644e-06     4.35097e-05     4.35097e-05     4.35097e-05     4.35097e-05     4.35097e-05     4.35097e-05
2122    0     0     0     0     0     0     0
2126    0     0     0     0     0     0     0
2130    3.9644e-06     4.39294e-05     4.39294e-05     4.39294e-05     4.39294e-05     4.39294e-05     4.39294e-05
2134    0     0     0     0     0     0     0
2138    0     0     0     0     0     0     0
2142    1.32147e-06     1.47918e-05     1.47918e-05     1.47918e-05     1.47918e-05     1.47918e-05     1.47918e-05
2146    1.32147e-06     1.48522e-05     1.48522e-05     1.48522e-05     1.48522e-05     1.48522e-05     1.48522e-05
2150    3.9644e-06     4.46979e-05     4.46979e-05     4.46979e-05     4.46979e-05     4.46979e-05     4.46979e-05
2154    2.64293e-06     2.98774e-05     2.98774e-05     2.98774e-05     2.98774e-05     2.98774e-05     2.98774e-05
2158    3.9644e-06     4.50096e-05     4.50096e-05     4.50096e-05     4.50096e-05     4.50096e-05     4.50096e-05
2162    1.32147e-06     1.50675e-05     1.50675e-05     1.50675e-05     1.50675e-05     1.50675e-05     1.50675e-05
2166    1.32147e-06     1.50796e-05     1.50796e-05     1.50796e-05     1.50796e-05     1.50796e-05     1.50796e-05
2170    2.64293e-06     3.02535e-05     3.02535e-05     3.02535e-05     3.02535e-05     3.02535e-05     3.02535e-05
2174    1.32147e-06     1.52177e-05     1.52177e-05     1.52177e-05     1.52177e-05     1.52177e-05     1.52177e-05
2178    0     0     0     0     0     0     0
2182    3.9644e-06     4.58467e-05     4.58467e-05     4.58467e-05     4.58467e-05     4.58467e-05     4.58467e-05
2186    3.9644e-06     4.60901e-05     4.60901e-05     4.60901e-05     4.60901e-05     4.60901e-05     4.60901e-05
2190    1.32147e-06     1.53732e-05     1.53732e-05     1.53732e-05     1.53732e-05     1.53732e-05     1.53732e-05
2194    0     0     0     0     0     0     0
2198    1.32147e-06     1.55184e-05     1.55184e-05     1.55184e-05     1.55184e-05     1.55184e-05     1.55184e-05
2202    2.64293e-06     3.11207e-05     3.11207e-05     3.11207e-05     3.11207e-05     3.11207e-05     3.11207e-05
2206    0     0     0     0     0     0     0
2210    2.64293e-06     3.13334e-05     3.13334e-05     3.13334e-05     3.13334e-05     3.13334e-05     3.13334e-05
2214    1.32147e-06     1.57056e-05     1.57056e-05     1.57056e-05     1.57056e-05     1.57056e-05     1.57056e-05
2218    1.32147e-06     1.57342e-05     1.57342e-05     1.57342e-05     1.57342e-05     1.57342e-05     1.57342e-05
2222    0     0     0     0     0     0     0
2226    0     0     0     0     0     0     0
2230    0     0     0     0     0     0     0
2234    1.32147e-06     1.59348e-05     1.59348e-05     1.59348e-05     1.59348e-05     1.59348e-05     1.59348e-05
2238    1.32147e-06     1.59922e-05     1.59922e-05     1.59922e-05     1.59922e-05     1.59922e-05     1.59922e-05
2242    1.32147e-06     1.60555e-05     1.60555e-05     1.60555e-05     1.60555e-05     1.60555e-05     1.60555e-05
2246    1.32147e-06     1.60857e-05     1.60857e-05     1.60857e-05     1.60857e-05     1.60857e-05     1.60857e-05
2250    1.32147e-06     1.6156e-05     1.6156e-05     1.6156e-05     1.6156e-05     1.6156e-05     1.6156e-05
2254    2.64293e-06     3.24355e-05     3.24355e-05     3.24355e-05     3.24355e-05     3.24355e-05     3.24355e-05
2258    0     0     0     0     0     0     0
2262    0     0     0     0     0     0     0
2266    0     0     0     0     0     0     0
2270    0     0     0     0     0     0     0
2274    0     0     0     0     0     0     0
2278    2.64293e-06     3.30551e-05     3.30551e-05     3.30551e-05     3.30551e-05     3.30551e-05     3.30551e-05
2282    1.32147e-06     1.65742e-05     1.65742e-05     1.65742e-05     1.65742e-05     1.65742e-05     1.65742e-05
2286    0     0     0     0     0     0     0
2290    0     0     0     0     0     0     0
2294    0     0     0     0     0     0     0
2298    0     0     0     0     0     0     0
2302    3.9644e-06     5.04005e-05     5.04005e-05     5.04005e-05     5.04005e-05     5.04005e-05     5.04005e-05
2306    0     0     0     0     0     0     0
2310    1.32147e-06     1.68953e-05     1.68953e-05     1.68953e-05     1.68953e-05     1.68953e-05     1.68953e-05
2314    1.32147e-06     1.69679e-05     1.69679e-05     1.69679e-05     1.69679e-05     1.69679e-05     1.69679e-05
2318    0     0     0     0     0     0     0
2322    0     0     0     0     0     0     0
2326    0     0     0     0     0     0     0
2330    1.32147e-06     1.71587e-05     1.71587e-05     1.71587e-05     1.71587e-05     1.71587e-05     1.71587e-05
2334    2.64293e-06     3.44515e-05     3.44515e-05     3.44515e-05     3.44515e-05     3.44515e-05     3.44515e-05
2338    1.32147e-06     1.72854e-05     1.72854e-05     1.72854e-05     1.72854e-05     1.72854e-05     1.72854e-05
2342    0     0     0     0     0     0     0
2346    0     0     0     0     0     0     0
2350    0     0     0     0     0     0     0
2354    0     0     0     0     0     0     0
2358    0     0     0     0     0     0     0
2362    0     0     0     0     0     0     0
2366    0     0     0     0     0     0     0
2370    0     0     0     0     0     0     0
2374    0     0     0     0     0     0     0
2378    1.32147e-06     1.77917e-05     1.77917e-05     1.77917e-05     1.77917e-05     1.77917e-05     1.77917e-05
2382    0     0     0     0     0     0     0
2386    1.32147e-06     1.79108e-05     1.79108e-05     1.79108e-05     1.79108e-05     1.79108e-05     1.79108e-05
2390    0     0     0     0     0     0     0
2394    1.32147e-06     1.79825e-05     1.79825e-05     1.79825e-05     1.79825e-05     1.79825e-05     1.79825e-05
2398    2.64293e-06     3.61033e-05     3.61033e-05     3.61033e-05     3.61033e-05     3.61033e-05     3.61033e-05
2402    0     0     0     0     0     0     0
2406    2.64293e-06     3.62878e-05     3.62878e-05     3.62878e-05     3.62878e-05     3.62878e-05     3.62878e-05
2410    1.32147e-06     1.81805e-05     1.81805e-05     1.81805e-05     1.81805e-05     1.81805e-05     1.81805e-05
2414    2.64293e-06     3.65322e-05     3.65322e-05     3.65322e-05     3.65322e-05     3.65322e-05     3.65322e-05
2418    0     0     0     0     0     0     0
2422    0     0     0     0     0     0     0
2426    0     0     0     0     0     0     0
2430    1.32147e-06     1.84779e-05     1.84779e-05     1.84779e-05     1.84779e-05     1.84779e-05     1.84779e-05
2434    0     0     0     0     0     0     0
2438    0     0     0     0     0     0     0
2442    0     0     0     0     0     0     0
2446    2.64293e-06     3.73702e-05     3.73702e-05     3.73702e-05     3.73702e-05     3.73702e-05     3.73702e-05
2450    0     0     0     0     0     0     0
2454    0     0     0     0     0     0     0
2458    0     0     0     0     0     0     0
2462    0     0     0     0     0     0     0
2466    0     0     0     0     0     0     0
2470    0     0     0     0     0     0     0
2474    0     0     0     0     0     0     0
2478    0     0     0     0     0     0     0
2482    0     0     0     0     0     0     0
2486    0     0     0     0     0     0     0
2490    1.32147e-06     1.92353e-05     1.92353e-05     1.92353e-05     1.92353e-05     1.92353e-05     1.92353e-05
2494    0     0     0     0     0     0     0
2498    5.28586e-06     7.74405e-05     7.74405e-05     7.74405e-05     7.74405e-05     7.74405e-05     7.74405e-05
2502    1.32147e-06     1.94216e-05     1.94216e-05     1.94216e-05     1.94216e-05     1.94216e-05     1.94216e-05
2506    0     0     0     0     0     0     0
2510    1.32147e-06     1.94937e-05     1.94937e-05     1.94937e-05     1.94937e-05     1.94937e-05     1.94937e-05
2514    0     0     0     0     0     0     0
2518    0     0     0     0     0     0     0
2522    0     0     0     0     0     0     0
2526    0     0     0     0     0     0     0
2530    0     0     0     0     0     0     0
2534    0     0     0     0     0     0     0
2538    0     0     0     0     0     0     0
2542    0     0     0     0     0     0     0
2546    0     0     0     0     0     0     0
2550    0     0     0     0     0     0     0
2554    1.32147e-06     2.00966e-05     2.00966e-05     2.00966e-05     2.00966e-05     2.00966e-05     2.00966e-05
2558    0     0     0     0     0     0     0
2562    0     0     0     0     0     0     0
2566    0     0     0     0     0     0     0
2570    0     0     0     0     0     0     0
2574    0     0     0     0     0     0     0
2578    0     0     0     0     0     0     0
2582    1.32147e-06     2.04418e-05     2.04418e-05     2.04418e-05     2.04418e-05     2.04418e-05     2.04418e-05
2586    0     0     0     0     0     0     0
2590    0     0     0     0     0     0     0
2594    0     0     0     0     0     0     0
2598    0     0     0     0     0     0     0
2602    1.32147e-06     2.07225e-05     2.07225e-05     2.07225e-05     2.07225e-05     2.07225e-05     2.07225e-05
2606    0     0     0     0     0     0     0
2610    0     0     0     0     0     0     0
2614    1.32147e-06     2.0842e-05     2.0842e-05     2.0842e-05     2.0842e-05     2.0842e-05     2.0842e-05
2618    0     0     0     0     0     0     0
2622    0     0     0     0     0     0     0
2626    0     0     0     0     0     0     0
2630    0     0     0     0     0     0     0
2634    0     0     0     0     0     0     0
2638    0     0     0     0     0     0     0
2642    0     0     0     0     0     0     0
2646    0     0     0     0     0     0     0
2650    0     0     0     0     0     0     0
2654    2.64293e-06     4.27901e-05     4.27901e-05     4.27901e-05     4.27901e-05     4.27901e-05     4.27901e-05
2658    0     0     0     0     0     0     0
2662    0     0     0     0     0     0     0
2666    0     0     0     0     0     0     0
2670    0     0     0     0     0     0     0
2674    0     0     0     0     0     0     0
2678    0     0     0     0     0     0     0
2682    0     0     0     0     0     0     0
2686    0     0     0     0     0     0     0
2690    0     0     0     0     0     0     0
2694    0     0     0     0     0     0     0
2698    0     0     0     0     0     0     0
2702    0     0     0     0     0     0     0
2706    0     0     0     0     0     0     0
2710    0     0     0     0     0     0     0
2714    0     0     0     0     0     0     0
2718    0     0     0     0     0     0     0
2722    0     0     0     0     0     0     0
2726    1.32147e-06     2.23264e-05     2.23264e-05     2.23264e-05     2.23264e-05     2.23264e-05     2.23264e-05
2730    0     0     0     0     0     0     0
2734    0     0     0     0     0     0     0
2738    0     0     0     0     0     0     0
2742    0     0     0     0     0     0     0
2746    0     0     0     0     0     0     0
2750    0     0     0     0     0     0     0
2754    0     0     0     0     0     0     0
2758    0     0     0     0     0     0     0
2762    0     0     0     0     0     0     0
2766    0     0     0     0     0     0     0
2770    0     0     0     0     0     0     0
2774    0     0     0     0     0     0     0
2778    0     0     0     0     0     0     0
2782    0     0     0     0     0     0     0
2786    1.32147e-06     2.31729e-05     2.31729e-05     2.31729e-05     2.31729e-05     2.31729e-05     2.31729e-05
2790    0     0     0     0     0     0     0
2794    0     0     0     0     0     0     0
2798    1.32147e-06     2.3328e-05     2.3328e-05     2.3328e-05     2.3328e-05     2.3328e-05     2.3328e-05
2802    0     0     0     0     0     0     0
2806    0     0     0     0     0     0     0
2810    0     0     0     0     0     0     0
2814    0     0     0     0     0     0     0
2818    0     0     0     0     0     0     0
2822    0     0     0     0     0     0     0
2826    0     0     0     0     0     0     0
2830    0     0     0     0     0     0     0
2834    0     0     0     0     0     0     0
2838    1.32147e-06     2.38575e-05     2.38575e-05     2.38575e-05     2.38575e-05     2.38575e-05     2.38575e-05
2842    0     0     0     0     0     0     0
2846    0     0     0     0     0     0     0
2850    0     0     0     0     0     0     0
2854    0     0     0     0     0     0     0
2858    0     0     0     0     0     0     0
2862    1.32147e-06     2.41793e-05     2.41793e-05     2.41793e-05     2.41793e-05     2.41793e-05     2.41793e-05
2866    0     0     0     0     0     0     0
2870    0     0     0     0     0     0     0
2874    0     0     0     0     0     0     0
2878    0     0     0     0     0     0     0
2882    1.32147e-06     2.44221e-05     2.44221e-05     2.44221e-05     2.44221e-05     2.44221e-05     2.44221e-05
2886    0     0     0     0     0     0     0
2890    0     0     0     0     0     0     0
2894    0     0     0     0     0     0     0
2898    0     0     0     0     0     0     0
2902    0     0     0     0     0     0     0
2906    0     0     0     0     0     0     0
2910    0     0     0     0     0     0     0
2914    0     0     0     0     0     0     0
2918    0     0     0     0     0     0     0
2922    0     0     0     0     0     0     0
2926    0     0     0     0     0     0     0
2930    0     0     0     0     0     0     0
2934    0     0     0     0     0     0     0
2938    0     0     0     0     0     0     0
2942    0     0     0     0     0     0     0
2946    0     0     0     0     0     0     0
2950    0     0     0     0     0     0     0
2954    0     0     0     0     0     0     0
2958    0     0     0     0     0     0     0
2962    0     0     0     0     0     0     0
2966    0     0     0     0     0     0     0
2970    0     0     0     0     0     0     0
2974    0     0     0     0     0     0     0
2978    0     0     0     0     0     0     0
2982    0     0     0     0     0     0     0
2986    0     0     0     0     0     0     0
2990    0     0     0     0     0     0     0
2994    0     0     0     0     0     0     0
2998    0     0     0     0     0     0     0
3002    0     0     0     0     0     0     0
3006    0     0     0     0     0     0     0
3010    0     0     0     0     0     0     0
3014    0     0     0     0     0     0     0
3018    0     0     0     0     0     0     0
3022    0     0     0     0     0     0     0
3026    0     0     0     0     0     0     0
3030    0     0     0     0     0     0     0
3034    0     0     0     0     0     0     0
3038    0     0     0     0     0     0     0
3042    0     0     0     0     0     0     0
3046    0     0     0     0     0     0     0
3050    0     0     0     0     0     0     0
3054    0     0     0     0     0     0     0
3058    1.32147e-06     2.67962e-05     2.67962e-05     2.67962e-05     2.67962e-05     2.67962e-05     2.67962e-05
3062    0     0     0     0     0     0     0
3066    0     0     0     0     0     0     0
3070    0     0     0     0     0     0     0
3074    0     0     0     0     0     0     0
3078    0     0     0     0     0     0     0
3082    0     0     0     0     0     0     0
3086    0     0     0     0     0     0     0
3090    0     0     0     0     0     0     0
3094    0     0     0     0     0     0     0
3098    0     0     0     0     0     0     0
3102    0     0     0     0     0     0     0
3106    0     0     0     0     0     0     0
3110    0     0     0     0     0     0     0
3114    0     0     0     0     0     0     0
3118    0     0     0     0     0     0     0
3122    0     0     0     0     0     0     0
3126    0     0     0     0     0     0     0
3130    0     0     0     0     0     0     0
3134    0     0     0     0     0     0     0
3138    0     0     0     0     0     0     0
3142    0     0     0     0     0     0     0
3146    0     0     0     0     0     0     0
3150    0     0     0     0     0     0     0
3154    0     0     0     0     0     0     0
3158    0     0     0     0     0     0     0
3162    0     0     0     0     0     0     0
3166    0     0     0     0     0     0     0
3170    0     0     0     0     0     0     0
3174    0     0     0     0     0     0     0
3178    0     0     0     0     0     0     0
3182    0     0     0     0     0     0     0
3186    0     0     0     0     0     0     0
3190    0     0     0     0     0     0     0
3194    0     0     0     0     0     0     0
3198    0     0     0     0     0     0     0
3202    0     0     0     0     0     0     0
3206    0     0     0     0     0     0     0
3210    0     0     0     0     0     0     0
3214    0     0     0     0     0     0     0
3218    0     0     0     0     0     0     0
3222    1.32147e-06     2.90272e-05     2.90272e-05     2.90272e-05     2.90272e-05     2.90272e-05     2.90272e-05
3226    0     0     0     0     0     0     0
3230    0     0     0     0     0     0     0
3234    0     0     0     0     0     0     0
3238    0     0     0     0     0     0     0
3242    0     0     0     0     0     0     0
3246    0     0     0     0     0     0     0
3250    0     0     0     0     0     0     0
3254    0     0     0     0     0     0     0
3258    0     0     0     0     0     0     0
3262    0     0     0     0     0     0     0
3266    0     0     0     0     0     0     0
3270    0     0     0     0     0     0     0
3274    0     0     0     0     0     0     0
3278    0     0     0     0     0     0     0
3282    0     0     0     0     0     0     0
3286    0     0     0     0     0     0     0
3290    0     0     0     0     0     0     0
3294    0     0     0     0     0     0     0
3298    0     0     0     0     0     0     0
3302    0     0     0     0     0     0     0
3306    0     0     0     0     0     0     0
3310    0     0     0     0     0     0     0
3314    0     0     0     0     0     0     0
3318    0     0     0     0     0     0     0
3322    0     0     0     0     0     0     0
3326    0     0     0     0     0     0     0
3330    0     0     0     0     0     0     0
3334    0     0     0     0     0     0     0
3338    0     0     0     0     0     0     0
3342    0     0     0     0     0     0     0
3346    1.32147e-06     3.07359e-05     3.07359e-05     3.07359e-05     3.07359e-05     3.07359e-05     3.07359e-05
3350    0     0     0     0     0     0     0
3354    0     0     0     0     0     0     0
3358    0     0     0     0     0     0     0
3362    0     0     0     0     0     0     0
3366    0     0     0     0     0     0     0
3370    0     0     0     0     0     0     0
3374    0     0     0     0     0     0     0
3378    0     0     0     0     0     0     0
3382    0     0     0     0     0     0     0
3386    0     0     0     0     0     0     0
3390    0     0     0     0     0     0     0
3394    0     0     0     0     0     0     0
3398    0     0     0     0     0     0     0
3402    0     0     0     0     0     0     0
3406    0     0     0     0     0     0     0
3410    0     0     0     0     0     0     0
3414    0     0     0     0     0     0     0
3418    0     0     0     0     0     0     0
3422    0     0     0     0     0     0     0
3426    0     0     0     0     0     0     0
3430    0     0     0     0     0     0     0
3434    0     0     0     0     0     0     0
3438    0     0     0     0     0     0     0
3442    0     0     0     0     0     0     0
3446    0     0     0     0     0     0     0
3450    0     0     0     0     0     0     0
3454    0     0     0     0     0     0     0
3458    0     0     0     0     0     0     0
3462    0     0     0     0     0     0     0
3466    0     0     0     0     0     0     0
3470    0     0     0     0     0     0     0
3474    0     0     0     0     0     0     0
3478    0     0     0     0     0     0     0
3482    0     0     0     0     0     0     0
3486    0     0     0     0     0     0     0
3490    0     0     0     0     0     0     0
3494    0     0     0     0     0     0     0
3498    0     0     0     0     0     0     0
3502    0     0     0     0     0     0     0
3506    0     0     0     0     0     0     0
3510    0     0     0     0     0     0     0
3514    0     0     0     0     0     0     0
3518    0     0     0     0     0     0     0
3522    0     0     0     0     0     0     0
3526    0     0     0     0     0     0     0
3530    0     0     0     0     0     0     0
3534    0     0     0     0     0     0     0
3538    0     0     0     0     0     0     0
3542    0     0     0     0     0     0     0
3546    0     0     0     0     0     0     0
3550    0     0     0     0     0     0     0
3554    0     0     0     0     0     0     0
3558    0     0     0     0     0     0     0
3562    0     0     0     0     0     0     0
3566    0     0     0     0     0     0     0
3570    0     0     0     0     0     0     0
3574    0     0     0     0     0     0     0
3578    0     0     0     0     0     0     0
3582    0     0     0     0     0     0     0
3586    0     0     0     0     0     0     0
3590    0     0     0     0     0     0     0
3594    0     0     0     0     0     0     0
3598    0     0     0     0     0     0     0
3602    0     0     0     0     0     0     0
3606    0     0     0     0     0     0     0
3610    0     0     0     0     0     0     0
3614    0     0     0     0     0     0     0
3618    0     0     0     0     0     0     0
3622    0     0     0     0     0     0     0
3626    0     0     0     0     0     0     0
3630    0     0     0     0     0     0     0
3634    1.32147e-06     3.47105e-05     3.47105e-05     3.47105e-05     3.47105e-05     3.47105e-05     3.47105e-05
3638    0     0     0     0     0     0     0
3642    0     0     0     0     0     0     0
3646    0     0     0     0     0     0     0
3650    0     0     0     0     0     0     0
3654    0     0     0     0     0     0     0
3658    0     0     0     0     0     0     0
3662    0     0     0     0     0     0     0
3666    0     0     0     0     0     0     0
3670    0     0     0     0     0     0     0
3674    0     0     0     0     0     0     0
3678    0     0     0     0     0     0     0
3682    0     0     0     0     0     0     0
3686    0     0     0     0     0     0     0
3690    0     0     0     0     0     0     0
3694    0     0     0     0     0     0     0
3698    0     0     0     0     0     0     0
3702    0     0     0     0     0     0     0
3706    0     0     0     0     0     0     0
3710    0     0     0     0     0     0     0
3714    0     0     0     0     0     0     0
3718    0     0     0     0     0     0     0
3722    0     0     0     0     0     0     0
3726    0     0     0     0     0     0     0
3730    0     0     0     0     0     0     0
3734    0     0     0     0     0     0     0
3738    0     0     0     0     0     0     0
3742    0     0     0     0     0     0     0
3746    0     0     0     0     0     0     0
3750    0     0     0     0     0     0     0
3754    0     0     0     0     0     0     0
3758    0     0     0     0     0     0     0
3762    0     0     0     0     0     0     0
3766    0     0     0     0     0     0     0
3770    0     0     0     0     0     0     0
3774    0     0     0     0     0     0     0
3778    0     0     0     0     0     0     0
3782    0     0     0     0     0     0     0
3786    0     0     0     0     0     0     0
3790    0     0     0     0     0     0     0
3794    0     0     0     0     0     0     0
3798    0     0     0     0     0     0     0
3802    0     0     0     0     0     0     0
3806    0     0     0     0     0     0     0
3810    0     0     0     0     0     0     0
3814    0     0     0     0     0     0     0
3818    0     0     0     0     0     0     0
3822    0     0     0     0     0     0     0
3826    0     0     0     0     0     0     0
3830    0     0     0     0     0     0     0
3834    0     0     0     0     0     0     0
3838    0     0     0     0     0     0     0
3842    0     0     0     0     0     0     0
3846    0     0     0     0     0     0     0
3850    0     0     0     0     0     0     0
3854    0     0     0     0     0     0     0
3858    0     0     0     0     0     0     0
3862    0     0     0     0     0     0     0
3866    0     0     0     0     0     0     0
3870    0     0     0     0     0     0     0
3874    0     0     0     0     0     0     0
3878    0     0     0     0     0     0     0
3882    0     0     0     0     0     0     0
3886    0     0     0     0     0     0     0
3890    0     0     0     0     0     0     0
3894    0     0     0     0     0     0     0
3898    0     0     0     0     0     0     0
3902    0     0     0     0     0     0     0
3906    0     0     0     0     0     0     0
3910    0     0     0     0     0     0     0
3914    0     0     0     0     0     0     0
3918    0     0     0     0     0     0     0
3922    0     0     0     0     0     0     0
3926    0     0     0     0     0     0     0
3930    0     0     0     0     0     0     0
3934    0     0     0     0     0     0     0
3938    0     0     0     0     0     0     0
3942    0     0     0     0     0     0     0
3946    0     0     0     0     0     0     0
3950    0     0     0     0     0     0     0
3954    0     0     0     0     0     0     0
3958    0     0     0     0     0     0     0
3962    0     0     0     0     0     0     0
3966    0     0     0     0     0     0     0
3970    0     0     0     0     0     0     0
3974    0     0     0     0     0     0     0
3978    0     0     0     0     0     0     0
3982    0     0     0     0     0     0     0
3986    0     0     0     0     0     0     0
3990    0     0     0     0     0     0     0
3994    0     0     0     0     0     0     0
3998    0     0     0     0     0     0     0
