2    0     0     0     0     0     0     0
6    0     0     0     0     0     0     0
10    0     0     0     0     0     0     0
14    0     0     0     0     0     0     0
18    0     0     0     0     0     0     0
22    0     0     0     0     0     0     0
26    2.41873e-05     3.59903e-09     3.59903e-09     3.59903e-09     3.59903e-09     3.59903e-09     3.59903e-09
30    2.28916e-05     2.80585e-09     2.80585e-09     2.80585e-09     2.80585e-09     2.80585e-09     2.80585e-09
34    3.15299e-05     3.22527e-09     3.22527e-09     3.22527e-09     3.22527e-09     3.22527e-09     3.22527e-09
38    3.80087e-05     3.35694e-09     3.35694e-09     3.35694e-09     3.35694e-09     3.35694e-09     3.35694e-09
42    3.88725e-05     2.98185e-09     2.98185e-09     2.98185e-09     2.98185e-09     2.98185e-09     2.98185e-09
46    4.27597e-05     2.88844e-09     2.88844e-09     2.88844e-09     2.88844e-09     2.88844e-09     2.88844e-09
50    5.74449e-05     3.48579e-09     3.48579e-09     3.48579e-09     3.48579e-09     3.48579e-09     3.48579e-09
54    5.57172e-05     3.06948e-09     3.06948e-09     3.06948e-09     3.06948e-09     3.06948e-09     3.06948e-09
58    6.00364e-05     3.03955e-09     3.03955e-09     3.03955e-09     3.03955e-09     3.03955e-09     3.03955e-09
62    6.39236e-05     3.00159e-09     3.00159e-09     3.00159e-09     3.00159e-09     3.00159e-09     3.00159e-09
66    7.64492e-05     3.37431e-09     3.37431e-09     3.37431e-09     3.37431e-09     3.37431e-09     3.37431e-09
70    8.59514e-05     3.60551e-09     3.60551e-09     3.60551e-09     3.60551e-09     3.60551e-09     3.60551e-09
74    8.42237e-05     3.39e-09     3.39e-09     3.39e-09     3.39e-09     3.39e-09     3.39e-09
78    8.42237e-05     3.27981e-09     3.27981e-09     3.27981e-09     3.27981e-09     3.27981e-09     3.27981e-09
82    9.89089e-05     3.76532e-09     3.76532e-09     3.76532e-09     3.76532e-09     3.76532e-09     3.76532e-09
86    9.97727e-05     3.73885e-09     3.73885e-09     3.73885e-09     3.73885e-09     3.73885e-09     3.73885e-09
90    0.000105388     3.91589e-09     3.91589e-09     3.91589e-09     3.91589e-09     3.91589e-09     3.91589e-09
94    0.00011489     4.26187e-09     4.26187e-09     4.26187e-09     4.26187e-09     4.26187e-09     4.26187e-09
98    0.000118777     4.4227e-09     4.4227e-09     4.4227e-09     4.4227e-09     4.4227e-09     4.4227e-09
102    0.000119641     4.49222e-09     4.49222e-09     4.49222e-09     4.49222e-09     4.49222e-09     4.49222e-09
106    0.00013519     5.14762e-09     5.14762e-09     5.14762e-09     5.14762e-09     5.14762e-09     5.14762e-09
110    0.000139941     5.44898e-09     5.44898e-09     5.44898e-09     5.44898e-09     5.44898e-09     5.44898e-09
114    0.000134758     5.44605e-09     5.44605e-09     5.44605e-09     5.44605e-09     5.44605e-09     5.44605e-09
118    0.000152898     6.48672e-09     6.48672e-09     6.48672e-09     6.48672e-09     6.48672e-09     6.48672e-09
122    0.00014426     6.59069e-09     6.59069e-09     6.59069e-09     6.59069e-09     6.59069e-09     6.59069e-09
126    0.000137349     6.90831e-09     6.90831e-09     6.90831e-09     6.90831e-09     6.90831e-09     6.90831e-09
130    0.000161969     9.20163e-09     9.20163e-09     9.20163e-09     9.20163e-09     9.20163e-09     9.20163e-09
134    0.000184428     1.22017e-08     1.22017e-08     1.22017e-08     1.22017e-08     1.22017e-08     1.22017e-08
138    0.000162833     1.29345e-08     1.29345e-08     1.29345e-08     1.29345e-08     1.29345e-08     1.29345e-08
142    0.000186588     1.84866e-08     1.84866e-08     1.84866e-08     1.84866e-08     1.84866e-08     1.84866e-08
146    0.000176222     2.25676e-08     2.25676e-08     2.25676e-08     2.25676e-08     2.25676e-08     2.25676e-08
150    0.000172767     3.03671e-08     3.03671e-08     3.03671e-08     3.03671e-08     3.03671e-08     3.03671e-08
154    0.00017363     4.64694e-08     4.64694e-08     4.64694e-08     4.64694e-08     4.64694e-08     4.64694e-08
158    0.00017363     8.8543e-08     8.8543e-08     8.8543e-08     8.8543e-08     8.8543e-08     8.8543e-08
162    0.000188748     2.5581e-07     2.5581e-07     2.5581e-07     2.5581e-07     2.5581e-07     2.5581e-07
166    0.000190475     4.72533e-07     4.72533e-07     4.72533e-07     4.72533e-07     4.72533e-07     4.72533e-07
170    0.000202569     6.83563e-07     6.83563e-07     6.83563e-07     6.83563e-07     6.83563e-07     6.83563e-07
174    0.00021855     9.04514e-07     9.04514e-07     9.04514e-07     9.04514e-07     9.04514e-07     9.04514e-07
178    0.000209911     1.02344e-06     1.02344e-06     1.02344e-06     1.02344e-06     1.02344e-06     1.02344e-06
182    0.000225029     1.31701e-06     1.31701e-06     1.31701e-06     1.31701e-06     1.31701e-06     1.31701e-06
186    0.000240578     1.69849e-06     1.69849e-06     1.69849e-06     1.69849e-06     1.69849e-06     1.69849e-06
190    0.00022546     1.86357e-06     1.86357e-06     1.86357e-06     1.86357e-06     1.86357e-06     1.86357e-06
194    0.000234963     2.18776e-06     2.18776e-06     2.18776e-06     2.18776e-06     2.18776e-06     2.18776e-06
198    0.000228052     2.34869e-06     2.34869e-06     2.34869e-06     2.34869e-06     2.34869e-06     2.34869e-06
202    0.000240578     2.70894e-06     2.70894e-06     2.70894e-06     2.70894e-06     2.70894e-06     2.70894e-06
206    0.000244033     2.99118e-06     2.99118e-06     2.99118e-06     2.99118e-06     2.99118e-06     2.99118e-06
210    0.000232371     3.08012e-06     3.08012e-06     3.08012e-06     0.000118742     0.000166738     8.53269e-05
214    0.000244465     3.49001e-06     3.49001e-06     3.49001e-06     0.000222357     0.000313266     0.000159057
218    0.000245329     3.74528e-06     3.74528e-06     3.74528e-06     0.000203237     0.000286358     0.000145334
222    0.000227188     3.70058e-06     3.70058e-06     3.70058e-06     0.000215856     0.000304399     0.000154116
226    0.000260878     4.51444e-06     4.51444e-06     4.51444e-06     0.000212299     0.000299065     0.000151852
230    0.00026822     4.93318e-06     4.93318e-06     4.93318e-06     0.000208381     0.000293361     0.000149148
234    0.000250943     4.8934e-06     4.8934e-06     4.8934e-06     0.000195111     0.000274579     0.000139652
238    0.000250512     5.1753e-06     5.1753e-06     5.1753e-06     0.000170566     0.000239682     0.00012227
242    0.000254399     5.54814e-06     5.54814e-06     5.54814e-06     0.000187173     0.000263276     0.000134061
246    0.000280314     6.44187e-06     6.44187e-06     6.44187e-06     0.000189471     0.00026624     0.000135859
250    0.000283769     6.8617e-06     6.8617e-06     6.8617e-06     0.000173187     0.000242919     0.000124468
254    0.000272971     6.9374e-06     6.9374e-06     6.9374e-06     0.000160436     0.000224687     0.000115511
258    0.000286793     7.65882e-06     7.65882e-06     7.65882e-06     0.000163616     0.000228746     0.000118001
262    0.000270812     7.58371e-06     7.58371e-06     7.58371e-06     0.000182404     0.000255264     0.000131349
266    0.00029759     8.7219e-06     8.7219e-06     8.7219e-06     0.000168899     0.000235657     0.000122065
270    0.000271675     8.33126e-06     8.33126e-06     8.33126e-06     0.00015764     0.00021997     0.000113912
274    0.000293271     9.39598e-06     9.39598e-06     9.39598e-06     0.000158223     0.000220482     0.000114561
278    0.00029068     9.73693e-06     9.73693e-06     9.73693e-06     0.000161342     0.000224857     0.000116801
282    0.000301478     1.05303e-05     1.05303e-05     1.05303e-05     0.000150183     0.00020866     0.000109128
286    0.000288088     1.04964e-05     1.04964e-05     1.04964e-05     0.000146678     0.000203628     0.000106647
290    0.00029759     1.12817e-05     1.12817e-05     1.12817e-05     0.000143847     0.000199298     0.000104855
294    0.000334735     1.31818e-05     1.31818e-05     1.31818e-05     0.000148476     0.000205139     0.000108635
298    0.00032221     1.31792e-05     1.31792e-05     1.31792e-05     0.000146516     0.000202461     0.000107191
302    0.000319618     1.35731e-05     1.35731e-05     1.35731e-05     0.000134221     0.000184908     9.85753e-05
306    0.000319186     1.40762e-05     1.40762e-05     1.40762e-05     0.000133978     0.000184336     9.85705e-05
310    0.000330848     1.51265e-05     1.51265e-05     1.51265e-05     0.00014183     0.000194985     0.00010443
314    0.000323937     1.53539e-05     1.53539e-05     1.53539e-05     0.000149103     0.000205152     0.000109632
318    0.000322642     1.58411e-05     1.58411e-05     1.58411e-05     0.000133404     0.00018263     9.87058e-05
322    0.000347693     1.76456e-05     1.76456e-05     1.76456e-05     0.00013831     0.000188761     0.000102686
326    0.000330416     1.73212e-05     1.73212e-05     1.73212e-05     0.000142347     0.000194559     0.00010547
330    0.000320914     1.73692e-05     1.73692e-05     1.73692e-05     0.000133878     0.0001824     9.9567e-05
334    0.000363242     2.02894e-05     2.02894e-05     2.02894e-05     0.000142394     0.000193013     0.000106533
338    0.000342942     1.97601e-05     1.97601e-05     1.97601e-05     0.000136881     0.000185126     0.000102627
342    0.000339054     2.01504e-05     2.01504e-05     2.01504e-05     0.000138637     0.000186884     0.000104224
346    0.000346397     2.12786e-05     2.12786e-05     2.12786e-05     0.000139032     0.000186281     0.000105174
350    0.000348125     2.22532e-05     2.22532e-05     2.22532e-05     0.000139935     0.000186914     0.000106214
354    0.000357627     2.38916e-05     2.38916e-05     2.38916e-05     0.00014172     0.000188838     0.00010791
358    0.000371016     2.59981e-05     2.59981e-05     2.59981e-05     0.000145339     0.000193342     0.000110947
362    0.000364969     2.67961e-05     2.67961e-05     2.67961e-05     0.000149473     0.000199275     0.000113858
366    0.000356763     2.73506e-05     2.73506e-05     2.73506e-05     0.000149967     0.000199955     0.000114247
370    0.000352444     2.8198e-05     2.8198e-05     2.8198e-05     0.000162228     0.000217094     0.000123051
374    0.000381382     3.18399e-05     3.18399e-05     3.18399e-05     0.000171479     0.00022889     0.000130522
378    0.000372744     3.24521e-05     3.24521e-05     3.24521e-05     0.000152179     0.00020168     0.000116913
382    0.000383974     3.48075e-05     3.48075e-05     3.48075e-05     0.000173566     0.000231358     0.000132457
386    0.000386565     3.64006e-05     3.64006e-05     3.64006e-05     0.000177706     0.000236846     0.000135684
390    0.000384838     3.75633e-05     3.75633e-05     3.75633e-05     0.000181771     0.000242399     0.000138736
394    0.000383974     3.88187e-05     3.88187e-05     3.88187e-05     0.000188447     0.000251599     0.000143661
398    0.00039218     4.10168e-05     4.10168e-05     4.10168e-05     0.000179102     0.000237608     0.000137647
402    0.00039218     4.23837e-05     4.23837e-05     4.23837e-05     0.000183946     0.000244246     0.000141265
406    0.000419823     4.68221e-05     4.68221e-05     4.68221e-05     0.000194194     0.000257223     0.000149621
410    0.000388725     4.47796e-05     4.47796e-05     4.47796e-05     0.000191496     0.000254494     0.000146984
414    0.000417663     4.95708e-05     4.95708e-05     4.95708e-05     0.000188708     0.000248665     0.000146376
418    0.000413344     5.05058e-05     5.05058e-05     5.05058e-05     0.000190468     0.00025098     0.000147767
422    0.000397363     4.99378e-05     4.99378e-05     4.99378e-05     0.00019378     0.000256303     0.000149715
426    0.000412912     5.32976e-05     5.32976e-05     5.32976e-05     0.000195712     0.000257869     0.000151946
430    0.000405138     5.37035e-05     5.37035e-05     5.37035e-05     0.000192207     0.000252857     0.000149531
434    0.000423278     5.76063e-05     5.76063e-05     5.76063e-05     0.000208998     0.000275471     0.00016225
438    0.000419823     5.86212e-05     5.86212e-05     5.86212e-05     0.000206615     0.000271748     0.000160831
442    0.000432348     6.19186e-05     6.19186e-05     6.19186e-05     0.000200451     0.00026174     0.000157424
446    0.000425438     6.24103e-05     6.24103e-05     6.24103e-05     0.000211955     0.000278465     0.000165326
450    0.000453944     6.81572e-05     6.81572e-05     6.81572e-05     0.00020804     0.000270534     0.000164272
454    0.000436668     6.70699e-05     6.70699e-05     6.70699e-05     0.000212593     0.000277822     0.000166942
458    0.000454808     7.14171e-05     7.14171e-05     7.14171e-05     0.00022881     0.000299506     0.000179352
462    0.000457832     7.34941e-05     7.34941e-05     7.34941e-05     0.000216693     0.000281054     0.000171665
466    0.000420687     6.9012e-05     6.9012e-05     6.9012e-05     0.00021634     0.000282528     0.000170006
470    0.000447897     7.50427e-05     7.50427e-05     7.50427e-05     0.000224741     0.000292007     0.000177641
474    0.000478132     8.17988e-05     8.17988e-05     8.17988e-05     0.00022995     0.000296581     0.000183297
478    0.000475108     8.29337e-05     8.29337e-05     8.29337e-05     0.000223828     0.000287305     0.000179393
482    0.000487634     8.68319e-05     8.68319e-05     8.68319e-05     0.00023454     0.000301388     0.000187795
486    0.000466902     8.47817e-05     8.47817e-05     8.47817e-05     0.000243219     0.000315204     0.000192935
490    0.000466902     8.64633e-05     8.64633e-05     8.64633e-05     0.000230554     0.000296206     0.000184723
494    0.000479427     9.04597e-05     9.04597e-05     9.04597e-05     0.000236705     0.00030347     0.000190111
498    0.000468197     9.00273e-05     9.00273e-05     9.00273e-05     0.000250444     0.000323762     0.000199279
502    0.000498432     9.75764e-05     9.75764e-05     9.75764e-05     0.000246487     0.000314715     0.000198912
506    0.000490225     9.77275e-05     9.77275e-05     9.77275e-05     0.000256054     0.000328802     0.000205349
510    0.000510525     0.000103619     0.000103619     0.000103619     0.000248772     0.000315691     0.000202164
514    0.000483315     9.98449e-05     9.98449e-05     9.98449e-05     0.000255623     0.000327686     0.000205474
518    0.000507934     0.000106814     0.000106814     0.000106814     0.000268688     0.000343845     0.000216432
522    0.000518732     0.000110985     0.000110985     0.000110985     0.000246886     0.000310242     0.000202885
526    0.000502751     0.000109404     0.000109404     0.000109404     0.000259225     0.000329185     0.000210642
530    0.000500591     0.000110769     0.000110769     0.000110769     0.000257455     0.000326018     0.000209848
534    0.000521755     0.000117337     0.000117337     0.000117337     0.000279855     0.000355863     0.000227079
538    0.00050923     0.000116304     0.000116304     0.000116304     0.000256848     0.000322592     0.000211189
542    0.000533417     0.000123821     0.000123821     0.000123821     0.000274316     0.000344759     0.000225383
546    0.00050923     0.000120089     0.000120089     0.000120089     0.000266003     0.000334379     0.000218513
550    0.000498432     0.000119481     0.000119481     0.000119481     0.000261318     0.000327881     0.000215094
554    0.000564515     0.000137548     0.000137548     0.000137548     0.000313182     0.00039575     0.000255863
558    0.000548534     0.000135781     0.000135781     0.000135781     0.000287942     0.000359654     0.000238198
562    0.000559332     0.000140467     0.000140467     0.000140467     0.000298194     0.000372796     0.000246495
566    0.000562355     0.000143114     0.000143114     0.000143114     0.000294677     0.000366541     0.000244894
570    0.000557604     0.000143884     0.000143884     0.000143884     0.000292308     0.000362816     0.000243482
574    0.000578336     0.000151516     0.000151516     0.000151516     0.00029817     0.000367942     0.000249869
578    0.000582655     0.000155078     0.000155078     0.000155078     0.000310996     0.000385272     0.000259588
582    0.000591294     0.000159697     0.000159697     0.000159697     0.000305562     0.000375182     0.000257396
586    0.000569698     0.000156046     0.000156046     0.000156046     0.000302892     0.000373101     0.000254326
590    0.000580064     0.000161289     0.000161289     0.000161289     0.00031343     0.000386304     0.000263036
594    0.000590862     0.000167106     0.000167106     0.000167106     0.00034056     0.000423814     0.000283012
598    0.000601228     0.000173033     0.000173033     0.000173033     0.000330779     0.000406661     0.000278352
602    0.000586975     0.000171442     0.000171442     0.000171442     0.000356007     0.000445102     0.000294518
606    0.000593453     0.000175568     0.000175568     0.000175568     0.000338749     0.000417721     0.000284275
610    0.000628007     0.000188143     0.000188143     0.000188143     0.000346589     0.000423439     0.000293605
614    0.000602092     0.000183059     0.000183059     0.000183059     0.000343267     0.000421099     0.000289624
618    0.000605979     0.000187164     0.000187164     0.000187164     0.00035668     0.000439138     0.00029986
622    0.000606411     0.000190258     0.000190258     0.000190258     0.000338812     0.000411209     0.000288945
626    0.000638373     0.000203244     0.000203244     0.000203244     0.000377824     0.000463042     0.000319143
630    0.000647443     0.000209025     0.000209025     0.000209025     0.00040232     0.000496852     0.000337256
634    0.000656513     0.000214932     0.000214932     0.000214932     0.00039237     0.000479316     0.000332555
638    0.000655649     0.000217683     0.000217683     0.000217683     0.000396029     0.000483576     0.000335816
642    0.000668175     0.000225286     0.000225286     0.000225286     0.000398384     0.000483615     0.000339815
646    0.000659105     0.000225816     0.000225816     0.000225816     0.000386946     0.000466444     0.000332339
650    0.000664719     0.000231502     0.000231502     0.000231502     0.000395956     0.000477238     0.000340143
654    0.000683292     0.000241777     0.000241777     0.000241777     0.000426305     0.000517636     0.000363609
658    0.000670766     0.000241045     0.000241045     0.000241045     0.000416095     0.000502829     0.000356567
662    0.000691498     0.000252362     0.000252362     0.000252362     0.000420849     0.000504548     0.000363442
666    0.000728211     0.0002698     0.0002698     0.0002698     0.000453334     0.000544749     0.000390682
670    0.000706615     0.000265832     0.000265832     0.000265832     0.000488066     0.000598994     0.000412077
674    0.000715254     0.000273183     0.000273183     0.000273183     0.000456689     0.000548463     0.000393845
678    0.000707047     0.000274072     0.000274072     0.000274072     0.000446265     0.000532497     0.000387238
682    0.000693658     0.000272827     0.000272827     0.000272827     0.000447173     0.000534633     0.000387333
686    0.000732098     0.000292209     0.000292209     0.000292209     0.000470385     0.000559883     0.000409153
690    0.00072562     0.000294068     0.000294068     0.000294068     0.000457371     0.000539576     0.000401161
694    0.000750239     0.000309046     0.000309046     0.000309046     0.000516862     0.000621752     0.000445198
698    0.00073469     0.00030789     0.00030789     0.00030789     0.000494085     0.000588317     0.000429746
702    0.000733394     0.000312452     0.000312452     0.000312452     0.000535664     0.000649     0.000458352
706    0.000742033     0.000321336     0.000321336     0.000321336     0.00051245     0.000609662     0.000446162
710    0.000727347     0.000320486     0.000320486     0.000320486     0.000514269     0.000613004     0.000446969
714    0.000724756     0.000325209     0.000325209     0.000325209     0.000488218     0.000571406     0.000431535
718    0.000783065     0.000358203     0.000358203     0.000358203     0.000557575     0.000659484     0.000488155
722    0.000751103     0.000349691     0.000349691     0.000349691     0.000539005     0.000636077     0.000472942
726    0.000783497     0.000370914     0.000370914     0.000370914     0.000557844     0.00065393     0.000492495
730    0.000764924     0.00036823     0.00036823     0.00036823     0.000552224     0.000647027     0.000487792
734    0.000756718     0.000370921     0.000370921     0.000370921     0.000554936     0.000649939     0.000490405
738    0.000780473     0.000390048     0.000390048     0.000390048     0.000566048     0.000657069     0.000504252
742    0.000773131     0.000394288     0.000394288     0.000394288     0.000581256     0.000678236     0.000515468
746    0.000799046     0.000416103     0.000416103     0.000416103     0.000592856     0.000684801     0.000530532
750    0.000822801     0.000437358     0.000437358     0.000437358     0.000678798     0.00080469     0.00059352
754    0.000777882     0.000421719     0.000421719     0.000421719     0.000596813     0.000688283     0.000534886
758    0.000844397     0.000466629     0.000466629     0.000466629     0.000705395     0.000830337     0.000620841
762    0.00079775     0.000449838     0.000449838     0.000449838     0.000656614     0.000765085     0.000583242
766    0.000831871     0.000479159     0.000479159     0.000479159     0.000695281     0.000808918     0.000618469
770    0.00080898     0.00047646     0.00047646     0.00047646     0.000704771     0.000825113     0.000623485
774    0.00084958     0.000512159     0.000512159     0.000512159     0.000726723     0.000840099     0.000650196
778    0.000846124     0.000522237     0.000522237     0.000522237     0.00074467     0.000862457     0.000665216
782    0.000823665     0.000520308     0.000520308     0.000520308     0.000738549     0.000854513     0.000660413
786    0.000800773     0.000517229     0.000517229     0.000517229     0.000717818     0.000824723     0.000645853
790    0.000814595     0.000538349     0.000538349     0.000538349     0.000741441     0.000849938     0.000668452
794    0.000823665     0.000557374     0.000557374     0.000557374     0.000795872     0.000923585     0.00071001
798    0.000828848     0.000575138     0.000575138     0.000575138     0.000811912     0.000938959     0.000726547
802    0.000813731     0.000579294     0.000579294     0.000579294     0.000782508     0.00089185     0.000709094
806    0.000808116     0.000590584     0.000590584     0.000590584     0.000833197     0.000964045     0.000745407
810    0.000793431     0.000595652     0.000595652     0.000595652     0.0008196     0.000940731     0.000738401
814    0.000784792     0.00060521     0.00060521     0.00060521     0.000817455     0.000932565     0.000740357
818    0.000835758     0.000662311     0.000662311     0.000662311     0.000869675     0.000982412     0.00079423
822    0.000788248     0.000641697     0.000641697     0.000641697     0.000866911     0.00098952     0.000784881
826    0.000791703     0.000662479     0.000662479     0.000662479     0.000905932     0.00103859     0.00081719
830    0.000787384     0.000677621     0.000677621     0.000677621     0.000913614     0.00104257     0.000827424
834    0.000807684     0.000715731     0.000715731     0.000715731     0.000934831     0.00105514     0.000854548
838    0.000792567     0.000723198     0.000723198     0.000723198     0.000947943     0.00107211     0.000865271
842    0.000792999     0.000745296     0.000745296     0.000745296     0.000967909     0.00109134     0.000885826
846    0.00076406     0.000739597     0.000739597     0.000739597     0.000955662     0.0010754     0.000876
850    0.000761037     0.000758973     0.000758973     0.000758973     0.000991093     0.00111984     0.000905449
854    0.000751967     0.000773385     0.000773385     0.000773385     0.000993482     0.00111586     0.000912141
858    0.000753694     0.00079985     0.00079985     0.00079985     0.0010386     0.00117197     0.000950092
862    0.000749375     0.000820872     0.000820872     0.000820872     0.00104665     0.00117349     0.000962629
866    0.000770971     0.000870887     0.000870887     0.000870887     0.00109375     0.00121934     0.00101065
870    0.000714822     0.000833013     0.000833013     0.000833013     0.00104132     0.00115906     0.000963497
874    0.000710071     0.000853602     0.000853602     0.000853602     0.00106709     0.00118807     0.000987184
878    0.00071439     0.000886102     0.000886102     0.000886102     0.00109721     0.00121716     0.00101805
882    0.000703592     0.000900537     0.000900537     0.000900537     0.00110906     0.00122785     0.00103074
886    0.000685451     0.000905642     0.000905642     0.000905642     0.00109887     0.00120916     0.0010262
890    0.000715254     0.000975662     0.000975662     0.000975662     0.00117819     0.00129417     0.00110185
894    0.00067379     0.000950038     0.000950038     0.000950038     0.00114258     0.0012534     0.00106977
898    0.000675949     0.000984052     0.000984052     0.000984052     0.00117323     0.0012827     0.00110144
902    0.0006198     0.000931028     0.000931028     0.000931028     0.00109849     0.00119576     0.00103478
906    0.000614617     0.000953437     0.000953437     0.000953437     0.00111407     0.00120744     0.00105294
910    0.000623256     0.000997689     0.000997689     0.000997689     0.00115224     0.0012422     0.00109336
914    0.000645283     0.00106581     0.00106581     0.00106581     0.00123391     0.00133203     0.00116975
918    0.000611162     0.00104222     0.00104222     0.00104222     0.00119912     0.00129107     0.00113907
922    0.000583087     0.00102527     0.00102527     0.00102527     0.00116681     0.00125023     0.00111245
926    0.000583519     0.00105743     0.00105743     0.00105743     0.00119215     0.00127181     0.00114031
930    0.000594749     0.0011108     0.0011108     0.0011108     0.00124966     0.00133201     0.00119611
934    0.000559764     0.0010763     0.0010763     0.0010763     0.00120739     0.00128535     0.00115674
938    0.000551125     0.00109188     0.00109188     0.00109188     0.00121317     0.00128551     0.00116622
942    0.000529962     0.00108023     0.00108023     0.00108023     0.00118256     0.00124374     0.00114288
946    0.000535145     0.00112133     0.00112133     0.00112133     0.00121746     0.00127506     0.00118013
950    0.000510525     0.00109881     0.00109881     0.00109881     0.00118474     0.00123638     0.00115131
954    0.000491521     0.00108756     0.00108756     0.00108756     0.00116518     0.00113491     0.00121202
958    0.000494112     0.00112153     0.00112153     0.00112153     0.00119299     0.00116504     0.00123632
962    0.000467766     0.0010896     0.0010896     0.0010896     0.00114443     0.0011229     0.00117787
966    0.000457832     0.00109405     0.00109405     0.00109405     0.00114107     0.00112257     0.00116985
970    0.000450489     0.00110294     0.00110294     0.00110294     0.00114378     0.00112767     0.00116887
974    0.000441851     0.00110742     0.00110742     0.00110742     0.00114061     0.00112749     0.00116108
978    0.000462151     0.00118522     0.00118522     0.00118522     0.00120957     0.00119992     0.00122463
982    0.00040125     0.00105151     0.00105151     0.00105151     0.00106336     0.00105865     0.00107071
986    0.00042587     0.0011407     0.0011407     0.0011407     0.00114477     0.00114315     0.0011473
990    0.000397795     0.00108759     0.00108759     0.00108759     0.00108385     0.00108081     0.00108603
994    0.000417231     0.0011638     0.0011638     0.0011638     0.00115114     0.00114321     0.0011562
998    0.000384838     0.00109484     0.00109484     0.00109484     0.00107433     0.00106145     0.00108254
1002    0.000366265     0.0010617     0.0010617     0.0010617     0.0010295     0.00100918     0.00104242
1006    0.000350716     0.00103554     0.00103554     0.00103554     0.000998057     0.000974327     0.00101312
1010    0.000353308     0.00106161     0.00106161     0.00106161     0.00101653     0.000987902     0.00103469
1014    0.00034251     0.00104685     0.00104685     0.00104685     0.000994531     0.000961199     0.00101565
1018    0.000343374     0.00106665     0.00106665     0.00106665     0.00100651     0.00096807     0.00103083
1022    0.000341646     0.00107776     0.00107776     0.00107776     0.00100811     0.000963388     0.00103635
1026    0.000334735     0.0010718     0.0010718     0.0010718     0.000993968     0.000943829     0.0010256
1030    0.000286361     0.00093032     0.00093032     0.00093032     0.000855918     0.000807808     0.000886222
1034    0.000283769     0.000934451     0.000934451     0.000934451     0.000855965     0.000805045     0.000887996
1038    0.000304933     0.00101774     0.00101774     0.00101774     0.000924746     0.000864194     0.000962782
1042    0.000298022     0.00100734     0.00100734     0.00100734     0.000905219     0.000838395     0.000947114
1046    0.000272971     0.000933967     0.000933967     0.000933967     0.000831071     0.000763497     0.000873379
1050    0.000267356     0.00092571     0.00092571     0.00092571     0.000817979     0.000746945     0.000862383
1054    0.000251807     0.000881728     0.000881728     0.000881728     0.000777943     0.000709268     0.000820812
1058    0.000253103     0.00089573     0.00089573     0.00089573     0.000780875     0.000704586     0.000828426
1062    0.000235395     0.000841703     0.000841703     0.000841703     0.000728853     0.000653508     0.000775721
1066    0.000239714     0.00086581     0.00086581     0.00086581     0.000745945     0.000665588     0.000795848
1070    0.000232371     0.000846992     0.000846992     0.000846992     0.000724604     0.000642251     0.00077567
1074    0.000212503     0.00078174     0.00078174     0.00078174     0.000663988     0.000584417     0.000713243
1078    0.000223301     0.000828613     0.000828613     0.000828613     0.000702012     0.000616129     0.000755089
1082    0.000201705     0.000755025     0.000755025     0.000755025     0.000627681     0.000540831     0.000681241
1086    0.000199977     0.000754616     0.000754616     0.000754616     0.000622951     0.000532781     0.000678467
1090    0.00019609     0.000745826     0.000745826     0.000745826     0.000619247     0.000532212     0.000672745
1094    0.000184428     0.000706851     0.000706851     0.000706851     0.000576742     0.000486884     0.000631875
1098    0.000196522     0.000758571     0.000758571     0.000758571     0.000615102     0.000515618     0.000676033
1102    0.000191771     0.000745392     0.000745392     0.000745392     0.000598492     0.000496056     0.000661083
1106    0.000168447     0.000659274     0.000659274     0.000659274     0.0005335     0.000445442     0.000587222
1110    0.000180109     0.000709527     0.000709527     0.000709527     0.000564884     0.000463182     0.000626821
1114    0.000169743     0.000673088     0.000673088     0.000673088     0.000538546     0.000443538     0.0005963
1118    0.000170607     0.000680716     0.000680716     0.000680716     0.000531415     0.000425535     0.000595659
1122    0.000171903     0.00068997     0.00068997     0.00068997     0.000541323     0.000435318     0.000605498
1126    0.000154626     0.000624331     0.000624331     0.000624331     0.000481958     0.000379997     0.000543571
1130    0.000150739     0.00061222     0.00061222     0.00061222     0.000468993     0.000365946     0.000531144
1134    0.000143396     0.000585662     0.000585662     0.000585662     0.000451498     0.000354543     0.000509868
1138    0.000142101     0.000583554     0.000583554     0.000583554     0.000443621     0.000342096     0.000504639
1142    0.000142964     0.00059017     0.00059017     0.00059017     0.000448239     0.000344672     0.00051033
1146    0.000149443     0.000620121     0.000620121     0.000620121     0.000459606     0.000341968     0.000529998
1150    0.000132598     0.000553117     0.000553117     0.000553117     0.000409751     0.000304214     0.000472779
1154    0.00013519     0.000566863     0.000566863     0.000566863     0.000430655     0.000329939     0.000490689
1158    0.000133894     0.00056414     0.00056414     0.00056414     0.000424883     0.000321474     0.000486412
1162    0.000126983     0.000537717     0.000537717     0.000537717     0.000397218     0.000292276     0.000459501
1166    0.000123096     0.00052375     0.00052375     0.00052375     0.000376591     0.000266177     0.000441993
1170    0.000111434     0.000476308     0.000476308     0.000476308     0.000344799     0.000245718     0.000403384
1174    0.000106251     0.000456344     0.000456344     0.000456344     0.000333049     0.000239751     0.000388109
1178    0.000109275     0.000471546     0.000471546     0.000471546     0.000343355     0.00024592     0.000400746
1182    0.00011489     0.000498098     0.000498098     0.000498098     0.000354777     0.000245206     0.00041915
1186    0.000108843     0.000474056     0.000474056     0.000474056     0.000335974     0.000229951     0.000398139
1190    9.58855e-05     0.000419533     0.000419533     0.000419533     0.000295244     0.000199363     0.000351347
1194    9.19982e-05     0.000404251     0.000404251     0.000404251     0.000286404     0.000195135     0.000339718
1198    9.58855e-05     0.000423269     0.000423269     0.000423269     0.000290629     0.000187432     0.000350788
1202    9.45897e-05     0.000419394     0.000419394     0.000419394     0.000296723     0.00020072     0.00035254
1206    0.000101068     0.000450111     0.000450111     0.000450111     0.000309242     0.000198503     0.0003735
1210    8.98386e-05     0.00040185     0.00040185     0.00040185     0.000281682     0.000186802     0.000336628
1214    9.67493e-05     0.000434722     0.000434722     0.000434722     0.000290779     0.000176643     0.000356748
1218    9.11344e-05     0.000411239     0.000411239     0.000411239     0.000279945     0.000175389     0.000340262
1222    7.94726e-05     0.000360167     0.000360167     0.000360167     0.000248339     0.000158759     0.000299876
1226    7.73131e-05     0.000351916     0.000351916     0.000351916     0.000239544     0.000149154     0.000291451
1230    7.55854e-05     0.000345601     0.000345601     0.000345601     0.000233873     0.000143562     0.00028562
1234    7.29939e-05     0.000335167     0.000335167     0.000335167     0.000219655     0.000125884     0.000273278
1238    7.38577e-05     0.000340598     0.000340598     0.000340598     0.000232336     0.000144075     0.000282707
1242    7.60173e-05     0.000352061     0.000352061     0.000352061     0.000231047     0.000131825     0.000287531
1246    7.34258e-05     0.000341579     0.000341579     0.000341579     0.000227936     0.000134306     0.000281115
1250    7.55854e-05     0.000353064     0.000353064     0.000353064     0.000229926     0.000128106     0.000287662
1254    5.61491e-05     0.000263418     0.000263418     0.000263418     0.00016349     8.04833e-05     0.000210459
1258    6.60832e-05     0.000311476     0.000311476     0.000311476     0.000199607     0.000106248     0.000252317
1262    6.26279e-05     0.000296338     0.000296338     0.000296338     0.000194303     0.000108648     0.000242531
1266    5.96045e-05     0.000283327     0.000283327     0.000283327     0.000184806     0.00010173     0.000231488
1270    6.13321e-05     0.000292826     0.000292826     0.000292826     0.000187241     9.78052e-05     0.00023739
1274    6.86747e-05     0.000329231     0.000329231     0.000329231     0.000207699     0.00010432     0.000265551
1278    6.04683e-05     0.000291152     0.000291152     0.000291152     0.000184772     9.38765e-05     0.000235531
1282    5.7013e-05     0.000275727     0.000275727     0.000275727     0.000173644     8.58986e-05     0.000222503
1286    5.74449e-05     0.00027905     0.00027905     0.00027905     0.000175087     8.53276e-05     0.000224965
1290    5.13981e-05     0.000250791     0.000250791     0.000250791     0.000155755     7.33132e-05     0.000201467
1294    5.22619e-05     0.00025603     0.00025603     0.00025603     0.000162047     8.02159e-05     0.000207342
1298    4.6647e-05     0.000229599     0.000229599     0.000229599     0.000140616     6.27625e-05     0.000183608
1302    5.183e-05     0.000256195     0.000256195     0.000256195     0.000158428     7.23756e-05     0.00020581
1306    5.01023e-05     0.000248689     0.000248689     0.000248689     0.000147436     5.78933e-05     0.000196628
1310    4.49193e-05     0.000224008     0.000224008     0.000224008     0.000137628     6.09049e-05     0.00017969
1314    4.79427e-05     0.000240069     0.000240069     0.000240069     0.000148578     6.69521e-05     0.000193233
1318    5.22619e-05     0.000262846     0.000262846     0.000262846     0.000162601     7.27562e-05     0.000211641
1322    4.44874e-05     0.000224741     0.000224741     0.000224741     0.000143407     7.00724e-05     0.00018332
1326    3.23937e-05     0.000164391     0.000164391     0.000164391     9.84686e-05     3.87406e-05     0.000130899
1330    3.88725e-05     0.000198107     0.000198107     0.000198107     0.000123147     5.49357e-05     0.000160105
1334    3.80087e-05     0.00019461     0.00019461     0.00019461     0.000120478     5.26886e-05     0.00015712
1338    3.93044e-05     0.000202045     0.000202045     0.000202045     0.00012496     5.41762e-05     0.000163141
1342    3.6281e-05     0.000187351     0.000187351     0.000187351     0.000115096     4.83479e-05     0.000150996
1346    3.93044e-05     0.000203807     0.000203807     0.000203807     0.000128826     5.92764e-05     0.000166159
1350    3.84406e-05     0.000200281     0.000200281     0.000200281     0.000120241     4.56202e-05     0.000160194
1354    4.01682e-05     0.000210186     0.000210186     0.000210186     0.000132125     5.90351e-05     0.000171174
1358    3.88725e-05     0.000204347     0.000204347     0.000204347     0.000120836     4.22635e-05     0.000162712
1362    3.15299e-05     0.00016647     0.00016647     0.00016647     9.05762e-05     1.87334e-05     0.000128751
1366    3.58491e-05     0.00019009     0.00019009     0.00019009     0.000114877     4.33587e-05     0.000152793
1370    3.54172e-05     0.000188634     0.000188634     0.000188634     0.000113717     4.21368e-05     0.000151575
1374    3.49852e-05     0.000187177     0.000187177     0.000187177     0.000116197     4.8091e-05     0.000152143
1378    3.36895e-05     0.000181058     0.000181058     0.000181058     0.000111952     4.53198e-05     0.000147032
1382    2.63469e-05     0.000142228     0.000142228     0.000142228     7.52271e-05     1.0226e-05     0.000109342
1386    3.19618e-05     0.000173283     0.000173283     0.000173283     0.000106681     4.17814e-05     0.000140668
1390    2.72107e-05     0.000148198     0.000148198     0.000148198     9.09342e-05     3.48508e-05     0.000120228
1394    2.85065e-05     0.00015595     0.00015595     0.00015595     9.16445e-05     2.83819e-05     0.000124613
1398    2.76427e-05     0.000151883     0.000151883     0.000151883     8.90546e-05     2.69686e-05     0.000121338
1402    2.67788e-05     0.000147747     0.000147747     0.000147747     8.61652e-05     2.49357e-05     0.000117904
1406    2.28916e-05     0.000126915     0.000126915     0.000126915     6.82678e-05     9.62978e-06     9.85744e-05
1410    2.28916e-05     0.000127461     0.000127461     0.000127461     7.22565e-05     1.68511e-05     0.000100837
1414    2.80746e-05     0.000157042     0.000157042     0.000157042     9.12253e-05     2.48533e-05     0.000125379
1418    2.41873e-05     0.000135875     0.000135875     0.000135875     7.43473e-05     1.20192e-05     0.000106344
1422    2.24597e-05     0.000126776     0.000126776     0.000126776     7.63117e-05     2.48793e-05     0.000102634
1426    2.41873e-05     0.000137114     0.000137114     0.000137114     7.71989e-05     1.58233e-05     0.000108526
1430    2.89384e-05     0.000164731     0.000164731     0.000164731     9.49455e-05     2.32021e-05     0.000131496
1434    2.37554e-05     0.000135824     0.000135824     0.000135824     7.74486e-05     1.71451e-05     0.000108095
1438    1.68447e-05     9.67662e-05     9.67662e-05     9.67662e-05     5.78267e-05     1.73948e-05     7.83194e-05
1442    2.54831e-05     0.000147017     0.000147017     0.000147017     8.77071e-05     2.57428e-05     0.000119013
1446    2.20277e-05     0.000127629     0.000127629     0.000127629     7.59373e-05     2.1724e-05     0.000103271
1450    2.72107e-05     0.000158394     0.000158394     0.000158394     9.4004e-05     2.60881e-05     0.000128144
1454    2.03001e-05     0.000118652     0.000118652     0.000118652     7.03371e-05     1.91517e-05     9.60073e-05
1458    2.03001e-05     0.000119192     0.000119192     0.000119192     6.65941e-05     1.06025e-05     9.46035e-05
1462    1.85724e-05     0.000109567     0.000109567     0.000109567     6.0683e-05     8.32067e-06     8.67889e-05
1466    1.77086e-05     0.000104948     0.000104948     0.000104948     6.17961e-05     1.53327e-05     8.48976e-05
1470    1.72767e-05     0.0001028     0.0001028     0.0001028     4.97755e-05     -7.54114e-06     7.82143e-05
1474    2.11639e-05     0.00012652     0.00012652     0.00012652     7.43038e-05     1.75814e-05     0.000102374
1478    1.64128e-05     9.85626e-05     9.85626e-05     9.85626e-05     5.37848e-05     4.91126e-06     7.79086e-05
1482    1.46852e-05     8.85588e-05     8.85588e-05     8.85588e-05     5.04964e-05     8.6915e-06     7.10621e-05
1486    1.77086e-05     0.000107275     0.000107275     0.000107275     5.59561e-05     -6.93926e-07     8.37502e-05
1490    1.59809e-05     9.72193e-05     9.72193e-05     9.72193e-05     5.67384e-05     1.18768e-05     7.87022e-05
1494    2.03001e-05     0.000124046     0.000124046     0.000124046     7.22583e-05     1.45994e-05     0.000100417
1498    1.46852e-05     9.01325e-05     9.01325e-05     9.01325e-05     5.23517e-05     1.00672e-05     7.2943e-05
1502    2.15958e-05     0.00013312     0.00013312     0.00013312     7.32285e-05     5.77411e-06     0.000105965
1506    1.98682e-05     0.000123021     0.000123021     0.000123021     7.13215e-05     1.2823e-05     9.96404e-05
1510    1.59809e-05     9.93525e-05     9.93525e-05     9.93525e-05     5.20765e-05     -1.64829e-06     7.80232e-05
1514    1.64128e-05     0.000102517     0.000102517     0.000102517     4.9689e-05     -1.06803e-05     7.87555e-05
1518    1.5549e-05     9.7552e-05     9.7552e-05     9.7552e-05     5.21574e-05     5.53632e-08     7.71829e-05
1522    1.72767e-05     0.000108867     0.000108867     0.000108867     6.27804e-05     9.5474e-06     8.82594e-05
1526    1.20937e-05     7.65353e-05     7.65353e-05     7.65353e-05     4.40454e-05     6.33809e-06     6.20459e-05
1530    1.29575e-05     8.23859e-05     8.23859e-05     8.23859e-05     4.31715e-05     -2.5578e-06     6.49442e-05
1534    1.5549e-05     9.92517e-05     9.92517e-05     9.92517e-05     5.69015e-05     7.31038e-06     8.04589e-05
1538    1.81405e-05     0.000116336     0.000116336     0.000116336     6.52458e-05     5.10682e-06     9.37318e-05
1542    1.25256e-05     8.06719e-05     8.06719e-05     8.06719e-05     4.19752e-05     -3.86467e-06     6.36113e-05
1546    1.07979e-05     6.98535e-05     6.98535e-05     6.98535e-05     3.7099e-05     -1.88508e-06     5.5451e-05
1550    1.38213e-05     8.9765e-05     8.9765e-05     8.9765e-05     4.42476e-05     -1.01355e-05     6.97938e-05
1554    8.20641e-06     5.35331e-05     5.35331e-05     5.35331e-05     2.63356e-05     -6.32898e-06     4.1635e-05
1558    1.29575e-05     8.49373e-05     8.49373e-05     8.49373e-05     4.13512e-05     -1.12672e-05     6.59256e-05
1562    7.34258e-06     4.83202e-05     4.83202e-05     4.83202e-05     2.18917e-05     -1.0217e-05     3.68336e-05
1566    9.50216e-06     6.2786e-05     6.2786e-05     6.2786e-05     3.14201e-05     -6.87119e-06     4.91909e-05
1570    1.07979e-05     7.16847e-05     7.16847e-05     7.16847e-05     3.64369e-05     -6.77176e-06     5.64431e-05
1574    1.20937e-05     8.06197e-05     8.06197e-05     8.06197e-05     4.56885e-05     2.64356e-06     6.55597e-05
1578    9.07025e-06     6.07372e-05     6.07372e-05     6.07372e-05     3.01489e-05     -7.72451e-06     4.75849e-05
1582    1.12298e-05     7.54922e-05     7.54922e-05     7.54922e-05     4.26919e-05     1.8257e-06     6.14402e-05
1586    7.34258e-06     4.95621e-05     4.95621e-05     4.95621e-05     1.95315e-05     -1.80515e-05     3.67291e-05
1590    1.16617e-05     7.90955e-05     7.90955e-05     7.90955e-05     4.46337e-05     1.26347e-06     6.44162e-05
1594    9.93408e-06     6.76542e-05     6.76542e-05     6.76542e-05     3.81438e-05     8.48504e-07     5.51144e-05
1598    1.12298e-05     7.68043e-05     7.68043e-05     7.68043e-05     4.32229e-05     5.84481e-07     6.25725e-05
1602    9.50216e-06     6.52774e-05     6.52774e-05     6.52774e-05     3.24761e-05     -9.4335e-06     5.14266e-05
1606    1.07979e-05     7.4462e-05     7.4462e-05     7.4462e-05     4.18649e-05     5.98292e-08     6.07278e-05
1610    1.07979e-05     7.48102e-05     7.48102e-05     7.48102e-05     3.77995e-05     -9.96699e-06     5.92739e-05
1614    9.50216e-06     6.61212e-05     6.61212e-05     6.61212e-05     3.28965e-05     -1.01529e-05     5.22061e-05
1618    4.31916e-06     3.018e-05     3.018e-05     3.018e-05     1.26533e-05     -1.01644e-05     2.28599e-05
1622    1.07979e-05     7.57222e-05     7.57222e-05     7.57222e-05     4.2368e-05     -1.33112e-06     6.1842e-05
1626    8.20641e-06     5.78291e-05     5.78291e-05     5.78291e-05     3.23582e-05     -1.18727e-06     4.72624e-05
1630    9.93408e-06     7.02906e-05     7.02906e-05     7.02906e-05     3.93228e-05     -1.64588e-06     5.74777e-05
1634    4.75108e-06     3.37408e-05     3.37408e-05     3.37408e-05     1.88589e-05     -9.16428e-07     2.75994e-05
1638    7.34258e-06     5.23876e-05     5.23876e-05     5.23876e-05     2.92252e-05     -1.69532e-06     4.28546e-05
1642    9.50216e-06     6.8015e-05     6.8015e-05     6.8015e-05     3.7935e-05     -2.46908e-06     5.56806e-05
1646    7.7745e-06     5.59219e-05     5.59219e-05     5.59219e-05     3.1155e-05     -2.27612e-06     4.57952e-05
1650    5.183e-06     3.74384e-05     3.74384e-05     3.74384e-05     1.65585e-05     -1.17713e-05     2.89271e-05
1654    5.183e-06     3.75854e-05     3.75854e-05     3.75854e-05     2.0941e-05     -1.73335e-06     3.08169e-05
1658    6.47875e-06     4.71839e-05     4.71839e-05     4.71839e-05     2.19356e-05     -1.26205e-05     3.69453e-05
1662    7.34258e-06     5.36921e-05     5.36921e-05     5.36921e-05     2.9915e-05     -2.83226e-06     4.4086e-05
1666    7.7745e-06     5.70813e-05     5.70813e-05     5.70813e-05     3.17614e-05     -3.25427e-06     4.68775e-05
1670    6.47875e-06     4.77893e-05     4.77893e-05     4.77893e-05     2.65558e-05     -2.96881e-06     3.92599e-05
1674    8.63833e-06     6.39719e-05     6.39719e-05     6.39719e-05     3.55222e-05     -4.24054e-06     5.25787e-05
1678    5.183e-06     3.85345e-05     3.85345e-05     3.85345e-05     2.13916e-05     -2.66551e-06     3.16861e-05
1682    5.183e-06     3.86858e-05     3.86858e-05     3.86858e-05     2.14514e-05     -2.88639e-06     3.18266e-05
1686    6.91066e-06     5.17776e-05     5.17776e-05     5.17776e-05     2.87025e-05     -4.02487e-06     4.26176e-05
1690    6.04683e-06     4.54945e-05     4.54945e-05     4.54945e-05     2.52103e-05     -3.69167e-06     3.7465e-05
1694    6.47875e-06     4.89502e-05     4.89502e-05     4.89502e-05     2.27823e-05     -1.47256e-05     3.86294e-05
1698    4.75108e-06     3.60425e-05     3.60425e-05     3.60425e-05     1.99681e-05     -3.16053e-06     2.97175e-05
1702    6.04683e-06     4.6069e-05     4.6069e-05     4.6069e-05     2.11232e-05     -1.49935e-05     3.62906e-05
1706    8.20641e-06     6.27427e-05     6.27427e-05     6.27427e-05     3.4684e-05     -6.08865e-06     5.17682e-05
1710    4.31916e-06     3.31578e-05     3.31578e-05     3.31578e-05     1.83282e-05     -3.30537e-06     2.73713e-05
1714    4.31916e-06     3.32777e-05     3.32777e-05     3.32777e-05     1.83961e-05     -3.43601e-06     2.74909e-05
1718    5.61491e-06     4.34601e-05     4.34601e-05     4.34601e-05     2.4039e-05     -4.61202e-06     3.5934e-05
1722    3.88725e-06     3.02067e-05     3.02067e-05     3.02067e-05     1.67124e-05     -3.32084e-06     2.49974e-05
1726    6.91066e-06     5.39042e-05     5.39042e-05     5.39042e-05     2.83506e-05     -9.73975e-06     4.40643e-05
1730    6.47875e-06     5.0768e-05     5.0768e-05     5.0768e-05     2.80492e-05     -6.01785e-06     4.20518e-05
1734    6.47875e-06     5.09489e-05     5.09489e-05     5.09489e-05     2.8147e-05     -6.18741e-06     4.22232e-05
1738    3.45533e-06     2.72877e-05     2.72877e-05     2.72877e-05     1.50714e-05     -3.40695e-06     2.26262e-05
1742    2.15958e-06     1.7108e-05     1.7108e-05     1.7108e-05     9.46617e-06     -2.16637e-06     1.42034e-05
1746    4.75108e-06     3.7808e-05     3.7808e-05     3.7808e-05     2.08778e-05     -5.01153e-06     3.13909e-05
1750    4.31916e-06     3.45129e-05     3.45129e-05     3.45129e-05     1.90579e-05     -4.68945e-06     2.86726e-05
1754    3.02342e-06     2.425e-05     2.425e-05     2.425e-05     1.33967e-05     -3.36147e-06     2.01613e-05
1758    3.88725e-06     3.12958e-05     3.12958e-05     3.12958e-05     1.72767e-05     -4.46597e-06     2.6029e-05
1762    3.45533e-06     2.79304e-05     2.79304e-05     2.79304e-05     1.54218e-05     -4.09996e-06     2.32496e-05
1766    5.61491e-06     4.5579e-05     4.5579e-05     4.5579e-05     2.51258e-05     -6.94893e-06     3.79483e-05
1770    6.91066e-06     5.62845e-05     5.62845e-05     5.62845e-05     3.10258e-05     -8.73398e-06     4.68832e-05
1774    4.31916e-06     3.53287e-05     3.53287e-05     3.53287e-05     1.5128e-05     -1.68245e-05     2.7833e-05
1778    2.5915e-06     2.12772e-05     2.12772e-05     2.12772e-05     1.17309e-05     -3.44946e-06     1.77466e-05
1782    3.02342e-06     2.49139e-05     2.49139e-05     2.49139e-05     1.37612e-05     -4.08234e-06     2.08055e-05
1786    5.183e-06     4.28817e-05     4.28817e-05     4.28817e-05     2.36532e-05     -7.23978e-06     3.58169e-05
1790    2.5915e-06     2.15023e-05     2.15023e-05     2.15023e-05     7.5021e-06     -1.50977e-05     1.63738e-05
1794    3.02342e-06     2.52183e-05     2.52183e-05     2.52183e-05     1.39256e-05     -4.40175e-06     2.10957e-05
1798    4.75108e-06     3.97765e-05     3.97765e-05     3.97765e-05     2.19724e-05     -7.0515e-06     3.32952e-05
1802    3.45533e-06     2.90226e-05     2.90226e-05     2.90226e-05     1.60087e-05     -5.33801e-06     2.43036e-05
1806    2.5915e-06     2.18676e-05     2.18676e-05     2.18676e-05     7.70904e-06     -1.55999e-05     1.67453e-05
1810    3.02342e-06     2.5587e-05     2.5587e-05     2.5587e-05     1.41199e-05     -4.84196e-06     2.14502e-05
1814    3.45533e-06     2.93803e-05     2.93803e-05     2.93803e-05     1.62065e-05     -5.70761e-06     2.46459e-05
1818    3.45533e-06     2.94828e-05     2.94828e-05     2.94828e-05     1.6258e-05     -5.84447e-06     2.47443e-05
1822    3.88725e-06     3.32828e-05     3.32828e-05     3.32828e-05     1.83575e-05     -6.73986e-06     2.79559e-05
1826    3.02342e-06     2.59867e-05     2.59867e-05     2.59867e-05     1.43492e-05     -5.32303e-06     2.18474e-05
1830    2.15958e-06     1.86168e-05     1.86168e-05     1.86168e-05     1.02815e-05     -3.83849e-06     1.56561e-05
1834    2.15958e-06     1.86949e-05     1.86949e-05     1.86949e-05     1.03242e-05     -3.92625e-06     1.57312e-05
1838    3.02342e-06     2.62773e-05     2.62773e-05     2.62773e-05     1.45254e-05     -5.60354e-06     2.21332e-05
1842    4.31916e-06     3.76718e-05     3.76718e-05     3.76718e-05     1.6456e-05     -2.01052e-05     3.02201e-05
1846    2.15958e-06     1.88981e-05     1.88981e-05     1.88981e-05     6.12197e-06     -1.59962e-05     1.44239e-05
1850    3.45533e-06     3.03804e-05     3.03804e-05     3.03804e-05     1.68078e-05     -6.81646e-06     2.56441e-05
1854    8.63833e-07     7.62971e-06     7.62971e-06     7.62971e-06     4.2212e-06     -1.74351e-06     6.44442e-06
1858    2.5915e-06     2.29552e-05     2.29552e-05     2.29552e-05     1.2711e-05     -5.27176e-06     1.93999e-05
1862    1.72767e-06     1.53647e-05     1.53647e-05     1.53647e-05     8.51432e-06     -3.58457e-06     1.29968e-05
1866    3.45533e-06     3.08261e-05     3.08261e-05     3.08261e-05     1.2722e-05     -1.94109e-05     2.45885e-05
1870    3.88725e-06     3.47942e-05     3.47942e-05     3.47942e-05     1.92654e-05     -8.40258e-06     2.94574e-05
1874    2.5915e-06     2.32773e-05     2.32773e-05     2.32773e-05     1.28986e-05     -5.655e-06     1.97183e-05
1878    3.88725e-06     3.50503e-05     3.50503e-05     3.50503e-05     1.94441e-05     -8.62311e-06     2.97201e-05
1882    2.15958e-06     1.9568e-05     1.9568e-05     1.9568e-05     6.49648e-06     -1.71565e-05     1.51215e-05
1886    4.75108e-06     4.31874e-05     4.31874e-05     4.31874e-05     2.393e-05     -1.11272e-05     3.66626e-05
1890    3.45533e-06     3.14961e-05     3.14961e-05     3.14961e-05     1.7461e-05     -8.16687e-06     2.67503e-05
1894    3.02342e-06     2.76564e-05     2.76564e-05     2.76564e-05     1.53453e-05     -7.22195e-06     2.35042e-05
1898    3.02342e-06     2.77634e-05     2.77634e-05     2.77634e-05     1.25534e-05     -1.54708e-05     2.2651e-05
1902    2.5915e-06     2.38741e-05     2.38741e-05     2.38741e-05     1.32644e-05     -6.40174e-06     2.03221e-05
1906    8.63833e-07     7.99517e-06     7.99517e-06     7.99517e-06     4.44568e-06     -2.17288e-06     6.81161e-06
1910    1.72767e-06     1.60381e-05     1.60381e-05     1.60381e-05     8.92094e-06     -4.39001e-06     1.36697e-05
1914    2.5915e-06     2.41541e-05     2.41541e-05     2.41541e-05     1.3443e-05     -6.68923e-06     2.06016e-05
1918    4.31916e-06     4.03875e-05     4.03875e-05     4.03875e-05     2.24883e-05     -1.12874e-05     3.44667e-05
1922    2.15958e-06     2.02687e-05     2.02687e-05     2.02687e-05     1.12934e-05     -5.74424e-06     1.73116e-05
1926    1.29575e-06     1.22042e-05     1.22042e-05     1.22042e-05     6.80879e-06     -3.47371e-06     1.04313e-05
1930    1.72767e-06     1.6321e-05     1.6321e-05     1.6321e-05     9.11046e-06     -4.67895e-06     1.39572e-05
1934    8.63833e-07     8.19679e-06     8.19679e-06     8.19679e-06     4.57619e-06     -2.39894e-06     7.01574e-06
1938    4.75108e-06     4.52041e-05     4.52041e-05     4.52041e-05     2.52497e-05     -1.3306e-05     3.87079e-05
1942    8.63833e-07     8.25594e-06     8.25594e-06     8.25594e-06     4.61301e-06     -2.46742e-06     7.07467e-06
1946    1.29575e-06     1.2424e-05     1.2424e-05     1.2424e-05     2.66925e-06     -1.63809e-05     9.27113e-06
1950    1.72767e-06     1.66226e-05     1.66226e-05     1.66226e-05     9.29925e-06     -5.06006e-06     1.42621e-05
1954    8.63833e-07     8.34006e-06     8.34006e-06     8.34006e-06     4.66769e-06     -2.57508e-06     7.16103e-06
1958    1.29575e-06     1.2547e-05     1.2547e-05     1.2547e-05     7.02804e-06     -3.88861e-06     1.07786e-05
1962    8.63833e-07     8.3964e-06     8.3964e-06     8.3964e-06     4.7103e-06     -2.62321e-06     7.21997e-06
1966    2.5915e-06     2.52738e-05     2.52738e-05     2.52738e-05     1.41615e-05     -8.05308e-06     2.1739e-05
1970    1.72767e-06     1.69053e-05     1.69053e-05     1.69053e-05     9.47854e-06     -5.4255e-06     1.45491e-05
1974    8.63833e-07     8.49195e-06     8.49195e-06     8.49195e-06     4.76729e-06     -2.77225e-06     7.31728e-06
1978    2.15958e-06     2.12879e-05     2.12879e-05     2.12879e-05     1.19508e-05     -6.94956e-06     1.83432e-05
1982    1.29575e-06     1.28041e-05     1.28041e-05     1.28041e-05     7.201e-06     -4.20639e-06     1.10439e-05
1986    3.02342e-06     2.99981e-05     2.99981e-05     2.99981e-05     1.26221e-05     -2.29125e-05     2.45565e-05
1990    4.31917e-07     4.30568e-06     4.30568e-06     4.30568e-06     2.42545e-06     -1.44647e-06     3.71966e-06
1994    8.63833e-07     8.62184e-06     8.62184e-06     8.62184e-06     4.8568e-06     -2.89646e-06     7.44838e-06
1998    1.29575e-06     1.29978e-05     1.29978e-05     1.29978e-05     7.30048e-06     -4.43196e-06     1.12221e-05
2002    3.45533e-06     3.47597e-05     3.47597e-05     3.47597e-05     3.47597e-05     3.47597e-05     3.47597e-05
2006    8.63833e-07     8.71997e-06     8.71997e-06     8.71997e-06     8.71997e-06     8.71997e-06     8.71997e-06
2010    1.29575e-06     1.31108e-05     1.31108e-05     1.31108e-05     1.31108e-05     1.31108e-05     1.31108e-05
2014    2.15958e-06     2.19263e-05     2.19263e-05     2.19263e-05     2.19263e-05     2.19263e-05     2.19263e-05
2018    2.15958e-06     2.20154e-05     2.20154e-05     2.20154e-05     2.20154e-05     2.20154e-05     2.20154e-05
2022    8.63833e-07     8.83732e-06     8.83732e-06     8.83732e-06     8.83732e-06     8.83732e-06     8.83732e-06
2026    8.63833e-07     8.85357e-06     8.85357e-06     8.85357e-06     8.85357e-06     8.85357e-06     8.85357e-06
2030    3.02342e-06     3.11285e-05     3.11285e-05     3.11285e-05     3.11285e-05     3.11285e-05     3.11285e-05
2034    0     0     0     0     0     0     0
2038    8.63833e-07     8.95076e-06     8.95076e-06     8.95076e-06     8.95076e-06     8.95076e-06     8.95076e-06
2042    8.63833e-07     8.97083e-06     8.97083e-06     8.97083e-06     8.97083e-06     8.97083e-06     8.97083e-06
2046    2.15958e-06     2.25135e-05     2.25135e-05     2.25135e-05     2.25135e-05     2.25135e-05     2.25135e-05
2050    2.15958e-06     2.25993e-05     2.25993e-05     2.25993e-05     2.25993e-05     2.25993e-05     2.25993e-05
2054    4.31917e-07     4.53934e-06     4.53934e-06     4.53934e-06     4.53934e-06     4.53934e-06     4.53934e-06
2058    1.72767e-06     1.82174e-05     1.82174e-05     1.82174e-05     1.82174e-05     1.82174e-05     1.82174e-05
2062    2.15958e-06     2.28138e-05     2.28138e-05     2.28138e-05     2.28138e-05     2.28138e-05     2.28138e-05
2066    8.63833e-07     9.16547e-06     9.16547e-06     9.16547e-06     9.16547e-06     9.16547e-06     9.16547e-06
2070    8.63833e-07     9.18047e-06     9.18047e-06     9.18047e-06     9.18047e-06     9.18047e-06     9.18047e-06
2074    4.31917e-07     4.60459e-06     4.60459e-06     4.60459e-06     4.60459e-06     4.60459e-06     4.60459e-06
2078    1.29575e-06     1.38644e-05     1.38644e-05     1.38644e-05     1.38644e-05     1.38644e-05     1.38644e-05
2082    1.72767e-06     1.85538e-05     1.85538e-05     1.85538e-05     1.85538e-05     1.85538e-05     1.85538e-05
2086    1.29575e-06     1.39609e-05     1.39609e-05     1.39609e-05     1.39609e-05     1.39609e-05     1.39609e-05
2090    8.63833e-07     9.34459e-06     9.34459e-06     9.34459e-06     9.34459e-06     9.34459e-06     9.34459e-06
2094    4.31917e-07     4.67853e-06     4.67853e-06     4.67853e-06     4.67853e-06     4.67853e-06     4.67853e-06
2098    4.31917e-07     4.7041e-06     4.7041e-06     4.7041e-06     4.7041e-06     4.7041e-06     4.7041e-06
2102    8.63833e-07     9.43731e-06     9.43731e-06     9.43731e-06     9.43731e-06     9.43731e-06     9.43731e-06
2106    8.63833e-07     9.45704e-06     9.45704e-06     9.45704e-06     9.45704e-06     9.45704e-06     9.45704e-06
2110    4.31917e-07     4.74666e-06     4.74666e-06     4.74666e-06     4.74666e-06     4.74666e-06     4.74666e-06
2114    8.63833e-07     9.51416e-06     9.51416e-06     9.51416e-06     9.51416e-06     9.51416e-06     9.51416e-06
2118    2.15958e-06     2.38661e-05     2.38661e-05     2.38661e-05     2.38661e-05     2.38661e-05     2.38661e-05
2122    1.72767e-06     1.91581e-05     1.91581e-05     1.91581e-05     1.91581e-05     1.91581e-05     1.91581e-05
2126    4.31917e-07     4.8055e-06     4.8055e-06     4.8055e-06     4.8055e-06     4.8055e-06     4.8055e-06
2130    8.63833e-07     9.64213e-06     9.64213e-06     9.64213e-06     9.64213e-06     9.64213e-06     9.64213e-06
2134    4.31917e-07     4.84011e-06     4.84011e-06     4.84011e-06     4.84011e-06     4.84011e-06     4.84011e-06
2138    8.63833e-07     9.69999e-06     9.69999e-06     9.69999e-06     9.69999e-06     9.69999e-06     9.69999e-06
2142    4.31917e-07     4.87153e-06     4.87153e-06     4.87153e-06     4.87153e-06     4.87153e-06     4.87153e-06
2146    1.29575e-06     1.46383e-05     1.46383e-05     1.46383e-05     1.46383e-05     1.46383e-05     1.46383e-05
2150    1.29575e-06     1.46807e-05     1.46807e-05     1.46807e-05     1.46807e-05     1.46807e-05     1.46807e-05
2154    1.29575e-06     1.47389e-05     1.47389e-05     1.47389e-05     1.47389e-05     1.47389e-05     1.47389e-05
2158    4.31917e-07     4.92732e-06     4.92732e-06     4.92732e-06     4.92732e-06     4.92732e-06     4.92732e-06
2162    1.29575e-06     1.48201e-05     1.48201e-05     1.48201e-05     1.48201e-05     1.48201e-05     1.48201e-05
2166    1.29575e-06     1.48752e-05     1.48752e-05     1.48752e-05     1.48752e-05     1.48752e-05     1.48752e-05
2170    0     0     0     0     0     0     0
2174    8.63833e-07     9.97651e-06     9.97651e-06     9.97651e-06     9.97651e-06     9.97651e-06     9.97651e-06
2178    4.31917e-07     5.00031e-06     5.00031e-06     5.00031e-06     5.00031e-06     5.00031e-06     5.00031e-06
2182    0     0     0     0     0     0     0
2186    8.63833e-07     1.00641e-05     1.00641e-05     1.00641e-05     1.00641e-05     1.00641e-05     1.00641e-05
2190    0     0     0     0     0     0     0
2194    4.31917e-07     5.06268e-06     5.06268e-06     5.06268e-06     5.06268e-06     5.06268e-06     5.06268e-06
2198    8.63833e-07     1.01602e-05     1.01602e-05     1.01602e-05     1.01602e-05     1.01602e-05     1.01602e-05
2202    0     0     0     0     0     0     0
2206    8.63833e-07     1.02191e-05     1.02191e-05     1.02191e-05     1.02191e-05     1.02191e-05     1.02191e-05
2210    0     0     0     0     0     0     0
2214    4.31917e-07     5.13477e-06     5.13477e-06     5.13477e-06     5.13477e-06     5.13477e-06     5.13477e-06
2218    4.31917e-07     5.16168e-06     5.16168e-06     5.16168e-06     5.16168e-06     5.16168e-06     5.16168e-06
2222    0     0     0     0     0     0     0
2226    1.29575e-06     1.55663e-05     1.55663e-05     1.55663e-05     1.55663e-05     1.55663e-05     1.55663e-05
2230    1.29575e-06     1.56062e-05     1.56062e-05     1.56062e-05     1.56062e-05     1.56062e-05     1.56062e-05
2234    0     0     0     0     0     0     0
2238    4.31917e-07     5.2375e-06     5.2375e-06     5.2375e-06     5.2375e-06     5.2375e-06     5.2375e-06
2242    8.63833e-07     1.04847e-05     1.04847e-05     1.04847e-05     1.04847e-05     1.04847e-05     1.04847e-05
2246    1.29575e-06     1.57652e-05     1.57652e-05     1.57652e-05     1.57652e-05     1.57652e-05     1.57652e-05
2250    0     0     0     0     0     0     0
2254    0     0     0     0     0     0     0
2258    8.63833e-07     1.0611e-05     1.0611e-05     1.0611e-05     1.0611e-05     1.0611e-05     1.0611e-05
2262    4.31917e-07     5.31823e-06     5.31823e-06     5.31823e-06     5.31823e-06     5.31823e-06     5.31823e-06
2266    4.31917e-07     5.33981e-06     5.33981e-06     5.33981e-06     5.33981e-06     5.33981e-06     5.33981e-06
2270    0     0     0     0     0     0     0
2274    1.29575e-06     1.60992e-05     1.60992e-05     1.60992e-05     1.60992e-05     1.60992e-05     1.60992e-05
2278    4.31917e-07     5.38275e-06     5.38275e-06     5.38275e-06     5.38275e-06     5.38275e-06     5.38275e-06
2282    0     0     0     0     0     0     0
2286    8.63833e-07     1.0839e-05     1.0839e-05     1.0839e-05     1.0839e-05     1.0839e-05     1.0839e-05
2290    4.31917e-07     5.43502e-06     5.43502e-06     5.43502e-06     5.43502e-06     5.43502e-06     5.43502e-06
2294    4.31917e-07     5.45011e-06     5.45011e-06     5.45011e-06     5.45011e-06     5.45011e-06     5.45011e-06
2298    8.63833e-07     1.09171e-05     1.09171e-05     1.09171e-05     1.09171e-05     1.09171e-05     1.09171e-05
2302    4.31917e-07     5.47435e-06     5.47435e-06     5.47435e-06     5.47435e-06     5.47435e-06     5.47435e-06
2306    4.31917e-07     5.49546e-06     5.49546e-06     5.49546e-06     5.49546e-06     5.49546e-06     5.49546e-06
2310    4.31917e-07     5.50874e-06     5.50874e-06     5.50874e-06     5.50874e-06     5.50874e-06     5.50874e-06
2314    8.63833e-07     1.10509e-05     1.10509e-05     1.10509e-05     1.10509e-05     1.10509e-05     1.10509e-05
2318    0     0     0     0     0     0     0
2322    8.63833e-07     1.11057e-05     1.11057e-05     1.11057e-05     1.11057e-05     1.11057e-05     1.11057e-05
2326    8.63833e-07     1.11347e-05     1.11347e-05     1.11347e-05     1.11347e-05     1.11347e-05     1.11347e-05
2330    4.31917e-07     5.59247e-06     5.59247e-06     5.59247e-06     5.59247e-06     5.59247e-06     5.59247e-06
2334    4.31917e-07     5.59626e-06     5.59626e-06     5.59626e-06     5.59626e-06     5.59626e-06     5.59626e-06
2338    0     0     0     0     0     0     0
2342    0     0     0     0     0     0     0
2346    8.63833e-07     1.12926e-05     1.12926e-05     1.12926e-05     1.12926e-05     1.12926e-05     1.12926e-05
2350    4.31917e-07     5.66641e-06     5.66641e-06     5.66641e-06     5.66641e-06     5.66641e-06     5.66641e-06
2354    0     0     0     0     0     0     0
2358    0     0     0     0     0     0     0
2362    1.29575e-06     1.7139e-05     1.7139e-05     1.7139e-05     1.7139e-05     1.7139e-05     1.7139e-05
2366    0     0     0     0     0     0     0
2370    0     0     0     0     0     0     0
2374    4.31917e-07     5.76274e-06     5.76274e-06     5.76274e-06     5.76274e-06     5.76274e-06     5.76274e-06
2378    1.29575e-06     1.73205e-05     1.73205e-05     1.73205e-05     1.73205e-05     1.73205e-05     1.73205e-05
2382    1.29575e-06     1.73723e-05     1.73723e-05     1.73723e-05     1.73723e-05     1.73723e-05     1.73723e-05
2386    0     0     0     0     0     0     0
2390    0     0     0     0     0     0     0
2394    4.31917e-07     5.83061e-06     5.83061e-06     5.83061e-06     5.83061e-06     5.83061e-06     5.83061e-06
2398    8.63833e-07     1.17033e-05     1.17033e-05     1.17033e-05     1.17033e-05     1.17033e-05     1.17033e-05
2402    4.31917e-07     5.87166e-06     5.87166e-06     5.87166e-06     5.87166e-06     5.87166e-06     5.87166e-06
2406    8.63833e-07     1.17662e-05     1.17662e-05     1.17662e-05     1.17662e-05     1.17662e-05     1.17662e-05
2410    0     0     0     0     0     0     0
2414    0     0     0     0     0     0     0
2418    0     0     0     0     0     0     0
2422    0     0     0     0     0     0     0
2426    4.31917e-07     5.96868e-06     5.96868e-06     5.96868e-06     5.96868e-06     5.96868e-06     5.96868e-06
2430    1.29575e-06     1.79393e-05     1.79393e-05     1.79393e-05     1.79393e-05     1.79393e-05     1.79393e-05
2434    4.31917e-07     5.99791e-06     5.99791e-06     5.99791e-06     5.99791e-06     5.99791e-06     5.99791e-06
2438    1.29575e-06     1.8046e-05     1.8046e-05     1.8046e-05     1.8046e-05     1.8046e-05     1.8046e-05
2442    4.31917e-07     6.02847e-06     6.02847e-06     6.02847e-06     6.02847e-06     6.02847e-06     6.02847e-06
2446    4.31917e-07     6.04575e-06     6.04575e-06     6.04575e-06     6.04575e-06     6.04575e-06     6.04575e-06
2450    0     0     0     0     0     0     0
2454    4.31917e-07     6.07915e-06     6.07915e-06     6.07915e-06     6.07915e-06     6.07915e-06     6.07915e-06
2458    0     0     0     0     0     0     0
2462    4.31917e-07     6.11212e-06     6.11212e-06     6.11212e-06     6.11212e-06     6.11212e-06     6.11212e-06
2466    0     0     0     0     0     0     0
2470    4.31917e-07     6.13e-06     6.13e-06     6.13e-06     6.13e-06     6.13e-06     6.13e-06
2474    4.31917e-07     6.15798e-06     6.15798e-06     6.15798e-06     6.15798e-06     6.15798e-06     6.15798e-06
2478    0     0     0     0     0     0     0
2482    4.31917e-07     6.19345e-06     6.19345e-06     6.19345e-06     6.19345e-06     6.19345e-06     6.19345e-06
2486    8.63833e-07     1.24121e-05     1.24121e-05     1.24121e-05     1.24121e-05     1.24121e-05     1.24121e-05
2490    0     0     0     0     0     0     0
2494    4.31917e-07     6.23183e-06     6.23183e-06     6.23183e-06     6.23183e-06     6.23183e-06     6.23183e-06
2498    0     0     0     0     0     0     0
2502    4.31917e-07     6.26923e-06     6.26923e-06     6.26923e-06     6.26923e-06     6.26923e-06     6.26923e-06
2506    0     0     0     0     0     0     0
2510    0     0     0     0     0     0     0
2514    0     0     0     0     0     0     0
2518    0     0     0     0     0     0     0
2522    4.31917e-07     6.34789e-06     6.34789e-06     6.34789e-06     6.34789e-06     6.34789e-06     6.34789e-06
2526    0     0     0     0     0     0     0
2530    1.72767e-06     2.5503e-05     2.5503e-05     2.5503e-05     2.5503e-05     2.5503e-05     2.5503e-05
2534    0     0     0     0     0     0     0
2538    0     0     0     0     0     0     0
2542    0     0     0     0     0     0     0
2546    1.72767e-06     2.57656e-05     2.57656e-05     2.57656e-05     2.57656e-05     2.57656e-05     2.57656e-05
2550    0     0     0     0     0     0     0
2554    0     0     0     0     0     0     0
2558    0     0     0     0     0     0     0
2562    4.31917e-07     6.50298e-06     6.50298e-06     6.50298e-06     6.50298e-06     6.50298e-06     6.50298e-06
2566    0     0     0     0     0     0     0
2570    0     0     0     0     0     0     0
2574    4.31917e-07     6.55267e-06     6.55267e-06     6.55267e-06     6.55267e-06     6.55267e-06     6.55267e-06
2578    0     0     0     0     0     0     0
2582    0     0     0     0     0     0     0
2586    0     0     0     0     0     0     0
2590    0     0     0     0     0     0     0
2594    4.31917e-07     6.62532e-06     6.62532e-06     6.62532e-06     6.62532e-06     6.62532e-06     6.62532e-06
2598    4.31917e-07     6.64255e-06     6.64255e-06     6.64255e-06     6.64255e-06     6.64255e-06     6.64255e-06
2602    0     0     0     0     0     0     0
2606    0     0     0     0     0     0     0
2610    0     0     0     0     0     0     0
2614    4.31917e-07     6.71262e-06     6.71262e-06     6.71262e-06     6.71262e-06     6.71262e-06     6.71262e-06
2618    0     0     0     0     0     0     0
2622    0     0     0     0     0     0     0
2626    0     0     0     0     0     0     0
2630    0     0     0     0     0     0     0
2634    0     0     0     0     0     0     0
2638    0     0     0     0     0     0     0
2642    0     0     0     0     0     0     0
2646    0     0     0     0     0     0     0
2650    0     0     0     0     0     0     0
2654    0     0     0     0     0     0     0
2658    0     0     0     0     0     0     0
2662    0     0     0     0     0     0     0
2666    0     0     0     0     0     0     0
2670    0     0     0     0     0     0     0
2674    4.31917e-07     6.95583e-06     6.95583e-06     6.95583e-06     6.95583e-06     6.95583e-06     6.95583e-06
2678    0     0     0     0     0     0     0
2682    0     0     0     0     0     0     0
2686    0     0     0     0     0     0     0
2690    4.31917e-07     7.02632e-06     7.02632e-06     7.02632e-06     7.02632e-06     7.02632e-06     7.02632e-06
2694    0     0     0     0     0     0     0
2698    0     0     0     0     0     0     0
2702    0     0     0     0     0     0     0
2706    0     0     0     0     0     0     0
2710    0     0     0     0     0     0     0
2714    0     0     0     0     0     0     0
2718    0     0     0     0     0     0     0
2722    0     0     0     0     0     0     0
2726    0     0     0     0     0     0     0
2730    4.31917e-07     7.18863e-06     7.18863e-06     7.18863e-06     7.18863e-06     7.18863e-06     7.18863e-06
2734    0     0     0     0     0     0     0
2738    4.31917e-07     7.22216e-06     7.22216e-06     7.22216e-06     7.22216e-06     7.22216e-06     7.22216e-06
2742    0     0     0     0     0     0     0
2746    0     0     0     0     0     0     0
2750    0     0     0     0     0     0     0
2754    4.31917e-07     7.28587e-06     7.28587e-06     7.28587e-06     7.28587e-06     7.28587e-06     7.28587e-06
2758    0     0     0     0     0     0     0
2762    0     0     0     0     0     0     0
2766    4.31917e-07     7.32653e-06     7.32653e-06     7.32653e-06     7.32653e-06     7.32653e-06     7.32653e-06
2770    0     0     0     0     0     0     0
2774    0     0     0     0     0     0     0
2778    4.31917e-07     7.38108e-06     7.38108e-06     7.38108e-06     7.38108e-06     7.38108e-06     7.38108e-06
2782    4.31917e-07     7.39543e-06     7.39543e-06     7.39543e-06     7.39543e-06     7.39543e-06     7.39543e-06
2786    0     0     0     0     0     0     0
2790    0     0     0     0     0     0     0
2794    0     0     0     0     0     0     0
2798    0     0     0     0     0     0     0
2802    0     0     0     0     0     0     0
2806    0     0     0     0     0     0     0
2810    0     0     0     0     0     0     0
2814    0     0     0     0     0     0     0
2818    0     0     0     0     0     0     0
2822    0     0     0     0     0     0     0
2826    0     0     0     0     0     0     0
2830    0     0     0     0     0     0     0
2834    0     0     0     0     0     0     0
2838    0     0     0     0     0     0     0
2842    4.31917e-07     7.63525e-06     7.63525e-06     7.63525e-06     7.63525e-06     7.63525e-06     7.63525e-06
2846    0     0     0     0     0     0     0
2850    0     0     0     0     0     0     0
2854    0     0     0     0     0     0     0
2858    0     0     0     0     0     0     0
2862    0     0     0     0     0     0     0
2866    0     0     0     0     0     0     0
2870    0     0     0     0     0     0     0
2874    0     0     0     0     0     0     0
2878    0     0     0     0     0     0     0
2882    0     0     0     0     0     0     0
2886    0     0     0     0     0     0     0
2890    0     0     0     0     0     0     0
2894    0     0     0     0     0     0     0
2898    0     0     0     0     0     0     0
2902    0     0     0     0     0     0     0
2906    0     0     0     0     0     0     0
2910    0     0     0     0     0     0     0
2914    0     0     0     0     0     0     0
2918    0     0     0     0     0     0     0
2922    0     0     0     0     0     0     0
2926    0     0     0     0     0     0     0
2930    0     0     0     0     0     0     0
2934    0     0     0     0     0     0     0
2938    4.31917e-07     8.04266e-06     8.04266e-06     8.04266e-06     8.04266e-06     8.04266e-06     8.04266e-06
2942    0     0     0     0     0     0     0
2946    4.31917e-07     8.06359e-06     8.06359e-06     8.06359e-06     8.06359e-06     8.06359e-06     8.06359e-06
2950    0     0     0     0     0     0     0
2954    0     0     0     0     0     0     0
2958    4.31917e-07     8.12175e-06     8.12175e-06     8.12175e-06     8.12175e-06     8.12175e-06     8.12175e-06
2962    0     0     0     0     0     0     0
2966    0     0     0     0     0     0     0
2970    4.31917e-07     8.17213e-06     8.17213e-06     8.17213e-06     8.17213e-06     8.17213e-06     8.17213e-06
2974    0     0     0     0     0     0     0
2978    0     0     0     0     0     0     0
2982    0     0     0     0     0     0     0
2986    0     0     0     0     0     0     0
2990    0     0     0     0     0     0     0
2994    4.31917e-07     8.27143e-06     8.27143e-06     8.27143e-06     8.27143e-06     8.27143e-06     8.27143e-06
2998    0     0     0     0     0     0     0
3002    0     0     0     0     0     0     0
3006    0     0     0     0     0     0     0
3010    0     0     0     0     0     0     0
3014    0     0     0     0     0     0     0
3018    0     0     0     0     0     0     0
3022    0     0     0     0     0     0     0
3026    0     0     0     0     0     0     0
3030    4.31917e-07     8.41616e-06     8.41616e-06     8.41616e-06     8.41616e-06     8.41616e-06     8.41616e-06
3034    0     0     0     0     0     0     0
3038    0     0     0     0     0     0     0
3042    0     0     0     0     0     0     0
3046    0     0     0     0     0     0     0
3050    0     0     0     0     0     0     0
3054    0     0     0     0     0     0     0
3058    0     0     0     0     0     0     0
3062    0     0     0     0     0     0     0
3066    0     0     0     0     0     0     0
3070    0     0     0     0     0     0     0
3074    4.31917e-07     8.59235e-06     8.59235e-06     8.59235e-06     8.59235e-06     8.59235e-06     8.59235e-06
3078    0     0     0     0     0     0     0
3082    0     0     0     0     0     0     0
3086    0     0     0     0     0     0     0
3090    0     0     0     0     0     0     0
3094    0     0     0     0     0     0     0
3098    0     0     0     0     0     0     0
3102    0     0     0     0     0     0     0
3106    0     0     0     0     0     0     0
3110    0     0     0     0     0     0     0
3114    0     0     0     0     0     0     0
3118    0     0     0     0     0     0     0
3122    0     0     0     0     0     0     0
3126    0     0     0     0     0     0     0
3130    0     0     0     0     0     0     0
3134    0     0     0     0     0     0     0
3138    0     0     0     0     0     0     0
3142    0     0     0     0     0     0     0
3146    0     0     0     0     0     0     0
3150    0     0     0     0     0     0     0
3154    0     0     0     0     0     0     0
3158    0     0     0     0     0     0     0
3162    0     0     0     0     0     0     0
3166    0     0     0     0     0     0     0
3170    0     0     0     0     0     0     0
3174    0     0     0     0     0     0     0
3178    0     0     0     0     0     0     0
3182    0     0     0     0     0     0     0
3186    0     0     0     0     0     0     0
3190    0     0     0     0     0     0     0
3194    0     0     0     0     0     0     0
3198    0     0     0     0     0     0     0
3202    0     0     0     0     0     0     0
3206    0     0     0     0     0     0     0
3210    0     0     0     0     0     0     0
3214    0     0     0     0     0     0     0
3218    0     0     0     0     0     0     0
3222    0     0     0     0     0     0     0
3226    0     0     0     0     0     0     0
3230    0     0     0     0     0     0     0
3234    0     0     0     0     0     0     0
3238    4.31917e-07     9.27727e-06     9.27727e-06     9.27727e-06     9.27727e-06     9.27727e-06     9.27727e-06
3242    0     0     0     0     0     0     0
3246    0     0     0     0     0     0     0
3250    0     0     0     0     0     0     0
3254    0     0     0     0     0     0     0
3258    0     0     0     0     0     0     0
3262    0     0     0     0     0     0     0
3266    0     0     0     0     0     0     0
3270    0     0     0     0     0     0     0
3274    0     0     0     0     0     0     0
3278    0     0     0     0     0     0     0
3282    0     0     0     0     0     0     0
3286    0     0     0     0     0     0     0
3290    0     0     0     0     0     0     0
3294    0     0     0     0     0     0     0
3298    0     0     0     0     0     0     0
3302    0     0     0     0     0     0     0
3306    0     0     0     0     0     0     0
3310    0     0     0     0     0     0     0
3314    0     0     0     0     0     0     0
3318    0     0     0     0     0     0     0
3322    0     0     0     0     0     0     0
3326    0     0     0     0     0     0     0
3330    0     0     0     0     0     0     0
3334    0     0     0     0     0     0     0
3338    0     0     0     0     0     0     0
3342    0     0     0     0     0     0     0
3346    0     0     0     0     0     0     0
3350    0     0     0     0     0     0     0
3354    0     0     0     0     0     0     0
3358    0     0     0     0     0     0     0
3362    0     0     0     0     0     0     0
3366    0     0     0     0     0     0     0
3370    0     0     0     0     0     0     0
3374    0     0     0     0     0     0     0
3378    0     0     0     0     0     0     0
3382    0     0     0     0     0     0     0
3386    0     0     0     0     0     0     0
3390    0     0     0     0     0     0     0
3394    0     0     0     0     0     0     0
3398    0     0     0     0     0     0     0
3402    0     0     0     0     0     0     0
3406    0     0     0     0     0     0     0
3410    0     0     0     0     0     0     0
3414    0     0     0     0     0     0     0
3418    0     0     0     0     0     0     0
3422    0     0     0     0     0     0     0
3426    0     0     0     0     0     0     0
3430    0     0     0     0     0     0     0
3434    0     0     0     0     0     0     0
3438    0     0     0     0     0     0     0
3442    0     0     0     0     0     0     0
3446    0     0     0     0     0     0     0
3450    0     0     0     0     0     0     0
3454    0     0     0     0     0     0     0
3458    0     0     0     0     0     0     0
3462    0     0     0     0     0     0     0
3466    0     0     0     0     0     0     0
3470    0     0     0     0     0     0     0
3474    0     0     0     0     0     0     0
3478    0     0     0     0     0     0     0
3482    0     0     0     0     0     0     0
3486    0     0     0     0     0     0     0
3490    0     0     0     0     0     0     0
3494    0     0     0     0     0     0     0
3498    0     0     0     0     0     0     0
3502    0     0     0     0     0     0     0
3506    0     0     0     0     0     0     0
3510    0     0     0     0     0     0     0
3514    0     0     0     0     0     0     0
3518    0     0     0     0     0     0     0
3522    0     0     0     0     0     0     0
3526    0     0     0     0     0     0     0
3530    0     0     0     0     0     0     0
3534    0     0     0     0     0     0     0
3538    0     0     0     0     0     0     0
3542    0     0     0     0     0     0     0
3546    0     0     0     0     0     0     0
3550    0     0     0     0     0     0     0
3554    0     0     0     0     0     0     0
3558    0     0     0     0     0     0     0
3562    0     0     0     0     0     0     0
3566    0     0     0     0     0     0     0
3570    0     0     0     0     0     0     0
3574    0     0     0     0     0     0     0
3578    0     0     0     0     0     0     0
3582    0     0     0     0     0     0     0
3586    0     0     0     0     0     0     0
3590    0     0     0     0     0     0     0
3594    0     0     0     0     0     0     0
3598    0     0     0     0     0     0     0
3602    0     0     0     0     0     0     0
3606    0     0     0     0     0     0     0
3610    0     0     0     0     0     0     0
3614    0     0     0     0     0     0     0
3618    0     0     0     0     0     0     0
3622    0     0     0     0     0     0     0
3626    0     0     0     0     0     0     0
3630    0     0     0     0     0     0     0
3634    0     0     0     0     0     0     0
3638    0     0     0     0     0     0     0
3642    0     0     0     0     0     0     0
3646    0     0     0     0     0     0     0
3650    0     0     0     0     0     0     0
3654    0     0     0     0     0     0     0
3658    0     0     0     0     0     0     0
3662    0     0     0     0     0     0     0
3666    0     0     0     0     0     0     0
3670    0     0     0     0     0     0     0
3674    0     0     0     0     0     0     0
3678    0     0     0     0     0     0     0
3682    0     0     0     0     0     0     0
3686    0     0     0     0     0     0     0
3690    0     0     0     0     0     0     0
3694    0     0     0     0     0     0     0
3698    0     0     0     0     0     0     0
3702    0     0     0     0     0     0     0
3706    0     0     0     0     0     0     0
3710    0     0     0     0     0     0     0
3714    0     0     0     0     0     0     0
3718    0     0     0     0     0     0     0
3722    0     0     0     0     0     0     0
3726    0     0     0     0     0     0     0
3730    0     0     0     0     0     0     0
3734    0     0     0     0     0     0     0
3738    0     0     0     0     0     0     0
3742    0     0     0     0     0     0     0
3746    0     0     0     0     0     0     0
3750    0     0     0     0     0     0     0
3754    0     0     0     0     0     0     0
3758    0     0     0     0     0     0     0
3762    0     0     0     0     0     0     0
3766    0     0     0     0     0     0     0
3770    0     0     0     0     0     0     0
3774    0     0     0     0     0     0     0
3778    0     0     0     0     0     0     0
3782    0     0     0     0     0     0     0
3786    0     0     0     0     0     0     0
3790    0     0     0     0     0     0     0
3794    0     0     0     0     0     0     0
3798    0     0     0     0     0     0     0
3802    0     0     0     0     0     0     0
3806    0     0     0     0     0     0     0
3810    0     0     0     0     0     0     0
3814    0     0     0     0     0     0     0
3818    0     0     0     0     0     0     0
3822    0     0     0     0     0     0     0
3826    0     0     0     0     0     0     0
3830    0     0     0     0     0     0     0
3834    0     0     0     0     0     0     0
3838    0     0     0     0     0     0     0
3842    0     0     0     0     0     0     0
3846    0     0     0     0     0     0     0
3850    0     0     0     0     0     0     0
3854    0     0     0     0     0     0     0
3858    0     0     0     0     0     0     0
3862    0     0     0     0     0     0     0
3866    0     0     0     0     0     0     0
3870    0     0     0     0     0     0     0
3874    0     0     0     0     0     0     0
3878    0     0     0     0     0     0     0
3882    0     0     0     0     0     0     0
3886    0     0     0     0     0     0     0
3890    0     0     0     0     0     0     0
3894    0     0     0     0     0     0     0
3898    0     0     0     0     0     0     0
3902    0     0     0     0     0     0     0
3906    0     0     0     0     0     0     0
3910    0     0     0     0     0     0     0
3914    0     0     0     0     0     0     0
3918    0     0     0     0     0     0     0
3922    0     0     0     0     0     0     0
3926    0     0     0     0     0     0     0
3930    0     0     0     0     0     0     0
3934    0     0     0     0     0     0     0
3938    0     0     0     0     0     0     0
3942    0     0     0     0     0     0     0
3946    0     0     0     0     0     0     0
3950    0     0     0     0     0     0     0
3954    0     0     0     0     0     0     0
3958    0     0     0     0     0     0     0
3962    0     0     0     0     0     0     0
3966    0     0     0     0     0     0     0
3970    0     0     0     0     0     0     0
3974    0     0     0     0     0     0     0
3978    0     0     0     0     0     0     0
3982    0     0     0     0     0     0     0
3986    0     0     0     0     0     0     0
3990    0     0     0     0     0     0     0
3994    0     0     0     0     0     0     0
3998    0     0     0     0     0     0     0
