2    0     0     0     0     0     0     0
6    0     0     0     0     0     0     0
10    0     0     0     0     0     0     0
14    0     0     0     0     0     0     0
18    0     0     0     0     0     0     0
22    0     0     0     0     0     0     0
26    0.000116225     5.9202e-08     5.91893e-08     5.92098e-08     5.9202e-08     5.9202e-08     5.9202e-08
30    0.000116225     4.7951e-08     4.79407e-08     4.79572e-08     4.7951e-08     4.7951e-08     4.7951e-08
34    0.000151093     5.34355e-08     5.3424e-08     5.34425e-08     5.34355e-08     5.34355e-08     5.34355e-08
38    0.000185961     5.57733e-08     5.57614e-08     5.57806e-08     5.57733e-08     5.57733e-08     5.57733e-08
42    0.000174338     4.58718e-08     4.5862e-08     4.58778e-08     4.58718e-08     4.58718e-08     4.58718e-08
46    0.000145282     3.35839e-08     3.35767e-08     3.35883e-08     3.35839e-08     3.35839e-08     3.35839e-08
50    0.000203394     4.23277e-08     4.23187e-08     4.23333e-08     4.23277e-08     4.23277e-08     4.23277e-08
54    0.000377732     7.11004e-08     7.10852e-08     7.11097e-08     7.11004e-08     7.11004e-08     7.11004e-08
58    0.000389355     6.74944e-08     6.748e-08     6.75032e-08     6.74944e-08     6.74944e-08     6.74944e-08
62    0.000261507     4.19372e-08     4.19282e-08     4.19427e-08     4.19372e-08     4.19372e-08     4.19372e-08
66    0.000307997     4.67072e-08     4.66972e-08     4.67133e-08     4.67072e-08     4.67072e-08     4.67072e-08
70    0.000424223     6.10753e-08     6.10622e-08     6.10833e-08     6.10753e-08     6.10753e-08     6.10753e-08
74    0.000499769     6.87607e-08     6.8746e-08     6.87698e-08     6.87607e-08     6.87607e-08     6.87607e-08
78    0.000453279     6.04757e-08     6.04628e-08     6.04836e-08     6.04757e-08     6.04757e-08     6.04757e-08
82    0.000499769     6.51125e-08     6.50986e-08     6.51211e-08     6.51125e-08     6.51125e-08     6.51125e-08
86    0.000540448     6.93429e-08     6.9328e-08     6.9352e-08     6.93429e-08     6.93429e-08     6.93429e-08
90    0.000499769     6.35836e-08     6.357e-08     6.3592e-08     6.35836e-08     6.35836e-08     6.35836e-08
94    0.00073222     9.30012e-08     9.29813e-08     9.30134e-08     9.30012e-08     9.30012e-08     9.30012e-08
98    0.000650862     8.30034e-08     8.29856e-08     8.30143e-08     8.30034e-08     8.30034e-08     8.30034e-08
102    0.00055207     7.10476e-08     7.10324e-08     7.10569e-08     7.10476e-08     7.10476e-08     7.10476e-08
106    0.000767087     9.996e-08     9.99386e-08     9.99731e-08     9.996e-08     9.996e-08     9.996e-08
110    0.000697352     9.30004e-08     9.29805e-08     9.30126e-08     9.30004e-08     9.30004e-08     9.30004e-08
114    0.000738031     1.02257e-07     1.02235e-07     1.0227e-07     1.02257e-07     1.02257e-07     1.02257e-07
118    0.000854256     1.24397e-07     1.2437e-07     1.24413e-07     1.24397e-07     1.24397e-07     1.24397e-07
122    0.000912369     1.42993e-07     1.42962e-07     1.43012e-07     1.42993e-07     1.42993e-07     1.42993e-07
126    0.000703163     1.21742e-07     1.21716e-07     1.21758e-07     1.21742e-07     1.21742e-07     1.21742e-07
130    0.000877501     1.7196e-07     1.71923e-07     1.71983e-07     1.7196e-07     1.7196e-07     1.7196e-07
134    0.00096467     2.18921e-07     2.18874e-07     2.18949e-07     2.18921e-07     2.18921e-07     2.18921e-07
138    0.00102859     2.8026e-07     2.802e-07     2.80296e-07     2.8026e-07     2.8026e-07     2.8026e-07
142    0.000987916     3.34978e-07     3.34906e-07     3.35022e-07     3.34978e-07     3.34978e-07     3.34978e-07
146    0.00104603     4.59024e-07     4.58926e-07     4.59084e-07     4.59024e-07     4.59024e-07     4.59024e-07
150    0.000860068     5.20506e-07     5.20395e-07     5.20575e-07     5.20506e-07     5.20506e-07     5.20506e-07
154    0.00096467     8.72712e-07     8.72525e-07     8.72826e-07     8.72712e-07     8.72712e-07     8.72712e-07
158    0.00104603     1.76989e-06     1.76951e-06     1.77012e-06     1.76989e-06     1.76989e-06     1.76989e-06
162    0.00119712     5.56295e-06     5.56176e-06     5.56368e-06     5.56295e-06     5.56295e-06     5.56295e-06
166    0.00114482     9.93375e-06     9.93163e-06     9.93505e-06     9.93375e-06     9.93375e-06     9.93375e-06
170    0.0011332     1.31557e-05     1.31529e-05     1.31574e-05     1.31557e-05     1.31557e-05     1.31557e-05
174    0.0012378     1.76064e-05     1.76027e-05     1.76088e-05     1.76064e-05     1.76064e-05     1.76064e-05
178    0.00125523     2.10769e-05     2.10724e-05     2.10797e-05     2.10769e-05     2.10769e-05     2.10769e-05
182    0.00138889     2.80369e-05     2.80309e-05     2.80405e-05     2.80369e-05     2.80369e-05     2.80369e-05
186    0.00145863     3.55195e-05     3.55119e-05     3.55241e-05     3.55195e-05     3.55195e-05     3.55195e-05
190    0.0012901     3.66563e-05     3.66485e-05     3.66611e-05     3.66563e-05     3.66563e-05     3.66563e-05
194    0.0015458     4.95693e-05     4.95588e-05     4.95759e-05     4.95693e-05     4.95693e-05     4.95693e-05
198    0.0015458     5.48483e-05     5.48365e-05     5.48555e-05     5.48483e-05     5.48483e-05     5.48483e-05
202    0.00153417     5.93278e-05     5.93151e-05     5.93356e-05     5.93278e-05     5.93278e-05     5.93278e-05
206    0.00153417     6.44462e-05     6.44325e-05     6.44547e-05     6.44462e-05     6.44462e-05     6.44462e-05
210    0.00174338     7.95155e-05     7.94985e-05     7.95259e-05     0.000388693     0.000522273     0.000296753
214    0.00167946     8.23239e-05     8.23063e-05     8.23347e-05     0.000706485     0.000976938     0.000520379
218    0.00169108     8.88986e-05     8.88796e-05     8.89103e-05     0.000682053     0.000939864     0.000504729
222    0.00158066     8.87042e-05     8.86853e-05     8.87158e-05     0.000695683     0.000960005     0.000513825
226    0.00162134     9.66628e-05     9.66421e-05     9.66755e-05     0.000695635     0.000956695     0.000515987
230    0.00181312     0.000114961     0.000114936     0.000114976     0.000715086     0.000976709     0.000534905
234    0.00174919     0.000117558     0.000117533     0.000117574     0.000722041     0.000985604     0.0005404
238    0.00188285     0.000133788     0.000133759     0.000133805     0.00072546     0.000983582     0.000547525
242    0.00176081     0.000132388     0.00013236     0.000132406     0.000714155     0.000968155     0.000538993
246    0.00198745     0.000157395     0.000157361     0.000157416     0.000759104     0.00102204     0.000577711
250    0.00205719     0.000171127     0.00017109     0.000171149     0.000745452     0.000996189     0.000572364
254    0.0022199     0.000194432     0.00019439     0.000194457     0.000759598     0.00100565     0.00058948
258    0.00219666     0.000202298     0.000202254     0.000202324     0.000778326     0.0010283     0.000605255
262    0.00209787     0.000202423     0.000202379     0.000202449     0.00076826     0.00101333     0.000598414
266    0.0021676     0.000219395     0.000219348     0.000219424     0.000781205     0.00102437     0.000612548
270    0.00212111     0.000224503     0.000224455     0.000224532     0.000761827     0.000994516     0.000600369
274    0.00198745     0.000219543     0.000219496     0.000219572     0.000746685     0.000975327     0.000588051
278    0.00236519     0.000273127     0.000273069     0.000273163     0.000816563     0.0010524     0.000652812
282    0.00242911     0.000292944     0.000292882     0.000292983     0.000823573     0.00105363     0.000663746
286    0.00220247     0.000276972     0.000276913     0.000277009     0.000799104     0.00102495     0.000642
290    0.0024233     0.000317101     0.000317033     0.000317142     0.000821828     0.00103995     0.000669998
294    0.00273711     0.000372655     0.000372575     0.000372704     0.000887905     0.00111085     0.000732705
298    0.00246979     0.000349107     0.000349033     0.000349153     0.000852363     0.00107054     0.00070049
302    0.00251628     0.00036951     0.000369431     0.000369559     0.000883497     0.00110644     0.000728264
306    0.00307416     0.000468184     0.000468084     0.000468245     0.000982326     0.00120503     0.000827088
310    0.0030451     0.00048106     0.000480957     0.000481123     0.000966997     0.00117717     0.000820391
314    0.00328337     0.000537968     0.000537853     0.000538038     0.0010439     0.00126239     0.00089133
318    0.00326593     0.000554104     0.000553986     0.000554177     0.00105568     0.00127209     0.000904453
322    0.00317876     0.000557817     0.000557697     0.00055789     0.00106627     0.00128551     0.00091297
326    0.00317876     0.000576525     0.000576402     0.0005766     0.0011069     0.00133541     0.000946995
330    0.00352744     0.000660707     0.000660566     0.000660794     0.00114993     0.00136035     0.00100256
334    0.00348095     0.000672186     0.000672042     0.000672274     0.00120518     0.00143366     0.00104495
338    0.00361461     0.000720765     0.000720611     0.000720859     0.00124673     0.00147118     0.00108902
342    0.00369597     0.000759981     0.000759818     0.00076008     0.00129245     0.00151881     0.00113313
346    0.0037657     0.000800891     0.000800719     0.000800996     0.00135277     0.00158808     0.00118724
350    0.0040737     0.000900852     0.00090066     0.00090097     0.0014894     0.00174108     0.00131241
354    0.0037657     0.000871297     0.000871111     0.000871412     0.00147872     0.00173954     0.00129546
358    0.0041783     0.00101261     0.00101239     0.00101274     0.00165579     0.00193337     0.00146097
362    0.00420736     0.00106763     0.0010674     0.00106777     0.00174073     0.00203218     0.00153631
366    0.0045909     0.00121745     0.00121719     0.00121761     0.00191892     0.00222336     0.00170545
370    0.00442819     0.00122569     0.00122543     0.00122585     0.001967     0.00228953     0.00174092
374    0.00486984     0.00140701     0.00140673     0.00140717     0.00217145     0.00250509     0.0019377
378    0.00492214     0.00148337     0.00148308     0.00148354     0.00223603     0.0025656     0.0020053
382    0.00504999     0.0015837     0.00158339     0.00158388     0.00238914     0.00274286     0.00214163
386    0.00542772     0.00176808     0.00176774     0.00176828     0.00260424     0.0029724     0.00234672
390    0.00560787     0.00189422     0.00189386     0.00189443     0.00276953     0.00315576     0.00249942
394    0.00587519     0.00205458     0.00205419     0.0020548     0.00299225     0.00340687     0.00270238
398    0.0064447     0.00232964     0.0023292     0.00232989     0.00324514     0.00365083     0.00296162
402    0.00632847     0.00236456     0.00236412     0.00236481     0.00331128     0.00373172     0.00301749
406    0.0068573     0.00264623     0.00264575     0.0026465     0.0036668     0.00412117     0.00334945
410    0.00667134     0.00265685     0.00265637     0.00265711     0.00369582     0.00415935     0.00337218
414    0.00740356     0.00303851     0.00303797     0.00303879     0.00409421     0.00456587     0.00376486
418    0.0078917     0.00333363     0.00333305     0.00333393     0.00444894     0.00494809     0.00410051
422    0.00812996     0.0035322     0.0035316     0.00353251     0.00470217     0.00522688     0.00433595
426    0.00834498     0.00372364     0.00372303     0.00372395     0.00492884     0.00547081     0.00455081
430    0.00922829     0.0042294     0.00422873     0.00422972     0.00548898     0.00605662     0.0050932
434    0.00929803     0.00437534     0.00437466     0.00437564     0.00575465     0.00637669     0.0053208
438    0.0104138     0.00502731     0.00502657     0.00502763     0.00649329     0.00715516     0.00603165
442    0.0106288     0.00526343     0.00526269     0.00526372     0.00671494     0.00737204     0.00625684
446    0.0116225     0.00589913     0.00589835     0.0058994     0.00752939     0.0082704     0.0070133
450    0.0119712     0.00622141     0.00622065     0.00622164     0.00787445     0.00862858     0.00734963
454    0.0121339     0.00645554     0.00645483     0.0064557     0.00820384     0.00900307     0.00764779
458    0.0132323     0.00720566     0.00720497     0.00720575     0.0091542     0.0100453     0.008534
462    0.0142957     0.00796446     0.00796382     0.00796444     0.00995522     0.0108649     0.00932163
466    0.0143538     0.00818577     0.00818526     0.0081856     0.0102609     0.0112076     0.00960087
470    0.01515     0.00884127     0.0088409     0.0088409     0.0110417     0.0120445     0.010342
474    0.0176953     0.0105673     0.0105672     0.0105666     0.0130426     0.0141708     0.0122551
478    0.018875     0.0115314     0.0115315     0.0115302     0.0141256     0.0153096     0.0132989
482    0.0198745     0.0124371     0.0124378     0.0124355     0.0151996     0.016464     0.0143172
486    0.0220538     0.0141439     0.0141453     0.0141414     0.0172203     0.0186326     0.0162348
490    0.0233555     0.0153629     0.0153652     0.0153595     0.0185167     0.0199685     0.0175038
494    0.0250175     0.01689     0.0168935     0.0168853     0.0202367     0.0217793     0.0191599
498    0.0267551     0.0185651     0.0185703     0.0185585     0.0221377     0.0237861     0.0209863
502    0.0293353     0.0209523     0.02096     0.0209432     0.0246902     0.0264182     0.0234824
506    0.031439     0.023169     0.0231799     0.0231568     0.0271017     0.0289254     0.0258266
510    0.0347223     0.0264766     0.0264923     0.0264598     0.0306091     0.0325347     0.0292624
514    0.036396     0.0287977     0.0288188     0.0287758     0.0329991     0.0349679     0.0316218
518    0.0397258     0.032718     0.032747     0.0326886     0.0370693     0.039122     0.0356327
522    0.0424746     0.0365363     0.0365751     0.0364979     0.040836     0.0428797     0.0394041
526    0.044462     0.0400958     0.0401457     0.0400474     0.0443079     0.0463251     0.0428925
530    0.0463332     0.0439286     0.0439921     0.0438681     0.0479201     0.0498491     0.046563
534    0.0480359     0.0480025     0.0480805     0.0479297     0.0516979     0.0535029     0.050424
538    0.0502849     0.0530228     0.0531162     0.0529366     0.0563024     0.0579292     0.0551493
542    0.0489076     0.0544142     0.0545147     0.0543224     0.0569983     0.0583089     0.0560642
546    0.0493667     0.0578761     0.0579841     0.057778     0.0597686     0.060767     0.059051
550    0.0479255     0.0589597     0.0590665     0.0588628     0.060034     0.0606522     0.0595818
554    0.0463216     0.0594587     0.0593466     0.0595798     0.0596987     0.0595216     0.0599234
558    0.0427186     0.0568219     0.0567231     0.0569276     0.0562387     0.0558807     0.056526
562    0.0409753     0.0559898     0.0559019     0.0560825     0.0546646     0.0539712     0.0551802
566    0.0378255     0.0527107     0.0526376     0.0527864     0.0507578     0.049784     0.0514616
570    0.0351001     0.0496138     0.049554     0.0496745     0.047134     0.0459249     0.0479956
574    0.031776     0.0454063     0.0453592     0.045453     0.0425773     0.041216     0.0435397
578    0.0293992     0.0423332     0.0422955     0.0423696     0.0391861     0.0376846     0.0402425
582    0.0274408     0.0396822     0.039652     0.0397105     0.036282     0.0346685     0.0374138
586    0.0238378     0.0345385     0.034516     0.0345589     0.0311917     0.0296086     0.0322998
590    0.0217864     0.0316328     0.0316149     0.0316486     0.0282258     0.0266167     0.0293504
594    0.020322     0.0296162     0.0296015     0.0296287     0.0261037     0.0244458     0.0272611
598    0.0173873     0.0254334     0.0254222     0.0254426     0.0221769     0.0206395     0.0232492
602    0.0161205     0.0236192     0.0236099     0.0236267     0.020334     0.0187815     0.0214158
606    0.0148187     0.0217073     0.0216995     0.0217134     0.0185242     0.017018     0.019573
610    0.0131683     0.0192976     0.0192912     0.0193024     0.0163053     0.0148876     0.0172917
614    0.0128197     0.0188369     0.0188311     0.0188412     0.0157699     0.0143164     0.0167813
618    0.0108961     0.0160818     0.0160771     0.0160851     0.0133071     0.0119921     0.0142221
622    0.0103092     0.0152887     0.0152845     0.0152916     0.0125699     0.011281     0.0134667
626    0.00953629     0.0142067     0.014203     0.0142093     0.0115464     0.0102843     0.0124245
630    0.00872852     0.0130611     0.0130578     0.0130634     0.0104889     0.00926743     0.0113385
634    0.00826943     0.0124281     0.012425     0.0124301     0.00992928     0.00874165     0.0107553
638    0.00742099     0.0112103     0.0112076     0.0112121     0.00887331     0.00776129     0.00964665
642    0.00715367     0.0108781     0.0108756     0.0108797     0.0085613     0.00745719     0.00932887
646    0.00633428     0.00970958     0.00970735     0.00971101     0.00758861     0.00657619     0.00829221
650    0.00609602     0.00942349     0.00942136     0.00942485     0.00731231     0.00630341     0.00801334
654    0.00563112     0.00877502     0.00877305     0.00877626     0.0067349     0.00575986     0.00741258
658    0.00504418     0.00792338     0.00792163     0.00792449     0.00603694     0.00513529     0.0066638
662    0.00471294     0.00746141     0.00745977     0.00746244     0.005657     0.00479357     0.0062571
666    0.00446305     0.0071239     0.00712235     0.00712487     0.00534784     0.00449626     0.00593942
670    0.00419574     0.00675111     0.00674964     0.00675201     0.00498142     0.0041314     0.00557173
674    0.00400977     0.00650411     0.0065027     0.00650497     0.00482554     0.00401837     0.00538601
678    0.00348095     0.00569026     0.00568903     0.00569101     0.00419445     0.00347478     0.00469425
682    0.00339959     0.00560004     0.00559884     0.00560078     0.00411232     0.00339621     0.00460964
686    0.00342865     0.00569031     0.00568909     0.00569106     0.00416181     0.00342562     0.0046731
690    0.00318457     0.00532882     0.00532768     0.00532952     0.00389105     0.00319761     0.00437253
694    0.00282428     0.00477091     0.00476988     0.00477153     0.00339684     0.00273275     0.00385773
698    0.0027313     0.00465922     0.00465822     0.00465983     0.00333205     0.00268928     0.00377794
702    0.00251047     0.00432238     0.00432145     0.00432295     0.00302489     0.00239545     0.00346138
706    0.00232451     0.00403759     0.00403673     0.00403813     0.00284612     0.00226751     0.00324731
710    0.00235937     0.00413893     0.00413804     0.00413948     0.00290515     0.00230555     0.00332089
714    0.00240005     0.00425693     0.00425602     0.0042575     0.0030274     0.00242942     0.00344201
718    0.00198164     0.00355298     0.00355222     0.00355346     0.0024578     0.00192452     0.00282747
722    0.00191772     0.00347166     0.00347091     0.00347212     0.00240223     0.00188056     0.00276372
726    0.0017027     0.00310764     0.00310697     0.00310805     0.00213769     0.0016635     0.00246609
730    0.00173757     0.0031982     0.00319751     0.00319863     0.00220398     0.00171694     0.00254111
734    0.0016504     0.00306602     0.00306536     0.00306643     0.00210012     0.00162642     0.00242799
738    0.00165621     0.0031076     0.00310693     0.00310802     0.00214036     0.00166549     0.00246896
742    0.00147606     0.00280062     0.00280001     0.00280099     0.00190034     0.00145777     0.00220658
746    0.00148187     0.0028428     0.00284219     0.00284317     0.00194565     0.00150371     0.00225127
750    0.00152836     0.00296395     0.00296331     0.00296434     0.00195267     0.00145361     0.00229765
754    0.00127267     0.00249048     0.00248995     0.0024908     0.00168461     0.00128654     0.00195979
758    0.000999538     0.00197313     0.00197271     0.00197339     0.00124611     0.000886596     0.00149456
762    0.00119712     0.00238468     0.00238417     0.00238499     0.00157242     0.00117019     0.00185027
766    0.00116806     0.00234961     0.00234911     0.00234992     0.00154131     0.00114037     0.0018182
770    0.00104603     0.00212781     0.00212735     0.00212809     0.00136154     0.000980737     0.0016244
774    0.00091818     0.00188796     0.00188756     0.00188821     0.00121547     0.000880718     0.00144645
778    0.000958859     0.00199328     0.00199286     0.00199354     0.00128082     0.000925593     0.00152585
782    0.000842634     0.00176954     0.00176917     0.00176978     0.00112619     0.000804795     0.0013478
786    0.000912369     0.00193304     0.00193262     0.00193329     0.00125518     0.000915775     0.00148907
790    0.000831011     0.00177686     0.00177648     0.0017771     0.00114501     0.000827934     0.00136338
794    0.000906558     0.00195704     0.00195662     0.0019573     0.00123051     0.000865352     0.00148189
798    0.00077871     0.00169885     0.00169849     0.00169908     0.0010533     0.000728433     0.00127691
802    0.000767087     0.00169063     0.00169027     0.00169085     0.00108828     0.000784767     0.00129715
806    0.000801955     0.00178685     0.00178647     0.00178708     0.0011021     0.000756355     0.00133987
810    0.000743842     0.00167575     0.00167539     0.00167597     0.00104683     0.000728518     0.00126557
814    0.000708975     0.00161342     0.00161308     0.00161364     0.00101694     0.000714365     0.00122478
818    0.000528825     0.00121563     0.00121537     0.00121579     0.000766311     0.000538001     0.000923057
822    0.000575315     0.00133592     0.00133564     0.0013361     0.00081349     0.00054802     0.000995785
826    0.000633428     0.00148391     0.0014836     0.00148411     0.000890385     0.000588918     0.00109749
830    0.000557882     0.00132073     0.00132045     0.0013209     0.000787026     0.000515447     0.000973511
834    0.000523014     0.00125153     0.00125126     0.00125169     0.000770151     0.000523828     0.000938985
838    0.00050558     0.00122185     0.00122158     0.00122201     0.000740067     0.000492105     0.000909685
842    0.000557882     0.00136298     0.00136269     0.00136316     0.000837051     0.000565799     0.00102251
846    0.000499769     0.00123228     0.00123202     0.00123244     0.000749295     0.000500514     0.000919491
850    0.000517203     0.00128828     0.00128801     0.00128845     0.000762588     0.000492109     0.000947765
854    0.000464901     0.00117072     0.00117047     0.00117088     0.000698251     0.000454577     0.000864965
858    0.000476524     0.00121248     0.00121222     0.00121264     0.000699423     0.000433663     0.000880982
862    0.000511392     0.00131367     0.00131339     0.00131384     0.000780975     0.000503989     0.00096997
866    0.0004126     0.00107107     0.00107084     0.00107121     0.000632928     0.000404449     0.000788697
870    0.000377732     0.000989756     0.000989544     0.000989885     0.000577871     0.000362533     0.000724561
874    0.000354487     0.000938382     0.000938182     0.000938505     0.000531318     0.000317932     0.000676565
878    0.000371921     0.000993855     0.000993642     0.000993985     0.000574077     0.000353574     0.000724086
882    0.00036611     0.000988185     0.000987974     0.000988314     0.000559982     0.000334821     0.000713133
886    0.000307997     0.000839079     0.0008389     0.000839189     0.000483357     0.000296211     0.00061065
890    0.000302186     0.00083162     0.000831442     0.000831729     0.000471212     0.000281142     0.000600406
894    0.00031962     0.00088911     0.00088892     0.000889227     0.00050111     0.000295378     0.000640681
898    0.000331242     0.000931341     0.000931142     0.000931463     0.000533602     0.000321536     0.000677198
902    0.000244073     0.000693087     0.000692939     0.000693178     0.000389226     0.000226809     0.000499117
906    0.000290563     0.000833463     0.000833285     0.000833573     0.000485629     0.000299739     0.000611439
910    0.000354487     0.00102718     0.00102696     0.00102732     0.000622504     0.000406254     0.000768917
914    0.000342865     0.00100326     0.00100304     0.00100339     0.00057468     0.000345016     0.000730027
918    0.000255696     0.000756173     0.000756012     0.000756272     0.000413931     0.000229836     0.000538305
922    0.000220828     0.000660214     0.000660073     0.0006603     0.000360569     0.000198734     0.000469744
926    0.000249885     0.000753387     0.000753226     0.000753486     0.000427603     0.000251181     0.000546512
930    0.000197583     0.000602481     0.000602352     0.00060256     0.000308016     0.000148148     0.000415694
934    0.000255696     0.000786309     0.000786141     0.000786412     0.00040577     0.000198703     0.000545134
938    0.000226639     0.00070493     0.000704779     0.000705022     0.000362478     0.000175743     0.000488094
942    0.000232451     0.000729787     0.000729631     0.000729882     0.000404091     0.000226231     0.000523688
946    0.000226639     0.000719236     0.000719082     0.00071933     0.000399057     0.000223973     0.000516745
950    0.000203394     0.000651393     0.000651253     0.000651478     0.000359324     0.00019929     0.000466836
954    0.000261507     0.000845206     0.000845025     0.000845316     0.000468204     0.000260891     0.0006073
958    0.000203394     0.000664277     0.000664135     0.000664365     0.000350783     0.000177575     0.000466813
962    0.000191772     0.000632913     0.000632777     0.000632996     0.000361011     0.000210084     0.000461939
966    0.000180149     0.000600277     0.000600148     0.000600355     0.000339633     0.000194495     0.000436595
970    0.000174338     0.000587179     0.000587054     0.000587256     0.000309726     0.000154686     0.000413173
974    0.000168527     0.000573189     0.000573067     0.000573264     0.000291709     0.000133974     0.00039687
978    0.000151093     0.000518348     0.000518237     0.000518416     0.0002883     0.000159027     0.000374395
982    0.00013947     0.000484459     0.000484356     0.000484523     0.000248637     0.000115715     0.00033708
986    0.000185961     0.000651094     0.000650955     0.000651179     0.000350902     0.000181325     0.00046364
990    0.000133659     0.000472686     0.000472585     0.000472748     0.000255863     0.000133132     0.000337413
994    0.000145282     0.000519443     0.000519332     0.000519511     0.000262087     0.000116133     0.000359012
998    0.00013947     0.000503516     0.000503408     0.000503582     0.000254378     0.00011289     0.00034829
1002    0.000133659     0.000487142     0.000487038     0.000487206     0.000487142     0.000487142     0.000487142
1006    0.000185961     0.000685265     0.000685118     0.000685355     0.000685265     0.000685265     0.000685265
1010    0.000122037     0.000454186     0.000454089     0.000454245     0.000454186     0.000454186     0.000454186
1014    0.00013947     0.000524458     0.000524346     0.000524527     0.000524458     0.000524458     0.000524458
1018    0.000151093     0.000574191     0.000574068     0.000574266     0.000574191     0.000574191     0.000574191
1022    0.000122037     0.000468478     0.000468378     0.00046854     0.000468478     0.000468478     0.000468478
1026    8.7169e-05     0.000338362     0.00033829     0.000338407     0.000338362     0.000338362     0.000338362
1030    7.55465e-05     0.000296362     0.000296299     0.000296401     0.000296362     0.000296362     0.000296362
1034    9.87916e-05     0.000391131     0.000391047     0.000391182     0.000391131     0.000391131     0.000391131
1038    0.000110414     0.000441705     0.00044161     0.000441763     0.000441705     0.000441705     0.000441705
1042    9.87916e-05     0.000399721     0.000399635     0.000399773     0.000399721     0.000399721     0.000399721
1046    0.000133659     0.000545904     0.000545787     0.000545975     0.000545904     0.000545904     0.000545904
1050    0.000104603     0.000432175     0.000432083     0.000432232     0.000432175     0.000432175     0.000432175
1054    7.55465e-05     0.000315351     0.000315283     0.000315392     0.000315351     0.000315351     0.000315351
1058    6.97352e-05     0.000293501     0.000293438     0.000293539     0.000293501     0.000293501     0.000293501
1062    8.7169e-05     0.000371925     0.000371846     0.000371974     0.000371925     0.000371925     0.000371925
1066    6.97352e-05     0.000300396     0.000300332     0.000300436     0.000300396     0.000300396     0.000300396
1070    8.7169e-05     0.000379192     0.000379111     0.000379242     0.000379192     0.000379192     0.000379192
1074    8.7169e-05     0.00038359     0.000383509     0.000383641     0.00038359     0.00038359     0.00038359
1078    7.55465e-05     0.000335679     0.000335608     0.000335723     0.000335679     0.000335679     0.000335679
1082    8.7169e-05     0.00039122     0.000391136     0.000391271     0.00039122     0.00039122     0.00039122
1086    0.000104603     0.000474213     0.000474112     0.000474275     0.000474213     0.000474213     0.000474213
1090    0.000116225     0.000532335     0.000532221     0.000532405     0.000532335     0.000532335     0.000532335
1094    7.55465e-05     0.000349754     0.000349679     0.0003498     0.000349754     0.000349754     0.000349754
1098    8.13577e-05     0.000380849     0.000380768     0.000380899     0.000380849     0.000380849     0.000380849
1102    8.7169e-05     0.000411923     0.000411835     0.000411977     0.000411923     0.000411923     0.000411923
1106    2.90563e-05     0.000138454     0.000138424     0.000138472     0.000138454     0.000138454     0.000138454
1110    5.81127e-05     0.000280501     0.000280441     0.000280538     0.000280501     0.000280501     0.000280501
1114    4.64901e-05     0.000226551     0.000226503     0.000226581     0.000226551     0.000226551     0.000226551
1118    5.23014e-05     0.000257321     0.000257266     0.000257354     0.000257321     0.000257321     0.000257321
1122    9.29803e-05     0.000462492     0.000462393     0.000462553     0.000462492     0.000462492     0.000462492
1126    7.55465e-05     0.00037899     0.000378909     0.00037904     0.00037899     0.00037899     0.00037899
1130    5.23014e-05     0.00026525     0.000265194     0.000265285     0.00026525     0.00026525     0.00026525
1134    1.16225e-05     5.95663e-05     5.95535e-05     5.95741e-05     5.95663e-05     5.95663e-05     5.95663e-05
1138    4.06789e-05     0.000210665     0.00021062     0.000210692     0.000210665     0.000210665     0.000210665
1142    5.81127e-05     0.000303416     0.000303351     0.000303456     0.000303416     0.000303416     0.000303416
1146    5.23014e-05     0.000276119     0.00027606     0.000276155     0.000276119     0.000276119     0.000276119
1150    6.97352e-05     0.00037081     0.000370731     0.000370859     0.00037081     0.00037081     0.00037081
1154    5.81127e-05     0.000312675     0.000312608     0.000312716     0.000312675     0.000312675     0.000312675
1158    8.13577e-05     0.000441832     0.000441737     0.00044189     0.000441832     0.000441832     0.000441832
1162    5.81127e-05     0.000318946     0.000318878     0.000318988     0.000318946     0.000318946     0.000318946
1166    8.13577e-05     0.000450502     0.000450406     0.000450561     0.000450502     0.000450502     0.000450502
1170    4.64901e-05     0.000260364     0.000260308     0.000260398     0.000260364     0.000260364     0.000260364
1174    6.39239e-05     0.000361456     0.000361379     0.000361504     0.000361456     0.000361456     0.000361456
1178    4.64901e-05     0.000265422     0.000265366     0.000265457     0.000265422     0.000265422     0.000265422
1182    4.64901e-05     0.000267783     0.000267726     0.000267818     0.000267783     0.000267783     0.000267783
1186    2.90563e-05     0.000168929     0.000168893     0.000168952     0.000168929     0.000168929     0.000168929
1190    4.06789e-05     0.000238588     0.000238537     0.000238619     0.000238588     0.000238588     0.000238588
1194    5.81127e-05     0.000343994     0.00034392     0.000344039     0.000343994     0.000343994     0.000343994
1198    1.16225e-05     6.95323e-05     6.95175e-05     6.95415e-05     6.95323e-05     6.95323e-05     6.95323e-05
1202    5.81127e-05     0.000350603     0.000350528     0.000350649     0.000350603     0.000350603     0.000350603
1206    3.48676e-05     0.000212053     0.000212008     0.000212081     0.000212053     0.000212053     0.000212053
1210    1.74338e-05     0.000107155     0.000107132     0.000107169     0.000107155     0.000107155     0.000107155
1214    4.64901e-05     0.000288471     0.00028841     0.000288509     0.000288471     0.000288471     0.000288471
1218    2.90563e-05     0.000182358     0.000182319     0.000182382     0.000182358     0.000182358     0.000182358
1222    5.81127e-05     0.000367125     0.000367047     0.000367173     0.000367125     0.000367125     0.000367125
1226    1.74338e-05     0.000111386     0.000111362     0.0001114     0.000111386     0.000111386     0.000111386
1230    4.06789e-05     0.000261584     0.000261528     0.000261618     0.000261584     0.000261584     0.000261584
1234    4.64901e-05     0.000301859     0.000301794     0.000301899     0.000301859     0.000301859     0.000301859
1238    2.32451e-05     0.000152427     0.000152395     0.000152447     0.000152427     0.000152427     0.000152427
1242    2.32451e-05     0.000153649     0.000153616     0.000153669     0.000153649     0.000153649     0.000153649
1246    2.90563e-05     0.000193708     0.000193666     0.000193733     0.000193708     0.000193708     0.000193708
1250    4.06789e-05     0.000273906     0.000273848     0.000273942     0.000273906     0.000273906     0.000273906
1254    2.90563e-05     0.000197586     0.000197544     0.000197612     0.000197586     0.000197586     0.000197586
1258    3.48676e-05     0.000238618     0.000238567     0.000238649     0.000238618     0.000238618     0.000238618
1262    1.74338e-05     0.000120841     0.000120815     0.000120857     0.000120841     0.000120841     0.000120841
1266    2.90563e-05     0.00020255     0.000202507     0.000202577     0.00020255     0.00020255     0.00020255
1270    4.06789e-05     0.000286609     0.000286548     0.000286647     0.000286609     0.000286609     0.000286609
1274    1.16225e-05     8.26278e-05     8.26102e-05     8.26386e-05     8.26278e-05     8.26278e-05     8.26278e-05
1278    2.90563e-05     0.000207797     0.000207752     0.000207824     0.000207797     0.000207797     0.000207797
1282    1.16225e-05     8.36213e-05     8.36034e-05     8.36323e-05     8.36213e-05     8.36213e-05     8.36213e-05
1286    2.90563e-05     0.00021185     0.000211805     0.000211878     0.00021185     0.00021185     0.00021185
1290    2.90563e-05     0.000213051     0.000213005     0.000213079     0.000213051     0.000213051     0.000213051
1294    4.06789e-05     0.000301006     0.000300941     0.000301045     0.000301006     0.000301006     0.000301006
1298    2.32451e-05     0.000173719     0.000173682     0.000173741     0.000173719     0.000173719     0.000173719
1302    2.32451e-05     0.000175346     0.000175309     0.000175369     0.000175346     0.000175346     0.000175346
1306    2.32451e-05     0.00017621     0.000176172     0.000176233     0.00017621     0.00017621     0.00017621
1310    2.90563e-05     0.000222314     0.000222266     0.000222343     0.000222314     0.000222314     0.000222314
1314    1.74338e-05     0.000134455     0.000134426     0.000134473     0.000134455     0.000134455     0.000134455
1318    2.90563e-05     0.000226025     0.000225976     0.000226054     0.000226025     0.000226025     0.000226025
1322    1.74338e-05     0.000136677     0.000136647     0.000136695     0.000136677     0.000136677     0.000136677
1326    2.90563e-05     0.000230038     0.000229989     0.000230068     0.000230038     0.000230038     0.000230038
1330    2.32451e-05     0.000185129     0.00018509     0.000185154     0.000185129     0.000185129     0.000185129
1334    5.81127e-06     4.67742e-05     4.67642e-05     4.67803e-05     4.67742e-05     4.67742e-05     4.67742e-05
1338    1.16225e-05     9.39902e-05     9.39701e-05     9.40025e-05     9.39902e-05     9.39902e-05     9.39902e-05
1342    5.81127e-06     4.73843e-05     4.73742e-05     4.73905e-05     4.73843e-05     4.73843e-05     4.73843e-05
1346    5.81127e-06     4.79652e-05     4.7955e-05     4.79715e-05     4.79652e-05     4.79652e-05     4.79652e-05
1350    1.16225e-05     9.63985e-05     9.63779e-05     9.64112e-05     9.63985e-05     9.63985e-05     9.63985e-05
1354    1.16225e-05     9.74985e-05     9.74776e-05     9.75113e-05     9.74985e-05     9.74985e-05     9.74985e-05
1358    5.81127e-06     4.89613e-05     4.89509e-05     4.89678e-05     4.89613e-05     4.89613e-05     4.89613e-05
1362    5.81127e-06     4.95315e-05     4.95209e-05     4.9538e-05     4.95315e-05     4.95315e-05     4.95315e-05
1366    1.16225e-05     9.97563e-05     9.9735e-05     9.97694e-05     9.97563e-05     9.97563e-05     9.97563e-05
1370    1.74338e-05     0.000150402     0.00015037     0.000150422     0.000150402     0.000150402     0.000150402
1374    5.81127e-06     5.06706e-05     5.06598e-05     5.06773e-05     5.06706e-05     5.06706e-05     5.06706e-05
1378    5.81127e-06     5.10499e-05     5.1039e-05     5.10566e-05     5.10499e-05     5.10499e-05     5.10499e-05
1382    2.90563e-05     0.000256986     0.000256931     0.00025702     0.000256986     0.000256986     0.000256986
1386    1.16225e-05     0.000103637     0.000103615     0.000103651     0.000103637     0.000103637     0.000103637
1390    1.16225e-05     0.000104121     0.000104099     0.000104135     0.000104121     0.000104121     0.000104121
1394    1.16225e-05     0.000105063     0.00010504     0.000105077     0.000105063     0.000105063     0.000105063
1398    1.16225e-05     0.000105796     0.000105774     0.00010581     0.000105796     0.000105796     0.000105796
1402    5.81127e-06     5.32807e-05     5.32693e-05     5.32877e-05     5.32807e-05     5.32807e-05     5.32807e-05
1406    1.16225e-05     0.000107489     0.000107466     0.000107503     0.000107489     0.000107489     0.000107489
1410    1.16225e-05     0.000108469     0.000108446     0.000108483     0.000108469     0.000108469     0.000108469
1414    5.81127e-06     5.43209e-05     5.43093e-05     5.43281e-05     5.43209e-05     5.43209e-05     5.43209e-05
1418    2.32451e-05     0.000219279     0.000219232     0.000219308     0.000219279     0.000219279     0.000219279
1422    0     0     0     0     0     0     0
1426    1.16225e-05     0.000111394     0.000111371     0.000111409     0.000111394     0.000111394     0.000111394
1430    1.16225e-05     0.000112325     0.000112301     0.00011234     0.000112325     0.000112325     0.000112325
1434    2.32451e-05     0.000225716     0.000225668     0.000225746     0.000225716     0.000225716     0.000225716
1438    2.32451e-05     0.000227553     0.000227504     0.000227583     0.000227553     0.000227553     0.000227553
1442    5.81127e-06     5.71075e-05     5.70953e-05     5.7115e-05     5.71075e-05     5.71075e-05     5.71075e-05
1446    1.74338e-05     0.000172873     0.000172836     0.000172896     0.000172873     0.000172873     0.000172873
1450    0     0     0     0     0     0     0
1454    5.81127e-06     5.86886e-05     5.86761e-05     5.86963e-05     5.86886e-05     5.86886e-05     5.86886e-05
1458    5.81127e-06     5.87827e-05     5.87702e-05     5.87905e-05     5.87827e-05     5.87827e-05     5.87827e-05
1462    1.16225e-05     0.00011872     0.000118695     0.000118736     0.00011872     0.00011872     0.00011872
1466    1.16225e-05     0.000119689     0.000119664     0.000119705     0.000119689     0.000119689     0.000119689
1470    1.16225e-05     0.00012032     0.000120294     0.000120336     0.00012032     0.00012032     0.00012032
1474    1.74338e-05     0.000181309     0.00018127     0.000181333     0.000181309     0.000181309     0.000181309
1478    5.81127e-06     6.08633e-05     6.08503e-05     6.08713e-05     6.08633e-05     6.08633e-05     6.08633e-05
1482    0     0     0     0     0     0     0
1486    0     0     0     0     0     0     0
1490    0     0     0     0     0     0     0
1494    0     0     0     0     0     0     0
1498    0     0     0     0     0     0     0
1502    0     0     0     0     0     0     0
1506    0     0     0     0     0     0     0
1510    0     0     0     0     0     0     0
1514    0     0     0     0     0     0     0
1518    0     0     0     0     0     0     0
1522    0     0     0     0     0     0     0
1526    0     0     0     0     0     0     0
1530    0     0     0     0     0     0     0
1534    0     0     0     0     0     0     0
1538    0     0     0     0     0     0     0
1542    0     0     0     0     0     0     0
1546    0     0     0     0     0     0     0
1550    0     0     0     0     0     0     0
1554    0     0     0     0     0     0     0
1558    0     0     0     0     0     0     0
1562    0     0     0     0     0     0     0
1566    0     0     0     0     0     0     0
1570    0     0     0     0     0     0     0
1574    0     0     0     0     0     0     0
1578    0     0     0     0     0     0     0
1582    0     0     0     0     0     0     0
1586    0     0     0     0     0     0     0
1590    0     0     0     0     0     0     0
1594    0     0     0     0     0     0     0
1598    0     0     0     0     0     0     0
1602    0     0     0     0     0     0     0
1606    0     0     0     0     0     0     0
1610    0     0     0     0     0     0     0
1614    0     0     0     0     0     0     0
1618    0     0     0     0     0     0     0
1622    0     0     0     0     0     0     0
1626    0     0     0     0     0     0     0
1630    0     0     0     0     0     0     0
1634    0     0     0     0     0     0     0
1638    0     0     0     0     0     0     0
1642    0     0     0     0     0     0     0
1646    0     0     0     0     0     0     0
1650    0     0     0     0     0     0     0
1654    0     0     0     0     0     0     0
1658    0     0     0     0     0     0     0
1662    0     0     0     0     0     0     0
1666    0     0     0     0     0     0     0
1670    0     0     0     0     0     0     0
1674    0     0     0     0     0     0     0
1678    0     0     0     0     0     0     0
1682    0     0     0     0     0     0     0
1686    0     0     0     0     0     0     0
1690    0     0     0     0     0     0     0
1694    0     0     0     0     0     0     0
1698    0     0     0     0     0     0     0
1702    0     0     0     0     0     0     0
1706    0     0     0     0     0     0     0
1710    0     0     0     0     0     0     0
1714    0     0     0     0     0     0     0
1718    0     0     0     0     0     0     0
1722    0     0     0     0     0     0     0
1726    0     0     0     0     0     0     0
1730    0     0     0     0     0     0     0
1734    0     0     0     0     0     0     0
1738    0     0     0     0     0     0     0
1742    0     0     0     0     0     0     0
1746    0     0     0     0     0     0     0
1750    0     0     0     0     0     0     0
1754    0     0     0     0     0     0     0
1758    0     0     0     0     0     0     0
1762    0     0     0     0     0     0     0
1766    0     0     0     0     0     0     0
1770    0     0     0     0     0     0     0
1774    0     0     0     0     0     0     0
1778    0     0     0     0     0     0     0
1782    0     0     0     0     0     0     0
1786    0     0     0     0     0     0     0
1790    0     0     0     0     0     0     0
1794    0     0     0     0     0     0     0
1798    0     0     0     0     0     0     0
1802    0     0     0     0     0     0     0
1806    0     0     0     0     0     0     0
1810    0     0     0     0     0     0     0
1814    0     0     0     0     0     0     0
1818    0     0     0     0     0     0     0
1822    0     0     0     0     0     0     0
1826    0     0     0     0     0     0     0
1830    0     0     0     0     0     0     0
1834    0     0     0     0     0     0     0
1838    0     0     0     0     0     0     0
1842    0     0     0     0     0     0     0
1846    0     0     0     0     0     0     0
1850    0     0     0     0     0     0     0
1854    0     0     0     0     0     0     0
1858    0     0     0     0     0     0     0
1862    0     0     0     0     0     0     0
1866    0     0     0     0     0     0     0
1870    0     0     0     0     0     0     0
1874    0     0     0     0     0     0     0
1878    0     0     0     0     0     0     0
1882    0     0     0     0     0     0     0
1886    0     0     0     0     0     0     0
1890    0     0     0     0     0     0     0
1894    0     0     0     0     0     0     0
1898    0     0     0     0     0     0     0
1902    0     0     0     0     0     0     0
1906    0     0     0     0     0     0     0
1910    0     0     0     0     0     0     0
1914    0     0     0     0     0     0     0
1918    0     0     0     0     0     0     0
1922    0     0     0     0     0     0     0
1926    0     0     0     0     0     0     0
1930    0     0     0     0     0     0     0
1934    0     0     0     0     0     0     0
1938    0     0     0     0     0     0     0
1942    0     0     0     0     0     0     0
1946    0     0     0     0     0     0     0
1950    0     0     0     0     0     0     0
1954    0     0     0     0     0     0     0
1958    0     0     0     0     0     0     0
1962    0     0     0     0     0     0     0
1966    0     0     0     0     0     0     0
1970    0     0     0     0     0     0     0
1974    0     0     0     0     0     0     0
1978    0     0     0     0     0     0     0
1982    0     0     0     0     0     0     0
1986    0     0     0     0     0     0     0
1990    0     0     0     0     0     0     0
1994    0     0     0     0     0     0     0
1998    0     0     0     0     0     0     0
2002    0     0     0     0     0     0     0
2006    0     0     0     0     0     0     0
2010    0     0     0     0     0     0     0
2014    0     0     0     0     0     0     0
2018    0     0     0     0     0     0     0
2022    0     0     0     0     0     0     0
2026    0     0     0     0     0     0     0
2030    0     0     0     0     0     0     0
2034    0     0     0     0     0     0     0
2038    0     0     0     0     0     0     0
2042    0     0     0     0     0     0     0
2046    0     0     0     0     0     0     0
2050    0     0     0     0     0     0     0
2054    0     0     0     0     0     0     0
2058    0     0     0     0     0     0     0
2062    0     0     0     0     0     0     0
2066    0     0     0     0     0     0     0
2070    0     0     0     0     0     0     0
2074    0     0     0     0     0     0     0
2078    0     0     0     0     0     0     0
2082    0     0     0     0     0     0     0
2086    0     0     0     0     0     0     0
2090    0     0     0     0     0     0     0
2094    0     0     0     0     0     0     0
2098    0     0     0     0     0     0     0
2102    0     0     0     0     0     0     0
2106    0     0     0     0     0     0     0
2110    0     0     0     0     0     0     0
2114    0     0     0     0     0     0     0
2118    0     0     0     0     0     0     0
2122    0     0     0     0     0     0     0
2126    0     0     0     0     0     0     0
2130    0     0     0     0     0     0     0
2134    0     0     0     0     0     0     0
2138    0     0     0     0     0     0     0
2142    0     0     0     0     0     0     0
2146    0     0     0     0     0     0     0
2150    0     0     0     0     0     0     0
2154    0     0     0     0     0     0     0
2158    0     0     0     0     0     0     0
2162    0     0     0     0     0     0     0
2166    0     0     0     0     0     0     0
2170    0     0     0     0     0     0     0
2174    0     0     0     0     0     0     0
2178    0     0     0     0     0     0     0
2182    0     0     0     0     0     0     0
2186    0     0     0     0     0     0     0
2190    0     0     0     0     0     0     0
2194    0     0     0     0     0     0     0
2198    0     0     0     0     0     0     0
2202    0     0     0     0     0     0     0
2206    0     0     0     0     0     0     0
2210    0     0     0     0     0     0     0
2214    0     0     0     0     0     0     0
2218    0     0     0     0     0     0     0
2222    0     0     0     0     0     0     0
2226    0     0     0     0     0     0     0
2230    0     0     0     0     0     0     0
2234    0     0     0     0     0     0     0
2238    0     0     0     0     0     0     0
2242    0     0     0     0     0     0     0
2246    0     0     0     0     0     0     0
2250    0     0     0     0     0     0     0
2254    0     0     0     0     0     0     0
2258    0     0     0     0     0     0     0
2262    0     0     0     0     0     0     0
2266    0     0     0     0     0     0     0
2270    0     0     0     0     0     0     0
2274    0     0     0     0     0     0     0
2278    0     0     0     0     0     0     0
2282    0     0     0     0     0     0     0
2286    0     0     0     0     0     0     0
2290    0     0     0     0     0     0     0
2294    0     0     0     0     0     0     0
2298    0     0     0     0     0     0     0
2302    0     0     0     0     0     0     0
2306    0     0     0     0     0     0     0
2310    0     0     0     0     0     0     0
2314    0     0     0     0     0     0     0
2318    0     0     0     0     0     0     0
2322    0     0     0     0     0     0     0
2326    0     0     0     0     0     0     0
2330    0     0     0     0     0     0     0
2334    0     0     0     0     0     0     0
2338    0     0     0     0     0     0     0
2342    0     0     0     0     0     0     0
2346    0     0     0     0     0     0     0
2350    0     0     0     0     0     0     0
2354    0     0     0     0     0     0     0
2358    0     0     0     0     0     0     0
2362    0     0     0     0     0     0     0
2366    0     0     0     0     0     0     0
2370    0     0     0     0     0     0     0
2374    0     0     0     0     0     0     0
2378    0     0     0     0     0     0     0
2382    0     0     0     0     0     0     0
2386    0     0     0     0     0     0     0
2390    0     0     0     0     0     0     0
2394    0     0     0     0     0     0     0
2398    0     0     0     0     0     0     0
2402    0     0     0     0     0     0     0
2406    0     0     0     0     0     0     0
2410    0     0     0     0     0     0     0
2414    0     0     0     0     0     0     0
2418    0     0     0     0     0     0     0
2422    0     0     0     0     0     0     0
2426    0     0     0     0     0     0     0
2430    0     0     0     0     0     0     0
2434    0     0     0     0     0     0     0
2438    0     0     0     0     0     0     0
2442    0     0     0     0     0     0     0
2446    0     0     0     0     0     0     0
2450    0     0     0     0     0     0     0
2454    0     0     0     0     0     0     0
2458    0     0     0     0     0     0     0
2462    0     0     0     0     0     0     0
2466    0     0     0     0     0     0     0
2470    0     0     0     0     0     0     0
2474    0     0     0     0     0     0     0
2478    0     0     0     0     0     0     0
2482    0     0     0     0     0     0     0
2486    0     0     0     0     0     0     0
2490    0     0     0     0     0     0     0
2494    0     0     0     0     0     0     0
2498    0     0     0     0     0     0     0
2502    0     0     0     0     0     0     0
2506    0     0     0     0     0     0     0
2510    0     0     0     0     0     0     0
2514    0     0     0     0     0     0     0
2518    0     0     0     0     0     0     0
2522    0     0     0     0     0     0     0
2526    0     0     0     0     0     0     0
2530    0     0     0     0     0     0     0
2534    0     0     0     0     0     0     0
2538    0     0     0     0     0     0     0
2542    0     0     0     0     0     0     0
2546    0     0     0     0     0     0     0
2550    0     0     0     0     0     0     0
2554    0     0     0     0     0     0     0
2558    0     0     0     0     0     0     0
2562    0     0     0     0     0     0     0
2566    0     0     0     0     0     0     0
2570    0     0     0     0     0     0     0
2574    0     0     0     0     0     0     0
2578    0     0     0     0     0     0     0
2582    0     0     0     0     0     0     0
2586    0     0     0     0     0     0     0
2590    0     0     0     0     0     0     0
2594    0     0     0     0     0     0     0
2598    0     0     0     0     0     0     0
2602    0     0     0     0     0     0     0
2606    0     0     0     0     0     0     0
2610    0     0     0     0     0     0     0
2614    0     0     0     0     0     0     0
2618    0     0     0     0     0     0     0
2622    0     0     0     0     0     0     0
2626    0     0     0     0     0     0     0
2630    0     0     0     0     0     0     0
2634    0     0     0     0     0     0     0
2638    0     0     0     0     0     0     0
2642    0     0     0     0     0     0     0
2646    0     0     0     0     0     0     0
2650    0     0     0     0     0     0     0
2654    0     0     0     0     0     0     0
2658    0     0     0     0     0     0     0
2662    0     0     0     0     0     0     0
2666    0     0     0     0     0     0     0
2670    0     0     0     0     0     0     0
2674    0     0     0     0     0     0     0
2678    0     0     0     0     0     0     0
2682    0     0     0     0     0     0     0
2686    0     0     0     0     0     0     0
2690    0     0     0     0     0     0     0
2694    0     0     0     0     0     0     0
2698    0     0     0     0     0     0     0
2702    0     0     0     0     0     0     0
2706    0     0     0     0     0     0     0
2710    0     0     0     0     0     0     0
2714    0     0     0     0     0     0     0
2718    0     0     0     0     0     0     0
2722    0     0     0     0     0     0     0
2726    0     0     0     0     0     0     0
2730    0     0     0     0     0     0     0
2734    0     0     0     0     0     0     0
2738    0     0     0     0     0     0     0
2742    0     0     0     0     0     0     0
2746    0     0     0     0     0     0     0
2750    0     0     0     0     0     0     0
2754    0     0     0     0     0     0     0
2758    0     0     0     0     0     0     0
2762    0     0     0     0     0     0     0
2766    0     0     0     0     0     0     0
2770    0     0     0     0     0     0     0
2774    0     0     0     0     0     0     0
2778    0     0     0     0     0     0     0
2782    0     0     0     0     0     0     0
2786    0     0     0     0     0     0     0
2790    0     0     0     0     0     0     0
2794    0     0     0     0     0     0     0
2798    0     0     0     0     0     0     0
2802    0     0     0     0     0     0     0
2806    0     0     0     0     0     0     0
2810    0     0     0     0     0     0     0
2814    0     0     0     0     0     0     0
2818    0     0     0     0     0     0     0
2822    0     0     0     0     0     0     0
2826    0     0     0     0     0     0     0
2830    0     0     0     0     0     0     0
2834    0     0     0     0     0     0     0
2838    0     0     0     0     0     0     0
2842    0     0     0     0     0     0     0
2846    0     0     0     0     0     0     0
2850    0     0     0     0     0     0     0
2854    0     0     0     0     0     0     0
2858    0     0     0     0     0     0     0
2862    0     0     0     0     0     0     0
2866    0     0     0     0     0     0     0
2870    0     0     0     0     0     0     0
2874    0     0     0     0     0     0     0
2878    0     0     0     0     0     0     0
2882    0     0     0     0     0     0     0
2886    0     0     0     0     0     0     0
2890    0     0     0     0     0     0     0
2894    0     0     0     0     0     0     0
2898    0     0     0     0     0     0     0
2902    0     0     0     0     0     0     0
2906    0     0     0     0     0     0     0
2910    0     0     0     0     0     0     0
2914    0     0     0     0     0     0     0
2918    0     0     0     0     0     0     0
2922    0     0     0     0     0     0     0
2926    0     0     0     0     0     0     0
2930    0     0     0     0     0     0     0
2934    0     0     0     0     0     0     0
2938    0     0     0     0     0     0     0
2942    0     0     0     0     0     0     0
2946    0     0     0     0     0     0     0
2950    0     0     0     0     0     0     0
2954    0     0     0     0     0     0     0
2958    0     0     0     0     0     0     0
2962    0     0     0     0     0     0     0
2966    0     0     0     0     0     0     0
2970    0     0     0     0     0     0     0
2974    0     0     0     0     0     0     0
2978    0     0     0     0     0     0     0
2982    0     0     0     0     0     0     0
2986    0     0     0     0     0     0     0
2990    0     0     0     0     0     0     0
2994    0     0     0     0     0     0     0
2998    0     0     0     0     0     0     0
3002    0     0     0     0     0     0     0
3006    0     0     0     0     0     0     0
3010    0     0     0     0     0     0     0
3014    0     0     0     0     0     0     0
3018    0     0     0     0     0     0     0
3022    0     0     0     0     0     0     0
3026    0     0     0     0     0     0     0
3030    0     0     0     0     0     0     0
3034    0     0     0     0     0     0     0
3038    0     0     0     0     0     0     0
3042    0     0     0     0     0     0     0
3046    0     0     0     0     0     0     0
3050    0     0     0     0     0     0     0
3054    0     0     0     0     0     0     0
3058    0     0     0     0     0     0     0
3062    0     0     0     0     0     0     0
3066    0     0     0     0     0     0     0
3070    0     0     0     0     0     0     0
3074    0     0     0     0     0     0     0
3078    0     0     0     0     0     0     0
3082    0     0     0     0     0     0     0
3086    0     0     0     0     0     0     0
3090    0     0     0     0     0     0     0
3094    0     0     0     0     0     0     0
3098    0     0     0     0     0     0     0
3102    0     0     0     0     0     0     0
3106    0     0     0     0     0     0     0
3110    0     0     0     0     0     0     0
3114    0     0     0     0     0     0     0
3118    0     0     0     0     0     0     0
3122    0     0     0     0     0     0     0
3126    0     0     0     0     0     0     0
3130    0     0     0     0     0     0     0
3134    0     0     0     0     0     0     0
3138    0     0     0     0     0     0     0
3142    0     0     0     0     0     0     0
3146    0     0     0     0     0     0     0
3150    0     0     0     0     0     0     0
3154    0     0     0     0     0     0     0
3158    0     0     0     0     0     0     0
3162    0     0     0     0     0     0     0
3166    0     0     0     0     0     0     0
3170    0     0     0     0     0     0     0
3174    0     0     0     0     0     0     0
3178    0     0     0     0     0     0     0
3182    0     0     0     0     0     0     0
3186    0     0     0     0     0     0     0
3190    0     0     0     0     0     0     0
3194    0     0     0     0     0     0     0
3198    0     0     0     0     0     0     0
3202    0     0     0     0     0     0     0
3206    0     0     0     0     0     0     0
3210    0     0     0     0     0     0     0
3214    0     0     0     0     0     0     0
3218    0     0     0     0     0     0     0
3222    0     0     0     0     0     0     0
3226    0     0     0     0     0     0     0
3230    0     0     0     0     0     0     0
3234    0     0     0     0     0     0     0
3238    0     0     0     0     0     0     0
3242    0     0     0     0     0     0     0
3246    0     0     0     0     0     0     0
3250    0     0     0     0     0     0     0
3254    0     0     0     0     0     0     0
3258    0     0     0     0     0     0     0
3262    0     0     0     0     0     0     0
3266    0     0     0     0     0     0     0
3270    0     0     0     0     0     0     0
3274    0     0     0     0     0     0     0
3278    0     0     0     0     0     0     0
3282    0     0     0     0     0     0     0
3286    0     0     0     0     0     0     0
3290    0     0     0     0     0     0     0
3294    0     0     0     0     0     0     0
3298    0     0     0     0     0     0     0
3302    0     0     0     0     0     0     0
3306    0     0     0     0     0     0     0
3310    0     0     0     0     0     0     0
3314    0     0     0     0     0     0     0
3318    0     0     0     0     0     0     0
3322    0     0     0     0     0     0     0
3326    0     0     0     0     0     0     0
3330    0     0     0     0     0     0     0
3334    0     0     0     0     0     0     0
3338    0     0     0     0     0     0     0
3342    0     0     0     0     0     0     0
3346    0     0     0     0     0     0     0
3350    0     0     0     0     0     0     0
3354    0     0     0     0     0     0     0
3358    0     0     0     0     0     0     0
3362    0     0     0     0     0     0     0
3366    0     0     0     0     0     0     0
3370    0     0     0     0     0     0     0
3374    0     0     0     0     0     0     0
3378    0     0     0     0     0     0     0
3382    0     0     0     0     0     0     0
3386    0     0     0     0     0     0     0
3390    0     0     0     0     0     0     0
3394    0     0     0     0     0     0     0
3398    0     0     0     0     0     0     0
3402    0     0     0     0     0     0     0
3406    0     0     0     0     0     0     0
3410    0     0     0     0     0     0     0
3414    0     0     0     0     0     0     0
3418    0     0     0     0     0     0     0
3422    0     0     0     0     0     0     0
3426    0     0     0     0     0     0     0
3430    0     0     0     0     0     0     0
3434    0     0     0     0     0     0     0
3438    0     0     0     0     0     0     0
3442    0     0     0     0     0     0     0
3446    0     0     0     0     0     0     0
3450    0     0     0     0     0     0     0
3454    0     0     0     0     0     0     0
3458    0     0     0     0     0     0     0
3462    0     0     0     0     0     0     0
3466    0     0     0     0     0     0     0
3470    0     0     0     0     0     0     0
3474    0     0     0     0     0     0     0
3478    0     0     0     0     0     0     0
3482    0     0     0     0     0     0     0
3486    0     0     0     0     0     0     0
3490    0     0     0     0     0     0     0
3494    0     0     0     0     0     0     0
3498    0     0     0     0     0     0     0
3502    0     0     0     0     0     0     0
3506    0     0     0     0     0     0     0
3510    0     0     0     0     0     0     0
3514    0     0     0     0     0     0     0
3518    0     0     0     0     0     0     0
3522    0     0     0     0     0     0     0
3526    0     0     0     0     0     0     0
3530    0     0     0     0     0     0     0
3534    0     0     0     0     0     0     0
3538    0     0     0     0     0     0     0
3542    0     0     0     0     0     0     0
3546    0     0     0     0     0     0     0
3550    0     0     0     0     0     0     0
3554    0     0     0     0     0     0     0
3558    0     0     0     0     0     0     0
3562    0     0     0     0     0     0     0
3566    0     0     0     0     0     0     0
3570    0     0     0     0     0     0     0
3574    0     0     0     0     0     0     0
3578    0     0     0     0     0     0     0
3582    0     0     0     0     0     0     0
3586    0     0     0     0     0     0     0
3590    0     0     0     0     0     0     0
3594    0     0     0     0     0     0     0
3598    0     0     0     0     0     0     0
3602    0     0     0     0     0     0     0
3606    0     0     0     0     0     0     0
3610    0     0     0     0     0     0     0
3614    0     0     0     0     0     0     0
3618    0     0     0     0     0     0     0
3622    0     0     0     0     0     0     0
3626    0     0     0     0     0     0     0
3630    0     0     0     0     0     0     0
3634    0     0     0     0     0     0     0
3638    0     0     0     0     0     0     0
3642    0     0     0     0     0     0     0
3646    0     0     0     0     0     0     0
3650    0     0     0     0     0     0     0
3654    0     0     0     0     0     0     0
3658    0     0     0     0     0     0     0
3662    0     0     0     0     0     0     0
3666    0     0     0     0     0     0     0
3670    0     0     0     0     0     0     0
3674    0     0     0     0     0     0     0
3678    0     0     0     0     0     0     0
3682    0     0     0     0     0     0     0
3686    0     0     0     0     0     0     0
3690    0     0     0     0     0     0     0
3694    0     0     0     0     0     0     0
3698    0     0     0     0     0     0     0
3702    0     0     0     0     0     0     0
3706    0     0     0     0     0     0     0
3710    0     0     0     0     0     0     0
3714    0     0     0     0     0     0     0
3718    0     0     0     0     0     0     0
3722    0     0     0     0     0     0     0
3726    0     0     0     0     0     0     0
3730    0     0     0     0     0     0     0
3734    0     0     0     0     0     0     0
3738    0     0     0     0     0     0     0
3742    0     0     0     0     0     0     0
3746    0     0     0     0     0     0     0
3750    0     0     0     0     0     0     0
3754    0     0     0     0     0     0     0
3758    0     0     0     0     0     0     0
3762    0     0     0     0     0     0     0
3766    0     0     0     0     0     0     0
3770    0     0     0     0     0     0     0
3774    0     0     0     0     0     0     0
3778    0     0     0     0     0     0     0
3782    0     0     0     0     0     0     0
3786    0     0     0     0     0     0     0
3790    0     0     0     0     0     0     0
3794    0     0     0     0     0     0     0
3798    0     0     0     0     0     0     0
3802    0     0     0     0     0     0     0
3806    0     0     0     0     0     0     0
3810    0     0     0     0     0     0     0
3814    0     0     0     0     0     0     0
3818    0     0     0     0     0     0     0
3822    0     0     0     0     0     0     0
3826    0     0     0     0     0     0     0
3830    0     0     0     0     0     0     0
3834    0     0     0     0     0     0     0
3838    0     0     0     0     0     0     0
3842    0     0     0     0     0     0     0
3846    0     0     0     0     0     0     0
3850    0     0     0     0     0     0     0
3854    0     0     0     0     0     0     0
3858    0     0     0     0     0     0     0
3862    0     0     0     0     0     0     0
3866    0     0     0     0     0     0     0
3870    0     0     0     0     0     0     0
3874    0     0     0     0     0     0     0
3878    0     0     0     0     0     0     0
3882    0     0     0     0     0     0     0
3886    0     0     0     0     0     0     0
3890    0     0     0     0     0     0     0
3894    0     0     0     0     0     0     0
3898    0     0     0     0     0     0     0
3902    0     0     0     0     0     0     0
3906    0     0     0     0     0     0     0
3910    0     0     0     0     0     0     0
3914    0     0     0     0     0     0     0
3918    0     0     0     0     0     0     0
3922    0     0     0     0     0     0     0
3926    0     0     0     0     0     0     0
3930    0     0     0     0     0     0     0
3934    0     0     0     0     0     0     0
3938    0     0     0     0     0     0     0
3942    0     0     0     0     0     0     0
3946    0     0     0     0     0     0     0
3950    0     0     0     0     0     0     0
3954    0     0     0     0     0     0     0
3958    0     0     0     0     0     0     0
3962    0     0     0     0     0     0     0
3966    0     0     0     0     0     0     0
3970    0     0     0     0     0     0     0
3974    0     0     0     0     0     0     0
3978    0     0     0     0     0     0     0
3982    0     0     0     0     0     0     0
3986    0     0     0     0     0     0     0
3990    0     0     0     0     0     0     0
3994    0     0     0     0     0     0     0
3998    0     0     0     0     0     0     0
