1     0     0     0     0     0     0     0
3     0     0     0     0     0     0     0
5     0     0     0     0     0     0     0
7     0     0     0     0     0     0     0
9     0     0     0     0     0     0     0
11     0     0     0     0     0     0     0
13     0     0     0     0     0     0     0
15     0     0     0     0     0     0     0
17     0     0     0     0     0     0     0
19     0     0     0     0     0     0     0
21     0     0     0     0     0     0     0
23     0     0     0     0     0     0     0
25     7.68131e-05     5.64688e-08     5.64688e-08     5.64688e-08     5.64688e-08     5.64688e-08     5.64688e-08
27     6.91317e-05     4.56261e-08     4.56261e-08     4.56261e-08     4.56261e-08     4.56261e-08     4.56261e-08
29     4.60878e-05     2.84565e-08     2.84565e-08     2.84565e-08     2.84565e-08     2.84565e-08     2.84565e-08
31     9.21757e-05     5.10478e-08     5.10478e-08     5.10478e-08     5.10478e-08     5.10478e-08     5.10478e-08
33     7.68131e-05     3.92409e-08     3.92409e-08     3.92409e-08     3.92409e-08     3.92409e-08     3.92409e-08
35     0.00011522     5.40462e-08     5.40462e-08     5.40462e-08     5.40462e-08     5.40462e-08     5.40462e-08
37     5.37691e-05     2.3366e-08     2.3366e-08     2.3366e-08     2.3366e-08     2.3366e-08     2.3366e-08
39     7.68131e-05     3.05226e-08     3.05226e-08     3.05226e-08     3.05226e-08     3.05226e-08     3.05226e-08
41     0.000107538     4.0335e-08     4.0335e-08     4.0335e-08     4.0335e-08     4.0335e-08     4.0335e-08
43     0.000122901     4.30636e-08     4.30636e-08     4.30636e-08     4.30636e-08     4.30636e-08     4.30636e-08
45     0.00017667     5.85954e-08     5.85954e-08     5.85954e-08     5.85954e-08     5.85954e-08     5.85954e-08
47     0.000107538     3.38129e-08     3.38129e-08     3.38129e-08     3.38129e-08     3.38129e-08     3.38129e-08
49     0.000168989     5.03025e-08     5.03025e-08     5.03025e-08     5.03025e-08     5.03025e-08     5.03025e-08
51     0.00017667     4.99343e-08     4.99343e-08     4.99343e-08     4.99343e-08     4.99343e-08     4.99343e-08
53     0.000161307     4.35706e-08     4.35706e-08     4.35706e-08     4.35706e-08     4.35706e-08     4.35706e-08
55     0.000153626     3.93209e-08     3.93209e-08     3.93209e-08     3.93209e-08     3.93209e-08     3.93209e-08
57     0.000122901     3.03285e-08     3.03285e-08     3.03285e-08     3.03285e-08     3.03285e-08     3.03285e-08
59     0.000215077     5.08381e-08     5.08381e-08     5.08381e-08     5.08381e-08     5.08381e-08     5.08381e-08
61     0.000145945     3.3358e-08     3.3358e-08     3.3358e-08     3.3358e-08     3.3358e-08     3.3358e-08
63     0.00011522     2.53161e-08     2.53161e-08     2.53161e-08     2.53161e-08     2.53161e-08     2.53161e-08
65     0.000222758     4.75765e-08     4.75765e-08     4.75765e-08     4.75765e-08     4.75765e-08     4.75765e-08
67     0.000330296     6.85202e-08     6.85202e-08     6.85202e-08     6.85202e-08     6.85202e-08     6.85202e-08
69     0.00023812     4.82065e-08     4.82065e-08     4.82065e-08     4.82065e-08     4.82065e-08     4.82065e-08
71     0.000230439     4.55336e-08     4.55336e-08     4.55336e-08     4.55336e-08     4.55336e-08     4.55336e-08
73     0.000261164     5.05667e-08     5.05667e-08     5.05667e-08     5.05667e-08     5.05667e-08     5.05667e-08
75     0.000192033     3.65175e-08     3.65175e-08     3.65175e-08     3.65175e-08     3.65175e-08     3.65175e-08
77     0.000276527     5.17531e-08     5.17531e-08     5.17531e-08     5.17531e-08     5.17531e-08     5.17531e-08
79     0.000299571     5.52699e-08     5.52699e-08     5.52699e-08     5.52699e-08     5.52699e-08     5.52699e-08
81     0.00029189     5.31921e-08     5.31921e-08     5.31921e-08     5.31921e-08     5.31921e-08     5.31921e-08
83     0.000314934     5.68587e-08     5.68587e-08     5.68587e-08     5.68587e-08     5.68587e-08     5.68587e-08
85     0.000230439     4.12731e-08     4.12731e-08     4.12731e-08     4.12731e-08     4.12731e-08     4.12731e-08
87     0.000222758     3.96788e-08     3.96788e-08     3.96788e-08     3.96788e-08     3.96788e-08     3.96788e-08
89     0.000384065     6.81368e-08     6.81368e-08     6.81368e-08     6.81368e-08     6.81368e-08     6.81368e-08
91     0.000307252     5.43779e-08     5.43779e-08     5.43779e-08     5.43779e-08     5.43779e-08     5.43779e-08
93     0.00041479     7.33489e-08     7.33489e-08     7.33489e-08     7.33489e-08     7.33489e-08     7.33489e-08
95     0.000314934     5.57374e-08     5.57374e-08     5.57374e-08     5.57374e-08     5.57374e-08     5.57374e-08
97     0.000284208     5.03985e-08     5.03985e-08     5.03985e-08     5.03985e-08     5.03985e-08     5.03985e-08
99     0.000261164     4.64736e-08     4.64736e-08     4.64736e-08     4.64736e-08     4.64736e-08     4.64736e-08
101     0.000407109     7.27011e-08     7.27011e-08     7.27011e-08     7.27011e-08     7.27011e-08     7.27011e-08
103     0.000376384     6.75721e-08     6.75721e-08     6.75721e-08     6.75721e-08     6.75721e-08     6.75721e-08
105     0.00035334     6.38913e-08     6.38913e-08     6.38913e-08     6.38913e-08     6.38913e-08     6.38913e-08
107     0.000453197     8.27022e-08     8.27022e-08     8.27022e-08     8.27022e-08     8.27022e-08     8.27022e-08
109     0.000422472     7.79486e-08     7.79486e-08     7.79486e-08     7.79486e-08     7.79486e-08     7.79486e-08
111     0.000384065     7.18612e-08     7.18612e-08     7.18612e-08     7.18612e-08     7.18612e-08     7.18612e-08
113     0.000399428     7.60693e-08     7.60693e-08     7.60693e-08     7.60693e-08     7.60693e-08     7.60693e-08
115     0.00041479     8.07042e-08     8.07042e-08     8.07042e-08     8.07042e-08     8.07042e-08     8.07042e-08
117     0.000453197     9.07005e-08     9.07005e-08     9.07005e-08     9.07005e-08     9.07005e-08     9.07005e-08
119     0.000453197     9.33155e-08     9.33155e-08     9.33155e-08     9.33155e-08     9.33155e-08     9.33155e-08
121     0.00041479     8.83565e-08     8.83565e-08     8.83565e-08     8.83565e-08     8.83565e-08     8.83565e-08
123     0.000560735     1.24847e-07     1.24847e-07     1.24847e-07     1.24847e-07     1.24847e-07     1.24847e-07
125     0.000606823     1.41844e-07     1.41844e-07     1.41844e-07     1.41844e-07     1.41844e-07     1.41844e-07
127     0.000545373     1.34752e-07     1.34752e-07     1.34752e-07     1.34752e-07     1.34752e-07     1.34752e-07
129     0.000430153     1.13183e-07     1.13183e-07     1.13183e-07     1.13183e-07     1.13183e-07     1.13183e-07
131     0.000483922     1.3599e-07     1.3599e-07     1.3599e-07     1.3599e-07     1.3599e-07     1.3599e-07
133     0.00053001     1.60199e-07     1.60199e-07     1.60199e-07     1.60199e-07     1.60199e-07     1.60199e-07
135     0.000522329     1.72224e-07     1.72224e-07     1.72224e-07     1.72224e-07     1.72224e-07     1.72224e-07
137     0.000460878     1.66465e-07     1.66465e-07     1.66465e-07     1.66465e-07     1.66465e-07     1.66465e-07
139     0.000714361     2.82942e-07     2.82942e-07     2.82942e-07     2.82942e-07     2.82942e-07     2.82942e-07
141     0.000560735     2.48972e-07     2.48972e-07     2.48972e-07     2.48972e-07     2.48972e-07     2.48972e-07
143     0.000453197     2.27972e-07     2.27972e-07     2.27972e-07     2.27972e-07     2.27972e-07     2.27972e-07
145     0.000568417     3.24857e-07     3.24857e-07     3.24857e-07     3.24857e-07     3.24857e-07     3.24857e-07
147     0.000522329     3.42171e-07     3.42171e-07     3.42171e-07     3.42171e-07     3.42171e-07     3.42171e-07
149     0.000583779     4.49385e-07     4.49385e-07     4.49385e-07     4.49385e-07     4.49385e-07     4.49385e-07
151     0.000629867     5.84787e-07     5.84787e-07     5.84787e-07     5.84787e-07     5.84787e-07     5.84787e-07
153     0.000614504     6.90027e-07     6.90027e-07     6.90027e-07     6.90027e-07     6.90027e-07     6.90027e-07
155     0.000652911     9.15364e-07     9.15364e-07     9.15364e-07     9.15364e-07     9.15364e-07     9.15364e-07
157     0.00070668     1.34781e-06     1.34781e-06     1.34781e-06     1.34781e-06     1.34781e-06     1.34781e-06
159     0.000675955     1.97213e-06     1.97213e-06     1.97213e-06     1.97213e-06     1.97213e-06     1.97213e-06
161     0.000722043     3.51032e-06     3.51032e-06     3.51032e-06     3.51032e-06     3.51032e-06     3.51032e-06
163     0.000660592     5.22247e-06     5.22247e-06     5.22247e-06     5.22247e-06     5.22247e-06     5.22247e-06
165     0.000652911     7.12645e-06     7.12645e-06     7.12645e-06     7.12645e-06     7.12645e-06     7.12645e-06
167     0.000652911     8.62912e-06     8.62912e-06     8.62912e-06     8.62912e-06     8.62912e-06     8.62912e-06
169     0.00070668     1.0735e-05     1.0735e-05     1.0735e-05     1.0735e-05     1.0735e-05     1.0735e-05
171     0.000737405     1.25481e-05     1.25481e-05     1.25481e-05     1.25481e-05     1.25481e-05     1.25481e-05
173     0.000768131     1.45523e-05     1.45523e-05     1.45523e-05     1.45523e-05     1.45523e-05     1.45523e-05
175     0.000768131     1.58531e-05     1.58531e-05     1.58531e-05     1.58531e-05     1.58531e-05     1.58531e-05
177     0.00070668     1.5843e-05     1.5843e-05     1.5843e-05     1.5843e-05     1.5843e-05     1.5843e-05
179     0.000791174     1.91503e-05     1.91503e-05     1.91503e-05     1.91503e-05     1.91503e-05     1.91503e-05
181     0.00070668     1.88323e-05     1.88323e-05     1.88323e-05     1.88323e-05     1.88323e-05     1.88323e-05
183     0.000806537     2.36996e-05     2.36996e-05     2.36996e-05     2.36996e-05     2.36996e-05     2.36996e-05
185     0.000729724     2.37533e-05     2.37533e-05     2.37533e-05     2.37533e-05     2.37533e-05     2.37533e-05
187     0.000760449     2.70025e-05     2.70025e-05     2.70025e-05     2.70025e-05     2.70025e-05     2.70025e-05
189     0.000921757     3.51764e-05     3.51764e-05     3.51764e-05     3.51764e-05     3.51764e-05     3.51764e-05
191     0.000837262     3.41809e-05     3.41809e-05     3.41809e-05     3.41809e-05     3.41809e-05     3.41809e-05
193     0.000814218     3.5329e-05     3.5329e-05     3.5329e-05     3.5329e-05     3.5329e-05     3.5329e-05
195     0.000929438     4.26074e-05     4.26074e-05     4.26074e-05     4.26074e-05     4.26074e-05     4.26074e-05
197     0.000937119     4.52763e-05     4.52763e-05     4.52763e-05     4.52763e-05     4.52763e-05     4.52763e-05
199     0.000967844     4.8858e-05     4.8858e-05     4.8858e-05     4.8858e-05     4.8858e-05     4.8858e-05
201     0.000937119     4.93744e-05     4.93744e-05     4.93744e-05     4.93744e-05     4.93744e-05     4.93744e-05
203     0.000914075     5.03462e-05     5.03462e-05     5.03462e-05     5.03462e-05     5.03462e-05     5.03462e-05
205     0.000967844     5.56139e-05     5.56139e-05     5.56139e-05     5.56139e-05     5.56139e-05     5.56139e-05
207     0.000990888     5.94001e-05     5.94001e-05     5.94001e-05     5.94001e-05     5.94001e-05     5.94001e-05
209     0.000921757     5.74237e-05     5.74237e-05     5.74237e-05     5.74237e-05     5.74237e-05     5.74237e-05
211     0.000906394     5.87155e-05     5.87155e-05     5.87155e-05     0.000429142     0.0005892     0.000318941
213     0.00103698     6.96325e-05     6.96325e-05     6.96325e-05     0.000452561     0.00061841     0.000338456
215     0.00111379     7.74233e-05     7.74233e-05     7.74233e-05     0.000453727     0.000616992     0.000341395
217     0.00105234     7.58204e-05     7.58204e-05     7.58204e-05     0.000452811     0.000616591     0.000340189
219     0.00105234     7.83864e-05     7.83864e-05     7.83864e-05     0.000448255     0.000609184     0.000337612
221     0.000975526     7.51355e-05     7.51355e-05     7.51355e-05     0.000451108     0.000614818     0.00033848
223     0.00112147     8.9094e-05     8.9094e-05     8.9094e-05     0.000462061     0.000624546     0.000350307
225     0.000983207     8.06016e-05     8.06016e-05     8.06016e-05     0.000465633     0.000633474     0.000350162
227     0.0010677     9.02281e-05     9.02281e-05     9.02281e-05     0.000452436     0.00061038     0.000343731
229     0.00106002     9.23096e-05     9.23096e-05     9.23096e-05     0.000474353     0.000640898     0.000359685
231     0.00111379     9.98043e-05     9.98043e-05     9.98043e-05     0.000468943     0.000629896     0.000358065
233     0.00113683     0.000104973     0.000104973     0.000104973     0.000491047     0.000659389     0.000375067
235     0.0011906     0.00011319     0.00011319     0.00011319     0.000485788     0.000648275     0.00037383
237     0.000975526     9.53275e-05     9.53275e-05     9.53275e-05     0.000456961     0.000614656     0.000348279
239     0.00124437     0.000125127     0.000125127     0.000125127     0.000501     0.000664967     0.00038797
241     0.00119828     0.000123846     0.000123846     0.000123846     0.000490546     0.00065059     0.000380206
243     0.00122133     0.00012966     0.00012966     0.00012966     0.000496983     0.000657402     0.000386339
245     0.00125973     0.000137229     0.000137229     0.000137229     0.000509857     0.000672662     0.00039757
247     0.00142104     0.00015892     0.00015892     0.00015892     0.000531291     0.000694019     0.000419055
249     0.00135191     0.000155294     0.000155294     0.000155294     0.000522267     0.000682576     0.000411625
251     0.00122901     0.000144654     0.000144654     0.000144654     0.000508416     0.000667173     0.000398778
253     0.00135959     0.000164077     0.000164077     0.000164077     0.000525836     0.000683512     0.000416893
255     0.0015209     0.000188237     0.000188237     0.000188237     0.000551622     0.000709704     0.000442306
257     0.00145945     0.000185043     0.000185043     0.000185043     0.000552241     0.000711681     0.000441859
259     0.00124437     0.000161572     0.000161572     0.000161572     0.000523972     0.000681103     0.000415137
261     0.00126742     0.000168576     0.000168576     0.000168576     0.000536973     0.000696558     0.000426385
263     0.00129814     0.000176835     0.000176835     0.000176835     0.000535849     0.00069124     0.000428097
265     0.00129046     0.000179983     0.000179983     0.000179983     0.00053964     0.000695233     0.000431681
267     0.00152858     0.000218135     0.000218135     0.000218135     0.000580542     0.000737394     0.000471729
269     0.00142872     0.000208416     0.000208416     0.000208416     0.000547567     0.000694405     0.00044571
271     0.00146713     0.000218879     0.000218879     0.000218879     0.000561377     0.000709732     0.000458428
273     0.00161307     0.00024614     0.00024614     0.00024614     0.000584826     0.000731701     0.000482945
275     0.00145177     0.000226485     0.000226485     0.000226485     0.000575706     0.000727206     0.000470552
277     0.00145945     0.000232595     0.000232595     0.000232595     0.000587649     0.00074176     0.000480696
279     0.00156699     0.000255263     0.000255263     0.000255263     0.000608055     0.000761173     0.000501754
281     0.0015209     0.000253162     0.000253162     0.000253162     0.000602212     0.000753635     0.00049705
283     0.00168989     0.000287325     0.000287325     0.000287325     0.000631659     0.000780872     0.000527951
285     0.0017667     0.000306627     0.000306627     0.000306627     0.000640508     0.000785021     0.000540027
287     0.00168221     0.000297959     0.000297959     0.000297959     0.000646368     0.000797026     0.000541557
289     0.00162076     0.00029288     0.00029288     0.00029288     0.000626437     0.000770576     0.000526095
291     0.00158235     0.000291763     0.000291763     0.000291763     0.000624381     0.000768113     0.000524306
293     0.00185888     0.000349519     0.000349519     0.000349519     0.000687035     0.000833018     0.000585411
295     0.00174366     0.000334442     0.000334442     0.000334442     0.000679252     0.000828514     0.000575322
297     0.00182047     0.000355781     0.000355781     0.000355781     0.000701345     0.000851096     0.000597108
299     0.00191265     0.00038113     0.00038113     0.00038113     0.000710573     0.000853426     0.000611126
301     0.00195105     0.000396101     0.000396101     0.000396101     0.000739055     0.000887773     0.000635484
303     0.00198178     0.00040994     0.00040994     0.00040994     0.000755682     0.000905612     0.000651267
305     0.00194337     0.000409455     0.000409455     0.000409455     0.0007578     0.000908757     0.000652619
307     0.00196641     0.000422145     0.000422145     0.000422145     0.000759955     0.000906252     0.000657979
309     0.00203555     0.000445054     0.000445054     0.000445054     0.000789005     0.000937815     0.000685201
311     0.00187424     0.000417114     0.000417114     0.000417114     0.00074354     0.000884683     0.000645075
313     0.00222758     0.000504906     0.000504906     0.000504906     0.000855947     0.00100762     0.000750086
315     0.00215077     0.000495968     0.000495968     0.000495968     0.000835446     0.00098201     0.000733082
317     0.00210468     0.000494241     0.000494241     0.000494241     0.000828752     0.000973104     0.000727911
319     0.00244266     0.000583346     0.000583346     0.000583346     0.000932493     0.00108308     0.000827226
321     0.00219685     0.000533508     0.000533508     0.000533508     0.000886978     0.00103941     0.000780413
323     0.00212004     0.000523662     0.000523662     0.000523662     0.000874611     0.0010259     0.000768784
325     0.00232744     0.000584096     0.000584096     0.000584096     0.000949393     0.00110682     0.000839251
327     0.00245034     0.000624945     0.000624945     0.000624945     0.000990504     0.00114795     0.000880295
329     0.00242729     0.000629032     0.000629032     0.000629032     0.000977412     0.00112735     0.000872434
331     0.0024657     0.000649562     0.000649562     0.000649562     0.000993463     0.00114128     0.000889896
333     0.00286513     0.000766529     0.000766529     0.000766529     0.00114637     0.00130936     0.00103211
335     0.00240425     0.000652954     0.000652954     0.000652954     0.00103313     0.00119591     0.000918899
337     0.0025886     0.000714039     0.000714039     0.000714039     0.00107552     0.00122997     0.00096705
339     0.00260396     0.00072989     0.00072989     0.00072989     0.00111379     0.00127744     0.000998747
341     0.00284208     0.000809672     0.000809672     0.000809672     0.00119978     0.00136572     0.00108301
343     0.00287281     0.000830729     0.000830729     0.000830729     0.00121109     0.00137268     0.00109733
345     0.00258092     0.000759227     0.000759227     0.000759227     0.00115983     0.00133034     0.00103983
347     0.00277295     0.000830451     0.000830451     0.000830451     0.00123261     0.00140439     0.00111179
349     0.00321847     0.000981965     0.000981965     0.000981965     0.00142245     0.0016107     0.00129006
351     0.00300339     0.000936694     0.000936694     0.000936694     0.00136889     0.00155385     0.00123885
353     0.00338746     0.00108061     0.00108061     0.00108061     0.00152404     0.00171422     0.00139039
355     0.00306484     0.00100174     0.00100174     0.00100174     0.0014684     0.00166903     0.00132749
357     0.00324919     0.00108717     0.00108717     0.00108717     0.00157191     0.00178086     0.00142522
359     0.00338746     0.00116022     0.00116022     0.00116022     0.00164504     0.00185453     0.00149805
361     0.00351804     0.00123325     0.00123325     0.00123325     0.00174319     0.00196383     0.00158838
363     0.00359485     0.00128846     0.00128846     0.00128846     0.00181131     0.00203787     0.00165247
365     0.00374848     0.00137356     0.00137356     0.00137356     0.00191329     0.00214738     0.00174913
367     0.00388674     0.00145438     0.00145438     0.00145438     0.00201134     0.00225319     0.00184178
369     0.00378688     0.00144701     0.00144703     0.00144701     0.00204308     0.00230229     0.0018614
371     0.00403269     0.00157452     0.00157454     0.00157452     0.00214443     0.00239258     0.00197051
373     0.00430921     0.00171948     0.00171951     0.00171948     0.00233043     0.0025969     0.00214375
375     0.0041095     0.00167432     0.00167435     0.00167432     0.002303     0.00257765     0.00211066
377     0.00448588     0.00186754     0.00186757     0.00186754     0.0024957     0.00277059     0.00230328
379     0.0044782     0.0019037     0.00190374     0.0019037     0.00252271     0.00279396     0.00233285
381     0.00426312     0.00184845     0.00184848     0.00184845     0.00252071     0.00281575     0.00231426
383     0.00467792     0.00206904     0.00206908     0.00206904     0.00274789     0.00304625     0.00253919
385     0.00457806     0.00206353     0.00206358     0.00206353     0.0027484     0.00304977     0.00253762
387     0.00503126     0.00230962     0.00230967     0.00230962     0.00306041     0.00339116     0.00282909
389     0.00501589     0.00234476     0.00234482     0.00234476     0.00307042     0.00339052     0.00284664
391     0.00516184     0.00245687     0.00245694     0.00245687     0.00327276     0.00363302     0.00302091
393     0.00525401     0.00254321     0.00254328     0.00254321     0.00335617     0.00371554     0.00310504
395     0.00565344     0.00278469     0.00278477     0.00278469     0.00365764     0.0040439     0.00338772
397     0.00553822     0.00277419     0.00277428     0.00277419     0.0036241     0.00400055     0.00336107
399     0.00584547     0.00297655     0.00297665     0.00297655     0.00381735     0.00419021     0.00355689
401     0.00653679     0.00338579     0.00338591     0.00338579     0.00431008     0.00472041     0.00402346
403     0.00608359     0.00320268     0.0032028     0.00320268     0.00412131     0.00452966     0.00383617
405     0.00632171     0.00338194     0.00338208     0.00338194     0.00436618     0.00480417     0.00406036
407     0.00665969     0.00362213     0.00362229     0.00362213     0.00462508     0.005072     0.00431315
409     0.00726651     0.00401474     0.00401493     0.00401474     0.00509562     0.00557767     0.00475914
411     0.00715898     0.00401636     0.00401656     0.00401636     0.00509434     0.00557562     0.00475852
413     0.00781957     0.00445476     0.00445501     0.00445476     0.00557361     0.00607357     0.00522484
415     0.00772739     0.00446997     0.00447024     0.00446997     0.00562448     0.0061406     0.00526432
417     0.00738942     0.00433811     0.00433839     0.00433811     0.00550071     0.00602095     0.00513781
419     0.00836494     0.00498132     0.00498167     0.00498132     0.00621505     0.00676763     0.00582959
421     0.00862611     0.00521143     0.00521183     0.00521143     0.0065072     0.00708817     0.006102
423     0.00954018     0.00584659     0.00584707     0.00584659     0.00725717     0.00789051     0.00681559
425     0.00967844     0.00601527     0.0060158     0.00601527     0.00747167     0.0081266     0.00701527
427     0.00944032     0.00594861     0.00594919     0.00594861     0.00736681     0.00800529     0.00692191
429     0.010508     0.00671387     0.00671459     0.00671387     0.00825776     0.00895364     0.00777307
431     0.0103621     0.00671463     0.00671541     0.00671463     0.00827203     0.00897461     0.0077828
433     0.0116449     0.00765228     0.00765323     0.00765228     0.00938804     0.0101715     0.00884255
435     0.0123746     0.00824719     0.00824835     0.00824719     0.0101255     0.0109735     0.00953494
437     0.0121288     0.00819721     0.00819847     0.00819721     0.0100221     0.0108466     0.0094481
439     0.0131043     0.00898179     0.00898329     0.00898179     0.0109694     0.0118681     0.0103437
441     0.0133501     0.00928087     0.00928255     0.00928087     0.0112475     0.012138     0.0106278
443     0.0143564     0.0101215     0.0101236     0.0101215     0.0122237     0.0131777     0.0115604
445     0.0149555     0.0106946     0.010697     0.0106946     0.0129337     0.0139523     0.0122261
447     0.0158158     0.0114713     0.0114742     0.0114713     0.0137895     0.0148461     0.0130557
449     0.0168912     0.0124275     0.0124309     0.0124275     0.0148509     0.0159583     0.0140828
451     0.0167913     0.012534     0.0125379     0.012534     0.014982     0.0161026     0.0142052
453     0.0183737     0.0139194     0.0139242     0.0139194     0.0165556     0.0177641     0.0157183
455     0.0187347     0.0144107     0.0144161     0.0144107     0.0170743     0.0182968     0.016228
457     0.0201404     0.0157335     0.0157402     0.0157335     0.0185738     0.0198785     0.017671
459     0.0213771     0.0169688     0.0169771     0.0169688     0.0199466     0.0213153     0.019
461     0.0228135     0.0184184     0.0184282     0.0184184     0.0214512     0.0228459     0.0204874
463     0.0239349     0.0196661     0.0196777     0.0196661     0.0228419     0.0243025     0.021833
465     0.0256095     0.0214331     0.0214477     0.0214331     0.0247223     0.0262362     0.0236778
467     0.0268692     0.0229258     0.0229434     0.0229258     0.0263277     0.0278947     0.0252479
469     0.0283671     0.0246962     0.0247172     0.0246962     0.0281648     0.0297644     0.0270642
471     0.0292888     0.0260412     0.0260655     0.0260412     0.0295275     0.0311378     0.0284214
473     0.0318313     0.028938     0.0289698     0.028938     0.0325551     0.0342323     0.0314075
475     0.0325687     0.0303148     0.0303517     0.0303148     0.0339139     0.0355886     0.0327717
477     0.0351497     0.0335336     0.0335784     0.0335336     0.0372246     0.0389496     0.0360526
479     0.036202     0.0354591     0.0355113     0.0354591     0.0390431     0.0407282     0.0379042
481     0.0380839     0.0383495     0.0384143     0.0383495     0.041928     0.0436252     0.0407898
483     0.0401655     0.0416431     0.0417195     0.0416431     0.0451822     0.046875     0.0440552
485     0.0402731     0.0430284     0.0431131     0.0430284     0.0463304     0.0479254     0.0452779
487     0.0424546     0.046797     0.0468973     0.046797     0.0499854     0.0515461     0.0489681
489     0.0421166     0.0479272     0.048039     0.0479272     0.0507607     0.0521715     0.0498558
491     0.0440062     0.0517022     0.0518282     0.0517022     0.0543092     0.0556309     0.0534761
493     0.0441521     0.0535464     0.0536813     0.0535464     0.0557827     0.0569438     0.0550679
495     0.0445208     0.0556824     0.0558283     0.0556824     0.0575414     0.0585404     0.0569471
497     0.0437834     0.0563937     0.0565429     0.0563937     0.0577921     0.0585829     0.057345
499     0.0436452     0.0577909     0.0579422     0.0577909     0.0587171     0.0592934     0.0584209
501     0.0437066     0.0593713     0.0595241     0.0593713     0.0598198     0.0601785     0.0596763
503     0.0415482     0.057738     0.0578805     0.057738     0.057699     0.057854     0.0576811
505     0.0405803     0.0575372     0.0576713     0.0575372     0.057024     0.0573224     0.0567882
507     0.0398276     0.057445     0.0575707     0.057445     0.0564682     0.0569069     0.056019
509     0.03866     0.056564     0.0566789     0.056564     0.0551609     0.0557259     0.0545149
511     0.036056     0.0533665     0.0534621     0.0533665     0.0516245     0.0522795     0.0508213
513     0.0340359     0.0508317     0.0509144     0.0508317     0.0487895     0.0495288     0.0478464
515     0.0326763     0.0491391     0.0492114     0.0491391     0.0467964     0.0476227     0.045713
517     0.0307252     0.0464408     0.0465009     0.0464408     0.0438959     0.0447761     0.0427174
519     0.0293503     0.0445185     0.0445675     0.0445185     0.0417488     0.0426913     0.0404643
521     0.0270075     0.0410595     0.0410996     0.0410595     0.0382363     0.039188     0.0369257
523     0.0259014     0.0394312     0.0394653     0.0394312     0.0364851     0.037471     0.0351162
525     0.0236738     0.0360639     0.0360903     0.0360639     0.0331169     0.034096     0.0317468
527     0.0221145     0.0336942     0.0337153     0.0336942     0.0307104     0.0316964     0.0293229
529     0.0208547     0.0317702     0.0317877     0.0317702     0.0287693     0.0297573     0.0273738
531     0.0201865     0.0307421     0.0307569     0.0307421     0.0276592     0.0286711     0.026226
533     0.0179589     0.0273394     0.0273504     0.0273394     0.0244283     0.0253807     0.0230755
535     0.017836     0.0271437     0.0271532     0.0271437     0.0240879     0.0250852     0.0226685
537     0.0166377     0.0253158     0.0253236     0.0253158     0.0223565     0.0233208     0.020983
539     0.0156852     0.0238676     0.023874     0.0238676     0.0209462     0.0218967     0.0195908
541     0.0144869     0.0220512     0.0220561     0.0220512     0.0192355     0.0201503     0.0179293
543     0.01345     0.0204858     0.0204898     0.0204858     0.0177517     0.0186393     0.0164835
545     0.012774     0.0194752     0.0194785     0.0194752     0.0167947     0.0176645     0.015551
547     0.0117831     0.0179877     0.0179904     0.0179877     0.0154212     0.0162538     0.0142302
549     0.0115988     0.0177348     0.0177371     0.0177348     0.0151456     0.0159855     0.0139438
551     0.0107154     0.0164176     0.0164195     0.0164176     0.0139288     0.0147361     0.012773
553     0.00959395     0.0147329     0.0147344     0.0147329     0.012397     0.0131547     0.011312
555     0.00958627     0.0147577     0.014759     0.0147577     0.0123696     0.0131443     0.01126
557     0.00924829     0.0142737     0.0142748     0.0142737     0.0119221     0.0126851     0.0108286
559     0.00857234     0.0132617     0.0132626     0.0132617     0.011036     0.0117586     0.0100007
561     0.00833422     0.0129221     0.0129229     0.0129221     0.0106872     0.0114131     0.00964633
563     0.00758145     0.0117798     0.0117804     0.0117798     0.00970653     0.0103804     0.00873983
565     0.0071513     0.0111354     0.0111359     0.0111354     0.00914982     0.00979563     0.00822305
567     0.00685941     0.0107066     0.010707     0.0107066     0.00872815     0.00937212     0.00780387
569     0.00685941     0.0107362     0.0107366     0.0107362     0.00874694     0.00939486     0.00781683
571     0.00619881     0.00973529     0.00973558     0.00973529     0.00788974     0.00849111     0.00702645
573     0.00606823     0.00956812     0.00956838     0.00956812     0.00771677     0.00832016     0.0068505
575     0.00557663     0.00882942     0.00882963     0.00882942     0.00710765     0.00766886     0.00630185
577     0.00546909     0.00869757     0.00869776     0.00869757     0.00697643     0.00753749     0.00617109
579     0.00500053     0.00798813     0.00798827     0.00798813     0.00634177     0.00687849     0.00557137
581     0.00502357     0.00805767     0.0080578     0.00805767     0.00640448     0.00694357     0.00563076
583     0.00485459     0.00781826     0.00781837     0.00781826     0.00620449     0.00673085     0.00544889
585     0.00430153     0.00695548     0.00695556     0.00695548     0.00546667     0.00595253     0.00476935
587     0.00433226     0.00703512     0.0070352     0.00703512     0.00555215     0.0060363     0.00485722
589     0.00419399     0.00684301     0.00684308     0.00684301     0.00535411     0.00584044     0.00465597
591     0.00382529     0.00627587     0.00627592     0.00627587     0.00489807     0.00534836     0.00425165
593     0.00362558     0.00598459     0.00598464     0.00598459     0.00463159     0.00507402     0.00399643
595     0.00360253     0.00598422     0.00598425     0.00598422     0.0046097     0.0050594     0.00396397
597     0.00347195     0.00580372     0.00580375     0.00580372     0.00447597     0.0049106     0.00385166
599     0.00307252     0.00516544     0.00516547     0.00516544     0.00396184     0.00435616     0.00339557
601     0.00293426     0.00495871     0.00495873     0.00495871     0.00376445     0.00415597     0.00320197
603     0.00306484     0.00520259     0.00520261     0.00520259     0.00394034     0.00435449     0.00334522
605     0.00284976     0.00485738     0.0048574     0.00485738     0.00370011     0.00408013     0.00315392
607     0.00301107     0.0051524     0.00515241     0.0051524     0.00391     0.00431831     0.00332313
609     0.0025886     0.00444847     0.00444848     0.00444847     0.00337132     0.00372551     0.00286199
611     0.00281136     0.00485449     0.00485449     0.00485449     0.0036654     0.00405661     0.00310281
613     0.00245034     0.00425399     0.00425399     0.00425399     0.0031994     0.0035465     0.00270034
615     0.0023428     0.00409136     0.00409136     0.00409136     0.00305943     0.00339916     0.00257101
617     0.0024657     0.00433148     0.00433148     0.00433148     0.00323778     0.0035979     0.00271994
619     0.00235048     0.00415377     0.00415377     0.00415377     0.00309555     0.00344408     0.00259444
621     0.00228903     0.00406922     0.00406922     0.00406922     0.00303457     0.00337548     0.00254458
623     0.00202018     0.00361134     0.00361134     0.00361134     0.00269455     0.0029967     0.00226013
625     0.0018896     0.00339668     0.00339668     0.00339668     0.00249367     0.0027914     0.00206561
627     0.00192033     0.00347146     0.00347147     0.00347146     0.0025459     0.00285124     0.00210703
629     0.0019741     0.00358656     0.00358656     0.00358656     0.00261197     0.00293362     0.00214955
631     0.00189728     0.0034649     0.0034649     0.0034649     0.00251745     0.0028303     0.0020677
633     0.00194337     0.0035668     0.0035668     0.0035668     0.00261382     0.00292868     0.0021612
635     0.00180511     0.00333015     0.00333015     0.00333015     0.00242012     0.00272091     0.00198761
637     0.00172061     0.00319162     0.00319162     0.00319162     0.00231385     0.00260413     0.00189644
639     0.00156699     0.00292227     0.00292228     0.00292227     0.00210483     0.00237531     0.00171577
641     0.00167452     0.00314108     0.00314108     0.00314108     0.00227497     0.00256174     0.00186248
643     0.00167452     0.00316034     0.00316034     0.00316034     0.00229123     0.00257919     0.00187693
645     0.00155931     0.00296051     0.00296051     0.00296051     0.00215015     0.00241886     0.00176358
647     0.00141336     0.00270097     0.00270097     0.00270097     0.00193636     0.00219004     0.0015713
649     0.00147481     0.00283717     0.00283717     0.00283717     0.0020377     0.00230308     0.00165582
651     0.00145177     0.00281018     0.00281018     0.00281018     0.00202509     0.00228578     0.00164994
653     0.00125205     0.00243845     0.00243845     0.00243845     0.00171325     0.00195408     0.00136669
655     0.00122133     0.00239313     0.00239313     0.00239313     0.00169415     0.00192633     0.00136011
657     0.00126742     0.00249758     0.00249758     0.00249758     0.00178707     0.00202312     0.0014475
659     0.00112147     0.00222262     0.00222262     0.00222262     0.0015414     0.00176777     0.00121572
661     0.00115988     0.00231191     0.00231191     0.00231191     0.00163332     0.00185891     0.00130878
663     0.00108306     0.0021719     0.0021719     0.0021719     0.00152589     0.00174079     0.00121661
665     0.00110611     0.00223024     0.00223024     0.00223024     0.00155704     0.0017812     0.0012345
667     0.0010677     0.00216557     0.00216557     0.00216557     0.0015094     0.00172804     0.00119464
669     0.00124437     0.00253788     0.00253788     0.00253788     0.00174135     0.00200697     0.00135894
671     0.00101393     0.00207905     0.00207905     0.00207905     0.00142703     0.0016446     0.00111375
673     0.00108306     0.0022332     0.0022332     0.0022332     0.00157481     0.00179459     0.00125822
675     0.00088335     0.00183122     0.00183122     0.00183122     0.00123957     0.00143715     0.000955014
677     0.000891031     0.00185703     0.00185703     0.00185703     0.00128625     0.00147692     0.00101166
679     0.000952482     0.0019955     0.0019955     0.0019955     0.00138205     0.00158702     0.00108685
681     0.000837262     0.00176331     0.00176331     0.00176331     0.00122228     0.0014031     0.000961855
683     0.000844944     0.00178798     0.00178798     0.00178798     0.00122298     0.00141189     0.000951028
685     0.000921757     0.00196009     0.00196009     0.00196009     0.00133585     0.00154462     0.00103521
687     0.000829581     0.00177338     0.00177338     0.00177338     0.00123738     0.00141671     0.000979122
689     0.00088335     0.00189795     0.00189795     0.00189795     0.00131355     0.00150918     0.00103177
691     0.000729724     0.00157666     0.00157666     0.00157666     0.0010857     0.00125018     0.000848846
693     0.000576098     0.00125206     0.00125206     0.00125206     0.000829157     0.000970949     0.000624904
695     0.000675955     0.00147736     0.00147736     0.00147736     0.000956011     0.00113095     0.000703924
697     0.000745087     0.00163862     0.00163862     0.00163862     0.00110704     0.00128555     0.000849692
699     0.000722043     0.00159725     0.00159725     0.00159725     0.00108171     0.00125497     0.000831878
701     0.000683636     0.00152068     0.00152068     0.00152068     0.0010126     0.00118346     0.000766191
703     0.000568417     0.00127084     0.00127084     0.00127084     0.00080028     0.000958612     0.000571947
705     0.000545373     0.00122674     0.00122674     0.00122674     0.000823796     0.000959448     0.000628138
707     0.00053001     0.00119799     0.00119799     0.00119799     0.000766085     0.000911542     0.000556291
709     0.000583779     0.00132716     0.00132716     0.00132716     0.000881833     0.00103187     0.000665445
711     0.000476241     0.00108952     0.00108952     0.00108952     0.000694019     0.000827302     0.000501789
713     0.000614504     0.00141511     0.00141511     0.00141511     0.000959796     0.0011133     0.000738387
715     0.000691317     0.00160149     0.00160149     0.00160149     0.00109626     0.00126666     0.000850462
717     0.000668274     0.00155787     0.00155787     0.00155787     0.00103313     0.0012102     0.000777701
719     0.000606823     0.00142334     0.00142334     0.00142334     0.000951377     0.00111072     0.000721476
721     0.000514647     0.001214     0.001214     0.001214     0.00080305     0.000941904     0.000602675
723     0.00046856     0.00111077     0.00111077     0.00111077     0.000717405     0.00085042     0.000525421
725     0.000622186     0.0014823     0.0014823     0.0014823     0.00098913     0.00115604     0.000748155
727     0.000483922     0.00115812     0.00115812     0.00115812     0.000765265     0.000898331     0.00057307
729     0.000560735     0.00134861     0.00134861     0.00134861     0.000895291     0.00104897     0.00067338
731     0.000391747     0.000946826     0.000946826     0.000946826     0.000615496     0.000727881     0.000453127
733     0.00041479     0.00100715     0.00100715     0.00100715     0.000639655     0.00076437     0.000459464
735     0.000483922     0.00118199     0.00118199     0.00118199     0.000791803     0.000924271     0.000600392
737     0.000330296     0.000811269     0.000811269     0.000811269     0.000529548     0.000625228     0.000391283
739     0.000453197     0.0011194     0.0011194     0.0011194     0.000731121     0.000863061     0.000540454
741     0.00046856     0.00116506     0.00116506     0.00116506     0.000770318     0.000904541     0.000576332
743     0.000483922     0.00121091     0.00121091     0.00121091     0.000793597     0.0009356     0.000588356
745     0.000430153     0.00108317     0.00108317     0.00108317     0.000739867     0.000856778     0.000570839
747     0.000445516     0.00112836     0.00112836     0.00112836     0.000725569     0.000862843     0.000527066
749     0.00046856     0.0011935     0.0011935     0.0011935     0.000769894     0.000914354     0.000560924
751     0.000545373     0.00139703     0.00139703     0.00139703     0.000884788     0.00105959     0.000631906
753     0.00035334     0.000909575     0.000909575     0.000909575     0.000597663     0.00070414     0.000443586
755     0.000391747     0.00101371     0.00101371     0.00101371     0.000660404     0.000781058     0.000485797
757     0.000330296     0.000858732     0.000858732     0.000858732     0.000504882     0.000625783     0.00032996
759     0.000330296     0.000862622     0.000862622     0.000862622     0.000541513     0.000651269     0.00038268
761     0.000337977     0.000887074     0.000887074     0.000887074     0.000554631     0.000668318     0.000390083
763     0.000368703     0.000972992     0.000972992     0.000972992     0.000625626     0.000744492     0.000453542
765     0.00029189     0.000774178     0.000774178     0.000774178     0.000473163     0.000576246     0.000323923
767     0.000307252     0.000819752     0.000819752     0.000819752     0.000516108     0.00062017     0.000365424
769     0.000337977     0.000907202     0.000907202     0.000907202     0.000549069     0.000671882     0.000371166
771     0.000245802     0.000663079     0.000663079     0.000663079     0.000402848     0.000492156     0.000273477
773     0.000376384     0.0010219     0.0010219     0.0010219     0.000662512     0.00078591     0.000483705
775     0.000330296     0.000902273     0.000902273     0.000902273     0.000562272     0.000679087     0.000392963
777     0.000337977     0.000928609     0.000928609     0.000928609     0.000602566     0.000714656     0.000440069
779     0.000345659     0.000955393     0.000955393     0.000955393     0.000586067     0.000713132     0.000401851
781     0.000337977     0.000938919     0.000938919     0.000938919     0.000586389     0.000707767     0.000410389
783     0.000253483     0.000707522     0.000707522     0.000707522     0.000440959     0.000532819     0.00030773
785     0.00035334     0.000991916     0.000991916     0.000991916     0.000638846     0.000760623     0.00046216
787     0.000430153     0.00121289     0.00121289     0.00121289     0.000790701     0.000936443     0.000579165
789     0.000245802     0.000696271     0.000696271     0.000696271     0.000430401     0.000522249     0.000297031
791     0.000261164     0.000743914     0.000743914     0.000743914     0.000470508     0.000565031     0.00033325
793     0.000307252     0.000878873     0.000878873     0.000878873     0.000546406     0.000661418     0.00037938
795     0.000268846     0.000773474     0.000773474     0.000773474     0.000461276     0.000569317     0.000304299
797     0.000207395     0.000599731     0.000599731     0.000599731     0.000357037     0.000441076     0.000234953
799     0.000261164     0.000759372     0.000759372     0.000759372     0.000452476     0.0005588     0.000297995
801     0.000184351     0.000539517     0.000539517     0.000539517     0.000330626     0.000403031     0.000225395
803     0.000138263     0.000406934     0.000406934     0.000406934     0.000237652     0.000296372     0.000152309
805     0.000268846     0.00079557     0.00079557     0.00079557     0.00047659     0.000587304     0.00031562
807     0.000307252     0.000914287     0.000914287     0.000914287     0.000561832     0.000684269     0.000383799
809     0.000268846     0.000804326     0.000804326     0.000804326     0.000505457     0.000609356     0.000354297
811     0.000168989     0.000508246     0.000508246     0.000508246     0.000285173     0.000362789     0.000172226
813     0.000207395     0.000627399     0.000627399     0.000627399     0.000390884     0.000473257     0.000270993
815     0.000161307     0.000490709     0.000490709     0.000490709     0.000281424     0.000354376     0.000175221
817     0.000153626     0.000469966     0.000469966     0.000469966     0.000287404     0.000351079     0.00019466
819     0.000207395     0.000637704     0.000637704     0.000637704     0.000399455     0.000482594     0.000278377
821     0.000199714     0.000617126     0.000617126     0.000617126     0.000390196     0.000469385     0.000274854
823     0.000138263     0.000429575     0.000429575     0.000429575     0.000220844     0.000293673     0.000114799
825     0.000168989     0.00052772     0.00052772     0.00052772     0.000300904     0.000380043     0.000185716
827     0.000230439     0.000723095     0.000723095     0.000723095     0.000424625     0.000528779     0.00027302
829     0.000222758     0.000702122     0.000702122     0.000702122     0.000406485     0.000509725     0.000256204
831     9.21757e-05     0.00029243     0.00029243     0.00029243     0.000155078     0.000203107     8.512e-05
833     0.000168989     0.000538767     0.000538767     0.000538767     0.000319766     0.000396494     0.000207897
835     0.000138263     0.000443383     0.000443383     0.000443383     0.000264646     0.000327403     0.000173045
837     0.000222758     0.000717874     0.000717874     0.000717874     0.000438437     0.000536751     0.000294788
839     0.000192033     0.000622871     0.000622871     0.000622871     0.000376028     0.000463009     0.000248842
841     0.000145945     0.00047578     0.00047578     0.00047578     0.000272522     0.000344196     0.000167676
843     0.000207395     0.000679346     0.000679346     0.000679346     0.000420546     0.000511805     0.000287066
845     0.000184351     0.000606623     0.000606623     0.000606623     0.000362552     0.000448576     0.000236778
847     0.00011522     0.000381269     0.000381269     0.000381269     0.000219463     0.000276466     0.000136166
849     9.21757e-05     0.000306636     0.000306636     0.000306636     0.00015722     0.000209845     8.0358e-05
851     0.000161307     0.000539445     0.000539445     0.000539445     0.000306813     0.000388767     0.000187115
853     0.000122901     0.000412984     0.000412984     0.000412984     0.000220333     0.000288267     0.00012107
855     8.44944e-05     0.000285513     0.000285513     0.000285513     0.000161389     0.00020521     9.7316e-05
857     0.000130582     0.000443665     0.000443665     0.000443665     0.000243532     0.000314297     0.000139986
859     0.000192033     0.000656308     0.000656308     0.000656308     0.000377179     0.000476027     0.000232432
861     0.000192033     0.000660072     0.000660072     0.000660072     0.000380181     0.000479427     0.000234744
863     0.000145945     0.000503901     0.000503901     0.000503901     0.000297951     0.000371065     0.000190765
865     9.9857e-05     0.000346702     0.000346702     0.000346702     0.000178643     0.000238368     9.10554e-05
867     0.000145945     0.000509564     0.000509564     0.000509564     0.000309295     0.000380533     0.00020478
869     0.000122901     0.000430872     0.000430872     0.000430872     0.000248587     0.000313481     0.000153323
871     0.000138263     0.000487507     0.000487507     0.000487507     0.000279123     0.000353377     0.000170103
873     0.000130582     0.000462861     0.000462861     0.000462861     0.000270458     0.000339073     0.000169671
875     0.000138263     0.000492356     0.000492356     0.000492356     0.000269013     0.000348737     0.000151863
877     6.14504e-05     0.000219892     0.000219892     0.000219892     9.89897e-05     0.000142181     3.55158e-05
879     0.000138263     0.000496985     0.000496985     0.000496985     0.000291197     0.000364756     0.000183048
881     0.000145945     0.000527626     0.000527626     0.000527626     0.000286686     0.00037285     0.000160017
883     6.91317e-05     0.000251035     0.000251035     0.000251035     0.00013445     0.000176152     7.31439e-05
885     8.44944e-05     0.000308158     0.000308158     0.000308158     0.000163765     0.000215426     8.78169e-05
887     0.000107538     0.000394668     0.000394668     0.000394668     0.00022852     0.000287999     0.000141072
889     0.000107538     0.000396595     0.000396595     0.000396595     0.000215376     0.000280302     0.000119899
891     0.000145945     0.000541167     0.000541167     0.000541167     0.000321943     0.000400584     0.000206187
893     0.000161307     0.00060131     0.00060131     0.00060131     0.000362034     0.000448027     0.000235361
895     7.68131e-05     0.000288371     0.000288371     0.000288371     0.000136812     0.000191386     5.63242e-05
897     0.000122901     0.000463114     0.000463114     0.000463114     0.000260646     0.000333684     0.000152818
899     0.000107538     0.000407331     0.000407331     0.000407331     0.000231336     0.000294924     0.000137408
901     8.44944e-05     0.000322013     0.000322013     0.000322013     0.00017636     0.000229033     9.85262e-05
903     6.14504e-05     0.000235343     0.000235343     0.000235343     0.000124097     0.000164337     6.46156e-05
905     0.000122901     0.000473211     0.000473211     0.000473211     0.000278473     0.000348912     0.000174385
907     0.000130582     0.00050511     0.00050511     0.00050511     0.000298035     0.000372929     0.000187387
909     7.68131e-05     0.000298634     0.000298634     0.000298634     0.000169791     0.00021639     0.000100945
911     0.000107538     0.000420239     0.000420239     0.000420239     0.00025383     0.00031405     0.000164875
913     0.000122901     0.000482826     0.000482826     0.000482826     0.000291921     0.000361067     0.000189728
915     6.91317e-05     0.000273149     0.000273149     0.000273149     0.000123616     0.000177844     4.34172e-05
917     7.68131e-05     0.000305099     0.000305099     0.000305099     0.000150182     0.000206438     6.69222e-05
919     9.9857e-05     0.000398529     0.000398529     0.000398529     0.000228797     0.000290523     0.000137391
921     0.000138263     0.000554667     0.000554667     0.000554667     0.000322684     0.000407152     0.000197518
923     7.68131e-05     0.000309766     0.000309766     0.000309766     0.000165835     0.0002183     8.80534e-05
925     9.21757e-05     0.000373746     0.000373746     0.000373746     0.000221813     0.000277244     0.000139583
927     0.000122901     0.000500953     0.000500953     0.000500953     0.000281041     0.000361353     0.000161892
929     0.000145945     0.000597475     0.000597475     0.000597475     0.000325492     0.000424897     0.000177938
931     9.9857e-05     0.000410957     0.000410957     0.000410957     0.000236506     0.000300321     0.000141757
933     0.000122901     0.000508199     0.000508199     0.000508199     0.000271204     0.000357965     0.000142318
935     6.14504e-05     0.000255674     0.000255674     0.000255674     0.000118645     0.000168854     4.40409e-05
937     0.000107538     0.000449615     0.000449615     0.000449615     0.000239885     0.000316782     0.000125556
939     0.000107538     0.000451996     0.000451996     0.000451996     0.00024406     0.000320357     0.000130614
941     8.44944e-05     0.000356775     0.000356775     0.000356775     0.000195888     0.000254954     0.000108057
943     4.60878e-05     0.000195768     0.000195768     0.000195768     9.63217e-05     0.000132847     4.19961e-05
945     6.14504e-05     0.000261944     0.000261944     0.000261944     0.000148294     0.000190055     8.61738e-05
947     0.000107538     0.000460634     0.000460634     0.000460634     0.000251277     0.000328247     0.000136763
949     6.91317e-05     0.000298042     0.000298042     0.000298042     0.000162045     0.000212082     8.75858e-05
951     4.60878e-05     0.000199371     0.000199371     0.000199371     0.000100444     0.000136878     4.61941e-05
953     3.07252e-05     0.000133766     0.000133766     0.000133766     5.69876e-05     8.52979e-05     1.4801e-05
955     7.68131e-05     0.000336059     0.000336059     0.000336059     0.000176919     0.000235687     8.92848e-05
957     7.68131e-05     0.000337559     0.000337559     0.000337559     0.000167625     0.000230474     7.38398e-05
959     6.14504e-05     0.000271862     0.000271862     0.000271862     0.000148097     0.000193939     7.96417e-05
961     0.000107538     0.000477601     0.000477601     0.000477601     0.000294095     0.00036216     0.000192368
963     0.000107538     0.000479893     0.000479893     0.000479893     0.000265535     0.000345144     0.000146458
965     5.37691e-05     0.00024128     0.00024128     0.00024128     0.000129499     0.000171066     6.73029e-05
967     4.60878e-05     0.000207891     0.000207891     0.000207891     0.000116351     0.000150427     6.53239e-05
969     5.37691e-05     0.000243785     0.000243785     0.000243785     0.00012453     0.00016897     5.79367e-05
971     6.91317e-05     0.000315395     0.000315395     0.000315395     0.000166816     0.000222242     8.37416e-05
973     5.37691e-05     0.000246347     0.000246347     0.000246347     0.000116117     0.00016475     4.31854e-05
975     0.000107538     0.000495339     0.000495339     0.000495339     0.000277313     0.000358799     0.000155015
977     5.37691e-05     0.000248939     0.000248939     0.000248939     0.000132983     0.000176367     6.78565e-05
979     5.37691e-05     0.000250054     0.000250054     0.000250054     0.000142513     0.000182786     8.20318e-05
981     3.07252e-05     0.000143587     0.000143587     0.000143587     6.75606e-05     9.60558e-05     2.47442e-05
983     2.30439e-05     0.000108284     0.000108284     0.000108284     3.90421e-05     6.50159e-05     -7.35466e-09
985     3.07252e-05     0.000145137     0.000145137     0.000145137     7.53805e-05     0.000101569     3.6004e-05
987     4.60878e-05     0.00021864     0.00021864     0.00021864     9.97725e-05     0.000144436     3.2596e-05
989     3.84065e-05     0.000183319     0.000183319     0.000183319     8.91221e-05     0.000124538     3.58194e-05
991     7.68131e-05     0.000368186     0.000368186     0.000368186     0.000213544     0.000271733     0.000125974
993     3.07252e-05     0.000148084     0.000148084     0.000148084     5.9875e-05     9.30873e-05     9.87226e-06
995     9.21757e-05     0.000446455     0.000446455     0.000446455     0.000246794     0.000322017     0.000133506
997     6.91317e-05     0.00033658     0.00033658     0.00033658     0.000178382     0.000238014     8.85398e-05
999     6.14504e-05     0.000300798     0.000300798     0.000300798     0.000155718     0.000210406     7.33251e-05
