1     0     0     0     0     0     0     0
3     0     0     0     0     0     0     0
5     0     0     0     0     0     0     0
7     0     0     0     0     0     0     0
9     0     0     0     0     0     0     0
11     0     0     0     0     0     0     0
13     0     0     0     0     0     0     0
15     0     0     0     0     0     0     0
17     0     0     0     0     0     0     0
19     0     0     0     0     0     0     0
21     0     0     0     0     0     0     0
23     0     0     0     0     0     0     0
25     0     0     0     0     0     0     0
27     0     0     0     0     0     0     0
29     0     0     0     0     0     0     0
31     0     0     0     0     0     0     0
33     0     0     0     0     0     0     0
35     0     0     0     0     0     0     0
37     0     0     0     0     0     0     0
39     0     0     0     0     0     0     0
41     0     0     0     0     0     0     0
43     0     0     0     0     0     0     0
45     0     0     0     0     0     0     0
47     0     0     0     0     0     0     0
49     0     0     0     0     0     0     0
51     0     0     0     0     0     0     0
53     0     0     0     0     0     0     0
55     0     0     0     0     0     0     0
57     0     0     0     0     0     0     0
59     0     0     0     0     0     0     0
61     0     0     0     0     0     0     0
63     0     0     0     0     0     0     0
65     0     0     0     0     0     0     0
67     0     0     0     0     0     0     0
69     0     0     0     0     0     0     0
71     0     0     0     0     0     0     0
73     0     0     0     0     0     0     0
75     0     0     0     0     0     0     0
77     0     0     0     0     0     0     0
79     0     0     0     0     0     0     0
81     0     0     0     0     0     0     0
83     0     0     0     0     0     0     0
85     0     0     0     0     0     0     0
87     0     0     0     0     0     0     0
89     0     0     0     0     0     0     0
91     0     0     0     0     0     0     0
93     0     0     0     0     0     0     0
95     0     0     0     0     0     0     0
97     0     0     0     0     0     0     0
99     0     0     0     0     0     0     0
101     0     0     0     0     0     0     0
103     0     0     0     0     0     0     0
105     0     0     0     0     0     0     0
107     0     0     0     0     0     0     0
109     0.000447841     1.55341e-07     1.55341e-07     1.55341e-07     1.55341e-07     1.55341e-07     1.55341e-07
111     0.00152266     5.36237e-07     5.36237e-07     5.36237e-07     5.36237e-07     5.36237e-07     5.36237e-07
113     0.000895681     3.21105e-07     3.21105e-07     3.21105e-07     3.21105e-07     3.21105e-07     3.21105e-07
115     0.00125395     4.59704e-07     4.59704e-07     4.59704e-07     4.59704e-07     4.59704e-07     4.59704e-07
117     0.00134352     5.04975e-07     5.04975e-07     5.04975e-07     5.04975e-07     5.04975e-07     5.04975e-07
119     0.000716545     2.79135e-07     2.79135e-07     2.79135e-07     2.79135e-07     2.79135e-07     2.79135e-07
121     0.000985249     3.95261e-07     3.95261e-07     3.95261e-07     3.95261e-07     3.95261e-07     3.95261e-07
123     0.00125395     5.27844e-07     5.27844e-07     5.27844e-07     5.27844e-07     5.27844e-07     5.27844e-07
125     0.000806113     3.52928e-07     3.52928e-07     3.52928e-07     3.52928e-07     3.52928e-07     3.52928e-07
127     0.00116439     5.38277e-07     5.38277e-07     5.38277e-07     5.38277e-07     5.38277e-07     5.38277e-07
129     0.000895681     4.436e-07     4.436e-07     4.436e-07     4.436e-07     4.436e-07     4.436e-07
131     0.00152266     8.02008e-07     8.02008e-07     8.02008e-07     8.02008e-07     8.02008e-07     8.02008e-07
133     0.000895681     5.13488e-07     5.13488e-07     5.13488e-07     5.13488e-07     5.13488e-07     5.13488e-07
135     0.00134352     8.32312e-07     8.32312e-07     8.32312e-07     8.32312e-07     8.32312e-07     8.32312e-07
137     0.00134352     9.21719e-07     9.21719e-07     9.21719e-07     9.21719e-07     9.21719e-07     9.21719e-07
139     0.00125395     9.43785e-07     9.43785e-07     9.43785e-07     9.43785e-07     9.43785e-07     9.43785e-07
141     0.000985249     8.14149e-07     8.14149e-07     8.14149e-07     8.14149e-07     8.14149e-07     8.14149e-07
143     0.00125395     1.19045e-06     1.19045e-06     1.19045e-06     1.19045e-06     1.19045e-06     1.19045e-06
145     0.00134352     1.44873e-06     1.44873e-06     1.44873e-06     1.44873e-06     1.44873e-06     1.44873e-06
147     0.00188093     2.30985e-06     2.30985e-06     2.30985e-06     2.30985e-06     2.30985e-06     2.30985e-06
149     0.0019705     2.82646e-06     2.82646e-06     2.82646e-06     2.82646e-06     2.82646e-06     2.82646e-06
151     0.00152266     2.5895e-06     2.5895e-06     2.5895e-06     2.5895e-06     2.5895e-06     2.5895e-06
153     0.0019705     4.19942e-06     4.19942e-06     4.19942e-06     4.19942e-06     4.19942e-06     4.19942e-06
155     0.00107482     2.92612e-06     2.92612e-06     2.92612e-06     2.92612e-06     2.92612e-06     2.92612e-06
157     0.00152266     5.39399e-06     5.39399e-06     5.39399e-06     5.39399e-06     5.39399e-06     5.39399e-06
159     0.000985249     6.17106e-06     6.17106e-06     6.17106e-06     6.17106e-06     6.17106e-06     6.17106e-06
161     0.00152266     1.43163e-05     1.43163e-05     1.43163e-05     1.43163e-05     1.43163e-05     1.43163e-05
163     0.00179136     2.59734e-05     2.59734e-05     2.59734e-05     2.59734e-05     2.59734e-05     2.59734e-05
165     0.00161223     3.28902e-05     3.28902e-05     3.28902e-05     3.28902e-05     3.28902e-05     3.28902e-05
167     0.00179136     4.41691e-05     4.41691e-05     4.41691e-05     4.41691e-05     4.41691e-05     4.41691e-05
169     0.00134352     3.84257e-05     3.84257e-05     3.84257e-05     3.84257e-05     3.84257e-05     3.84257e-05
171     0.00152266     4.9271e-05     4.9271e-05     4.9271e-05     4.9271e-05     4.9271e-05     4.9271e-05
173     0.00161223     5.73607e-05     5.73607e-05     5.73607e-05     5.73607e-05     5.73607e-05     5.73607e-05
175     0.0019705     7.67721e-05     7.67721e-05     7.67721e-05     7.67721e-05     7.67721e-05     7.67721e-05
177     0.00143309     6.02039e-05     6.02039e-05     6.02039e-05     6.02039e-05     6.02039e-05     6.02039e-05
179     0.00232877     0.000106021     0.000106021     0.000106021     0.000106021     0.000106021     0.000106021
181     0.00250791     0.00012644     0.00012644     0.00012644     0.00012644     0.00012644     0.00012644
183     0.00206007     0.000113249     0.000113249     0.000113249     0.000113249     0.000113249     0.000113249
185     0.0019705     0.000119856     0.000119856     0.000119856     0.000119856     0.000119856     0.000119856
187     0.00214963     0.000141456     0.000141456     0.000141456     0.000141456     0.000141456     0.000141456
189     0.00161223     0.000116143     0.000116143     0.000116143     0.000116143     0.000116143     0.000116143
191     0.0019705     0.000151476     0.000151476     0.000151476     0.000151476     0.000151476     0.000151476
193     0.00241834     0.000198504     0.000198504     0.000198504     0.000198504     0.000198504     0.000198504
195     0.00286618     0.000247295     0.000247295     0.000247295     0.000247295     0.000247295     0.000247295
197     0.00232877     0.00021177     0.00021177     0.00021177     0.00021177     0.00021177     0.00021177
199     0.0022392     0.000213888     0.000213888     0.000213888     0.000213888     0.000213888     0.000213888
201     0.00206007     0.000204901     0.000204901     0.000204901     0.000204901     0.000204901     0.000204901
203     0.00250791     0.000261372     0.000261372     0.000261372     0.000261372     0.000261372     0.000261372
205     0.00214963     0.000232983     0.000232983     0.000232983     0.000232983     0.000232983     0.000232983
207     0.00331402     0.000374169     0.000374169     0.000374169     0.000374169     0.000374169     0.000374169
209     0.00268704     0.000316607     0.000316607     0.000316607     0.000316607     0.000316607     0.000316607
211     0.00304532     0.000371127     0.000371127     0.000371127     0.00115818     0.00149824     0.000924094
213     0.00331402     0.000419689     0.000419689     0.000419689     0.00122391     0.00157205     0.000984269
215     0.00268704     0.000353195     0.000353195     0.000353195     0.00118133     0.00154056     0.000934194
217     0.00259748     0.000352339     0.000352339     0.000352339     0.00119738     0.00156454     0.000944893
219     0.00304532     0.000427713     0.000427713     0.000427713     0.00125233     0.00161107     0.00100561
221     0.00259748     0.000377413     0.000377413     0.000377413     0.00122278     0.00159089     0.000969617
223     0.00376186     0.000562723     0.000562723     0.000562723     0.0013982     0.00176235     0.00114778
225     0.00313488     0.0004854     0.0004854     0.0004854     0.00133957     0.00171191     0.00108341
227     0.00331402     0.000528058     0.000528058     0.000528058     0.00135817     0.00172001     0.00110911
229     0.003941     0.000647545     0.000647545     0.000647545     0.00151578     0.00189429     0.00125512
231     0.00295575     0.000500039     0.000500039     0.000500039     0.00136239     0.00173842     0.00110345
233     0.00331402     0.000577674     0.000577674     0.000577674     0.00145845     0.00184248     0.00119386
235     0.00385143     0.000690857     0.000690857     0.000690857     0.0015662     0.00194792     0.0013032
237     0.003941     0.000725434     0.000725434     0.000725434     0.00157499     0.00194546     0.00131962
239     0.00367229     0.000696262     0.000696262     0.000696262     0.00158149     0.00196773     0.00131523
241     0.003941     0.000769098     0.000769098     0.000769098     0.00165479     0.00204131     0.00138822
243     0.00483668     0.00096769     0.00096769     0.00096769     0.00183477     0.00221345     0.00157368
245     0.00358272     0.000735412     0.000735412     0.000735412     0.00163389     0.00202634     0.00136313
247     0.00438884     0.000926943     0.000926943     0.000926943     0.00182637     0.00221936     0.00155527
249     0.00331402     0.000717223     0.000717223     0.000717223     0.0015998     0.0019853     0.00133373
251     0.00385143     0.000856704     0.000856704     0.000856704     0.00173401     0.00211687     0.00146962
253     0.00429927     0.000978939     0.000978939     0.000978939     0.00186305     0.0022483     0.0015968
255     0.00295575     0.000691205     0.000691205     0.000691205     0.00157386     0.00195781     0.00130832
257     0.00501581     0.00120031     0.00120031     0.00120031     0.00212073     0.00252053     0.00184408
259     0.00429927     0.00105411     0.00105411     0.00105411     0.00195933     0.00235183     0.00168745
261     0.0042097     0.00105728     0.00105728     0.00105728     0.00197628     0.00237431     0.00170037
263     0.00573236     0.00147299     0.00147299     0.00147299     0.00239686     0.00279681     0.00211959
265     0.00564279     0.00148328     0.00148328     0.00148328     0.00241798     0.00282243     0.00213739
267     0.00573236     0.00154312     0.00154312     0.00154312     0.00247261     0.00287485     0.00219356
269     0.00528452     0.00145388     0.00145388     0.00145388     0.00235383     0.00274335     0.00208348
271     0.003941     0.00110963     0.00110963     0.00110963     0.0020082     0.00239748     0.00173808
273     0.00626977     0.00180637     0.00180637     0.00180637     0.00271836     0.00311373     0.00244398
275     0.00573236     0.00168572     0.00168572     0.00168572     0.002621     0.00302673     0.00233939
277     0.00761329     0.00228818     0.00228818     0.00228818     0.0032619     0.00368457     0.00296857
279     0.00671761     0.00206618     0.00206618     0.00206618     0.00303621     0.00345729     0.00274391
281     0.00806113     0.00253256     0.00253256     0.00253256     0.00352551     0.00395616     0.00322633
283     0.00653847     0.0020993     0.0020993     0.0020993     0.00306229     0.00347964     0.00277229
285     0.00824027     0.00269891     0.00269891     0.00269891     0.00367034     0.00409083     0.003378
287     0.00761329     0.00254485     0.00254485     0.00254485     0.00355756     0.00399533     0.00325288
289     0.00797156     0.00271996     0.00271996     0.00271996     0.00371513     0.00414516     0.00341577
291     0.00832983     0.00290131     0.00290131     0.00290131     0.00389636     0.00432643     0.00359695
293     0.0061802     0.00219389     0.00219389     0.00219389     0.00319831     0.0036327     0.00289589
295     0.0084194     0.00304995     0.00304995     0.00304995     0.00409656     0.00454958     0.00378114
297     0.0084194     0.00310703     0.00310703     0.00310703     0.00417543     0.0046383     0.00385311
299     0.00958379     0.00360614     0.00360614     0.00360614     0.00467095     0.00513265     0.00434953
301     0.00967336     0.00370469     0.00370469     0.00370469     0.00480902     0.00528812     0.00447553
303     0.00922551     0.00360258     0.00360258     0.00360258     0.00474726     0.00524367     0.00440154
305     0.00976292     0.00388201     0.00388201     0.00388201     0.00504043     0.00554249     0.00469063
307     0.0101212     0.00410198     0.00410198     0.00410198     0.00526567     0.00576968     0.00491438
309     0.0100316     0.00413821     0.00413821     0.00413821     0.00533256     0.00584926     0.00497214
311     0.0113751     0.00477907     0.00477907     0.00477907     0.00596819     0.00648228     0.00560947
313     0.0108377     0.00463872     0.00463872     0.00463872     0.00590882     0.00645748     0.00552579
315     0.0134352     0.00585158     0.00585158     0.00585158     0.00716675     0.00773452     0.0067702
317     0.011823     0.0052407     0.0052407     0.0052407     0.00654668     0.00711036     0.00615296
319     0.0128082     0.0057711     0.0057711     0.0057711     0.00715686     0.0077547     0.00673908
321     0.0150474     0.00689702     0.00689702     0.00689702     0.00838674     0.00902919     0.00793763
323     0.0137935     0.00642831     0.00642831     0.00642831     0.00790445     0.0085409     0.00745935
325     0.0170179     0.0080592     0.0080592     0.0080592     0.00971559     0.0104296     0.00921621
327     0.0164805     0.00793891     0.00793891     0.00793891     0.00962798     0.0103555     0.00911875
329     0.0176449     0.00863273     0.00863273     0.00863273     0.0103433     0.0110795     0.00982784
331     0.0182719     0.00907986     0.00907986     0.00907986     0.010848     0.011608     0.0103156
333     0.0183615     0.00927009     0.00927009     0.00927009     0.0111754     0.0119928     0.0106022
335     0.0188989     0.00969477     0.00969477     0.00969477     0.011733     0.0126057     0.0111206
337     0.0227503     0.0118461     0.0118461     0.0118461     0.0140287     0.0149611     0.0133737
339     0.0206007     0.0108974     0.0108974     0.0108974     0.0131566     0.0141196     0.0124796
341     0.0238251     0.0128019     0.0128019     0.0128019     0.0152572     0.0163017     0.0145223
343     0.0249895     0.0136386     0.0136387     0.0136386     0.0162421     0.0173482     0.0154634
345     0.0291096     0.0161465     0.0161466     0.0161465     0.0191707     0.0204581     0.0182649
347     0.0274078     0.0154915     0.0154917     0.0154915     0.0185331     0.0198327     0.0176195
349     0.029647     0.0170731     0.0170733     0.0170731     0.0204969     0.0219606     0.0194679
351     0.0356481     0.020967     0.0209674     0.020967     0.0249328     0.02663     0.0237395
353     0.0337672     0.0203217     0.0203221     0.0203217     0.024351     0.0260792     0.0231366
355     0.0369916     0.0228183     0.0228189     0.0228183     0.0274105     0.0293857     0.0260238
357     0.0418283     0.0264197     0.0264205     0.0264197     0.0316647     0.0339265     0.0300776
359     0.0403056     0.0260809     0.0260818     0.0260809     0.0313715     0.0336589     0.0297675
361     0.0490833     0.0324962     0.0324977     0.0324962     0.0389375     0.0417268     0.0369824
363     0.0568757     0.038527     0.0385292     0.038527     0.0459987     0.0492381     0.0437284
365     0.058488     0.0405173     0.04052     0.0405173     0.0484355     0.0518725     0.0460271
367     0.0652951     0.0462481     0.046252     0.0462481     0.0551511     0.0590211     0.0524406
369     0.0717441     0.0519778     0.0519833     0.0519778     0.0619417     0.06628     0.0589048
371     0.0813278     0.0602812     0.060289     0.0602812     0.0714346     0.0762985     0.0680309
373     0.0909116     0.0689941     0.0690056     0.0689941     0.0814734     0.0869272     0.0776603
375     0.0987041     0.0767213     0.0767376     0.0767213     0.0901805     0.0960764     0.0860628
377     0.108467     0.0864437     0.0864675     0.0864437     0.10093     0.107292     0.0964925
379     0.127903     0.104555     0.104592     0.104555     0.121031     0.128289     0.115978
381     0.147071     0.123444     0.123503     0.123444     0.141785     0.149892     0.136153
383     0.170806     0.147385     0.147477     0.147385     0.167535     0.17648     0.16134
385     0.189526     0.168464     0.168602     0.168464     0.189456     0.19883     0.182995
387     0.211291     0.194021     0.194235     0.194021     0.215743     0.225527     0.209051
389     0.243804     0.232009     0.23235     0.232009     0.25452     0.264787     0.247578
391     0.281423     0.278428     0.278957     0.278428     0.301358     0.312011     0.29428
393     0.306771     0.317016     0.317782     0.317016     0.338395     0.348607     0.33179
395     0.344479     0.372356     0.373464     0.372356     0.391654     0.4013     0.385687
397     0.353704     0.400293     0.401653     0.400293     0.414861     0.422673     0.410353
399     0.361676     0.427292     0.42884     0.427292     0.43624     0.441755     0.433468
401     0.350838     0.430014     0.431551     0.430014     0.432702     0.435432     0.431869
403     0.327819     0.413262     0.414598     0.413262     0.409895     0.412276     0.408399
405     0.302919     0.389344     0.390414     0.389344     0.380666     0.384432     0.376805
407     0.278109     0.361787     0.362582     0.361787     0.349036     0.353797     0.343356
409     0.235295     0.308217     0.30873     0.308217     0.293406     0.29853     0.286804
411     0.208067     0.273617     0.273963     0.273617     0.257299     0.262728     0.250017
413     0.184331     0.243021     0.243249     0.243021     0.225896     0.231463     0.218249
415     0.158536     0.209496     0.209639     0.209496     0.192509     0.197952     0.184919
417     0.146086     0.193564     0.193663     0.193564     0.176024     0.181598     0.168179
419     0.118946     0.158137     0.158198     0.158137     0.14234     0.147336     0.135269
421     0.102197     0.136437     0.136476     0.136437     0.121647     0.126312     0.115021
423     0.102376     0.137362     0.137392     0.137362     0.121518     0.126507     0.114408
425     0.0798948     0.107811     0.107829     0.107811     0.0945587     0.0987299     0.088604
427     0.0755059     0.102558     0.102572     0.102558     0.0893325     0.0934942     0.0833822
429     0.0679822     0.0930097     0.093019     0.0930097     0.0804217     0.0843829     0.0747539
431     0.0593837     0.0818599     0.0818664     0.0818599     0.0703234     0.0739538     0.0651248
433     0.0496207     0.0689946     0.068999     0.0689946     0.0588349     0.0620321     0.0542555
435     0.0465754     0.0653296     0.0653329     0.0653296     0.0553528     0.0584929     0.0508548
437     0.0456797     0.0646462     0.0646488     0.0646462     0.0545999     0.0577626     0.0500681
439     0.0378873     0.0541243     0.054126     0.0541243     0.045384     0.0481367     0.0414382
441     0.0344837     0.0497231     0.0497244     0.0497231     0.0415608     0.0441342     0.0378712
443     0.0353794     0.0515003     0.0515014     0.0515003     0.0429345     0.0456385     0.0390562
445     0.0280348     0.0412079     0.0412086     0.0412079     0.0340586     0.0363186     0.0308146
447     0.0281244     0.0417432     0.0417438     0.0417432     0.0344541     0.0367619     0.0311402
449     0.0259748     0.0389267     0.0389272     0.0389267     0.0320547     0.0342332     0.0289242
451     0.0257956     0.0390259     0.0390263     0.0390259     0.0320223     0.0342451     0.0288275
453     0.0233773     0.0357213     0.0357216     0.0357213     0.0291966     0.0312688     0.0262168
455     0.0195258     0.0301242     0.0301244     0.0301242     0.0244837     0.0262761     0.0219064
457     0.0219442     0.034183     0.0341832     0.034183     0.0277931     0.0298242     0.0248734
459     0.0202424     0.0318465     0.0318466     0.0318465     0.0257881     0.0277138     0.0230199
461     0.0156744     0.0248945     0.0248945     0.0248945     0.020109     0.0216297     0.0179238
463     0.0134352     0.0215599     0.0215599     0.0215599     0.0172376     0.0186106     0.0152654
465     0.0154953     0.0251065     0.0251065     0.0251065     0.0201998     0.0217579     0.0179633
467     0.0128082     0.0209694     0.0209694     0.0209694     0.0167147     0.0180651     0.0147772
469     0.01245     0.0205823     0.0205823     0.0205823     0.0164098     0.0177336     0.0145106
471     0.0114647     0.019144     0.019144     0.019144     0.0151937     0.0164468     0.0133965
473     0.0120021     0.0202366     0.0202366     0.0202366     0.0161448     0.017443     0.0142837
475     0.0125395     0.021344     0.021344     0.021344     0.0169734     0.0183605     0.0149849
477     0.010569     0.0181639     0.0181639     0.0181639     0.0143712     0.0155755     0.0126448
479     0.0106586     0.0184867     0.0184867     0.0184867     0.0147119     0.0159114     0.0129919
481     0.00949422     0.0166307     0.0166307     0.0166307     0.0131265     0.014241     0.0115278
483     0.00868811     0.015368     0.015368     0.015368     0.0120742     0.013123     0.0105696
485     0.00832983     0.0148724     0.0148724     0.0148724     0.01164     0.0126703     0.0101615
487     0.00859854     0.0154867     0.0154867     0.0154867     0.0121151     0.0131909     0.010571
489     0.00689674     0.0125526     0.0125526     0.0125526     0.00979691     0.0106769     0.00853368
491     0.00770286     0.0141419     0.0141419     0.0141419     0.0110745     0.0120546     0.00966728
493     0.00653847     0.0121141     0.0121141     0.0121141     0.0094738     0.0103177     0.00826231
495     0.00671761     0.0125592     0.0125592     0.0125592     0.00972973     0.0106342     0.00843157
497     0.00573236     0.0108244     0.0108244     0.0108244     0.00826112     0.00908067     0.00708514
499     0.00626977     0.0119369     0.0119369     0.0119369     0.00928446     0.0101326     0.00806751
501     0.0059115     0.01136     0.01136     0.01136     0.00882645     0.00963686     0.00766366
503     0.00573236     0.0111145     0.0111145     0.0111145     0.00859723     0.00940278     0.00744129
505     0.00474711     0.009283     0.009283     0.009283     0.00713163     0.00782058     0.00614318
507     0.00447841     0.00884282     0.00884282     0.00884282     0.00669781     0.00738521     0.00571115
509     0.00573236     0.011414     0.011414     0.011414     0.008888     0.00969831     0.00772496
511     0.00546365     0.0109754     0.0109754     0.0109754     0.00847918     0.00928076     0.00732817
513     0.00474711     0.00962669     0.00962669     0.00962669     0.00740265     0.00811774     0.00637566
515     0.00331402     0.00677515     0.00677515     0.00677515     0.00505655     0.00560976     0.00426175
517     0.00376186     0.00775938     0.00775938     0.00775938     0.00589962     0.00649895     0.00503825
519     0.00349316     0.00727147     0.00727147     0.00727147     0.00542995     0.006024     0.00457592
521     0.00429927     0.00902409     0.00902409     0.00902409     0.00692044     0.00759963     0.00594369
523     0.00376186     0.00796321     0.00796321     0.00796321     0.0061474     0.00673408     0.00530372
525     0.00456797     0.0097518     0.0097518     0.0097518     0.0075359     0.00825214     0.00650564
527     0.00304532     0.00655582     0.00655582     0.00655582     0.00490212     0.00543687     0.00413317
529     0.00250791     0.00544088     0.00544088     0.00544088     0.00403977     0.0044929     0.00338822
531     0.00385143     0.00842804     0.00842804     0.00842804     0.00644198     0.00708429     0.00551855
533     0.00286618     0.00632335     0.00632335     0.00632335     0.00473692     0.00524992     0.00399979
535     0.00214963     0.00478212     0.00478212     0.00478212     0.00345973     0.00388723     0.00284548
537     0.00286618     0.00642147     0.00642147     0.00642147     0.0048544     0.00536091     0.00412697
539     0.00286618     0.00647303     0.00647303     0.00647303     0.0048783     0.00539369     0.00413841
541     0.00295575     0.00672889     0.00672889     0.00672889     0.00508579     0.00561681     0.00432368
543     0.00250791     0.00575593     0.00575593     0.00575593     0.00428228     0.00475853     0.00359867
545     0.00232877     0.00539035     0.00539035     0.00539035     0.00401915     0.00446242     0.00338297
547     0.00277661     0.00647685     0.00647685     0.00647685     0.00488581     0.0054003     0.00414751
549     0.0019705     0.00462904     0.00462904     0.00462904     0.00343396     0.00382056     0.00287926
551     0.00259748     0.00615968     0.00615968     0.00615968     0.00461908     0.0051176     0.0039038
553     0.00241834     0.00578613     0.00578613     0.00578613     0.00427439     0.00476378     0.00357224
555     0.00188093     0.00453379     0.00453379     0.00453379     0.00328828     0.00369166     0.00270949
557     0.00206007     0.005001     0.005001     0.005001     0.00368072     0.0041085     0.00306677
559     0.00214963     0.00525833     0.00525833     0.00525833     0.00391773     0.00435239     0.003294
561     0.00295575     0.00728673     0.00728673     0.00728673     0.00549981     0.00607959     0.00466761
563     0.00125395     0.00311229     0.00311229     0.00311229     0.00220696     0.00250095     0.00178489
565     0.0019705     0.00492248     0.00492248     0.00492248     0.00367112     0.00407782     0.00308704
567     0.000895681     0.00225446     0.00225446     0.00225446     0.00150399     0.00174811     0.00115339
569     0.00143309     0.00362557     0.00362557     0.00362557     0.00262375     0.00294985     0.00215534
571     0.00188093     0.00479759     0.00479759     0.00479759     0.00355469     0.00395949     0.00297322
573     0.00250791     0.00644106     0.00644106     0.00644106     0.00484002     0.00536161     0.00409087
575     0.00206007     0.00533187     0.00533187     0.00533187     0.00399112     0.00442797     0.00336372
577     0.0019705     0.00514347     0.00514347     0.00514347     0.00384381     0.00426733     0.00323559
579     0.00179136     0.0047127     0.0047127     0.0047127     0.00344897     0.00386084     0.0028576
581     0.0019705     0.00522061     0.00522061     0.00522061     0.0038883     0.00432264     0.00326484
583     0.00152266     0.00405525     0.00405525     0.00405525     0.00298525     0.00333418     0.00248433
585     0.00152266     0.00409039     0.00409039     0.00409039     0.00297417     0.00333837     0.00245137
587     0.000806113     0.00217921     0.00217921     0.00217921     0.00152573     0.00173904     0.0012195
589     0.00188093     0.00512359     0.00512359     0.00512359     0.00379976     0.00423212     0.00317912
591     0.00143309     0.00393511     0.00393511     0.00393511     0.00288051     0.00322513     0.0023858
593     0.00116439     0.00322351     0.00322351     0.00322351     0.00229408     0.00259796     0.00185776
595     0.00107482     0.00299902     0.00299902     0.00299902     0.00209753     0.00239241     0.001674
597     0.000806113     0.00226649     0.00226649     0.00226649     0.0015562     0.00178869     0.00122227
599     0.00125395     0.00355699     0.00355699     0.00355699     0.00257114     0.0028941     0.00210732
601     0.000895681     0.0025611     0.0025611     0.0025611     0.00175899     0.00202194     0.0013812
603     0.000537409     0.00154422     0.00154422     0.00154422     0.00095432     0.00114786     0.000676157
605     0.000806113     0.00233437     0.00233437     0.00233437     0.00162403     0.00185728     0.00128874
607     0.00152266     0.00443265     0.00443265     0.00443265     0.00323679     0.00362979     0.00267181
609     0.00143309     0.00419753     0.00419753     0.00419753     0.00308342     0.00344976     0.00255661
611     0.00107482     0.00316583     0.00316583     0.00316583     0.00225471     0.00255446     0.00182369
613     0.00152266     0.00451609     0.00451609     0.00451609     0.0033183     0.00371252     0.00275146
615     0.000806113     0.00240706     0.00240706     0.00240706     0.00167196     0.00191397     0.00132398
617     0.000716545     0.0021576     0.0021576     0.0021576     0.00147369     0.00169888     0.00114988
619     0.00116439     0.00353462     0.00353462     0.00353462     0.00254174     0.00286874     0.00207163
621     0.000806113     0.00246215     0.00246215     0.00246215     0.00172443     0.0019675     0.00137506
623     0.000895681     0.00275722     0.00275722     0.00275722     0.00197944     0.00223578     0.00161094
625     0.000716545     0.0022206     0.0022206     0.0022206     0.00152558     0.00175474     0.00119613
627     0.00134352     0.00419272     0.00419272     0.00419272     0.00304333     0.0034225     0.00249824
629     0.000895681     0.00281044     0.00281044     0.00281044     0.00195208     0.00223536     0.00154482
631     0.00125395     0.00396405     0.00396405     0.00396405     0.00284243     0.00321279     0.00230994
633     0.000895681     0.00284732     0.00284732     0.00284732     0.00201154     0.00228763     0.0016145
635     0.000806113     0.00257516     0.00257516     0.00257516     0.00179124     0.00205035     0.00141868
637     0.000447841     0.00143928     0.00143928     0.00143928     0.000924143     0.0010945     0.000679177
639     0.00116439     0.00376989     0.00376989     0.00376989     0.00271039     0.00306096     0.00220613
641     0.000716545     0.00233789     0.00233789     0.00233789     0.00161986     0.0018576     0.0012779
643     0.000806113     0.00264822     0.00264822     0.00264822     0.0018615     0.00212216     0.00148647
645     0.000626977     0.00207284     0.00207284     0.00207284     0.00144069     0.00165028     0.0011391
647     0.000358272     0.00119458     0.00119458     0.00119458     0.000754535     0.000900531     0.000544435
649     0.000626977     0.00210628     0.00210628     0.00210628     0.00144872     0.001667     0.00113463
651     0.000447841     0.00151367     0.00151367     0.00151367     0.00101069     0.0011777     0.000770331
653     0.000716545     0.00244289     0.00244289     0.00244289     0.00168133     0.00193427     0.0013174
655     0.000716545     0.00245605     0.00245605     0.00245605     0.00171285     0.00195972     0.00135768
657     0.000626977     0.00216337     0.00216337     0.00216337     0.0015104     0.00172733     0.00119841
659     0.000358272     0.00124343     0.00124343     0.00124343     0.000767469     0.000925633     0.000539962
661     0.000716545     0.00250551     0.00250551     0.00250551     0.0017539     0.00200377     0.0013944
663     0.000447841     0.00157602     0.00157602     0.00157602     0.0010517     0.00122612     0.000800721
665     0.000537409     0.00190535     0.00190535     0.00190535     0.00128556     0.00149191     0.000988541
667     0.000716545     0.00255622     0.00255622     0.00255622     0.00177808     0.00203736     0.00140482
669     0.000358272     0.00128622     0.00128622     0.00128622     0.00076434     0.000938369     0.000513781
671     0.000447841     0.0016159     0.0016159     0.0016159     0.00105139     0.00123974     0.000780103
673     0.000716545     0.00260433     0.00260433     0.00260433     0.00183623     0.00209264     0.00146694
675     0.000716545     0.00261974     0.00261974     0.00261974     0.00180473     0.0020769     0.00141275
677     0.000268704     0.000986726     0.000986726     0.000986726     0.000615352     0.000739407     0.000436689
679     0.000268704     0.000993082     0.000993082     0.000993082     0.00061338     0.000740251     0.000430658
681     0.000358272     0.00133301     0.00133301     0.00133301     0.000885046     0.00103476     0.000669445
683     0.000447841     0.00167501     0.00167501     0.00167501     0.00111983     0.00130545     0.000852601
685     0.000358272     0.00134541     0.00134541     0.00134541     0.000856537     0.00102004     0.000621097
687     0.000358272     0.00135498     0.00135498     0.00135498     0.000914792     0.00106209     0.000702738
689     0.000358272     0.00136177     0.00136177     0.00136177     0.000901037     0.00105529     0.000678928
691     0.000806113     0.00308614     0.00308614     0.00308614     0.00219408     0.00249294     0.00176365
693     0     0     0     0     -0.00011687     -7.76858e-05     -0.000173317
695     0     0     0     0     -0.000164237     -0.000109127     -0.000243649
697     0     0     0     0     -0.000121807     -8.09027e-05     -0.000180777
699     0     0     0     0     -0.000113606     -7.54255e-05     -0.000168659
701     0     0     0     0     -0.000128716     -8.54292e-05     -0.000191139
703     0     0     0     0     -0.000162983     -0.000108143     -0.000242079
705     0     0     0     0     -9.23768e-05     -6.1278e-05     -0.000137226
707     0     0     0     0     -0.000136646     -9.06262e-05     -0.000203021
709     0     0     0     0     -0.000106749     -7.07882e-05     -0.000158622
711     0     0     0     0     -0.000123866     -8.21228e-05     -0.00018407
713     0     0     0     0     -8.62855e-05     -5.71956e-05     -0.000128244
715     0     0     0     0     -8.42942e-05     -5.58647e-05     -0.000125304
717     0     0     0     0     -0.000119508     -7.9181e-05     -0.000177674
719     0     0     0     0     -9.94485e-05     -6.58686e-05     -0.000147882
721     0     0     0     0     -9.32266e-05     -6.17272e-05     -0.000138676
723     0     0     0     0     -0.000104213     -6.89739e-05     -0.000155074
725     0     0     0     0     -9.77264e-05     -6.46509e-05     -0.000145478
727     0     0     0     0     -8.51857e-05     -5.63322e-05     -0.000126855
729     0     0     0     0     -9.51344e-05     -6.28864e-05     -0.000141721
731     0     0     0     0     -8.00569e-05     -5.29023e-05     -0.000119289
733     0     0     0     0     -0.000103955     -6.86761e-05     -0.000154919
735     0     0     0     0     -6.79562e-05     -4.48852e-05     -0.000101293
737     0     0     0     0     -6.34514e-05     -4.19016e-05     -9.45924e-05
739     0     0     0     0     -8.55211e-05     -5.64606e-05     -0.000127517
741     0     0     0     0     -7.64341e-05     -5.04448e-05     -0.00011399
743     0     0     0     0     -8.4434e-05     -5.57027e-05     -0.00012596
745     0     0     0     0     -3.85328e-05     -2.54106e-05     -5.75044e-05
747     0     0     0     0     -9.51285e-05     -6.27084e-05     -0.000142009
749     0     0     0     0     -9.56237e-05     -6.30138e-05     -0.000142802
751     0     0     0     0     -0.00013209     -8.7016e-05     -0.000197291
753     0     0     0     0     -5.68877e-05     -3.7468e-05     -8.49887e-05
755     0     0     0     0     -6.91827e-05     -4.55538e-05     -0.000103371
757     0     0     0     0     -0.000126233     -8.31078e-05     -0.000188647
759     0     0     0     0     -8.35515e-05     -5.49933e-05     -0.000124879
761     0     0     0     0     -8.65687e-05     -5.69643e-05     -0.000129417
763     0     0     0     0     -7.33302e-05     -4.82372e-05     -0.000109658
765     0     0     0     0     -8.89064e-05     -5.84601e-05     -0.000132985
767     0     0     0     0     -7.37245e-05     -4.84583e-05     -0.000110311
769     0     0     0     0     -0.000106337     -6.98714e-05     -0.000159153
771     0     0     0     0     -7.64416e-05     -5.0208e-05     -0.000114444
773     0     0     0     0     -6.15885e-05     -4.04415e-05     -9.22351e-05
775     0     0     0     0     -8.45162e-05     -5.54787e-05     -0.000126602
777     0     0     0     0     -5.43317e-05     -3.56531e-05     -8.14101e-05
779     0     0     0     0     -9.86849e-05     -6.47326e-05     -0.000147908
781     0     0     0     0     -8.27465e-05     -5.42564e-05     -0.000124058
783     0     0     0     0     -6.21704e-05     -4.0746e-05     -9.32475e-05
785     0     0     0     0     -5.99736e-05     -3.92883e-05     -8.99898e-05
787     0     0     0     0     -6.00086e-05     -3.92933e-05     -9.00758e-05
789     0     0     0     0     -6.27316e-05     -4.10602e-05     -9.42e-05
791     0     0     0     0     -5.29634e-05     -3.46551e-05     -7.95577e-05
793     0     0     0     0     -7.53402e-05     -4.92806e-05     -0.000113193
795     0     0     0     0     -8.86733e-05     -5.79867e-05     -0.000133259
797     0     0     0     0     -6.96945e-05     -4.5561e-05     -0.000104749
799     0     0     0     0     -8.55184e-05     -5.58907e-05     -0.000128565
801     0     0     0     0     -4.97008e-05     -3.24736e-05     -7.47411e-05
803     0     0     0     0     -5.12272e-05     -3.34578e-05     -7.70499e-05
805     0     0     0     0     -8.46419e-05     -5.52602e-05     -0.000127358
807     0     0     0     0     -7.74693e-05     -5.05576e-05     -0.000116601
809     0     0     0     0     -5.41864e-05     -3.53489e-05     -8.15889e-05
811     0     0     0     0     -7.63982e-05     -4.98129e-05     -0.000115078
813     0     0     0     0     -4.53633e-05     -2.95642e-05     -6.83642e-05
815     0     0     0     0     -6.41927e-05     -4.18166e-05     -9.6768e-05
817     0     0     0     0     -4.02435e-05     -2.62071e-05     -6.06876e-05
819     0     0     0     0     -4.0654e-05     -2.64692e-05     -6.13159e-05
821     0     0     0     0     -3.41825e-05     -2.22542e-05     -5.15541e-05
823     0     0     0     0     -8.78147e-05     -5.71747e-05     -0.000132434
825     0     0     0     0     -6.98049e-05     -4.54489e-05     -0.00010525
827     0     0     0     0     -7.82982e-05     -5.09755e-05     -0.000118074
829     0     0     0     0     -8.15379e-05     -5.30674e-05     -0.000122994
831     0     0     0     0     -5.20044e-05     -3.38197e-05     -7.84919e-05
833     0     0     0     0     -5.2235e-05     -3.39343e-05     -7.89174e-05
835     0     0     0     0     -4.03501e-05     -2.61843e-05     -6.10306e-05
837     0     0     0     0     -5.25351e-05     -3.40518e-05     -7.95415e-05
839     0     0     0     0     -5.11673e-05     -3.31373e-05     -7.75313e-05
841     0     0     0     0     -5.5772e-05     -3.61054e-05     -8.45409e-05
843     0     0     0     0     -4.07057e-05     -2.63518e-05     -6.17002e-05
845     0     0     0     0     -5.17206e-05     -3.34913e-05     -7.83729e-05
847     0     0     0     0     -4.23895e-05     -2.74562e-05     -6.42144e-05
849     0     0     0     0     -5.86479e-05     -3.79917e-05     -8.88171e-05
851     0     0     0     0     -6.43183e-05     -4.16595e-05     -9.74168e-05
853     0     0     0     0     -6.62746e-05     -4.29074e-05     -0.000100424
855     0     0     0     0     -3.44734e-05     -2.23028e-05     -5.22688e-05
857     0     0     0     0     -6.32454e-05     -4.08826e-05     -9.59679e-05
859     0     0     0     0     -7.05953e-05     -4.55953e-05     -0.000107199
861     0     0     0     0     -6.93765e-05     -4.47734e-05     -0.000105419
863     0     0     0     0     -4.07414e-05     -2.6278e-05     -6.19452e-05
865     0     0     0     0     -6.255e-05     -4.03209e-05     -9.51495e-05
867     0     0     0     0     -3.09361e-05     -1.99318e-05     -4.70788e-05
869     0     0     0     0     -4.22342e-05     -2.71987e-05     -6.43034e-05
871     0     0     0     0     -4.95268e-05     -3.18788e-05     -7.54347e-05
873     0     0     0     0     -4.08569e-05     -2.62864e-05     -6.22593e-05
875     0     0     0     0     -6.53637e-05     -4.20318e-05     -9.96448e-05
877     0     0     0     0     -5.6427e-05     -3.62689e-05     -8.6055e-05
879     0     0     0     0     -4.11925e-05     -2.64682e-05     -6.28382e-05
881     0     0     0     0     -7.02387e-05     -4.51202e-05     -0.000107161
883     0     0     0     0     -3.5823e-05     -2.30092e-05     -5.46584e-05
885     0     0     0     0     -4.57863e-05     -2.94049e-05     -6.98717e-05
887     0     0     0     0     -3.32684e-05     -2.13601e-05     -5.07794e-05
889     0     0     0     0     -5.18842e-05     -3.32954e-05     -7.92229e-05
891     0     0     0     0     -3.47017e-05     -2.22533e-05     -5.30273e-05
893     0     0     0     0     -3.06886e-05     -1.96596e-05     -4.69353e-05
895     0     0     0     0     -6.13009e-05     -3.92275e-05     -9.3852e-05
897     0     0     0     0     -4.67191e-05     -2.98639e-05     -7.15957e-05
899     0     0     0     0     -3.92262e-05     -2.50534e-05     -6.01634e-05
901     0     0     0     0     -3.81154e-05     -2.43316e-05     -5.84834e-05
903     0     0     0     0     -3.37525e-05     -2.15437e-05     -5.17976e-05
905     0     0     0     0     -3.0878e-05     -1.9709e-05     -4.73822e-05
907     0     0     0     0     -3.22872e-05     -2.06097e-05     -4.95376e-05
909     0     0     0     0     -2.65698e-05     -1.69601e-05     -4.07671e-05
911     0     0     0     0     -1.77896e-05     -1.13519e-05     -2.73003e-05
913     0     0     0     0     -2.06979e-05     -1.32011e-05     -3.17775e-05
915     0     0     0     0     -6.28007e-05     -4.0026e-05     -9.64784e-05
917     0     0     0     0     -5.41348e-05     -3.44763e-05     -8.3233e-05
919     0     0     0     0     -2.9992e-05     -1.9085e-05     -4.61455e-05
921     0     0     0     0     -3.60413e-05     -2.29183e-05     -5.54897e-05
923     0     0     0     0     -3.7691e-05     -2.39521e-05     -5.80599e-05
925     0     0     0     0     -1.80875e-05     -1.14878e-05     -2.78763e-05
927     0     0     0     0     -4.51496e-05     -2.86609e-05     -6.96118e-05
929     0     0     0     0     -6.3809e-05     -4.0488e-05     -9.84302e-05
931     0     0     0     0     -2.74051e-05     -1.73802e-05     -4.22913e-05
933     0     0     0     0     -5.96933e-05     -3.78405e-05     -9.21605e-05
935     0     0     0     0     -5.22063e-05     -3.30775e-05     -8.06298e-05
937     0     0     0     0     -5.22376e-05     -3.30827e-05     -8.07084e-05
939     0     0     0     0     -4.9078e-05     -3.10698e-05     -7.58541e-05
941     0     0     0     0     -3.39051e-05     -2.14575e-05     -5.24144e-05
943     0     0     0     0     -3.24597e-05     -2.05376e-05     -5.01919e-05
945     0     0     0     0     -1.99011e-05     -1.25885e-05     -3.07788e-05
947     0     0     0     0     -4.36069e-05     -2.75749e-05     -6.74618e-05
949     0     0     0     0     -2.94484e-05     -1.86146e-05     -4.55761e-05
951     0     0     0     0     -2.95319e-05     -1.86557e-05     -4.5725e-05
953     0     0     0     0     -3.27519e-05     -2.06754e-05     -5.07498e-05
955     0     0     0     0     -3.91619e-05     -2.47e-05     -6.07225e-05
957     0     0     0     0     -5.17421e-05     -3.26058e-05     -8.02982e-05
959     0     0     0     0     -2.37845e-05     -1.49748e-05     -3.69414e-05
961     0     0     0     0     0     0     0
963     0     0     0     0     -3.78727e-05     -2.38073e-05     -5.89112e-05
965     0     0     0     0     -2.37634e-05     -1.49277e-05     -3.69893e-05
967     0     0     0     0     -1.42787e-05     -8.9634e-06     -2.22382e-05
969     0     0     0     0     -3.17473e-05     -1.99168e-05     -4.94712e-05
971     0     0     0     0     -3.34139e-05     -2.09491e-05     -5.20984e-05
973     0     0     0     0     -4.44392e-05     -2.78441e-05     -6.93263e-05
975     0     0     0     0     -3.19678e-05     -2.00199e-05     -4.99017e-05
977     0     0     0     0     -2.40096e-05     -1.50267e-05     -3.74931e-05
979     0     0     0     0     -1.28094e-05     -8.01237e-06     -2.00142e-05
981     0     0     0     0     -2.55621e-05     -1.59814e-05     -3.99565e-05
983     0     0     0     0     -3.39047e-05     -2.11864e-05     -5.30233e-05
985     0     0     0     0     -1.61413e-05     -1.00814e-05     -2.52538e-05
987     0     0     0     0     -4.19162e-05     -2.61665e-05     -6.56049e-05
989     0     0     0     0     -2.76335e-05     -1.72429e-05     -4.32677e-05
991     0     0     0     0     -1.13929e-05     -7.10636e-06     -1.78463e-05
993     0     0     0     0     -3.74946e-05     -2.33771e-05     -5.87491e-05
995     0     0     0     0     -2.9287e-05     -1.8253e-05     -4.59028e-05
997     0     0     0     0     -3.10595e-05     -1.93517e-05     -4.86985e-05
999     0     0     0     0     -3.13133e-05     -1.95098e-05     -4.90965e-05
