1     0     0     0     0     0     0     0
3     0     0     0     0     0     0     0
5     0     0     0     0     0     0     0
7     0     0     0     0     0     0     0
9     0     0     0     0     0     0     0
11     0     0     0     0     0     0     0
13     0     0     0     0     0     0     0
15     0     0     0     0     0     0     0
17     0     0     0     0     0     0     0
19     0     0     0     0     0     0     0
21     0     0     0     0     0     0     0
23     0     0     0     0     0     0     0
25     6.22878e-05     5.17816e-08     5.17816e-08     5.17816e-08     5.17816e-08     5.17816e-08     5.17816e-08
27     6.22878e-05     4.70692e-08     4.70692e-08     4.70692e-08     4.70692e-08     4.70692e-08     4.70692e-08
29     7.47454e-05     5.18628e-08     5.18628e-08     5.18628e-08     5.18628e-08     5.18628e-08     5.18628e-08
31     7.47454e-05     4.73061e-08     4.73061e-08     4.73061e-08     4.73061e-08     4.73061e-08     4.73061e-08
33     8.72029e-05     5.07613e-08     5.07613e-08     5.07613e-08     5.07613e-08     5.07613e-08     5.07613e-08
35     0.000149491     8.01881e-08     8.01881e-08     8.01881e-08     8.01881e-08     8.01881e-08     8.01881e-08
37     6.22878e-05     3.06575e-08     3.06575e-08     3.06575e-08     3.06575e-08     3.06575e-08     3.06575e-08
39     9.96605e-05     4.58009e-08     4.58009e-08     4.58009e-08     4.58009e-08     4.58009e-08     4.58009e-08
41     0.000112118     4.78606e-08     4.78606e-08     4.78606e-08     4.78606e-08     4.78606e-08     4.78606e-08
43     0.000112118     4.53079e-08     4.53079e-08     4.53079e-08     4.53079e-08     4.53079e-08     4.53079e-08
45     0.000124576     4.68674e-08     4.68674e-08     4.68674e-08     4.68674e-08     4.68674e-08     4.68674e-08
47     0.000124576     4.41034e-08     4.41034e-08     4.41034e-08     4.41034e-08     4.41034e-08     4.41034e-08
49     0.000211779     7.16528e-08     7.16528e-08     7.16528e-08     7.16528e-08     7.16528e-08     7.16528e-08
51     0.000211779     6.81578e-08     6.81578e-08     6.81578e-08     6.81578e-08     6.81578e-08     6.81578e-08
53     0.000174406     5.33293e-08     5.33293e-08     5.33293e-08     5.33293e-08     5.33293e-08     5.33293e-08
55     0.000249151     7.31295e-08     7.31295e-08     7.31295e-08     7.31295e-08     7.31295e-08     7.31295e-08
57     0.000199321     5.58512e-08     5.58512e-08     5.58512e-08     5.58512e-08     5.58512e-08     5.58512e-08
59     0.000298981     8.02973e-08     8.02973e-08     8.02973e-08     8.02973e-08     8.02973e-08     8.02973e-08
61     0.000199321     5.14448e-08     5.14448e-08     5.14448e-08     5.14448e-08     5.14448e-08     5.14448e-08
63     0.000224236     5.62681e-08     5.62681e-08     5.62681e-08     5.62681e-08     5.62681e-08     5.62681e-08
65     0.000199321     4.84668e-08     4.84668e-08     4.84668e-08     4.84668e-08     4.84668e-08     4.84668e-08
67     0.000274066     6.4611e-08     6.4611e-08     6.4611e-08     6.4611e-08     6.4611e-08     6.4611e-08
69     0.000298981     6.8854e-08     6.8854e-08     6.8854e-08     6.8854e-08     6.8854e-08     6.8854e-08
71     0.000348812     7.83692e-08     7.83692e-08     7.83692e-08     7.83692e-08     7.83692e-08     7.83692e-08
73     0.000286524     6.31315e-08     6.31315e-08     6.31315e-08     6.31315e-08     6.31315e-08     6.31315e-08
75     0.000361269     7.81974e-08     7.81974e-08     7.81974e-08     7.81974e-08     7.81974e-08     7.81974e-08
77     0.000398642     8.47667e-08     8.47667e-08     8.47667e-08     8.47667e-08     8.47667e-08     8.47667e-08
79     0.000224236     4.70892e-08     4.70892e-08     4.70892e-08     4.70892e-08     4.70892e-08     4.70892e-08
81     0.000298981     6.19507e-08     6.19507e-08     6.19507e-08     6.19507e-08     6.19507e-08     6.19507e-08
83     0.000311439     6.39339e-08     6.39339e-08     6.39339e-08     6.39339e-08     6.39339e-08     6.39339e-08
85     0.000386184     7.87032e-08     7.87032e-08     7.87032e-08     7.87032e-08     7.87032e-08     7.87032e-08
87     0.000373727     7.57169e-08     7.57169e-08     7.57169e-08     7.57169e-08     7.57169e-08     7.57169e-08
89     0.000373727     7.53841e-08     7.53841e-08     7.53841e-08     7.53841e-08     7.53841e-08     7.53841e-08
91     0.000448472     9.02647e-08     9.02647e-08     9.02647e-08     9.02647e-08     9.02647e-08     9.02647e-08
93     0.000485845     9.77153e-08     9.77153e-08     9.77153e-08     9.77153e-08     9.77153e-08     9.77153e-08
95     0.000498302     1.00306e-07     1.00306e-07     1.00306e-07     1.00306e-07     1.00306e-07     1.00306e-07
97     0.000473387     9.54786e-08     9.54786e-08     9.54786e-08     9.54786e-08     9.54786e-08     9.54786e-08
99     0.000610421     1.23511e-07     1.23511e-07     1.23511e-07     1.23511e-07     1.23511e-07     1.23511e-07
101     0.000498302     1.01249e-07     1.01249e-07     1.01249e-07     1.01249e-07     1.01249e-07     1.01249e-07
103     0.000485845     9.92517e-08     9.92517e-08     9.92517e-08     9.92517e-08     9.92517e-08     9.92517e-08
105     0.000485845     9.98754e-08     9.98754e-08     9.98754e-08     9.98754e-08     9.98754e-08     9.98754e-08
107     0.000523218     1.08552e-07     1.08552e-07     1.08552e-07     1.08552e-07     1.08552e-07     1.08552e-07
109     0.00046093     9.67593e-08     9.67593e-08     9.67593e-08     9.67593e-08     9.67593e-08     9.67593e-08
111     0.000423557     9.02935e-08     9.02935e-08     9.02935e-08     9.02935e-08     9.02935e-08     9.02935e-08
113     0.00051076     1.10439e-07     1.10439e-07     1.10439e-07     1.10439e-07     1.10439e-07     1.10439e-07
115     0.000473387     1.04534e-07     1.04534e-07     1.04534e-07     1.04534e-07     1.04534e-07     1.04534e-07
117     0.000498302     1.13367e-07     1.13367e-07     1.13367e-07     1.13367e-07     1.13367e-07     1.13367e-07
119     0.000573048     1.34176e-07     1.34176e-07     1.34176e-07     1.34176e-07     1.34176e-07     1.34176e-07
121     0.000473387     1.14605e-07     1.14605e-07     1.14605e-07     1.14605e-07     1.14605e-07     1.14605e-07
123     0.000573048     1.45402e-07     1.45402e-07     1.45402e-07     1.45402e-07     1.45402e-07     1.45402e-07
125     0.000473387     1.26317e-07     1.26317e-07     1.26317e-07     1.26317e-07     1.26317e-07     1.26317e-07
127     0.000660251     1.85262e-07     1.85262e-07     1.85262e-07     1.85262e-07     1.85262e-07     1.85262e-07
129     0.000622878     1.85382e-07     1.85382e-07     1.85382e-07     1.85382e-07     1.85382e-07     1.85382e-07
131     0.00056059     1.79207e-07     1.79207e-07     1.79207e-07     1.79207e-07     1.79207e-07     1.79207e-07
133     0.000685166     2.35585e-07     2.35585e-07     2.35585e-07     2.35585e-07     2.35585e-07     2.35585e-07
135     0.000647793     2.42555e-07     2.42555e-07     2.42555e-07     2.42555e-07     2.42555e-07     2.42555e-07
137     0.000585505     2.40905e-07     2.40905e-07     2.40905e-07     2.40905e-07     2.40905e-07     2.40905e-07
139     0.000585505     2.65292e-07     2.65292e-07     2.65292e-07     2.65292e-07     2.65292e-07     2.65292e-07
141     0.000959232     4.8507e-07     4.8507e-07     4.8507e-07     4.8507e-07     4.8507e-07     4.8507e-07
143     0.000710081     4.04204e-07     4.04204e-07     4.04204e-07     4.04204e-07     4.04204e-07     4.04204e-07
145     0.000672708     4.32117e-07     4.32117e-07     4.32117e-07     4.32117e-07     4.32117e-07     4.32117e-07
147     0.000685166     5.1214e-07     5.1214e-07     5.1214e-07     5.1214e-07     5.1214e-07     5.1214e-07
149     0.000747454     6.48465e-07     6.48465e-07     6.48465e-07     6.48465e-07     6.48465e-07     6.48465e-07
151     0.000809742     8.55925e-07     8.55925e-07     8.55925e-07     8.55925e-07     8.55925e-07     8.55925e-07
153     0.000872029     1.11409e-06     1.11409e-06     1.11409e-06     1.11409e-06     1.11409e-06     1.11409e-06
155     0.000685166     1.10583e-06     1.10583e-06     1.10583e-06     1.10583e-06     1.10583e-06     1.10583e-06
157     0.000697623     1.50093e-06     1.50093e-06     1.50093e-06     1.50093e-06     1.50093e-06     1.50093e-06
159     0.000822199     2.63267e-06     2.63267e-06     2.63267e-06     2.63267e-06     2.63267e-06     2.63267e-06
161     0.000710081     3.98871e-06     3.98871e-06     3.98871e-06     3.98871e-06     3.98871e-06     3.98871e-06
163     0.000834657     7.49159e-06     7.49159e-06     7.49159e-06     7.49159e-06     7.49159e-06     7.49159e-06
165     0.000772369     9.49572e-06     9.49572e-06     9.49572e-06     9.49572e-06     9.49572e-06     9.49572e-06
167     0.000809742     1.20088e-05     1.20088e-05     1.20088e-05     1.20088e-05     1.20088e-05     1.20088e-05
169     0.000585505     1.01244e-05     1.01244e-05     1.01244e-05     1.01244e-05     1.01244e-05     1.01244e-05
171     0.000660251     1.28429e-05     1.28429e-05     1.28429e-05     1.28429e-05     1.28429e-05     1.28429e-05
173     0.000946775     2.03993e-05     2.03993e-05     2.03993e-05     2.03993e-05     2.03993e-05     2.03993e-05
175     0.000710081     1.6679e-05     1.6679e-05     1.6679e-05     1.6679e-05     1.6679e-05     1.6679e-05
177     0.000859572     2.187e-05     2.187e-05     2.187e-05     2.187e-05     2.187e-05     2.187e-05
179     0.000834657     2.29686e-05     2.29686e-05     2.29686e-05     2.29686e-05     2.29686e-05     2.29686e-05
181     0.000872029     2.62875e-05     2.62875e-05     2.62875e-05     2.62875e-05     2.62875e-05     2.62875e-05
183     0.00105889     3.5453e-05     3.5453e-05     3.5453e-05     3.5453e-05     3.5453e-05     3.5453e-05
185     0.00108381     3.99148e-05     3.99148e-05     3.99148e-05     3.99148e-05     3.99148e-05     3.99148e-05
187     0.00092186     3.72719e-05     3.72719e-05     3.72719e-05     3.72719e-05     3.72719e-05     3.72719e-05
189     0.00117101     5.08256e-05     5.08256e-05     5.08256e-05     5.08256e-05     5.08256e-05     5.08256e-05
191     0.00110872     5.158e-05     5.158e-05     5.158e-05     5.158e-05     5.158e-05     5.158e-05
193     0.00105889     5.23286e-05     5.23286e-05     5.23286e-05     5.23286e-05     5.23286e-05     5.23286e-05
195     0.000959232     5.0106e-05     5.0106e-05     5.0106e-05     5.0106e-05     5.0106e-05     5.0106e-05
197     0.00107135     5.87251e-05     5.87251e-05     5.87251e-05     5.87251e-05     5.87251e-05     5.87251e-05
199     0.00108381     6.2253e-05     6.2253e-05     6.2253e-05     6.2253e-05     6.2253e-05     6.2253e-05
201     0.00109627     6.57397e-05     6.57397e-05     6.57397e-05     6.57397e-05     6.57397e-05     6.57397e-05
203     0.0011461     7.18161e-05     7.18161e-05     7.18161e-05     7.18161e-05     7.18161e-05     7.18161e-05
205     0.000984147     6.44221e-05     6.44221e-05     6.44221e-05     6.44221e-05     6.44221e-05     6.44221e-05
207     0.0011461     7.80795e-05     7.80795e-05     7.80795e-05     7.80795e-05     7.80795e-05     7.80795e-05
209     0.000996605     7.08444e-05     7.08444e-05     7.08444e-05     7.08444e-05     7.08444e-05     7.08444e-05
211     0.00112118     8.24546e-05     8.24546e-05     8.24546e-05     0.000514425     0.000701065     0.000385944
213     0.00118347     9.05633e-05     9.05633e-05     9.05633e-05     0.000518134     0.000703275     0.000390726
215     0.0013205     0.00010453     0.00010453     0.00010453     0.000531854     0.000717205     0.000404362
217     0.00133296     0.000109232     0.000109232     0.000109232     0.00053102     0.000714268     0.000404938
219     0.0016444     0.000139324     0.000139324     0.000139324     0.000548527     0.000726514     0.000426118
221     0.00133296     0.000116514     0.000116514     0.000116514     0.000542254     0.000727617     0.000414778
223     0.00153228     0.000138356     0.000138356     0.000138356     0.000556119     0.000738083     0.00043092
225     0.00154474     0.000143786     0.000143786     0.000143786     0.000572484     0.000759336     0.000443907
227     0.00113364     0.000108962     0.000108962     0.000108962     0.000522363     0.000702578     0.000398343
229     0.00144508     0.000143196     0.000143196     0.000143196     0.000576442     0.000765335     0.000446365
231     0.00138279     0.000140966     0.000140966     0.000140966     0.000569545     0.000756407     0.000440859
233     0.00143262     0.000150581     0.000150581     0.000150581     0.000585567     0.000775224     0.000454908
235     0.00153228     0.000165885     0.000165885     0.000165885     0.000595341     0.000782598     0.000466325
237     0.00118347     0.000131958     0.000131958     0.000131958     0.000548591     0.000730279     0.000423362
239     0.00137033     0.000156738     0.000156738     0.000156738     0.000586806     0.00077446     0.000457438
241     0.00148245     0.000174305     0.000174305     0.000174305     0.000595349     0.000779084     0.000468643
243     0.00174406     0.000210915     0.000210915     0.000210915     0.000631555     0.000815251     0.000504896
245     0.0015572     0.000193166     0.000193166     0.000193166     0.000619509     0.000805762     0.000491043
247     0.00137033     0.000174475     0.000174475     0.000174475     0.0006001     0.000786108     0.000471802
249     0.00146999     0.000191892     0.000191892     0.000191892     0.000611505     0.000794753     0.000485008
251     0.00163194     0.000218681     0.000218681     0.000218681     0.000633573     0.000814652     0.000508539
253     0.0017316     0.000237892     0.000237892     0.000237892     0.000650415     0.000830168     0.000526183
255     0.00151982     0.000214068     0.000214068     0.000214068     0.000626644     0.000806134     0.000502537
257     0.00144508     0.000208788     0.000208788     0.000208788     0.000626726     0.000808208     0.000501085
259     0.00138279     0.000204735     0.000204735     0.000204735     0.000617343     0.00079627     0.000493406
261     0.00169423     0.000256606     0.000256606     0.000256606     0.000675111     0.000856422     0.000549491
263     0.00194338     0.000301374     0.000301374     0.000301374     0.000712035     0.000889779     0.000588796
265     0.00178143     0.00028285     0.00028285     0.00028285     0.000701421     0.000882507     0.000575784
267     0.00194338     0.000315726     0.000315726     0.000315726     0.00072844     0.000907061     0.000604552
269     0.00210533     0.000349594     0.000349594     0.000349594     0.000746028     0.000917654     0.000626956
271     0.00184372     0.000312976     0.000312976     0.000312976     0.000711174     0.000883679     0.000591476
273     0.00199321     0.000346091     0.000346091     0.000346091     0.000739827     0.000910521     0.00062136
275     0.00189355     0.000336178     0.000336178     0.000336178     0.000733419     0.000905739     0.00061382
277     0.00198075     0.000359608     0.000359608     0.000359608     0.00077238     0.000951562     0.000648026
279     0.00156965     0.000290945     0.000290945     0.000290945     0.000699636     0.000877003     0.000576486
281     0.00209287     0.000396354     0.000396354     0.000396354     0.000803438     0.00098     0.000680781
283     0.0021427     0.000414661     0.000414661     0.000414661     0.000814427     0.000987663     0.000694049
285     0.0020555     0.000406123     0.000406123     0.000406123     0.000794548     0.000962637     0.000677643
287     0.00225482     0.000454559     0.000454559     0.000454559     0.000859021     0.0010339     0.000737333
289     0.00236694     0.000487005     0.000487005     0.000487005     0.000883091     0.00105425     0.000763946
291     0.00262855     0.000551602     0.000551602     0.000551602     0.000939054     0.0011065     0.000822483
293     0.00221745     0.000474823     0.000474823     0.000474823     0.0008756     0.00104893     0.00075493
295     0.00231711     0.000505901     0.000505901     0.000505901     0.000905454     0.0010784     0.000785048
297     0.00240431     0.000534931     0.000534931     0.000534931     0.000944068     0.00112137     0.000820661
299     0.00274066     0.00062188     0.00062188     0.00062188     0.00101278     0.00118231     0.000894781
301     0.00232956     0.00053821     0.00053821     0.00053821     0.000942962     0.00111851     0.000820715
303     0.00242922     0.000572272     0.000572272     0.000572272     0.000989128     0.0011699     0.000863221
305     0.00257872     0.000618475     0.000618475     0.000618475     0.00103917     0.00122151     0.000912126
307     0.00271575     0.00066386     0.00066386     0.00066386     0.0010723     0.00124917     0.000949003
309     0.00247905     0.000616895     0.000616895     0.000616895     0.00103063     0.00120963     0.000905763
311     0.0029649     0.000750995     0.000750995     0.000750995     0.00114723     0.00131851     0.00102769
313     0.00285278     0.000736141     0.000736141     0.000736141     0.00115693     0.00133872     0.00103004
315     0.00303965     0.00079821     0.00079821     0.00079821     0.00120634     0.00138254     0.00108328
317     0.00266592     0.000712847     0.000712847     0.000712847     0.00112138     0.00129768     0.000998213
319     0.00302719     0.000823157     0.000823157     0.000823157     0.00124935     0.00143318     0.00112085
321     0.00313931     0.000868484     0.000868484     0.000868484     0.00129972     0.0014857     0.00116972
323     0.00388676     0.00109253     0.00109253     0.00109253     0.00152519     0.00171171     0.00139474
325     0.00312685     0.000893592     0.000893592     0.000893592     0.00133496     0.00152513     0.00120188
327     0.00341337     0.000991495     0.000991495     0.000991495     0.00144348     0.00163824     0.00130724
329     0.00347566     0.00102556     0.00102556     0.00102556     0.0014572     0.00164296     0.00132713
331     0.0034632     0.00103825     0.00103825     0.00103825     0.00147015     0.00165575     0.00134008
333     0.00356286     0.00108519     0.00108519     0.00108519     0.00155376     0.00175482     0.00141282
335     0.00336354     0.0010408     0.0010408     0.0010408     0.0015202     0.00172548     0.00137617
337     0.00347566     0.00109172     0.00109172     0.00109172     0.00154728     0.00174195     0.00141059
339     0.00418574     0.00133592     0.00133592     0.00133592     0.0018358     0.00204892     0.00168599
341     0.00361269     0.00117095     0.00117095     0.00117095     0.00165128     0.0018556     0.00150749
343     0.00424803     0.00139938     0.00139938     0.00139938     0.00188385     0.00208964     0.00173896
345     0.00431032     0.00144368     0.00144368     0.00144368     0.0019664     0.00218884     0.00180984
347     0.00423557     0.00144527     0.00144527     0.00144527     0.00196807     0.00219145     0.00181104
349     0.00427294     0.00148542     0.00148542     0.00148542     0.00204261     0.00228074     0.00187514
351     0.00427294     0.00151718     0.00151718     0.00151718     0.0020713     0.00230843     0.00190457
353     0.00507023     0.00184167     0.00184167     0.00184167     0.00242096     0.00266938     0.00224638
355     0.00449718     0.00167251     0.00167251     0.00167251     0.00229096     0.00255688     0.0021042
357     0.00515743     0.00196519     0.00196519     0.00196519     0.00261004     0.00288802     0.00241491
359     0.00489582     0.0019095     0.0019095     0.0019095     0.00255144     0.00282881     0.00235681
361     0.00489582     0.00195381     0.00195381     0.00195381     0.00263322     0.00292726     0.002427
363     0.00561836     0.0022942     0.0022942     0.0022942     0.00300249     0.00330932     0.00278726
365     0.00544395     0.00227068     0.0022707     0.00227068     0.00300426     0.00332247     0.00278114
367     0.00573048     0.00244312     0.00244315     0.00244312     0.00320566     0.00353683     0.00297351
369     0.00616649     0.00268431     0.00268435     0.00268431     0.00351274     0.00387298     0.00326025
371     0.00521972     0.0023204     0.00232043     0.0023204     0.0030956     0.00343315     0.00285904
373     0.0066648     0.00302787     0.00302792     0.00302787     0.00389597     0.00427454     0.00363071
375     0.00637827     0.00295844     0.00295849     0.00295844     0.00384894     0.00423794     0.0035765
377     0.0070759     0.00335321     0.00335327     0.00335321     0.00427063     0.00467207     0.0039896
379     0.00670217     0.00324365     0.00324371     0.00324365     0.00413988     0.00453265     0.003865
381     0.00676446     0.00334165     0.00334173     0.00334165     0.00432742     0.00476006     0.00402469
383     0.00771123     0.00388415     0.00388425     0.00388415     0.00491402     0.00536674     0.0045974
385     0.00732505     0.00376046     0.00376056     0.00376046     0.00479524     0.00525063     0.00447678
387     0.00844623     0.00441808     0.00441821     0.00441808     0.005579     0.00609046     0.00522131
389     0.00814725     0.00433998     0.00434012     0.00433998     0.00546259     0.00595784     0.00511638
391     0.00847114     0.00459304     0.0045932     0.00459304     0.00585044     0.00640562     0.00546232
393     0.00844623     0.00466079     0.00466097     0.00466079     0.00591972     0.00647624     0.00553076
395     0.00905665     0.00508255     0.00508276     0.00508255     0.00644237     0.00704414     0.00602191
397     0.00951758     0.00543521     0.00543546     0.00543521     0.00681547     0.00742693     0.0063883
399     0.0104394     0.0060633     0.0060636     0.0060633     0.00749458     0.00812942     0.00705121
401     0.0109377     0.00646096     0.0064613     0.00646096     0.0079991     0.00868213     0.00752218
403     0.0112492     0.00675633     0.00675673     0.00675633     0.00835783     0.00907001     0.00786073
405     0.0114983     0.00701925     0.0070197     0.00701925     0.00872019     0.0094772     0.00819166
407     0.0125074     0.00776418     0.00776473     0.00776418     0.00956101     0.0103619     0.00900217
409     0.0131926     0.00832342     0.00832407     0.00832342     0.0102413     0.011097     0.00964424
411     0.0133545     0.00855972     0.00856046     0.00855972     0.0105108     0.0113823     0.00990301
413     0.0142639     0.00928854     0.00928944     0.00928854     0.011334     0.0122484     0.0106964
415     0.0150363     0.00994931     0.00995037     0.00994931     0.0121332     0.01311     0.0114519
417     0.0162073     0.010889     0.0108903     0.010889     0.0132414     0.0142949     0.0125071
419     0.0166059     0.011332     0.0113335     0.011332     0.0137295     0.0148044     0.0129805
421     0.0176025     0.0121975     0.0121993     0.0121975     0.0147565     0.015905     0.0139563
423     0.0185867     0.0130759     0.013078     0.0130759     0.0157834     0.0170004     0.0149358
425     0.0185493     0.0132513     0.0132537     0.0132513     0.0159927     0.017227     0.0151336
427     0.020854     0.0151324     0.0151356     0.0151324     0.0181096     0.0194519     0.0171756
429     0.0216637     0.0159691     0.0159729     0.0159691     0.0190559     0.0204495     0.0180868
431     0.0235448     0.0176355     0.0176403     0.0176355     0.0209516     0.0224506     0.0199098
433     0.024504     0.0186585     0.0186643     0.0186585     0.0221186     0.0236841     0.0210312
435     0.0259366     0.0200873     0.0200943     0.0200873     0.0237462     0.0254031     0.0225958
437     0.0275063     0.0216813     0.0216899     0.0216813     0.0254516     0.027161     0.0242657
439     0.0291258     0.0233733     0.0233839     0.0233733     0.0273277     0.029123     0.0260829
441     0.0332866     0.0272101     0.0272242     0.0272101     0.0315304     0.0334973     0.030169
443     0.0345573     0.028805     0.0288223     0.028805     0.0332049     0.0352147     0.0318165
445     0.0360522     0.0306623     0.0306837     0.0306623     0.0351758     0.0372452     0.0337495
447     0.0397396     0.0345219     0.0345495     0.0345219     0.0392935     0.0414906     0.0377831
449     0.041247     0.0366483     0.0366821     0.0366483     0.0414184     0.0436252     0.0399066
451     0.0434146     0.0395027     0.0395446     0.0395027     0.0443163     0.0465541     0.0427889
453     0.0476128     0.0444306     0.0444845     0.0444306     0.0494861     0.0518484     0.0478805
455     0.049606     0.0475555     0.0476215     0.0475555     0.0525275     0.0548652     0.0509477
457     0.0539039     0.0531773     0.0532609     0.0531773     0.0582623     0.0606696     0.0566461
459     0.056221     0.0571892     0.0572922     0.0571892     0.062161     0.0645353     0.0605806
461     0.0589243     0.0619034     0.0620295     0.0619034     0.0666291     0.0689131     0.0651274
463     0.0604565     0.0656763     0.0658246     0.0656763     0.0701203     0.0722964     0.0687087
465     0.0662369     0.0744894     0.0746731     0.0744894     0.0787846     0.0809266     0.0774209
467     0.0633342     0.073786     0.0739816     0.073786     0.0773578     0.07918     0.0762241
469     0.0653897     0.0788868     0.0791077     0.0788868     0.0819223     0.0835246     0.0809591
471     0.0669594     0.0835046     0.0837466     0.0835046     0.0858869     0.0872124     0.0851311
473     0.066623     0.0857808     0.0860332     0.0857808     0.0874418     0.0884498     0.0869148
475     0.0672335     0.0890935     0.0893539     0.0890935     0.0899323     0.0905744     0.0896661
477     0.0624124     0.08483     0.0850692     0.08483     0.0849112     0.0851875     0.0848854
479     0.0607929     0.0844639     0.0846886     0.0844639     0.0837043     0.0841703     0.0833582
481     0.0582017     0.0823456     0.082548     0.0823456     0.0809284     0.0815815     0.080282
483     0.0575041     0.0825258     0.08271     0.0825258     0.0803626     0.0812355     0.0793745
485     0.0529073     0.0767551     0.0769084     0.0767551     0.0740903     0.075093     0.0728714
487     0.051076     0.0746819     0.0748131     0.0746819     0.071483     0.072635     0.0700179
489     0.0466785     0.0686108     0.068716     0.0686108     0.0651052     0.0663299     0.0634982
491     0.0444112     0.065489     0.0655747     0.065489     0.0616373     0.0629537     0.0598705
493     0.0412844     0.0609787     0.0610456     0.0609787     0.0569444     0.0583008     0.0550933
495     0.0387555     0.0572754     0.057329     0.0572754     0.0530426     0.0544494     0.0511003
497     0.0364259     0.0538257     0.0538685     0.0538257     0.0494435     0.0508873     0.0474327
499     0.0341213     0.0503956     0.0504295     0.0503956     0.0459811     0.0474267     0.0439558
501     0.0317045     0.0467983     0.046825     0.0467983     0.0423951     0.0438302     0.0403743
503     0.029051     0.0428588     0.0428794     0.0428588     0.0385424     0.0399444     0.0365607
505     0.0270454     0.0398875     0.0399036     0.0398875     0.035641     0.037017     0.0336899
507     0.0232458     0.0342825     0.0342942     0.0342825     0.0303796     0.031642     0.0285846
509     0.0228223     0.0336678     0.0336774     0.0336678     0.0296988     0.0309816     0.0278713
511     0.0211529     0.0312258     0.0312334     0.0312258     0.0273512     0.0286029     0.0255643
513     0.0193341     0.0285707     0.0285765     0.0285707     0.0248747     0.026069     0.0231683
515     0.0178517     0.0264166     0.0264213     0.0264166     0.0228433     0.0239982     0.0211908
517     0.0172039     0.0255023     0.0255061     0.0255023     0.0219567     0.0231031     0.0203145
519     0.0154349     0.0229268     0.0229297     0.0229268     0.0195813     0.0206635     0.0180299
521     0.0149117     0.0222017     0.0222042     0.0222017     0.0189064     0.0199728     0.0173763
523     0.0140148     0.0209202     0.0209222     0.0209202     0.0177657     0.0187869     0.0162998
525     0.0132424     0.019824     0.0198256     0.019824     0.0167251     0.0177285     0.0152846
527     0.0127441     0.0191373     0.0191386     0.0191373     0.0160374     0.0170411     0.0145959
529     0.0109253     0.0164603     0.0164613     0.0164603     0.013726     0.0146113     0.0124545
531     0.0113987     0.017233     0.0172339     0.017233     0.0143233     0.0152652     0.0129706
533     0.0100657     0.0152729     0.0152736     0.0152729     0.0126149     0.0134751     0.0113799
535     0.00997851     0.0151996     0.0152002     0.0151996     0.012486     0.0133638     0.0112255
537     0.00883241     0.0135071     0.0135076     0.0135071     0.0110762     0.0118624     0.00994778
539     0.00855834     0.0131444     0.0131447     0.0131444     0.0107297     0.0115105     0.00960924
541     0.00827182     0.0127612     0.0127615     0.0127612     0.0103799     0.0111498     0.00927542
543     0.00834657     0.0129348     0.012935     0.0129348     0.0104725     0.0112687     0.00933034
545     0.00705098     0.0109821     0.0109823     0.0109821     0.00885039     0.00953972     0.00786151
547     0.00667725     0.0104521     0.0104522     0.0104521     0.00839513     0.00906045     0.00744065
549     0.0065153     0.0102534     0.0102536     0.0102534     0.00822334     0.00888024     0.00728107
551     0.00596717     0.00944256     0.00944269     0.00944256     0.00751638     0.0081398     0.00662208
553     0.0058426     0.00929892     0.00929903     0.00929892     0.00734144     0.00797524     0.00643239
555     0.0056059     0.00897273     0.00897282     0.00897273     0.00706712     0.00768437     0.0061817
557     0.00599209     0.00964505     0.00964513     0.00964505     0.00761602     0.00827352     0.00667248
559     0.00488336     0.00790162     0.00790168     0.00790162     0.00620515     0.00675526     0.00541583
561     0.00473387     0.00769841     0.00769846     0.00769841     0.00601026     0.00655805     0.00522406
563     0.00444735     0.00726648     0.00726652     0.00726648     0.0056665     0.00618611     0.00492058
565     0.00448472     0.0073624     0.00736243     0.0073624     0.00575443     0.00627707     0.0050039
567     0.00407362     0.00671936     0.00671939     0.00671936     0.00518667     0.00568525     0.00447063
569     0.00427294     0.00708344     0.00708346     0.00708344     0.00549466     0.00601185     0.00475182
571     0.00391167     0.00652155     0.00652157     0.00652155     0.00503544     0.00551947     0.00434029
573     0.00404871     0.006791     0.00679102     0.006791     0.0052305     0.0057389     0.00450033
575     0.00360024     0.00607675     0.00607676     0.00607675     0.004677     0.00513309     0.00402191
577     0.00338846     0.00575466     0.00575467     0.00575466     0.00441335     0.00485046     0.00378564
579     0.00362515     0.00619389     0.0061939     0.00619389     0.00471479     0.00519686     0.00402266
581     0.00338846     0.00582387     0.00582388     0.00582387     0.00444269     0.00489297     0.00379627
583     0.00323897     0.00559877     0.00559877     0.00559877     0.00427024     0.00470347     0.00364819
585     0.00317668     0.00552184     0.00552185     0.00552184     0.00417694     0.00461575     0.00354702
587     0.00277804     0.0048564     0.00485641     0.0048564     0.00368772     0.0040692     0.00314006
589     0.00276558     0.00486458     0.00486458     0.00486458     0.0036587     0.00405255     0.00309328
591     0.00254134     0.00450142     0.00450142     0.00450142     0.00337985     0.00374636     0.00285364
593     0.00226728     0.00404573     0.00404573     0.00404573     0.0029961     0.00333929     0.00250329
595     0.00240431     0.00432184     0.00432184     0.00432184     0.00319292     0.00356224     0.00266257
597     0.00201812     0.00365569     0.00365569     0.00365569     0.00269268     0.00300789     0.00223988
599     0.00261609     0.00477165     0.00477165     0.00477165     0.00356615     0.00396101     0.00299886
601     0.00213024     0.00390908     0.00390908     0.00390908     0.00286238     0.00320551     0.00236939
603     0.00216762     0.00399942     0.00399942     0.00399942     0.00291949     0.00327381     0.00241033
605     0.00216762     0.00402062     0.00402062     0.00402062     0.00297603     0.00331903     0.00248302
607     0.00211779     0.0039472     0.0039472     0.0039472     0.00289921     0.00324362     0.00240417
609     0.00190601     0.00357085     0.00357085     0.00357085     0.00262868     0.00293848     0.00218311
611     0.00195584     0.00368411     0.00368411     0.00368411     0.0026934     0.00301934     0.00222467
613     0.00200567     0.00380257     0.00380257     0.00380257     0.0027948     0.00312649     0.00231789
615     0.00188109     0.00358948     0.00358948     0.00358948     0.00262049     0.0029395     0.00216187
617     0.00170669     0.00327858     0.00327858     0.00327858     0.00237377     0.00267173     0.00194546
619     0.00129559     0.00250636     0.00250636     0.00250636     0.00177766     0.00201766     0.00143259
621     0.00156965     0.00305679     0.00305679     0.00305679     0.00221131     0.00248985     0.00181088
623     0.0016444     0.00322211     0.00322211     0.00322211     0.00235763     0.00264255     0.00194799
625     0.00134542     0.00265306     0.00265306     0.00265306     0.00188712     0.0021397     0.00152407
627     0.00135787     0.00269333     0.00269333     0.00269333     0.00191481     0.00217164     0.00154561
629     0.00145753     0.00290817     0.00290817     0.00290817     0.00205799     0.00233857     0.00165455
631     0.0014077     0.00282532     0.00282532     0.00282532     0.00199615     0.00226995     0.0016025
633     0.00129559     0.0026149     0.0026149     0.0026149     0.00185627     0.00210692     0.00149596
635     0.00117101     0.00237674     0.00237674     0.00237674     0.00166443     0.00189987     0.0013259
637     0.00127067     0.00259371     0.00259371     0.00259371     0.00183258     0.00208429     0.00147064
639     0.00130804     0.00268659     0.00268659     0.00268659     0.00190235     0.00216184     0.00152914
641     0.00128313     0.00265289     0.00265289     0.00265289     0.00188044     0.0021362     0.00151261
643     0.000946775     0.00196889     0.00196889     0.00196889     0.00136451     0.00156476     0.00107641
645     0.00134542     0.00281808     0.00281808     0.00281808     0.00202266     0.00228638     0.00164314
647     0.00124576     0.00262734     0.00262734     0.00262734     0.0018626     0.00211632     0.00149743
649     0.000984147     0.00208976     0.00208976     0.00208976     0.00145465     0.00166548     0.00115129
651     0.000934317     0.00199626     0.00199626     0.00199626     0.00139392     0.00159392     0.00110609
653     0.000996605     0.00214472     0.00214472     0.00214472     0.00147679     0.00169863     0.00115762
655     0.00104644     0.00226616     0.00226616     0.00226616     0.00158506     0.00181131     0.00125961
657     0.000896944     0.00195346     0.00195346     0.00195346     0.0013648     0.00156037     0.0010835
659     0.000909402     0.00199403     0.00199403     0.00199403     0.00135741     0.00156896     0.0010531
661     0.000797284     0.00175874     0.00175874     0.00175874     0.00120725     0.00139059     0.000943441
663     0.000734996     0.00163055     0.00163055     0.00163055     0.00110971     0.00128297     0.000860395
665     0.00092186     0.00205899     0.00205899     0.00205899     0.00141819     0.00163154     0.00111115
667     0.000834657     0.00187596     0.00187596     0.00187596     0.00128326     0.00148075     0.000998978
669     0.000847114     0.00191436     0.00191436     0.00191436     0.00126425     0.00148104     0.000952132
671     0.000710081     0.00161297     0.00161297     0.00161297     0.00107071     0.00125165     0.000810166
673     0.000872029     0.00199309     0.00199309     0.00199309     0.00138769     0.00158979     0.00109663
675     0.000710081     0.00163221     0.00163221     0.00163221     0.00108468     0.00126753     0.000821344
677     0.000809742     0.00187289     0.00187289     0.00187289     0.0012912     0.00148551     0.00101135
679     0.000660251     0.00153469     0.00153469     0.00153469     0.00103369     0.00120111     0.000792646
681     0.000660251     0.0015432     0.0015432     0.0015432     0.00105336     0.0012171     0.000817659
683     0.000622878     0.00146305     0.00146305     0.00146305     0.000977432     0.0011398     0.000743689
685     0.000685166     0.00161813     0.00161813     0.00161813     0.00107756     0.00125835     0.000817218
687     0.000747454     0.00177475     0.00177475     0.00177475     0.00123366     0.0014147     0.000972949
689     0.000585505     0.00139756     0.00139756     0.00139756     0.000940215     0.00109333     0.000719771
691     0.000436015     0.00104698     0.00104698     0.00104698     0.000692211     0.000811051     0.000521018
693     0.000647793     0.00156498     0.00156498     0.00156498     0.00105576     0.00122649     0.000809818
695     0.000548133     0.00133225     0.00133225     0.00133225     0.000845956     0.00100913     0.000610821
697     0.000573048     0.00140208     0.00140208     0.00140208     0.000930018     0.00108854     0.000701481
699     0.000622878     0.00153285     0.00153285     0.00153285     0.00103121     0.0011998     0.000788151
701     0.000336354     0.000832847     0.000832847     0.000832847     0.00050641     0.00061619     0.0003481
703     0.000548133     0.00136391     0.00136391     0.00136391     0.000865626     0.00103331     0.00062386
705     0.000622878     0.00155858     0.00155858     0.00155858     0.00106446     0.00123081     0.000824533
707     0.00051076     0.00128568     0.00128568     0.00128568     0.000827708     0.000981944     0.000605285
709     0.000436015     0.001104     0.001104     0.001104     0.000717274     0.000847567     0.000529385
711     0.000436015     0.00111052     0.00111052     0.00111052     0.000707234     0.000843142     0.000511248
713     0.000498302     0.00127755     0.00127755     0.00127755     0.000857857     0.00099935     0.000653825
715     0.000573048     0.00147857     0.00147857     0.00147857     0.00100474     0.00116455     0.000774284
717     0.000448472     0.00116532     0.00116532     0.00116532     0.000747135     0.000888248     0.000543597
719     0.000361269     0.000943822     0.000943822     0.000943822     0.000603048     0.000718114     0.000437086
721     0.000498302     0.00130967     0.00130967     0.00130967     0.000870265     0.00101873     0.000656048
723     0.000386184     0.00102034     0.00102034     0.00102034     0.000651017     0.000775903     0.000470765
725     0.0004111     0.00109185     0.00109185     0.00109185     0.000706722     0.00083707     0.000518538
727     0.000361269     0.000964516     0.000964516     0.000964516     0.00062517     0.000740125     0.000459188
729     0.000398642     0.0010693     0.0010693     0.0010693     0.000693274     0.000820737     0.000509164
731     0.000336354     0.000906443     0.000906443     0.000906443     0.00058584     0.000694586     0.000428749
733     0.0004111     0.00111438     0.00111438     0.00111438     0.000715601     0.000850934     0.000520096
735     0.000398642     0.00108713     0.00108713     0.00108713     0.00072303     0.000846643     0.000544418
737     0.000386184     0.00105814     0.00105814     0.00105814     0.000705542     0.000825294     0.000532491
739     0.000373727     0.00103073     0.00103073     0.00103073     0.000667201     0.00079073     0.000488689
741     0.000373727     0.0010369     0.0010369     0.0010369     0.000678448     0.00080033     0.000502295
743     0.000373727     0.00104442     0.00104442     0.00104442     0.00067449     0.000800355     0.000492515
745     0.000373727     0.00105076     0.00105076     0.00105076     0.000716465     0.000830293     0.000551862
747     0.000485845     0.00137425     0.00137425     0.00137425     0.000899347     0.0010612     0.000665276
749     0.0004111     0.00117031     0.00117031     0.00117031     0.000752444     0.000894945     0.000546305
751     0.000423557     0.00121212     0.00121212     0.00121212     0.000752503     0.000909343     0.000525631
753     0.000473387     0.00136198     0.00136198     0.00136198     0.000917197     0.00106903     0.000697484
755     0.000286524     0.000828396     0.000828396     0.000828396     0.00052898     0.000631243     0.000381035
757     0.000348812     0.00101325     0.00101325     0.00101325     0.000613822     0.000750296     0.000416366
759     0.000323897     0.000945685     0.000945685     0.000945685     0.000600038     0.000718181     0.000429068
761     0.000261609     0.000767532     0.000767532     0.000767532     0.000470565     0.000572121     0.000323577
763     0.000311439     0.000918792     0.000918792     0.000918792     0.00058758     0.000700918     0.000423499
765     0.000274066     0.000812915     0.000812915     0.000812915     0.00050049     0.00060748     0.000345592
767     0.000211779     0.000632093     0.000632093     0.000632093     0.000384802     0.000469551     0.000262082
769     0.000274066     0.000822272     0.000822272     0.000822272     0.000489541     0.000603643     0.000324257
771     0.000236694     0.000714556     0.000714556     0.000714556     0.000439034     0.000533577     0.000302034
773     0.000336354     0.00102148     0.00102148     0.00102148     0.000662192     0.000785557     0.000483432
775     0.000286524     0.000875435     0.000875435     0.000875435     0.000543183     0.000657335     0.000377734
777     0.000286524     0.000880936     0.000880936     0.000880936     0.000569917     0.000676842     0.000414907
779     0.000224236     0.000693359     0.000693359     0.000693359     0.000403461     0.000503199     0.000258863
781     0.000211779     0.000658499     0.000658499     0.000658499     0.00039203     0.000483777     0.00025898
783     0.000174406     0.000544752     0.000544752     0.000544752     0.000328191     0.00040282     0.000219938
785     0.000124576     0.000391361     0.000391361     0.000391361     0.000223025     0.000281085     0.000138785
787     0.000174406     0.000550299     0.000550299     0.000550299     0.000333099     0.000408078     0.000224272
789     0.000186863     0.000592577     0.000592577     0.000592577     0.000359402     0.000439956     0.000242448
791     0.000274066     0.000873418     0.000873418     0.000873418     0.000560046     0.000668386     0.000402724
793     0.000274066     0.000878047     0.000878047     0.000878047     0.000546191     0.000660978     0.000379439
795     0.000199321     0.000642132     0.000642132     0.000642132     0.000370672     0.000464626     0.000234205
797     0.000149491     0.00048386     0.00048386     0.00048386     0.000277543     0.000348986     0.000173757
799     0.000149491     0.000486872     0.000486872     0.000486872     0.000265775     0.000342374     0.000154483
801     0.000211779     0.000693909     0.000693909     0.000693909     0.000436641     0.000525815     0.000307041
803     0.000174406     0.000575335     0.000575335     0.000575335     0.000353175     0.000430237     0.000241174
805     0.000149491     0.000495288     0.000495288     0.000495288     0.000271481     0.000349162     0.000158526
807     0.000186863     0.000622341     0.000622341     0.000622341     0.000362953     0.000453061     0.00023193
809     0.000199321     0.000668435     0.000668435     0.000668435     0.000413026     0.000501817     0.000283848
811     0.000261609     0.000882002     0.000882002     0.000882002     0.00054009     0.000659069     0.000366983
813     0.000236694     0.000802926     0.000802926     0.000802926     0.000510708     0.000612482     0.000362581
815     0.000124576     0.000424856     0.000424856     0.000424856     0.000236967     0.000302461     0.000141609
817     0.000249151     0.000854197     0.000854197     0.000854197     0.000549159     0.000655554     0.000394197
819     0.000161948     0.000558676     0.000558676     0.000558676     0.000346205     0.00042034     0.000238219
821     0.000174406     0.000604049     0.000604049     0.000604049     0.00038168     0.000459287     0.000268678
823     0.000199321     0.00069401     0.00069401     0.00069401     0.000400369     0.000502825     0.000251168
825     0.000112118     0.000392435     0.000392435     0.000392435     0.00020981     0.000273531     0.000117053
827     0.000236694     0.0008325     0.0008325     0.0008325     0.000498731     0.000615203     0.000329195
829     0.000137033     0.000484529     0.000484529     0.000484529     0.00026063     0.000338818     0.000146816
831     0.000174406     0.000619807     0.000619807     0.000619807     0.000375444     0.000460893     0.000250983
833     0.000174406     0.000623435     0.000623435     0.000623435     0.000376818     0.000463222     0.000250858
835     8.72029e-05     0.00031363     0.00031363     0.00031363     0.000177998     0.00022562     0.000108487
837     0.000174406     0.000630801     0.000630801     0.000630801     0.000380507     0.000468568     0.000251824
839     0.000174406     0.000634304     0.000634304     0.000634304     0.000383996     0.000472198     0.000255009
841     8.72029e-05     0.000318554     0.000318554     0.000318554     0.000167979     0.000221076     9.03183e-05
843     0.000149491     0.000549395     0.000549395     0.000549395     0.000334186     0.000410074     0.00022319
845     0.000174406     0.000643955     0.000643955     0.000643955     0.000387836     0.000478107     0.000255854
847     9.96605e-05     0.00037041     0.00037041     0.00037041     0.0002125     0.00026813     0.000131207
849     0.000137033     0.000511602     0.000511602     0.000511602     0.00029386     0.00037055     0.000181836
851     0.000124576     0.000467337     0.000467337     0.000467337     0.00025935     0.000332622     0.000152319
853     0.000211779     0.000798963     0.000798963     0.000798963     0.000475935     0.000589842     0.000309516
855     9.96605e-05     0.000378229     0.000378229     0.000378229     0.000222953     0.000277772     0.000142788
857     0.000199321     0.000760349     0.000760349     0.000760349     0.000453796     0.00056219     0.000295209
859     0.000124576     0.000477749     0.000477749     0.000477749     0.000259585     0.000336843     0.000146466
861     8.72029e-05     0.00033639     0.00033639     0.00033639     0.000166919     0.000227019     7.88756e-05
863     0.000112118     0.000434737     0.000434737     0.000434737     0.000252872     0.000317435     0.000158222
865     8.72029e-05     0.000339948     0.000339948     0.000339948     0.000174484     0.000233286     8.82479e-05
867     3.73727e-05     0.000146248     0.000146248     0.000146248     7.13333e-05     9.79784e-05     3.22299e-05
869     0.000124576     0.000490243     0.000490243     0.000490243     0.000287729     0.000359825     0.000181908
871     9.96605e-05     0.000394708     0.000394708     0.000394708     0.000218777     0.000281468     0.000126746
873     0.000137033     0.000544999     0.000544999     0.000544999     0.000324561     0.000403184     0.000209096
875     0.000124576     0.000497854     0.000497854     0.000497854     0.000272882     0.000353196     0.0001549
877     0.000124576     0.000500374     0.000500374     0.000500374     0.000282755     0.000360498     0.000168491
879     0.000124576     0.000502734     0.000502734     0.000502734     0.000295328     0.000369465     0.000186341
881     8.72029e-05     0.000353688     0.000353688     0.000353688     0.000173978     0.000238237     7.94927e-05
883     0.000124576     0.000508018     0.000508018     0.000508018     0.000301539     0.000375396     0.000192961
885     0.000124576     0.000510738     0.000510738     0.000510738     0.000295609     0.000372578     0.000182456
887     8.72029e-05     0.000359504     0.000359504     0.000359504     0.00020605     0.000260978     0.000125278
889     0.000137033     0.000567732     0.000567732     0.000567732     0.000326509     0.000412923     0.000199396
891     8.72029e-05     0.000363069     0.000363069     0.000363069     0.000207202     0.000263116     0.000124901
893     0.000124576     0.000521664     0.000521664     0.000521664     0.000311032     0.00038673     0.000199509
895     0.000112118     0.000472083     0.000472083     0.000472083     0.000255234     0.000333318     0.000140071
897     7.47454e-05     0.000316196     0.000316196     0.000316196     0.000166379     0.00022043     8.66052e-05
899     0.000124576     0.000529994     0.000529994     0.000529994     0.000310758     0.000389969     0.000193739
901     0.000112118     0.000479436     0.000479436     0.000479436     0.000277538     0.000350551     0.000169648
903     6.22878e-05     0.000267941     0.000267941     0.000267941     0.000145162     0.000189573     7.95208e-05
905     7.47454e-05     0.000323486     0.000323486     0.000323486     0.000182857     0.000233724     0.00010769
907     3.73727e-05     0.000162189     0.000162189     0.000162189     7.84405e-05     0.00010873     3.36955e-05
909     2.49151e-05     0.000108835     0.000108835     0.000108835     4.85624e-05     7.03641e-05     1.63621e-05
911     0.000124576     0.000547104     0.000547104     0.000547104     0.000334996     0.000411753     0.000221614
913     8.72029e-05     0.000385211     0.000385211     0.000385211     0.000229781     0.000286079     0.000146579
915     9.96605e-05     0.000442026     0.000442026     0.000442026     0.000231065     0.00030757     0.000117921
917     9.96605e-05     0.000444991     0.000444991     0.000444991     0.000238906     0.000313752     0.000128153
919     0.000112118     0.000502692     0.000502692     0.000502692     0.000295025     0.000370547     0.00018319
921     0.000112118     0.000505072     0.000505072     0.000505072     0.000291486     0.000369255     0.000176232
923     4.98302e-05     0.000225971     0.000225971     0.000225971     0.000113025     0.000154195     5.19865e-05
925     4.98302e-05     0.000227006     0.000227006     0.000227006     0.000129191     0.000164881     7.62551e-05
927     6.22878e-05     0.000285119     0.000285119     0.000285119     0.000144762     0.000196021     6.8717e-05
929     7.47454e-05     0.000343927     0.000343927     0.000343927     0.000166167     0.000231135     6.973e-05
931     4.98302e-05     0.000230384     0.000230384     0.000230384     0.000123193     0.000162404     6.49671e-05
933     0.000124576     0.000578959     0.000578959     0.000578959     0.000315911     0.000412209     0.00017284
935     8.72029e-05     0.000407468     0.000407468     0.000407468     0.000213711     0.000284705     0.000108208
937     9.96605e-05     0.000467964     0.000467964     0.000467964     0.000251462     0.000330842     0.000133441
939     4.98302e-05     0.000235341     0.000235341     0.000235341     0.000108567     0.000155084     3.94097e-05
941     6.22878e-05     0.000295819     0.000295819     0.000295819     0.000157942     0.00020856     8.26639e-05
943     6.22878e-05     0.000297313     0.000297313     0.000297313     0.000159723     0.000210259     8.45688e-05
945     8.72029e-05     0.00041801     0.00041801     0.00041801     0.000246265     0.000309373     0.000152392
947     2.49151e-05     0.000120161     0.000120161     0.000120161     4.01681e-05     6.95774e-05     -3.58635e-06
949     7.47454e-05     0.000361969     0.000361969     0.000361969     0.000202055     0.000260886     0.000114477
951     2.49151e-05     0.000121312     0.000121312     0.000121312     5.20615e-05     7.75658e-05     1.40852e-05
953     4.98302e-05     0.000243435     0.000243435     0.000243435     0.000125103     0.000168735     6.00854e-05
955     8.72029e-05     0.000428952     0.000428952     0.000428952     0.000234522     0.000306315     0.000127458
957     2.49151e-05     0.000123314     0.000123314     0.000123314     3.53972e-05     6.79123e-05     -1.31237e-05
959     3.73727e-05     0.000185756     0.000185756     0.000185756     9.53497e-05     0.000128836     4.53452e-05
961     4.98302e-05     0.000248442     0.000248442     0.000248442     0.00015308     0.000188451     0.00010021
963     8.72029e-05     0.000437659     0.000437659     0.000437659     0.000239749     0.00031325     0.000129796
965     3.73727e-05     0.000188391     0.000188391     0.000188391     9.70783e-05     0.000131034     4.6271e-05
967     1.24576e-05     6.33428e-05     6.33428e-05     6.33428e-05     2.76328e-05     4.0926e-05     7.7266e-06
969     7.47454e-05     0.000381079     0.000381079     0.000381079     0.000209021     0.000273138     0.000112954
971     6.22878e-05     0.000319155     0.000319155     0.000319155     0.000169235     0.000225161     8.53932e-05
973     7.47454e-05     0.000385262     0.000385262     0.000385262     0.00020148     0.000270103     9.85392e-05
975     1.24576e-05     6.4546e-05     6.4546e-05     6.4546e-05     1.42603e-05     3.30564e-05     -1.39417e-05
977     4.98302e-05     0.000259391     0.000259391     0.000259391     0.000139479     0.000184343     7.21302e-05
979     8.72029e-05     0.000456285     0.000456285     0.000456285     0.00026845     0.000338785     0.000162794
981     2.49151e-05     0.000131113     0.000131113     0.000131113     5.99637e-05     8.66308e-05     1.98987e-05
983     7.47454e-05     0.000395087     0.000395087     0.000395087     0.000213336     0.000281514     0.00011086
985     2.49151e-05     0.000132394     0.000132394     0.000132394     6.77401e-05     9.20131e-05     3.12397e-05
987     1.24576e-05     6.63971e-05     6.63971e-05     6.63971e-05     7.37298e-06     2.95485e-05     -2.59897e-05
989     7.47454e-05     0.000401284     0.000401284     0.000401284     0.000221056     0.000288824     0.000119099
991     2.49151e-05     0.000134272     0.000134272     0.000134272     7.22248e-05     9.55699e-05     3.70795e-05
993     8.72029e-05     0.00047243     0.00047243     0.00047243     0.000255679     0.00033729     0.000132824
995     7.47454e-05     0.000407358     0.000407358     0.000407358     0.000223202     0.000292584     0.00011871
997     7.47454e-05     0.000409229     0.000409229     0.000409229     0.000222329     0.00029278     0.000116187
999     7.47454e-05     0.000411064     0.000411064     0.000411064     0.000221831     0.000293162     0.000114364
