2     0     0     0     0     0     0     0
6     0     0     0     0     0     0     0
10     3.11235e-05     5.38527e-08     5.38527e-08     5.38527e-08     5.53279e-08     5.63313e-08     5.46685e-08
14     7.26216e-05     8.8493e-08     8.8493e-08     8.8493e-08     9.0917e-08     9.25659e-08     8.98336e-08
18     0.000103745     9.33117e-08     9.33117e-08     9.33117e-08     9.58677e-08     9.76064e-08     9.47253e-08
22     9.33707e-05     6.27373e-08     6.27373e-08     6.27373e-08     6.44558e-08     6.56248e-08     6.36877e-08
26     0.000155618     8.67517e-08     8.67517e-08     8.67517e-08     8.91281e-08     9.07445e-08     8.8066e-08
30     0.000134869     6.15708e-08     6.15708e-08     6.15708e-08     6.32574e-08     6.44046e-08     6.25036e-08
34     0.000269737     1.02103e-07     1.02103e-07     1.02103e-07     1.049e-07     1.06803e-07     1.0365e-07
38     0.000311236     1.02082e-07     1.02082e-07     1.02082e-07     1.04878e-07     1.0678e-07     1.03629e-07
42     0.000197116     5.6426e-08     5.6426e-08     5.6426e-08     5.79717e-08     5.90231e-08     5.72809e-08
46     0.000363108     9.31482e-08     9.31482e-08     9.31482e-08     9.56998e-08     9.74353e-08     9.45593e-08
50     0.000300861     6.91985e-08     6.91985e-08     6.91985e-08     7.1094e-08     7.23834e-08     7.02468e-08
54     0.000539475     1.10873e-07     1.10873e-07     1.10873e-07     1.1391e-07     1.15976e-07     1.12552e-07
58     0.000383857     7.25982e-08     7.25982e-08     7.25982e-08     7.45869e-08     7.59396e-08     7.36981e-08
62     0.000591347     1.03843e-07     1.03843e-07     1.03843e-07     1.06687e-07     1.08622e-07     1.05416e-07
66     0.000601722     9.93845e-08     9.93845e-08     9.93845e-08     1.02107e-07     1.03959e-07     1.0089e-07
70     0.000705467     1.10812e-07     1.10812e-07     1.10812e-07     1.13847e-07     1.15912e-07     1.1249e-07
74     0.000767714     1.16206e-07     1.16206e-07     1.16206e-07     1.19389e-07     1.21554e-07     1.17966e-07
78     0.000788463     1.15316e-07     1.15316e-07     1.15316e-07     1.18475e-07     1.20623e-07     1.17063e-07
82     0.000881834     1.26008e-07     1.26008e-07     1.26008e-07     1.2946e-07     1.31808e-07     1.27917e-07
86     0.000736591     1.03499e-07     1.03499e-07     1.03499e-07     1.06334e-07     1.08263e-07     1.05067e-07
90     0.000829961     1.15726e-07     1.15726e-07     1.15726e-07     1.18896e-07     1.21052e-07     1.17479e-07
94     0.000788463     1.09789e-07     1.09789e-07     1.09789e-07     1.12796e-07     1.14842e-07     1.11452e-07
98     0.000923332     1.29122e-07     1.29122e-07     1.29122e-07     1.32659e-07     1.35065e-07     1.31078e-07
102     0.0011412     1.60888e-07     1.60888e-07     1.60888e-07     1.65295e-07     1.68293e-07     1.63325e-07
106     0.000975205     1.39313e-07     1.39313e-07     1.39313e-07     1.4313e-07     1.45725e-07     1.41424e-07
110     0.0010997     1.60812e-07     1.60812e-07     1.60812e-07     1.65217e-07     1.68214e-07     1.63248e-07
114     0.00113082     1.71304e-07     1.71304e-07     1.71304e-07     1.75997e-07     1.79189e-07     1.739e-07
118     0.00130719     2.08467e-07     2.08467e-07     2.08467e-07     2.14178e-07     2.18062e-07     2.11625e-07
122     0.00112045     1.92736e-07     1.92736e-07     1.92736e-07     1.98015e-07     2.01607e-07     1.95656e-07
126     0.00116195     2.19133e-07     2.19133e-07     2.19133e-07     2.25136e-07     2.29219e-07     2.22453e-07
130     0.00115157     2.4629e-07     2.4629e-07     2.4629e-07     2.53036e-07     2.57625e-07     2.50021e-07
134     0.00139019     3.46955e-07     3.46955e-07     3.46955e-07     3.56459e-07     3.62923e-07     3.52211e-07
138     0.00147318     4.39818e-07     4.39818e-07     4.39818e-07     4.51866e-07     4.60061e-07     4.46481e-07
142     0.00145243     5.38273e-07     5.38273e-07     5.38273e-07     5.53017e-07     5.63047e-07     5.46427e-07
146     0.00178442     8.60389e-07     8.60389e-07     8.60389e-07     8.83958e-07     8.99989e-07     8.73424e-07
150     0.00133831     9.00312e-07     9.00312e-07     9.00312e-07     9.24975e-07     9.41749e-07     9.13952e-07
154     0.00175329     1.77748e-06     1.77748e-06     1.77748e-06     1.82617e-06     1.85929e-06     1.80441e-06
158     0.00172217     3.18741e-06     3.18741e-06     3.18741e-06     3.27472e-06     3.33411e-06     3.2357e-06
162     0.00184666     9.11837e-06     9.11837e-06     9.11837e-06     9.36815e-06     9.53804e-06     9.25651e-06
166     0.00194003     1.84715e-05     1.84715e-05     1.84715e-05     1.89774e-05     1.93216e-05     1.87513e-05
170     0.00185704     2.33674e-05     2.33674e-05     2.33674e-05     2.40075e-05     2.44429e-05     2.37214e-05
174     0.00191929     2.98547e-05     2.98547e-05     2.98547e-05     3.06725e-05     3.12288e-05     3.0307e-05
178     0.00184666     3.40289e-05     3.40289e-05     3.40289e-05     3.49611e-05     3.55951e-05     3.45444e-05
182     0.00180517     3.98704e-05     3.98704e-05     3.98704e-05     4.09626e-05     4.17055e-05     4.04744e-05
186     0.00196078     5.24972e-05     5.24972e-05     5.24972e-05     5.39353e-05     5.49134e-05     5.32926e-05
190     0.00220977     6.87499e-05     6.87499e-05     6.87499e-05     7.06331e-05     7.19141e-05     6.97914e-05
194     0.0021579     7.57444e-05     7.57444e-05     7.57444e-05     7.78193e-05     7.92306e-05     7.68919e-05
198     0.0021164     8.23836e-05     8.23836e-05     8.23836e-05     8.46404e-05     8.61754e-05     8.36317e-05
202     0.00229277     9.72561e-05     9.72561e-05     9.72561e-05     9.99202e-05     0.000101732     9.87295e-05
206     0.00247951     0.000114547     0.000114547     0.000114547     0.000117685     0.000119819     0.000116283
210     0.00236539     0.000118263     0.000118263     0.000118263     0.000121781     0.000124142     0.000120228
214     0.00235502     0.000126664     0.000126664     0.000126664     0.000130809     0.000133553     0.000129003
218     0.00255213     0.000147165     0.000147165     0.000147165     0.000152007     0.000155211     0.000149898
222     0.00242764     0.000149104     0.000149104     0.000149104     0.000154056     0.000157328     0.000151902
226     0.00311236     0.000203405     0.000203405     0.000203405     0.00021021     0.000214702     0.000207252
230     0.00275962     0.000191208     0.000191208     0.000191208     0.000197669     0.000201927     0.000194864
234     0.00301898     0.000222619     0.000222619     0.000222619     0.000230219     0.000235224     0.000226923
238     0.00318498     0.000248752     0.000248752     0.000248752     0.000257362     0.000263022     0.000253633
242     0.00320573     0.000264157     0.000264157     0.000264157     0.000273362     0.000279408     0.000269378
246     0.00316423     0.000274559     0.000274559     0.000274559     0.000284235     0.000290581     0.000280052
250     0.00342359     0.000312943     0.000312943     0.000312943     0.000324115     0.000331431     0.000319293
254     0.00320573     0.000308439     0.000308439     0.000308439     0.000319627     0.000326939     0.000314806
258     0.00342359     0.000345972     0.000345972     0.000345972     0.000358629     0.000366895     0.00035318
262     0.00353771     0.000374918     0.000374918     0.000374918     0.000388813     0.000397874     0.000382839
266     0.00353771     0.000392717     0.000392717     0.000392717     0.000407459     0.000417057     0.000401129
270     0.00407718     0.000473803     0.000473803     0.000473803     0.000491868     0.000503608     0.000484123
274     0.00397344     0.000482083     0.000482083     0.000482083     0.000500756     0.00051287     0.000492762
278     0.0036622     0.000464742     0.000464742     0.000464742     0.000483089     0.000494971     0.000475248
282     0.00416018     0.000550552     0.000550552     0.000550552     0.00057255     0.00058678     0.000563158
286     0.0043573     0.000600623     0.000600623     0.000600623     0.000624944     0.000640655     0.000614573
290     0.00454404     0.000652385     0.000652385     0.000652385     0.000679333     0.000696705     0.000667863
294     0.00438842     0.000654857     0.000654857     0.000654857     0.000682441     0.000700187     0.000670721
298     0.00465816     0.000722654     0.000722654     0.000722654     0.000753845     0.000773862     0.000740621
302     0.00482415     0.000778168     0.000778168     0.000778168     0.000812507     0.000834497     0.000797975
306     0.0053325     0.000892628     0.000892628     0.000892628     0.000933037     0.000958856     0.000915971
310     0.00558149     0.000967834     0.000967834     0.000967834     0.00101206     0.0010403     0.000993392
314     0.00524951     0.000943215     0.000943215     0.000943215     0.000987583     0.00101584     0.000968896
318     0.00512501     0.000954411     0.000954411     0.000954411     0.00100077     0.00103021     0.000981288
322     0.00584085     0.00112462     0.00112462     0.00112462     0.0011808     0.00121639     0.00115724
326     0.00596535     0.00118787     0.00118787     0.00118787     0.00124904     0.0012877     0.00122345
330     0.00631808     0.00129854     0.00129854     0.00129854     0.00136721     0.0014105     0.00133854
334     0.00632846     0.00134191     0.00134191     0.00134191     0.00141631     0.00146303     0.00138536
338     0.00661894     0.00144616     0.00144616     0.00144616     0.00152969     0.00158197     0.00149502
342     0.00677456     0.00152862     0.00152862     0.00152862     0.00161971     0.00167667     0.00158195
346     0.00748003     0.00174603     0.00174603     0.00174603     0.00185631     0.00192525     0.00181065
350     0.00737628     0.00178906     0.00178906     0.00178906     0.00190888     0.0019835     0.00185943
354     0.00792613     0.0020103     0.0020103     0.0020103     0.00215302     0.00224174     0.00209422
358     0.00820624     0.00218415     0.00218415     0.00218415     0.00234724     0.00244873     0.00228007
362     0.00793651     0.00221228     0.00221228     0.00221228     0.00238716     0.00249592     0.00231522
366     0.00900508     0.00262083     0.00262083     0.00262083     0.00283891     0.00297439     0.00274931
370     0.00937856     0.00285031     0.00285031     0.00285031     0.0031025     0.00325907     0.002999
374     0.0091192     0.00289273     0.00289273     0.00289273     0.00316019     0.00332646     0.0030504
378     0.0102293     0.00338194     0.00338194     0.00338194     0.00371001     0.00391427     0.00357529
382     0.0100114     0.00344803     0.00344803     0.00344803     0.0038008     0.00402066     0.00365594
386     0.0111837     0.00399974     0.00399974     0.00399974     0.0044295     0.00469742     0.00425309
390     0.0113186     0.00419898     0.00419898     0.00419898     0.00467275     0.00496804     0.00447837
394     0.0119722     0.00459263     0.00459263     0.00459263     0.00513439     0.00547193     0.00491225
398     0.0128333     0.00509191     0.00509191     0.00509191     0.00572259     0.00611533     0.00546414
402     0.0130511     0.00535208     0.00535208     0.00535208     0.00604526     0.00647699     0.00576125
406     0.0146592     0.00621252     0.00621252     0.00621252     0.0070523     0.00757558     0.00670821
410     0.0156551     0.00684388     0.00684388     0.00684388     0.00780891     0.00841053     0.00741349
414     0.0162776     0.00733589     0.00733589     0.00733589     0.00841636     0.00909006     0.00797369
418     0.0161013     0.00747221     0.00747221     0.00747221     0.00861761     0.00933168     0.00814843
422     0.0176782     0.00843665     0.00843665     0.00843665     0.00978252     0.0106212     0.00923146
426     0.0193381     0.00948277     0.00948277     0.00948277     0.01105     0.0120262     0.0104085
430     0.0208839     0.0105195     0.0105195     0.0105195     0.0123177     0.0134376     0.0115818
434     0.0226891     0.0117449     0.0117449     0.0117449     0.0138206     0.0151138     0.012971
438     0.0230729     0.0122646     0.0122646     0.0122646     0.0144944     0.0158844     0.0135814
442     0.0258014     0.0140701     0.0140701     0.0140701     0.0166882     0.0183212     0.0156158
446     0.0271501     0.0151853     0.0151853     0.0151853     0.018069     0.0198679     0.0168876
450     0.0281876     0.0161625     0.0161625     0.0161625     0.0192894     0.02124     0.0180083
454     0.0309264     0.0181764     0.0181764     0.0181764     0.0217307     0.0239476     0.0202744
458     0.0338313     0.0203847     0.0203847     0.0203847     0.0243979     0.0269013     0.0227533
462     0.0373586     0.0230904     0.0230904     0.0230904     0.0276343     0.0304697     0.0257713
466     0.040886     0.0259401     0.0259401     0.0259401     0.0310185     0.0341897     0.028935
470     0.0447453     0.0291561     0.0291561     0.0291561     0.0347944     0.038318     0.0324796
474     0.0495798     0.0332115     0.0332115     0.0332115     0.0395088     0.0434463     0.0369217
478     0.0537815     0.0370931     0.0370931     0.0370931     0.0439085     0.0481731     0.0411064
482     0.0583463     0.0415094     0.0415094     0.0415094     0.0488537     0.0534538     0.045831
486     0.0633053     0.0465895     0.0465895     0.0465895     0.0544546     0.0593876     0.0512134
490     0.0700176     0.0534548     0.0534548     0.0534548     0.0619615     0.0673045     0.0584508
494     0.0763357     0.0606525     0.0606525     0.0606525     0.0696564     0.0753206     0.0659347
498     0.083961     0.0697073     0.0697073     0.0697073     0.0792055     0.0851909     0.075272
502     0.0896669     0.0781353     0.0781353     0.0781353     0.0877731     0.09386     0.0837721
506     0.0949268     0.0872025     0.0872025     0.0872025     0.0967741     0.102838     0.0927884
510     0.0988588     0.0960922     0.0960922     0.0960922     0.105283     0.111129     0.101441
514     0.103112     0.106243     0.106243     0.106243     0.114884     0.12041     0.111252
518     0.104928     0.114642     0.114642     0.114642     0.122276     0.127195     0.119043
522     0.104337     0.120478     0.120478     0.120478     0.126735     0.130813     0.124056
526     0.100861     0.122353     0.122353     0.122353     0.126946     0.128742     0.126158
530     0.0950617     0.120168     0.120168     0.120168     0.122974     0.124911     0.121701
534     0.0902272     0.117841     0.117841     0.117841     0.118955     0.119839     0.118374
538     0.0872601     0.116678     0.116678     0.116678     0.116223     0.116133     0.116283
542     0.0776429     0.105503     0.105503     0.105503     0.103734     0.10281     0.104343
546     0.070443     0.0967129     0.0967129     0.0967129     0.0938762     0.0922733     0.0949313
550     0.0635647     0.0878246     0.0878246     0.0878246     0.0842173     0.0821177     0.0855984
554     0.0569457     0.0789727     0.0789727     0.0789727     0.0748355     0.0723872     0.0764448
558     0.050887     0.0706808     0.0706808     0.0706808     0.06621     0.0635386     0.067966
562     0.0446104     0.0619362     0.0619362     0.0619362     0.0574004     0.0546781     0.0591912
566     0.0416744     0.0577777     0.0577777     0.0577777     0.0529855     0.0501051     0.0548834
570     0.0365183     0.0506028     0.0506028     0.0506028     0.0459439     0.0431388     0.047794
574     0.0338313     0.0469489     0.0469489     0.0469489     0.0422131     0.0393515     0.0440999
578     0.0285922     0.0397828     0.0397828     0.0397828     0.0354475     0.0328185     0.0371801
582     0.026123     0.0364378     0.0364378     0.0364378     0.0321903     0.02961     0.0338911
586     0.0239029     0.0334302     0.0334302     0.0334302     0.0292846     0.0267643     0.0309466
590     0.0220458     0.0309739     0.0309739     0.0309739     0.0269175     0.0244461     0.0285472
594     0.0195041     0.0275993     0.0275993     0.0275993     0.0238063     0.0214826     0.0253358
598     0.0177612     0.0253371     0.0253371     0.0253371     0.0217007     0.0194605     0.0231723
602     0.0163814     0.0235139     0.0235139     0.0235139     0.0199937     0.0178213     0.0214206
606     0.0152609     0.0220046     0.0220046     0.0220046     0.0185931     0.0164912     0.0199753
610     0.0139952     0.020286     0.020286     0.020286     0.0170259     0.0150207     0.0183464
614     0.0129578     0.0189192     0.0189192     0.0189192     0.0157856     0.0138557     0.0170564
618     0.0116402     0.0171487     0.0171487     0.0171487     0.0142246     0.0124183     0.0154129
622     0.0106443     0.0158251     0.0158251     0.0158251     0.0130508     0.0113326     0.0141804
626     0.00971055     0.0145632     0.0145632     0.0145632     0.0119498     0.0103288     0.0130151
630     0.00963793     0.014571     0.014571     0.014571     0.0118874     0.010222     0.012982
634     0.00908808     0.0138495     0.0138495     0.0138495     0.0112466     0.00963171     0.0123085
638     0.00844486     0.0129789     0.0129789     0.0129789     0.0104855     0.00893835     0.0115033
642     0.00759415     0.0117848     0.0117848     0.0117848     0.00947723     0.00804275     0.0104204
646     0.00776014     0.0121774     0.0121774     0.0121774     0.00974555     0.0082289     0.0107417
650     0.00661894     0.0105004     0.0105004     0.0105004     0.00836447     0.00702785     0.0092413
654     0.00596535     0.00956821     0.00956821     0.00956821     0.0075916     0.00635139     0.00840446
658     0.00557112     0.0090298     0.0090298     0.0090298     0.00712963     0.00593497     0.0079121
662     0.00542587     0.0088821     0.0088821     0.0088821     0.00698239     0.00578653     0.00776552
666     0.00486565     0.00804831     0.00804831     0.00804831     0.00630074     0.00519925     0.00702184
670     0.00469966     0.00784971     0.00784971     0.00784971     0.00612578     0.00503821     0.00683773
674     0.00469966     0.00792856     0.00792856     0.00792856     0.00616235     0.00504724     0.0068923
678     0.00450254     0.0076707     0.0076707     0.0076707     0.00593728     0.00484262     0.00665404
682     0.00405644     0.00697226     0.00697226     0.00697226     0.00538167     0.00437762     0.00603936
686     0.00383857     0.00665824     0.00665824     0.00665824     0.00511639     0.00414384     0.00575392
690     0.00397344     0.00695904     0.00695904     0.00695904     0.00532658     0.00429668     0.00600181
694     0.0036622     0.00648467     0.00648467     0.00648467     0.00494468     0.00397144     0.00558242
698     0.0031331     0.00560893     0.00560893     0.00560893     0.00426219     0.00340938     0.00482068
702     0.00333022     0.00602398     0.00602398     0.00602398     0.00456611     0.00364178     0.00517128
706     0.00262475     0.00479767     0.00479767     0.00479767     0.0036241     0.00287953     0.00411158
710     0.00253138     0.00467677     0.00467677     0.00467677     0.00351657     0.00277933     0.003999
714     0.00232389     0.0043455     0.0043455     0.0043455     0.0032586     0.00256587     0.00371143
718     0.002604     0.00492482     0.00492482     0.00492482     0.00368014     0.00288433     0.0041997
722     0.00223052     0.00426621     0.00426621     0.00426621     0.00317332     0.00247359     0.00363004
726     0.00235502     0.00454576     0.00454576     0.00454576     0.00337087     0.00261897     0.00386187
730     0.00217865     0.00424152     0.00424152     0.00424152     0.00314006     0.00243559     0.00360031
734     0.00189854     0.00373389     0.00373389     0.00373389     0.0027534     0.00212609     0.00316333
738     0.00190891     0.00379613     0.00379613     0.00379613     0.00279093     0.00214659     0.00321172
742     0.00192966     0.0038797     0.0038797     0.0038797     0.00284131     0.00217382     0.00327677
746     0.00195041     0.00397059     0.00397059     0.00397059     0.00290022     0.00220985     0.00335004
750     0.00173254     0.00356929     0.00356929     0.00356929     0.00259826     0.00197043     0.00300696
754     0.00194003     0.00403384     0.00403384     0.00403384     0.00292535     0.00220833     0.00339213
758     0.0016288     0.00341838     0.00341838     0.00341838     0.00247485     0.00186472     0.00287219
762     0.00149393     0.00316565     0.00316565     0.00316565     0.00228412     0.00171397     0.00265545
766     0.00168067     0.00359918     0.00359918     0.00359918     0.00259187     0.00193968     0.00301661
770     0.00149393     0.00323364     0.00323364     0.00323364     0.00231792     0.00172357     0.0027046
774     0.00147318     0.00322721     0.00322721     0.00322721     0.00230505     0.00170458     0.00269525
778     0.00125532     0.00278194     0.00278194     0.00278194     0.00198224     0.00145999     0.00232123
782     0.00135906     0.00304364     0.00304364     0.00304364     0.00216291     0.00158688     0.00253665
786     0.00124494     0.00281434     0.00281434     0.00281434     0.00199281     0.00145541     0.00234154
790     0.00106858     0.0024385     0.0024385     0.0024385     0.00172093     0.00125152     0.00202561
794     0.000819587     0.00188939     0.00188939     0.00188939     0.00133079     0.000965045     0.00156813
798     0.00104783     0.00243819     0.00243819     0.00243819     0.00171169     0.00123527     0.00202069
802     0.00106858     0.00251572     0.00251572     0.00251572     0.00176153     0.00126576     0.00208282
806     0.000944081     0.00224761     0.00224761     0.00224761     0.0015688     0.00112139     0.00185847
810     0.000944081     0.00227519     0.00227519     0.00227519     0.0015834     0.00112607     0.00187913
814     0.000944081     0.00229735     0.00229735     0.00229735     0.00159363     0.00112741     0.00189488
818     0.000881834     0.00216976     0.00216976     0.00216976     0.00150241     0.00105945     0.00178845
822     0.00111007     0.00275768     0.00275768     0.00275768     0.00190456     0.00133758     0.00227054
826     0.000829961     0.00208228     0.00208228     0.00208228     0.00143313     0.00100124     0.00171184
830     0.000840336     0.00213087     0.00213087     0.00213087     0.00146011     0.00101312     0.0017484
834     0.000767714     0.0019668     0.0019668     0.0019668     0.00134396     0.000927972     0.00161204
838     0.000736591     0.00190727     0.00190727     0.00190727     0.00130102     0.000895157     0.00156235
842     0.000798838     0.00209147     0.00209147     0.00209147     0.00142092     0.000971028     0.00171035
846     0.00064322     0.00169989     0.00169989     0.00169989     0.00115203     0.000783928     0.00138873
850     0.000601722     0.00160785     0.00160785     0.00160785     0.00108798     0.000738126     0.00131284
854     0.000612097     0.00165306     0.00165306     0.00165306     0.00111356     0.000749617     0.00134726
858     0.000549849     0.00149908     0.00149908     0.00149908     0.00100987     0.000679118     0.00122207
862     0.000684718     0.00188777     0.00188777     0.00188777     0.00126423     0.000841576     0.00153513
866     0.000456479     0.00127202     0.00127202     0.00127202     0.000850609     0.00056437     0.00103393
870     0.000497977     0.00140205     0.00140205     0.00140205     0.000933293     0.000614356     0.00113744
874     0.000560224     0.00159212     0.00159212     0.00159212     0.00105852     0.000694987     0.00129113
878     0.000508351     0.00145951     0.00145951     0.00145951     0.000969384     0.000634992     0.00118325
882     0.000477228     0.00138357     0.00138357     0.00138357     0.000913495     0.000592285     0.00111881
886     0.000601722     0.00176077     0.00176077     0.00176077     0.00116067     0.000749885     0.00142305
890     0.000477228     0.00141085     0.00141085     0.00141085     0.000927759     0.000596284     0.00113929
894     0.000549849     0.00164436     0.00164436     0.00164436     0.00107511     0.000683404     0.00132481
898     0.000404606     0.00122386     0.00122386     0.00122386     0.000801116     0.000509354     0.000986879
902     0.000466853     0.00142485     0.00142485     0.00142485     0.000928907     0.000585853     0.00114714
906     0.000466853     0.0014407     0.0014407     0.0014407     0.000938058     0.000589625     0.00115953
910     0.000383857     0.00119613     0.00119613     0.00119613     0.000775924     0.000484039     0.000961313
914     0.0005291     0.00166537     0.00166537     0.00166537     0.00107716     0.000667472     0.00133709
918     0.000394232     0.00125426     0.00125426     0.00125426     0.000807096     0.000494818     0.00100501
922     0.00032161     0.00103413     0.00103413     0.00103413     0.000664475     0.000405675     0.00082832
926     0.000477228     0.00154878     0.00154878     0.00154878     0.000994396     0.000605509     0.0012404
930     0.000331985     0.00108806     0.00108806     0.00108806     0.000695068     0.000418878     0.00086968
934     0.000311236     0.00103141     0.00103141     0.00103141     0.000655993     0.000391412     0.000823067
938     0.000290486     0.000971695     0.000971695     0.000971695     0.000617236     0.000366785     0.000775227
942     0.000259363     0.000877087     0.000877087     0.000877087     0.000555331     0.000327384     0.000698969
946     0.000238614     0.000815381     0.000815381     0.000815381     0.000515543     0.000302705     0.000649564
950     0.000352734     0.00121692     0.00121692     0.00121692     0.000767541     0.000447916     0.000968651
954     0.000300861     0.00104764     0.00104764     0.00104764     0.000658481     0.000381121     0.000832862
958     0.000300861     0.0010588     0.0010588     0.0010588     0.000662019     0.000378447     0.000840091
962     0.000197116     0.000700625     0.000700625     0.000700625     0.000438068     0.000249916     0.000556092
966     0.000228239     0.000819354     0.000819354     0.000819354     0.000510926     0.00028926     0.000649789
970     0.000259363     0.000941575     0.000941575     0.000941575     0.000585998     0.000329699     0.000746375
974     0.000248988     0.000912137     0.000912137     0.000912137     0.000566968     0.000317583     0.000722852
978     0.000342359     0.0012667     0.0012667     0.0012667     0.00078459     0.000435459     0.00100262
982     0.000259363     0.000969837     0.000969837     0.000969837     0.000599339     0.000330363     0.000767149
986     0.000248988     0.000940579     0.000940579     0.000940579     0.000579774     0.000317152     0.000743437
990     0.000248988     0.00094964     0.00094964     0.00094964     0.000582609     0.000314706     0.000749368
994     0.000155618     0.000599871     0.000599871     0.000599871     0.000367708     0.000197708     0.000473382
998     0.000248988     0.00096986     0.00096986     0.00096986     0.000591288     0.000313518     0.000763801
1002     0.000259363     0.00102041     0.00102041     0.00102041     0.00104836     0.00106738     0.00103587
1006     0.00020749     0.000825305     0.000825305     0.000825305     0.000847913     0.00086329     0.000837808
1010     0.000217865     0.00087461     0.00087461     0.00087461     0.000898568     0.000914864     0.00088786
1014     0.000259363     0.00105249     0.00105249     0.00105249     0.00108132     0.00110093     0.00106843
1018     0.000103745     0.000424688     0.000424688     0.000424688     0.000436321     0.000444234     0.000431122
1022     0.000217865     0.000903149     0.000903149     0.000903149     0.000927889     0.000944717     0.000916831
1026     0.000145243     0.00060876     0.00060876     0.00060876     0.000625436     0.000636778     0.000617983
1030     0.000186741     0.000790716     0.000790716     0.000790716     0.000812376     0.000827109     0.000802695
1034     0.00020749     0.000887071     0.000887071     0.000887071     0.000911371     0.000927899     0.00090051
1038     0.000124494     0.000537452     0.000537452     0.000537452     0.000552175     0.000562189     0.000545595
1042     0.000248988     0.00108801     0.00108801     0.00108801     0.00111781     0.00113808     0.00110449
1046     0.000165992     0.000732801     0.000732801     0.000732801     0.000752875     0.000766529     0.000743903
1050     0.000145243     0.000647842     0.000647842     0.000647842     0.000665588     0.000677659     0.000657656
1054     0.000155618     0.00070137     0.00070137     0.00070137     0.000720583     0.000733651     0.000711996
1058     0.00011412     0.000519643     0.000519643     0.000519643     0.000533878     0.00054356     0.000527516
1062     0.000124494     0.000572766     0.000572766     0.000572766     0.000588456     0.000599128     0.000581443
1066     0.00011412     0.000530266     0.000530266     0.000530266     0.000544792     0.000554672     0.000538299
1070     0.000103745     0.000487472     0.000487472     0.000487472     0.000500826     0.000509908     0.000494857
1074     0.000103745     0.000492729     0.000492729     0.000492729     0.000506226     0.000515407     0.000500194
1078     0.00011412     0.000546975     0.000546975     0.000546975     0.000561959     0.00057215     0.000555262
1082     0.000197116     0.000955513     0.000955513     0.000955513     0.000981687     0.00099949     0.000969988
1086     0.000176367     0.000862673     0.000862673     0.000862673     0.000886305     0.000902378     0.000875743
1090     0.000186741     0.000923854     0.000923854     0.000923854     0.000949161     0.000966375     0.00093785
1094     0.00011412     0.000570418     0.000570418     0.000570418     0.000586044     0.000596672     0.00057906
1098     6.22471e-05     0.000314517     0.000314517     0.000314517     0.000323133     0.000328993     0.000319282
1102     0.000145243     0.000741925     0.000741925     0.000741925     0.000762249     0.000776072     0.000753165
1106     8.29961e-05     0.000427846     0.000427846     0.000427846     0.000439566     0.000447538     0.000434328
1110     0.00011412     0.000594822     0.000594822     0.000594822     0.000611116     0.000622199     0.000603834
1114     5.18726e-05     0.00027256     0.00027256     0.00027256     0.000280026     0.000285105     0.000276689
1118     8.29961e-05     0.000441813     0.000441813     0.000441813     0.000453916     0.000462148     0.000448506
1122     8.29961e-05     0.000446036     0.000446036     0.000446036     0.000458255     0.000466565     0.000452794
1126     0.000103745     0.000562882     0.000562882     0.000562882     0.000578302     0.000588789     0.00057141
1130     8.29961e-05     0.000454879     0.000454879     0.000454879     0.00046734     0.000475815     0.000461771
1134     0.00011412     0.000631966     0.000631966     0.000631966     0.000649277     0.000661052     0.00064154
1138     6.22471e-05     0.000348362     0.000348362     0.000348362     0.000357905     0.000364396     0.00035364
1142     6.22471e-05     0.000351231     0.000351231     0.000351231     0.000360853     0.000367397     0.000356552
1146     0.000103745     0.000591161     0.000591161     0.000591161     0.000607355     0.00061837     0.000600117
1150     0.00011412     0.000657186     0.000657186     0.000657186     0.000675188     0.000687433     0.000667142
1154     7.26216e-05     0.000422694     0.000422694     0.000422694     0.000434272     0.000442148     0.000429097
1158     9.33707e-05     0.00054792     0.00054792     0.00054792     0.00056293     0.000573139     0.000556221
1162     7.26216e-05     0.000431248     0.000431248     0.000431248     0.000443061     0.000451096     0.000437781
1166     6.22471e-05     0.000373247     0.000373247     0.000373247     0.000383472     0.000390426     0.000378902
1170     0.00011412     0.000690755     0.000690755     0.000690755     0.000709677     0.000722547     0.00070122
1174     9.33707e-05     0.000569319     0.000569319     0.000569319     0.000584914     0.000595522     0.000577944
1178     0.00011412     0.000703889     0.000703889     0.000703889     0.000723171     0.000736286     0.000714553
1182     5.18726e-05     0.000323119     0.000323119     0.000323119     0.00033197     0.000337991     0.000328014
1186     8.29961e-05     0.000521848     0.000521848     0.000521848     0.000536143     0.000545866     0.000529754
1190     0.000103745     0.000658543     0.000658543     0.000658543     0.000676582     0.000688852     0.00066852
1194     9.33707e-05     0.000598412     0.000598412     0.000598412     0.000614805     0.000625955     0.000607478
1198     5.18726e-05     0.000335694     0.000335694     0.000335694     0.000344889     0.000351144     0.000340779
1202     0.00011412     0.000745514     0.000745514     0.000745514     0.000765936     0.000779826     0.000756808
1206     4.14981e-05     0.000273715     0.000273715     0.000273715     0.000281213     0.000286313     0.000277862
1210     0.00011412     0.000758615     0.000758615     0.000758615     0.000779396     0.000793531     0.000770108
1214     8.29961e-05     0.000558181     0.000558181     0.000558181     0.000573471     0.000583872     0.000566637
1218     5.18726e-05     0.000351772     0.000351772     0.000351772     0.000361408     0.000367963     0.000357101
1222     8.29961e-05     0.000568115     0.000568115     0.000568115     0.000583678     0.000594263     0.000576722
1226     3.11235e-05     0.000214636     0.000214636     0.000214636     0.000220515     0.000224515     0.000217888
1230     5.18726e-05     0.000361204     0.000361204     0.000361204     0.000371098     0.000377828     0.000366676
1234     3.11235e-05     0.000218602     0.000218602     0.000218602     0.00022459     0.000228663     0.000221913
1238     5.18726e-05     0.000368365     0.000368365     0.000368365     0.000378455     0.000385319     0.000373945
1242     6.22471e-05     0.000445221     0.000445221     0.000445221     0.000457417     0.000465712     0.000451966
1246     8.29961e-05     0.000600048     0.000600048     0.000600048     0.000616486     0.000627666     0.000609139
1250     1.03745e-05     7.57429e-05     7.57429e-05     7.57429e-05     7.78177e-05     7.9229e-05     7.68904e-05
1254     8.29961e-05     0.000609275     0.000609275     0.000609275     0.000625965     0.000637317     0.000618505
1258     5.18726e-05     0.00038463     0.00038463     0.00038463     0.000395166     0.000402333     0.000390457
1262     3.11235e-05     0.000233201     0.000233201     0.000233201     0.000239589     0.000243934     0.000236734
1266     5.18726e-05     0.0003914     0.0003914     0.0003914     0.000402122     0.000409415     0.00039733
1270     4.14981e-05     0.000316547     0.000316547     0.000316547     0.000325218     0.000331116     0.000321343
1274     4.14981e-05     0.000318554     0.000318554     0.000318554     0.00032728     0.000333216     0.00032338
1278     6.22471e-05     0.000482485     0.000482485     0.000482485     0.000495702     0.000504691     0.000489794
1282     2.0749e-05     0.000162192     0.000162192     0.000162192     0.000166635     0.000169657     0.000164649
1286     5.18726e-05     0.000408856     0.000408856     0.000408856     0.000420055     0.000427673     0.00041505
1290     4.14981e-05     0.000330318     0.000330318     0.000330318     0.000339367     0.000345521     0.000335322
1294     1.03745e-05     8.33423e-05     8.33423e-05     8.33423e-05     8.56253e-05     8.71782e-05     8.46049e-05
1298     5.18726e-05     0.000419531     0.000419531     0.000419531     0.000431024     0.00043884     0.000425887
1302     2.0749e-05     0.000169025     0.000169025     0.000169025     0.000173655     0.000176804     0.000171586
1306     5.18726e-05     0.000426169     0.000426169     0.000426169     0.000437843     0.000445784     0.000432626
1310     6.22471e-05     0.000516178     0.000516178     0.000516178     0.000530317     0.000539935     0.000523998
1314     2.0749e-05     0.000173065     0.000173065     0.000173065     0.000177806     0.00018103     0.000175687
1318     4.14981e-05     0.000349433     0.000349433     0.000349433     0.000359006     0.000365516     0.000354727
1322     1.03745e-05     8.84769e-05     8.84769e-05     8.84769e-05     9.09006e-05     9.25491e-05     8.98173e-05
1326     3.11235e-05     0.000266108     0.000266108     0.000266108     0.000273397     0.000278355     0.000270139
1330     0     0     0     0     0     0     0
1334     0     0     0     0     0     0     0
1338     0     0     0     0     0     0     0
1342     0     0     0     0     0     0     0
1346     0     0     0     0     0     0     0
1350     0     0     0     0     0     0     0
1354     0     0     0     0     0     0     0
1358     0     0     0     0     0     0     0
1362     0     0     0     0     0     0     0
1366     0     0     0     0     0     0     0
1370     0     0     0     0     0     0     0
1374     0     0     0     0     0     0     0
1378     0     0     0     0     0     0     0
1382     0     0     0     0     0     0     0
1386     0     0     0     0     0     0     0
1390     0     0     0     0     0     0     0
1394     0     0     0     0     0     0     0
1398     0     0     0     0     0     0     0
1402     0     0     0     0     0     0     0
1406     0     0     0     0     0     0     0
1410     0     0     0     0     0     0     0
1414     0     0     0     0     0     0     0
1418     0     0     0     0     0     0     0
1422     0     0     0     0     0     0     0
1426     0     0     0     0     0     0     0
1430     0     0     0     0     0     0     0
1434     0     0     0     0     0     0     0
1438     0     0     0     0     0     0     0
1442     0     0     0     0     0     0     0
1446     0     0     0     0     0     0     0
1450     0     0     0     0     0     0     0
1454     0     0     0     0     0     0     0
1458     0     0     0     0     0     0     0
1462     0     0     0     0     0     0     0
1466     0     0     0     0     0     0     0
1470     0     0     0     0     0     0     0
1474     0     0     0     0     0     0     0
1478     0     0     0     0     0     0     0
1482     0     0     0     0     0     0     0
1486     0     0     0     0     0     0     0
1490     0     0     0     0     0     0     0
1494     0     0     0     0     0     0     0
1498     0     0     0     0     0     0     0
1502     0     0     0     0     0     0     0
1506     0     0     0     0     0     0     0
1510     0     0     0     0     0     0     0
1514     0     0     0     0     0     0     0
1518     0     0     0     0     0     0     0
1522     0     0     0     0     0     0     0
1526     0     0     0     0     0     0     0
1530     0     0     0     0     0     0     0
1534     0     0     0     0     0     0     0
1538     0     0     0     0     0     0     0
1542     0     0     0     0     0     0     0
1546     0     0     0     0     0     0     0
1550     0     0     0     0     0     0     0
1554     0     0     0     0     0     0     0
1558     0     0     0     0     0     0     0
1562     0     0     0     0     0     0     0
1566     0     0     0     0     0     0     0
1570     0     0     0     0     0     0     0
1574     0     0     0     0     0     0     0
1578     0     0     0     0     0     0     0
1582     0     0     0     0     0     0     0
1586     0     0     0     0     0     0     0
1590     0     0     0     0     0     0     0
1594     0     0     0     0     0     0     0
1598     0     0     0     0     0     0     0
1602     0     0     0     0     0     0     0
1606     0     0     0     0     0     0     0
1610     0     0     0     0     0     0     0
1614     0     0     0     0     0     0     0
1618     0     0     0     0     0     0     0
1622     0     0     0     0     0     0     0
1626     0     0     0     0     0     0     0
1630     0     0     0     0     0     0     0
1634     0     0     0     0     0     0     0
1638     0     0     0     0     0     0     0
1642     0     0     0     0     0     0     0
1646     0     0     0     0     0     0     0
1650     0     0     0     0     0     0     0
1654     0     0     0     0     0     0     0
1658     0     0     0     0     0     0     0
1662     0     0     0     0     0     0     0
1666     0     0     0     0     0     0     0
1670     0     0     0     0     0     0     0
1674     0     0     0     0     0     0     0
1678     0     0     0     0     0     0     0
1682     0     0     0     0     0     0     0
1686     0     0     0     0     0     0     0
1690     0     0     0     0     0     0     0
1694     0     0     0     0     0     0     0
1698     0     0     0     0     0     0     0
1702     0     0     0     0     0     0     0
1706     0     0     0     0     0     0     0
1710     0     0     0     0     0     0     0
1714     0     0     0     0     0     0     0
1718     0     0     0     0     0     0     0
1722     0     0     0     0     0     0     0
1726     0     0     0     0     0     0     0
1730     0     0     0     0     0     0     0
1734     0     0     0     0     0     0     0
1738     0     0     0     0     0     0     0
1742     0     0     0     0     0     0     0
1746     0     0     0     0     0     0     0
1750     0     0     0     0     0     0     0
1754     0     0     0     0     0     0     0
1758     0     0     0     0     0     0     0
1762     0     0     0     0     0     0     0
1766     0     0     0     0     0     0     0
1770     0     0     0     0     0     0     0
1774     0     0     0     0     0     0     0
1778     0     0     0     0     0     0     0
1782     0     0     0     0     0     0     0
1786     0     0     0     0     0     0     0
1790     0     0     0     0     0     0     0
1794     0     0     0     0     0     0     0
1798     0     0     0     0     0     0     0
1802     0     0     0     0     0     0     0
1806     0     0     0     0     0     0     0
1810     0     0     0     0     0     0     0
1814     0     0     0     0     0     0     0
1818     0     0     0     0     0     0     0
1822     0     0     0     0     0     0     0
1826     0     0     0     0     0     0     0
1830     0     0     0     0     0     0     0
1834     0     0     0     0     0     0     0
1838     0     0     0     0     0     0     0
1842     0     0     0     0     0     0     0
1846     0     0     0     0     0     0     0
1850     0     0     0     0     0     0     0
1854     0     0     0     0     0     0     0
1858     0     0     0     0     0     0     0
1862     0     0     0     0     0     0     0
1866     0     0     0     0     0     0     0
1870     0     0     0     0     0     0     0
1874     0     0     0     0     0     0     0
1878     0     0     0     0     0     0     0
1882     0     0     0     0     0     0     0
1886     0     0     0     0     0     0     0
1890     0     0     0     0     0     0     0
1894     0     0     0     0     0     0     0
1898     0     0     0     0     0     0     0
1902     0     0     0     0     0     0     0
1906     0     0     0     0     0     0     0
1910     0     0     0     0     0     0     0
1914     0     0     0     0     0     0     0
1918     0     0     0     0     0     0     0
1922     0     0     0     0     0     0     0
1926     0     0     0     0     0     0     0
1930     0     0     0     0     0     0     0
1934     0     0     0     0     0     0     0
1938     0     0     0     0     0     0     0
1942     0     0     0     0     0     0     0
1946     0     0     0     0     0     0     0
1950     0     0     0     0     0     0     0
1954     0     0     0     0     0     0     0
1958     0     0     0     0     0     0     0
1962     0     0     0     0     0     0     0
1966     0     0     0     0     0     0     0
1970     0     0     0     0     0     0     0
1974     0     0     0     0     0     0     0
1978     0     0     0     0     0     0     0
1982     0     0     0     0     0     0     0
1986     0     0     0     0     0     0     0
1990     0     0     0     0     0     0     0
1994     0     0     0     0     0     0     0
1998     0     0     0     0     0     0     0
2002     0     0     0     0     0     0     0
2006     0     0     0     0     0     0     0
2010     0     0     0     0     0     0     0
2014     0     0     0     0     0     0     0
2018     0     0     0     0     0     0     0
2022     0     0     0     0     0     0     0
2026     0     0     0     0     0     0     0
2030     0     0     0     0     0     0     0
2034     0     0     0     0     0     0     0
2038     0     0     0     0     0     0     0
2042     0     0     0     0     0     0     0
2046     0     0     0     0     0     0     0
2050     0     0     0     0     0     0     0
2054     0     0     0     0     0     0     0
2058     0     0     0     0     0     0     0
2062     0     0     0     0     0     0     0
2066     0     0     0     0     0     0     0
2070     0     0     0     0     0     0     0
2074     0     0     0     0     0     0     0
2078     0     0     0     0     0     0     0
2082     0     0     0     0     0     0     0
2086     0     0     0     0     0     0     0
2090     0     0     0     0     0     0     0
2094     0     0     0     0     0     0     0
2098     0     0     0     0     0     0     0
2102     0     0     0     0     0     0     0
2106     0     0     0     0     0     0     0
2110     0     0     0     0     0     0     0
2114     0     0     0     0     0     0     0
2118     0     0     0     0     0     0     0
2122     0     0     0     0     0     0     0
2126     0     0     0     0     0     0     0
2130     0     0     0     0     0     0     0
2134     0     0     0     0     0     0     0
2138     0     0     0     0     0     0     0
2142     0     0     0     0     0     0     0
2146     0     0     0     0     0     0     0
2150     0     0     0     0     0     0     0
2154     0     0     0     0     0     0     0
2158     0     0     0     0     0     0     0
2162     0     0     0     0     0     0     0
2166     0     0     0     0     0     0     0
2170     0     0     0     0     0     0     0
2174     0     0     0     0     0     0     0
2178     0     0     0     0     0     0     0
2182     0     0     0     0     0     0     0
2186     0     0     0     0     0     0     0
2190     0     0     0     0     0     0     0
2194     0     0     0     0     0     0     0
2198     0     0     0     0     0     0     0
2202     0     0     0     0     0     0     0
2206     0     0     0     0     0     0     0
2210     0     0     0     0     0     0     0
2214     0     0     0     0     0     0     0
2218     0     0     0     0     0     0     0
2222     0     0     0     0     0     0     0
2226     0     0     0     0     0     0     0
2230     0     0     0     0     0     0     0
2234     0     0     0     0     0     0     0
2238     0     0     0     0     0     0     0
2242     0     0     0     0     0     0     0
2246     0     0     0     0     0     0     0
2250     0     0     0     0     0     0     0
2254     0     0     0     0     0     0     0
2258     0     0     0     0     0     0     0
2262     0     0     0     0     0     0     0
2266     0     0     0     0     0     0     0
2270     0     0     0     0     0     0     0
2274     0     0     0     0     0     0     0
2278     0     0     0     0     0     0     0
2282     0     0     0     0     0     0     0
2286     0     0     0     0     0     0     0
2290     0     0     0     0     0     0     0
2294     0     0     0     0     0     0     0
2298     0     0     0     0     0     0     0
2302     0     0     0     0     0     0     0
2306     0     0     0     0     0     0     0
2310     0     0     0     0     0     0     0
2314     0     0     0     0     0     0     0
2318     0     0     0     0     0     0     0
2322     0     0     0     0     0     0     0
2326     0     0     0     0     0     0     0
2330     0     0     0     0     0     0     0
2334     0     0     0     0     0     0     0
2338     0     0     0     0     0     0     0
2342     0     0     0     0     0     0     0
2346     0     0     0     0     0     0     0
2350     0     0     0     0     0     0     0
2354     0     0     0     0     0     0     0
2358     0     0     0     0     0     0     0
2362     0     0     0     0     0     0     0
2366     0     0     0     0     0     0     0
2370     0     0     0     0     0     0     0
2374     0     0     0     0     0     0     0
2378     0     0     0     0     0     0     0
2382     0     0     0     0     0     0     0
2386     0     0     0     0     0     0     0
2390     0     0     0     0     0     0     0
2394     0     0     0     0     0     0     0
2398     0     0     0     0     0     0     0
2402     0     0     0     0     0     0     0
2406     0     0     0     0     0     0     0
2410     0     0     0     0     0     0     0
2414     0     0     0     0     0     0     0
2418     0     0     0     0     0     0     0
2422     0     0     0     0     0     0     0
2426     0     0     0     0     0     0     0
2430     0     0     0     0     0     0     0
2434     0     0     0     0     0     0     0
2438     0     0     0     0     0     0     0
2442     0     0     0     0     0     0     0
2446     0     0     0     0     0     0     0
2450     0     0     0     0     0     0     0
2454     0     0     0     0     0     0     0
2458     0     0     0     0     0     0     0
2462     0     0     0     0     0     0     0
2466     0     0     0     0     0     0     0
2470     0     0     0     0     0     0     0
2474     0     0     0     0     0     0     0
2478     0     0     0     0     0     0     0
2482     0     0     0     0     0     0     0
2486     0     0     0     0     0     0     0
2490     0     0     0     0     0     0     0
2494     0     0     0     0     0     0     0
2498     0     0     0     0     0     0     0
2502     0     0     0     0     0     0     0
2506     0     0     0     0     0     0     0
2510     0     0     0     0     0     0     0
2514     0     0     0     0     0     0     0
2518     0     0     0     0     0     0     0
2522     0     0     0     0     0     0     0
2526     0     0     0     0     0     0     0
2530     0     0     0     0     0     0     0
2534     0     0     0     0     0     0     0
2538     0     0     0     0     0     0     0
2542     0     0     0     0     0     0     0
2546     0     0     0     0     0     0     0
2550     0     0     0     0     0     0     0
2554     0     0     0     0     0     0     0
2558     0     0     0     0     0     0     0
2562     0     0     0     0     0     0     0
2566     0     0     0     0     0     0     0
2570     0     0     0     0     0     0     0
2574     0     0     0     0     0     0     0
2578     0     0     0     0     0     0     0
2582     0     0     0     0     0     0     0
2586     0     0     0     0     0     0     0
2590     0     0     0     0     0     0     0
2594     0     0     0     0     0     0     0
2598     0     0     0     0     0     0     0
2602     0     0     0     0     0     0     0
2606     0     0     0     0     0     0     0
2610     0     0     0     0     0     0     0
2614     0     0     0     0     0     0     0
2618     0     0     0     0     0     0     0
2622     0     0     0     0     0     0     0
2626     0     0     0     0     0     0     0
2630     0     0     0     0     0     0     0
2634     0     0     0     0     0     0     0
2638     0     0     0     0     0     0     0
2642     0     0     0     0     0     0     0
2646     0     0     0     0     0     0     0
2650     0     0     0     0     0     0     0
2654     0     0     0     0     0     0     0
2658     0     0     0     0     0     0     0
2662     0     0     0     0     0     0     0
2666     0     0     0     0     0     0     0
2670     0     0     0     0     0     0     0
2674     0     0     0     0     0     0     0
2678     0     0     0     0     0     0     0
2682     0     0     0     0     0     0     0
2686     0     0     0     0     0     0     0
2690     0     0     0     0     0     0     0
2694     0     0     0     0     0     0     0
2698     0     0     0     0     0     0     0
2702     0     0     0     0     0     0     0
2706     0     0     0     0     0     0     0
2710     0     0     0     0     0     0     0
2714     0     0     0     0     0     0     0
2718     0     0     0     0     0     0     0
2722     0     0     0     0     0     0     0
2726     0     0     0     0     0     0     0
2730     0     0     0     0     0     0     0
2734     0     0     0     0     0     0     0
2738     0     0     0     0     0     0     0
2742     0     0     0     0     0     0     0
2746     0     0     0     0     0     0     0
2750     0     0     0     0     0     0     0
2754     0     0     0     0     0     0     0
2758     0     0     0     0     0     0     0
2762     0     0     0     0     0     0     0
2766     0     0     0     0     0     0     0
2770     0     0     0     0     0     0     0
2774     0     0     0     0     0     0     0
2778     0     0     0     0     0     0     0
2782     0     0     0     0     0     0     0
2786     0     0     0     0     0     0     0
2790     0     0     0     0     0     0     0
2794     0     0     0     0     0     0     0
2798     0     0     0     0     0     0     0
2802     0     0     0     0     0     0     0
2806     0     0     0     0     0     0     0
2810     0     0     0     0     0     0     0
2814     0     0     0     0     0     0     0
2818     0     0     0     0     0     0     0
2822     0     0     0     0     0     0     0
2826     0     0     0     0     0     0     0
2830     0     0     0     0     0     0     0
2834     0     0     0     0     0     0     0
2838     0     0     0     0     0     0     0
2842     0     0     0     0     0     0     0
2846     0     0     0     0     0     0     0
2850     0     0     0     0     0     0     0
2854     0     0     0     0     0     0     0
2858     0     0     0     0     0     0     0
2862     0     0     0     0     0     0     0
2866     0     0     0     0     0     0     0
2870     0     0     0     0     0     0     0
2874     0     0     0     0     0     0     0
2878     0     0     0     0     0     0     0
2882     0     0     0     0     0     0     0
2886     0     0     0     0     0     0     0
2890     0     0     0     0     0     0     0
2894     0     0     0     0     0     0     0
2898     0     0     0     0     0     0     0
2902     0     0     0     0     0     0     0
2906     0     0     0     0     0     0     0
2910     0     0     0     0     0     0     0
2914     0     0     0     0     0     0     0
2918     0     0     0     0     0     0     0
2922     0     0     0     0     0     0     0
2926     0     0     0     0     0     0     0
2930     0     0     0     0     0     0     0
2934     0     0     0     0     0     0     0
2938     0     0     0     0     0     0     0
2942     0     0     0     0     0     0     0
2946     0     0     0     0     0     0     0
2950     0     0     0     0     0     0     0
2954     0     0     0     0     0     0     0
2958     0     0     0     0     0     0     0
2962     0     0     0     0     0     0     0
2966     0     0     0     0     0     0     0
2970     0     0     0     0     0     0     0
2974     0     0     0     0     0     0     0
2978     0     0     0     0     0     0     0
2982     0     0     0     0     0     0     0
2986     0     0     0     0     0     0     0
2990     0     0     0     0     0     0     0
2994     0     0     0     0     0     0     0
2998     0     0     0     0     0     0     0
3002     0     0     0     0     0     0     0
3006     0     0     0     0     0     0     0
3010     0     0     0     0     0     0     0
3014     0     0     0     0     0     0     0
3018     0     0     0     0     0     0     0
3022     0     0     0     0     0     0     0
3026     0     0     0     0     0     0     0
3030     0     0     0     0     0     0     0
3034     0     0     0     0     0     0     0
3038     0     0     0     0     0     0     0
3042     0     0     0     0     0     0     0
3046     0     0     0     0     0     0     0
3050     0     0     0     0     0     0     0
3054     0     0     0     0     0     0     0
3058     0     0     0     0     0     0     0
3062     0     0     0     0     0     0     0
3066     0     0     0     0     0     0     0
3070     0     0     0     0     0     0     0
3074     0     0     0     0     0     0     0
3078     0     0     0     0     0     0     0
3082     0     0     0     0     0     0     0
3086     0     0     0     0     0     0     0
3090     0     0     0     0     0     0     0
3094     0     0     0     0     0     0     0
3098     0     0     0     0     0     0     0
3102     0     0     0     0     0     0     0
3106     0     0     0     0     0     0     0
3110     0     0     0     0     0     0     0
3114     0     0     0     0     0     0     0
3118     0     0     0     0     0     0     0
3122     0     0     0     0     0     0     0
3126     0     0     0     0     0     0     0
3130     0     0     0     0     0     0     0
3134     0     0     0     0     0     0     0
3138     0     0     0     0     0     0     0
3142     0     0     0     0     0     0     0
3146     0     0     0     0     0     0     0
3150     0     0     0     0     0     0     0
3154     0     0     0     0     0     0     0
3158     0     0     0     0     0     0     0
3162     0     0     0     0     0     0     0
3166     0     0     0     0     0     0     0
3170     0     0     0     0     0     0     0
3174     0     0     0     0     0     0     0
3178     0     0     0     0     0     0     0
3182     0     0     0     0     0     0     0
3186     0     0     0     0     0     0     0
3190     0     0     0     0     0     0     0
3194     0     0     0     0     0     0     0
3198     0     0     0     0     0     0     0
3202     0     0     0     0     0     0     0
3206     0     0     0     0     0     0     0
3210     0     0     0     0     0     0     0
3214     0     0     0     0     0     0     0
3218     0     0     0     0     0     0     0
3222     0     0     0     0     0     0     0
3226     0     0     0     0     0     0     0
3230     0     0     0     0     0     0     0
3234     0     0     0     0     0     0     0
3238     0     0     0     0     0     0     0
3242     0     0     0     0     0     0     0
3246     0     0     0     0     0     0     0
3250     0     0     0     0     0     0     0
3254     0     0     0     0     0     0     0
3258     0     0     0     0     0     0     0
3262     0     0     0     0     0     0     0
3266     0     0     0     0     0     0     0
3270     0     0     0     0     0     0     0
3274     0     0     0     0     0     0     0
3278     0     0     0     0     0     0     0
3282     0     0     0     0     0     0     0
3286     0     0     0     0     0     0     0
3290     0     0     0     0     0     0     0
3294     0     0     0     0     0     0     0
3298     0     0     0     0     0     0     0
3302     0     0     0     0     0     0     0
3306     0     0     0     0     0     0     0
3310     0     0     0     0     0     0     0
3314     0     0     0     0     0     0     0
3318     0     0     0     0     0     0     0
3322     0     0     0     0     0     0     0
3326     0     0     0     0     0     0     0
3330     0     0     0     0     0     0     0
3334     0     0     0     0     0     0     0
3338     0     0     0     0     0     0     0
3342     0     0     0     0     0     0     0
3346     0     0     0     0     0     0     0
3350     0     0     0     0     0     0     0
3354     0     0     0     0     0     0     0
3358     0     0     0     0     0     0     0
3362     0     0     0     0     0     0     0
3366     0     0     0     0     0     0     0
3370     0     0     0     0     0     0     0
3374     0     0     0     0     0     0     0
3378     0     0     0     0     0     0     0
3382     0     0     0     0     0     0     0
3386     0     0     0     0     0     0     0
3390     0     0     0     0     0     0     0
3394     0     0     0     0     0     0     0
3398     0     0     0     0     0     0     0
3402     0     0     0     0     0     0     0
3406     0     0     0     0     0     0     0
3410     0     0     0     0     0     0     0
3414     0     0     0     0     0     0     0
3418     0     0     0     0     0     0     0
3422     0     0     0     0     0     0     0
3426     0     0     0     0     0     0     0
3430     0     0     0     0     0     0     0
3434     0     0     0     0     0     0     0
3438     0     0     0     0     0     0     0
3442     0     0     0     0     0     0     0
3446     0     0     0     0     0     0     0
3450     0     0     0     0     0     0     0
3454     0     0     0     0     0     0     0
3458     0     0     0     0     0     0     0
3462     0     0     0     0     0     0     0
3466     0     0     0     0     0     0     0
3470     0     0     0     0     0     0     0
3474     0     0     0     0     0     0     0
3478     0     0     0     0     0     0     0
3482     0     0     0     0     0     0     0
3486     0     0     0     0     0     0     0
3490     0     0     0     0     0     0     0
3494     0     0     0     0     0     0     0
3498     0     0     0     0     0     0     0
3502     0     0     0     0     0     0     0
3506     0     0     0     0     0     0     0
3510     0     0     0     0     0     0     0
3514     0     0     0     0     0     0     0
3518     0     0     0     0     0     0     0
3522     0     0     0     0     0     0     0
3526     0     0     0     0     0     0     0
3530     0     0     0     0     0     0     0
3534     0     0     0     0     0     0     0
3538     0     0     0     0     0     0     0
3542     0     0     0     0     0     0     0
3546     0     0     0     0     0     0     0
3550     0     0     0     0     0     0     0
3554     0     0     0     0     0     0     0
3558     0     0     0     0     0     0     0
3562     0     0     0     0     0     0     0
3566     0     0     0     0     0     0     0
3570     0     0     0     0     0     0     0
3574     0     0     0     0     0     0     0
3578     0     0     0     0     0     0     0
3582     0     0     0     0     0     0     0
3586     0     0     0     0     0     0     0
3590     0     0     0     0     0     0     0
3594     0     0     0     0     0     0     0
3598     0     0     0     0     0     0     0
3602     0     0     0     0     0     0     0
3606     0     0     0     0     0     0     0
3610     0     0     0     0     0     0     0
3614     0     0     0     0     0     0     0
3618     0     0     0     0     0     0     0
3622     0     0     0     0     0     0     0
3626     0     0     0     0     0     0     0
3630     0     0     0     0     0     0     0
3634     0     0     0     0     0     0     0
3638     0     0     0     0     0     0     0
3642     0     0     0     0     0     0     0
3646     0     0     0     0     0     0     0
3650     0     0     0     0     0     0     0
3654     0     0     0     0     0     0     0
3658     0     0     0     0     0     0     0
3662     0     0     0     0     0     0     0
3666     0     0     0     0     0     0     0
3670     0     0     0     0     0     0     0
3674     0     0     0     0     0     0     0
3678     0     0     0     0     0     0     0
3682     0     0     0     0     0     0     0
3686     0     0     0     0     0     0     0
3690     0     0     0     0     0     0     0
3694     0     0     0     0     0     0     0
3698     0     0     0     0     0     0     0
3702     0     0     0     0     0     0     0
3706     0     0     0     0     0     0     0
3710     0     0     0     0     0     0     0
3714     0     0     0     0     0     0     0
3718     0     0     0     0     0     0     0
3722     0     0     0     0     0     0     0
3726     0     0     0     0     0     0     0
3730     0     0     0     0     0     0     0
3734     0     0     0     0     0     0     0
3738     0     0     0     0     0     0     0
3742     0     0     0     0     0     0     0
3746     0     0     0     0     0     0     0
3750     0     0     0     0     0     0     0
3754     0     0     0     0     0     0     0
3758     0     0     0     0     0     0     0
3762     0     0     0     0     0     0     0
3766     0     0     0     0     0     0     0
3770     0     0     0     0     0     0     0
3774     0     0     0     0     0     0     0
3778     0     0     0     0     0     0     0
3782     0     0     0     0     0     0     0
3786     0     0     0     0     0     0     0
3790     0     0     0     0     0     0     0
3794     0     0     0     0     0     0     0
3798     0     0     0     0     0     0     0
3802     0     0     0     0     0     0     0
3806     0     0     0     0     0     0     0
3810     0     0     0     0     0     0     0
3814     0     0     0     0     0     0     0
3818     0     0     0     0     0     0     0
3822     0     0     0     0     0     0     0
3826     0     0     0     0     0     0     0
3830     0     0     0     0     0     0     0
3834     0     0     0     0     0     0     0
3838     0     0     0     0     0     0     0
3842     0     0     0     0     0     0     0
3846     0     0     0     0     0     0     0
3850     0     0     0     0     0     0     0
3854     0     0     0     0     0     0     0
3858     0     0     0     0     0     0     0
3862     0     0     0     0     0     0     0
3866     0     0     0     0     0     0     0
3870     0     0     0     0     0     0     0
3874     0     0     0     0     0     0     0
3878     0     0     0     0     0     0     0
3882     0     0     0     0     0     0     0
3886     0     0     0     0     0     0     0
3890     0     0     0     0     0     0     0
3894     0     0     0     0     0     0     0
3898     0     0     0     0     0     0     0
3902     0     0     0     0     0     0     0
3906     0     0     0     0     0     0     0
3910     0     0     0     0     0     0     0
3914     0     0     0     0     0     0     0
3918     0     0     0     0     0     0     0
3922     0     0     0     0     0     0     0
3926     0     0     0     0     0     0     0
3930     0     0     0     0     0     0     0
3934     0     0     0     0     0     0     0
3938     0     0     0     0     0     0     0
3942     0     0     0     0     0     0     0
3946     0     0     0     0     0     0     0
3950     0     0     0     0     0     0     0
3954     0     0     0     0     0     0     0
3958     0     0     0     0     0     0     0
3962     0     0     0     0     0     0     0
3966     0     0     0     0     0     0     0
3970     0     0     0     0     0     0     0
3974     0     0     0     0     0     0     0
3978     0     0     0     0     0     0     0
3982     0     0     0     0     0     0     0
3986     0     0     0     0     0     0     0
3990     0     0     0     0     0     0     0
3994     0     0     0     0     0     0     0
3998     0     0     0     0     0     0     0
