1     0     0     0     0
3     0     0     0     0
5     0     0     0     0
7     0     0     0     0
9     0     0     0     0
11     0     0     0     0
13     0     0     0     0
15     0     0     0     0
17     0     0     0     0
19     0     0     0     0
21     0     0     0     0
23     0     0     0     0
25     6.68578e-05     6.77908e-11     6.77819e-11     6.77947e-11
27     4.45719e-05     4.72141e-11     4.72078e-11     4.72168e-11
29     4.45719e-05     4.98987e-11     4.98921e-11     4.99016e-11
31     6.68578e-05     7.75629e-11     7.75527e-11     7.75674e-11
33     7.24293e-05     8.72129e-11     8.72014e-11     8.7218e-11
35     7.24293e-05     9.08211e-11     9.08091e-11     9.08264e-11
37     7.24293e-05     9.40737e-11     9.40613e-11     9.40792e-11
39     0.000105858     1.42016e-10     1.41997e-10     1.42024e-10
41     0.000100287     1.39123e-10     1.39104e-10     1.39131e-10
43     6.68578e-05     9.58885e-11     9.58759e-11     9.58941e-11
45     6.12863e-05     9.02928e-11     9.02809e-11     9.0298e-11
47     7.80008e-05     1.18029e-10     1.18014e-10     1.18036e-10
49     9.47152e-05     1.47514e-10     1.47495e-10     1.47523e-10
51     0.000100287     1.6051e-10     1.60489e-10     1.6052e-10
53     0.000178287     2.94331e-10     2.94292e-10     2.94348e-10
55     0.000183859     3.12252e-10     3.1221e-10     3.1227e-10
57     0.000183859     3.21229e-10     3.21187e-10     3.21248e-10
59     0.00018943     3.39938e-10     3.39893e-10     3.39958e-10
61     0.000105858     1.9645e-10     1.96424e-10     1.96461e-10
63     0.000144859     2.7679e-10     2.76754e-10     2.76806e-10
65     0.000156002     3.06997e-10     3.06957e-10     3.07015e-10
67     0.000139287     2.82559e-10     2.82522e-10     2.82575e-10
69     0.000239574     5.03661e-10     5.03595e-10     5.0369e-10
71     0.000167144     3.63237e-10     3.63189e-10     3.63258e-10
73     0.000206145     4.63816e-10     4.63755e-10     4.63843e-10
75     0.000273003     6.37463e-10     6.37379e-10     6.375e-10
77     0.000222859     5.38589e-10     5.38518e-10     5.3862e-10
79     0.000211716     5.32601e-10     5.32531e-10     5.32632e-10
81     0.000250717     6.5468e-10     6.54594e-10     6.54718e-10
83     0.000228431     6.21243e-10     6.21161e-10     6.21279e-10
85     0.000273003     7.71452e-10     7.7135e-10     7.71497e-10
87     0.000245145     7.20774e-10     7.20679e-10     7.20816e-10
89     0.000228431     7.01541e-10     7.01449e-10     7.01582e-10
91     0.000250717     8.00279e-10     8.00174e-10     8.00326e-10
93     0.000351003     1.17505e-09     1.1749e-09     1.17512e-09
95     0.000351003     1.22336e-09     1.2232e-09     1.22343e-09
97     0.000312003     1.13748e-09     1.13733e-09     1.13755e-09
99     0.000312003     1.19104e-09     1.19088e-09     1.19111e-09
101     0.000183859     7.34171e-10     7.34074e-10     7.34214e-10
103     0.000345432     1.43812e-09     1.43793e-09     1.43821e-09
105     0.000401147     1.74695e-09     1.74672e-09     1.74705e-09
107     0.000334289     1.52661e-09     1.52641e-09     1.5267e-09
109     0.000317575     1.5199e-09     1.5197e-09     1.51999e-09
111     0.000351003     1.76498e-09     1.76475e-09     1.76509e-09
113     0.000289717     1.54211e-09     1.54191e-09     1.5422e-09
115     0.000417861     2.35429e-09     2.35398e-09     2.35443e-09
117     0.000395575     2.36905e-09     2.36873e-09     2.36918e-09
119     0.000423433     2.69415e-09     2.6938e-09     2.69431e-09
121     0.000423433     2.90118e-09     2.9008e-09     2.90135e-09
123     0.00045129     3.32805e-09     3.32761e-09     3.32824e-09
125     0.000295289     2.34996e-09     2.34965e-09     2.35009e-09
127     0.000378861     3.31602e-09     3.31558e-09     3.31621e-09
129     0.000384432     3.67669e-09     3.67621e-09     3.6769e-09
131     0.000456862     4.84126e-09     4.84062e-09     4.84154e-09
133     0.000456862     5.33518e-09     5.33448e-09     5.33549e-09
135     0.000468005     6.16437e-09     6.16355e-09     6.16472e-09
137     0.000479147     7.06816e-09     7.06723e-09     7.06857e-09
139     0.000507005     8.55781e-09     8.55669e-09     8.55831e-09
141     0.00049029     9.53618e-09     9.53493e-09     9.53674e-09
143     0.000456862     1.02364e-08     1.02351e-08     1.0237e-08
145     0.000501433     1.30715e-08     1.30697e-08     1.30722e-08
147     0.000501433     1.55919e-08     1.55898e-08     1.55928e-08
149     0.000390004     1.44775e-08     1.44756e-08     1.44784e-08
151     0.000434576     1.98512e-08     1.98486e-08     1.98523e-08
153     0.000495862     2.85309e-08     2.85271e-08     2.85325e-08
155     0.000429004     3.20989e-08     3.20947e-08     3.21008e-08
157     0.000501433     5.05811e-08     5.05744e-08     5.0584e-08
159     0.000501433     7.91407e-08     7.91303e-08     7.91453e-08
161     0.000529291     1.47827e-07     1.47807e-07     1.47835e-07
163     0.000618435     2.81645e-07     2.81608e-07     2.81661e-07
165     0.000529291     3.42173e-07     3.42128e-07     3.42193e-07
167     0.000568291     4.61958e-07     4.61897e-07     4.61985e-07
169     0.000507005     4.83612e-07     4.83548e-07     4.8364e-07
171     0.000579434     6.31842e-07     6.31759e-07     6.31879e-07
173     0.00056272     6.9631e-07     6.96218e-07     6.9635e-07
175     0.000624006     8.68413e-07     8.68299e-07     8.68464e-07
177     0.000546005     8.35113e-07     8.35003e-07     8.35161e-07
179     0.000657435     1.12684e-06     1.12669e-06     1.1269e-06
181     0.000646292     1.2407e-06     1.24053e-06     1.24077e-06
183     0.000685292     1.48712e-06     1.48693e-06     1.48721e-06
185     0.00071315     1.7384e-06     1.73817e-06     1.7385e-06
187     0.000685292     1.86977e-06     1.86953e-06     1.86988e-06
189     0.000612863     1.84194e-06     1.8417e-06     1.84205e-06
191     0.000624006     2.04664e-06     2.04637e-06     2.04676e-06
193     0.000729864     2.59505e-06     2.5947e-06     2.5952e-06
195     0.00075215     2.8859e-06     2.88552e-06     2.88607e-06
197     0.000690864     2.84748e-06     2.84711e-06     2.84765e-06
199     0.00079115     3.47658e-06     3.47612e-06     3.47678e-06
201     0.000746579     3.49794e-06     3.49748e-06     3.49814e-06
203     0.000724293     3.6163e-06     3.61582e-06     3.61651e-06
205     0.000780008     4.1386e-06     4.13806e-06     4.13884e-06
207     0.000690864     3.89429e-06     3.89378e-06     3.89451e-06
209     0.000807865     4.84205e-06     4.84141e-06     4.84233e-06
211     0.00086358     5.47581e-06     5.47509e-06     5.47613e-06
213     0.000869151     5.83491e-06     5.83414e-06     5.83525e-06
215     0.000741007     5.25443e-06     5.25374e-06     5.25473e-06
217     0.000830151     6.21158e-06     6.21076e-06     6.21194e-06
219     0.00079115     6.22977e-06     6.22895e-06     6.23013e-06
221     0.000674149     5.57727e-06     5.57653e-06     5.57759e-06
223     0.000841294     7.30652e-06     7.30556e-06     7.30694e-06
225     0.000796722     7.27736e-06     7.2764e-06     7.27778e-06
227     0.000757722     7.26659e-06     7.26563e-06     7.26701e-06
229     0.000824579     8.30574e-06     8.30465e-06     8.30622e-06
231     0.000913723     9.63122e-06     9.62995e-06     9.63178e-06
233     0.000824579     9.10776e-06     9.10656e-06     9.10829e-06
235     0.000852437     9.88019e-06     9.87889e-06     9.88076e-06
237     0.000924866     1.11838e-05     1.11823e-05     1.11845e-05
239     0.000880294     1.11637e-05     1.11622e-05     1.11643e-05
241     0.000813436     1.07922e-05     1.07908e-05     1.07928e-05
243     0.000874723     1.21089e-05     1.21073e-05     1.21096e-05
245     0.000930438     1.34459e-05     1.34442e-05     1.34467e-05
247     0.000975009     1.46933e-05     1.46914e-05     1.46942e-05
249     0.00111987     1.75851e-05     1.75828e-05     1.75861e-05
251     0.000852437     1.39876e-05     1.39857e-05     1.39884e-05
253     0.0011143     1.90426e-05     1.90401e-05     1.90437e-05
255     0.00101401     1.80337e-05     1.80314e-05     1.80348e-05
257     0.000986152     1.82724e-05     1.827e-05     1.82734e-05
259     0.00111987     2.15755e-05     2.15726e-05     2.15767e-05
261     0.00105858     2.12454e-05     2.12426e-05     2.12467e-05
263     0.000952723     1.98716e-05     1.9869e-05     1.98728e-05
265     0.00100844     2.18845e-05     2.18816e-05     2.18858e-05
267     0.00106972     2.41338e-05     2.41306e-05     2.41352e-05
269     0.000986152     2.30659e-05     2.30629e-05     2.30672e-05
271     0.00104744     2.5468e-05     2.54646e-05     2.54694e-05
273     0.00104187     2.62615e-05     2.62581e-05     2.62631e-05
275     0.00086358     2.25918e-05     2.25888e-05     2.25931e-05
277     0.00122015     3.3129e-05     3.31247e-05     3.31309e-05
279     0.00104744     2.95082e-05     2.95043e-05     2.95099e-05
281     0.00111987     3.26797e-05     3.26754e-05     3.26816e-05
283     0.00120901     3.65348e-05     3.653e-05     3.65369e-05
285     0.00106415     3.33269e-05     3.33225e-05     3.33288e-05
287     0.00104744     3.40559e-05     3.40514e-05     3.40579e-05
289     0.00118673     3.98237e-05     3.98184e-05     3.9826e-05
291     0.00113658     3.95266e-05     3.95214e-05     3.95289e-05
293     0.00126473     4.54688e-05     4.54628e-05     4.54714e-05
295     0.00135944     5.04815e-05     5.04749e-05     5.04844e-05
297     0.00120901     4.6393e-05     4.63869e-05     4.63957e-05
299     0.00115887     4.59752e-05     4.59691e-05     4.59778e-05
301     0.00120344     4.92915e-05     4.9285e-05     4.92944e-05
303     0.00120901     5.12301e-05     5.12234e-05     5.12331e-05
305     0.00152659     6.66792e-05     6.66704e-05     6.66831e-05
307     0.00142073     6.41186e-05     6.41101e-05     6.41223e-05
309     0.0015043     7.00661e-05     7.00569e-05     7.00702e-05
311     0.00141516     6.79936e-05     6.79846e-05     6.79975e-05
313     0.00161016     7.99677e-05     7.99572e-05     7.99724e-05
315     0.00153773     7.86601e-05     7.86497e-05     7.86646e-05
317     0.00163244     8.61808e-05     8.61695e-05     8.61858e-05
319     0.00149873     8.15617e-05     8.1551e-05     8.15665e-05
321     0.00152659     8.55361e-05     8.55248e-05     8.5541e-05
323     0.00152101     8.77769e-05     8.77653e-05     8.7782e-05
325     0.00145416     8.63702e-05     8.63588e-05     8.63752e-05
327     0.00159344     9.74659e-05     9.74531e-05     9.74716e-05
329     0.00157116     9.89312e-05     9.89182e-05     9.89369e-05
331     0.00181073     0.000117237     0.000117222     0.000117244
333     0.00172716     0.000115001     0.000114986     0.000115007
335     0.00161016     0.000110389     0.000110375     0.000110396
337     0.00153773     0.000108395     0.00010838     0.000108401
339     0.00192773     0.000139593     0.000139574     0.000139601
341     0.00174387     0.000129927     0.00012991     0.000129935
343     0.00179959     0.000137968     0.00013795     0.000137976
345     0.00184416     0.000145654     0.000145635     0.000145663
347     0.00176616     0.000143703     0.000143684     0.000143711
349     0.00186645     0.000156556     0.000156536     0.000156565
351     0.00203916     0.000176938     0.000176914     0.000176948
353     0.0016603     0.000148999     0.000148979     0.000149007
355     0.00195002     0.00018143     0.000181406     0.00018144
357     0.00206145     0.000198723     0.000198697     0.000198734
359     0.00194445     0.000194317     0.000194292     0.000194329
361     0.00207259     0.000214329     0.000214301     0.000214341
363     0.00196116     0.000209995     0.000209967     0.000210007
365     0.00217288     0.000240615     0.000240583     0.000240629
367     0.00222859     0.000254934     0.0002549     0.000254949
369     0.00199459     0.000235858     0.000235827     0.000235872
371     0.00225088     0.000274882     0.000274847     0.000274896
373     0.00223974     0.000283108     0.000283079     0.000283116
375     0.00242917     0.000316944     0.000316912     0.000316953
377     0.00226759     0.000305677     0.000305646     0.000305685
379     0.00245145     0.000341689     0.000341655     0.000341697
381     0.00245145     0.000352452     0.000352418     0.000352461
383     0.00239017     0.000354483     0.000354448     0.000354491
385     0.00261303     0.000399369     0.000399331     0.000399378
387     0.00259074     0.000407964     0.000407926     0.000407972
389     0.00261303     0.000423672     0.000423632     0.00042368
391     0.00276346     0.000461056     0.000461014     0.000461064
393     0.00276903     0.000475385     0.000475341     0.000475393
395     0.00286374     0.000506054     0.000506009     0.000506061
397     0.00315346     0.000572673     0.000572622     0.000572681
399     0.00302532     0.000564907     0.000564858     0.000564913
401     0.00299189     0.000574024     0.000573975     0.00057403
403     0.00307546     0.000606613     0.000606562     0.000606617
405     0.00330946     0.000670688     0.000670633     0.000670692
407     0.00326489     0.000680061     0.000680007     0.000680065
409     0.00324817     0.000694869     0.000694815     0.00069487
411     0.00314789     0.00069159     0.000691537     0.000691591
413     0.00354346     0.00079861     0.000798551     0.000798608
415     0.00355461     0.000822041     0.000821981     0.000822039
417     0.00383875     0.000910545     0.000910482     0.000910539
419     0.00372732     0.00090658     0.000906517     0.000906574
421     0.00382204     0.000952965     0.000952904     0.000952953
423     0.00397247     0.0010151     0.00101503     0.00101508
425     0.00410061     0.00107354     0.00107348     0.00107352
427     0.00390004     0.00104604     0.00104598     0.00104602
429     0.00440704     0.00121121     0.00121115     0.00121118
431     0.00444047     0.00124922     0.00124915     0.00124919
433     0.00442376     0.00127511     0.00127505     0.00127507
435     0.00449061     0.00132588     0.00132582     0.00132583
437     0.00511462     0.00154587     0.00154581     0.00154582
439     0.00486948     0.00150687     0.00150682     0.00150681
441     0.00508676     0.00161167     0.00161162     0.0016116
443     0.00510348     0.00165449     0.00165445     0.00165441
445     0.00548791     0.00182129     0.00182124     0.0018212
447     0.00565505     0.00191922     0.0019192     0.00191911
449     0.00573306     0.00198994     0.00198991     0.00198982
451     0.0057442     0.00203971     0.0020397     0.00203956
453     0.00563834     0.00204747     0.00204747     0.00204732
455     0.00599492     0.0022249     0.00222492     0.00222471
457     0.0060952     0.0023145     0.00231453     0.00231429
459     0.00659106     0.00255837     0.00255842     0.00255812
461     0.00679164     0.00269513     0.00269521     0.00269484
463     0.00691421     0.00280541     0.00280551     0.00280509
465     0.00678049     0.00281387     0.00281401     0.00281352
467     0.00698107     0.00296167     0.00296183     0.00296128
469     0.00719836     0.00312238     0.00312261     0.00312192
471     0.0073265     0.00324888     0.00324912     0.00324839
473     0.00829594     0.00376006     0.00376043     0.0037594
475     0.00866923     0.00401801     0.0040184     0.00401731
477     0.00932666     0.00441716     0.00441773     0.00441626
479     0.00876951     0.00424734     0.00424789     0.00424647
481     0.00943252     0.00467211     0.00467286     0.00467102
483     0.00962195     0.00487109     0.00487191     0.00486991
485     0.010324     0.00534684     0.00534789     0.00534541
487     0.0108198     0.0057302     0.00573143     0.00572856
489     0.0108867     0.0058985     0.0058999     0.00589668
491     0.0115051     0.00637699     0.00637872     0.00637483
493     0.0116444     0.00660259     0.00660448     0.00660025
495     0.0123408     0.0071574     0.00715979     0.00715455
497     0.0123408     0.00732515     0.00732767     0.00732217
499     0.0133103     0.00808522     0.00808854     0.00808141
501     0.0137281     0.00853507     0.00853858     0.00853105
503     0.0143967     0.00916426     0.00916885     0.00915918
505     0.0148647     0.00969065     0.00969556     0.00968524
507     0.015277     0.0102031     0.0102092     0.0101966
509     0.0163412     0.0111818     0.0111888     0.0111745
511     0.0169485     0.0118889     0.0118972     0.0118802
513     0.017227     0.0123874     0.0123967     0.0123778
515     0.0176672     0.0130232     0.0130339     0.0130123
517     0.0188372     0.0142385     0.0142513     0.0142256
519     0.0192495     0.0149216     0.0149358     0.0149073
521     0.0202133     0.0160725     0.0160897     0.0160555
523     0.0205086     0.0167201     0.0167384     0.016702
525     0.0211883     0.0177238     0.0177461     0.0177022
527     0.0214391     0.0183939     0.018417     0.0183716
529     0.0222469     0.0195708     0.0195992     0.0195439
531     0.0221745     0.0199931     0.0200219     0.0199656
533     0.0228041     0.0210636     0.0210975     0.0210318
535     0.0232498     0.0219953     0.0220312     0.0219618
537     0.0243307     0.023553     0.0235943     0.0235149
539     0.0238794     0.0236449     0.0236871     0.0236059
541     0.0240187     0.0242962     0.0243413     0.024255
543     0.0228709     0.0236184     0.023663     0.0235776
545     0.0235674     0.0248109     0.0248584     0.0247678
547     0.0237624     0.025481     0.02553     0.0254365
549     0.0230102     0.0250949     0.0251428     0.0250514
551     0.0229378     0.025411     0.0253629     0.0254635
553     0.0227205     0.0255308     0.0254831     0.0255828
555     0.0216898     0.0246881     0.024644     0.024736
557     0.0203693     0.0234452     0.0234041     0.0234899
559     0.0205866     0.0239286     0.0238893     0.0239708
561     0.0205588     0.0240942     0.0240557     0.0241354
563     0.0187258     0.022097     0.0220644     0.0221316
565     0.0185642     0.0220342     0.0220031     0.0220669
567     0.0177006     0.0211194     0.0210919     0.0211481
569     0.0173552     0.020809     0.0207837     0.0208351
571     0.0162966     0.0196348     0.0196126     0.0196574
573     0.0155723     0.0188564     0.018837     0.0188759
575     0.0148926     0.0181236     0.018106     0.0181411
577     0.0148814     0.018202     0.0181864     0.0182173
579     0.0133047     0.0163537     0.0163402     0.0163668
581     0.0130986     0.0161747     0.0161632     0.0161856
583     0.01321     0.0163865     0.0163751     0.0163972
585     0.0115887     0.0144445     0.0144359     0.0144523
587     0.0112655     0.0141144     0.0141062     0.0141217
589     0.0107084     0.0134952     0.0134883     0.0135012
591     0.0101791     0.0129149     0.0129087     0.0129204
593     0.00987267     0.0126222     0.0126168     0.0126269
595     0.00961081     0.0123882     0.0123832     0.0123924
597     0.00851323     0.011063     0.0110588     0.0110663
599     0.00815665     0.0106867     0.010683     0.0106897
601     0.00790036     0.0104311     0.0104277     0.0104338
603     0.00755493     0.0100472     0.0100442     0.0100495
605     0.00718164     0.0096172     0.00961444     0.00961927
607     0.00702564     0.00947667     0.0094742     0.00947844
609     0.00641835     0.00872448     0.00872224     0.00872607
611     0.00620663     0.008507     0.00850502     0.00850835
613     0.00659664     0.00912307     0.00912098     0.00912449
615     0.00569405     0.00795169     0.00795     0.0079528
617     0.00552134     0.00778871     0.00778709     0.00778975
619     0.00492519     0.00701975     0.00701837     0.00702061
621     0.00512019     0.00737249     0.00737107     0.00737335
623     0.00476362     0.00693005     0.00692877     0.00693081
625     0.00471905     0.00693498     0.00693375     0.00693571
627     0.00442376     0.00656676     0.00656561     0.00656741
629     0.00407275     0.00610673     0.0061057     0.00610731
631     0.00429561     0.00650805     0.00650697     0.00650864
633     0.00411175     0.00629158     0.00629057     0.00629212
635     0.00381647     0.00589964     0.0058987     0.00590014
637     0.00366046     0.00571655     0.00571566     0.005717
639     0.00345432     0.0054532     0.00545236     0.00545363
641     0.00358803     0.00572798     0.00572713     0.00572842
643     0.00327046     0.00528077     0.00527999     0.00528116
645     0.00307546     0.00502505     0.00502431     0.00502541
647     0.00299746     0.0049552     0.00495448     0.00495555
649     0.00286931     0.00479853     0.00479784     0.00479886
651     0.00297517     0.00503743     0.00503671     0.00503777
653     0.00283588     0.00485698     0.00485629     0.0048573
655     0.00256288     0.00443918     0.00443856     0.00443947
657     0.00257402     0.00451074     0.00451011     0.00451103
659     0.00226202     0.00401027     0.00400972     0.00401053
661     0.00239574     0.00429357     0.00429298     0.00429384
663     0.00212273     0.00384933     0.00384881     0.00384957
665     0.00213388     0.00391347     0.00391294     0.00391371
667     0.00214502     0.0039789     0.00397836     0.00397914
669     0.0019723     0.00369959     0.0036991     0.00369982
671     0.00205031     0.00388861     0.00388809     0.00388885
673     0.0019723     0.00378443     0.00378393     0.00378466
675     0.00187202     0.00363187     0.00363138     0.00363208
677     0.0017773     0.00348627     0.0034858     0.00348647
679     0.00156002     0.00309319     0.00309277     0.00309337
681     0.00168259     0.00337355     0.0033731     0.00337375
683     0.00157673     0.0031946     0.00319417     0.00319478
685     0.00168816     0.00345649     0.00345604     0.00345669
687     0.00159902     0.0033104     0.00330996     0.00331059
689     0.00158787     0.00332292     0.00332248     0.00332311
691     0.0014653     0.00310153     0.00310112     0.00310171
693     0.00132601     0.00283943     0.00283905     0.0028396
695     0.00138173     0.00299212     0.00299172     0.00299229
697     0.00130373     0.00285659     0.00285621     0.00285675
699     0.00131487     0.00291544     0.00291505     0.00291561
701     0.00127587     0.00286147     0.00286109     0.00286164
703     0.00113101     0.00256428     0.00256394     0.00256444
705     0.00120344     0.00275827     0.00275791     0.00275844
707     0.00102515     0.00237583     0.00237551     0.00237597
709     0.00116444     0.00273166     0.0027313     0.00273183
711     0.00109758     0.00260253     0.00260218     0.00260268
713     0.00106415     0.00255401     0.00255367     0.00255416
715     0.00123687     0.00300515     0.00300475     0.00300533
717     0.000897009     0.00220526     0.00220497     0.00220539
719     0.00100287     0.00249392     0.00249359     0.00249407
721     0.000924866     0.00232664     0.00232633     0.00232678
723     0.000913723     0.00232341     0.0023231     0.00232355
725     0.000885866     0.0022753     0.002275     0.00227544
727     0.000746579     0.00193814     0.00193788     0.00193826
729     0.000874723     0.00229474     0.00229443     0.00229488
731     0.00079115     0.00209694     0.00209666     0.00209706
733     0.000718721     0.00192546     0.00192521     0.00192558
735     0.00086358     0.00233785     0.00233754     0.00233799
737     0.000807865     0.00221258     0.00221228     0.00221271
739     0.000780008     0.00216089     0.0021606     0.00216102
741     0.000724293     0.00203047     0.0020302     0.00203059
743     0.000690864     0.00195972     0.00195946     0.00195983
745     0.000735436     0.00210885     0.00210857     0.00210897
747     0.000685292     0.00198927     0.00198901     0.00198938
749     0.00075215     0.00220793     0.00220764     0.00220806
751     0.00071315     0.0021173     0.00211702     0.00211743
753     0.000629577     0.00188725     0.001887     0.00188736
755     0.000590577     0.00178895     0.00178872     0.00178906
757     0.000507005     0.0015514     0.0015512     0.00155149
759     0.00045129     0.00139565     0.00139547     0.00139573
761     0.000618435     0.00193285     0.0019326     0.00193297
763     0.000529291     0.00167079     0.00167057     0.00167088
765     0.000573863     0.00183064     0.0018304     0.00183075
767     0.000546005     0.00176096     0.00176072     0.00176106
769     0.000473576     0.00154503     0.00154482     0.00154512
771     0.000529291     0.00174694     0.00174671     0.00174704
773     0.000456862     0.00152452     0.00152432     0.00152461
775     0.000423433     0.00142844     0.00142825     0.00142852
777     0.000473576     0.0016154     0.00161519     0.0016155
779     0.000445719     0.00153738     0.00153718     0.00153747
781     0.000395575     0.00137895     0.00137877     0.00137903
783     0.00041229     0.00145196     0.00145177     0.00145204
785     0.000479147     0.00170473     0.0017045     0.00170483
787     0.000395575     0.00142171     0.00142152     0.00142179
789     0.000367718     0.00133409     0.00133391     0.00133416
791     0.000429004     0.00157255     0.00157234     0.00157264
793     0.000456862     0.00169285     0.00169263     0.00169295
795     0.00041229     0.00154398     0.00154378     0.00154407
797     0.000284146     0.00107448     0.00107434     0.00107454
799     0.000462433     0.00176721     0.00176698     0.00176732
801     0.000395575     0.00152934     0.00152914     0.00152943
803     0.00033986     0.00132813     0.00132795     0.0013282
805     0.000362146     0.00142977     0.00142958     0.00142985
807     0.000406718     0.00162322     0.00162301     0.00162332
809     0.000317575     0.00128192     0.00128175     0.001282
811     0.000395575     0.00161274     0.00161253     0.00161283
813     0.000328717     0.00135407     0.00135389     0.00135415
815     0.000351003     0.00146156     0.00146137     0.00146164
817     0.000256288     0.0010785     0.00107836     0.00107856
819     0.000250717     0.00106518     0.00106504     0.00106525
821     0.00026186     0.00112496     0.00112481     0.00112503
823     0.000289717     0.00125639     0.00125622     0.00125646
825     0.000362146     0.0015858     0.00158559     0.00158589
827     0.000245145     0.00108467     0.00108453     0.00108473
829     0.000267431     0.00119522     0.00119507     0.00119529
831     0.000267431     0.00120782     0.00120766     0.00120789
833     0.000234002     0.00106856     0.00106842     0.00106862
835     0.000267431     0.00123288     0.00123272     0.00123295
837     0.000256288     0.0011936     0.00119344     0.00119367
839     0.000228431     0.001075     0.00107485     0.00107506
841     0.000234002     0.00111317     0.00111302     0.00111323
843     0.00030086     0.0014451     0.00144491     0.00144518
845     0.000267431     0.00129725     0.00129708     0.00129733
847     0.000211716     0.0010376     0.00103747     0.00103766
849     0.000234002     0.00115711     0.00115696     0.00115718
851     0.00026186     0.00130892     0.00130875     0.001309
853     0.000183859     0.000929118     0.000928996     0.000929172
855     0.00026186     0.00133548     0.0013353     0.00133556
857     0.000211716     0.00109158     0.00109144     0.00109165
859     0.000245145     0.00127665     0.00127648     0.00127672
861     0.000267431     0.00140585     0.00140566     0.00140593
863     0.000222859     0.00118334     0.00118318     0.00118341
865     0.000217288     0.00116617     0.00116602     0.00116624
867     0.000178287     0.00096651     0.000966383     0.000966566
869     0.000217288     0.00118847     0.00118831     0.00118854
871     0.000144859     0.000800771     0.000800666     0.000800818
873     0.000144859     0.000807788     0.000807681     0.000807835
875     0.000195002     0.00109787     0.00109773     0.00109794
877     0.000161573     0.000919066     0.000918945     0.000919119
879     0.000195002     0.00111864     0.00111849     0.0011187
881     0.000144859     0.000839681     0.000839571     0.00083973
883     0.000206145     0.00120663     0.00120647     0.0012067
885     0.000183859     0.001087     0.00108686     0.00108707
887     0.00011143     0.000666056     0.000665968     0.000666094
889     0.000161573     0.000973354     0.000973226     0.00097341
891     0.000128144     0.00078048     0.000780377     0.000780525
893     0.000172716     0.00106217     0.00106203     0.00106223
895     0.000133716     0.000831138     0.000831029     0.000831186
897     0.00015043     0.000943194     0.00094307     0.000943249
899     0.000167144     0.00105911     0.00105898     0.00105918
901     0.000133716     0.000855972     0.000855859     0.000856021
903     0.000100287     0.000647728     0.000647643     0.000647766
905     0.000144859     0.000944998     0.000944873     0.000945052
907     0.000133716     0.000880433     0.000880317     0.000880484
909     0.000156002     0.00103668     0.00103655     0.00103674
911     0.000183859     0.00123417     0.001234     0.00123424
913     0.000161573     0.00109412     0.00109398     0.00109419
915     0.000167144     0.00114321     0.00114306     0.00114328
917     0.000122573     0.000846869     0.000846758     0.000846918
919     0.000122573     0.000855283     0.00085517     0.000855332
921     8.35722e-05     0.000589134     0.000589056     0.000589168
923     0.000128144     0.000911702     0.000911581     0.000911754
925     0.00015043     0.00107937     0.00107923     0.00107944
927     8.91437e-05     0.000646608     0.000646523     0.000646645
929     6.12863e-05     0.000448175     0.000448116     0.000448201
931     0.000128144     0.000946402     0.000946277     0.000946457
933     0.000139287     0.00103767     0.00103753     0.00103773
935     0.000105858     0.000796056     0.000795952     0.000796103
937     0.000100287     0.000761947     0.000761847     0.000761992
939     0.000117001     0.000898392     0.000898274     0.000898445
941     0.000117001     0.000906354     0.000906235     0.000906406
943     0.000105858     0.000826855     0.000826746     0.000826903
945     8.91437e-05     0.000704061     0.000703969     0.000704102
947     0.000128144     0.0010209     0.00102077     0.00102096
949     0.000100287     0.000806968     0.000806862     0.000807015
951     9.47152e-05     0.000768303     0.000768201     0.000768347
953     0.000156002     0.00127771     0.00127754     0.00127778
955     9.47152e-05     0.000782959     0.000782856     0.000783004
957     8.91437e-05     0.000742866     0.000742768     0.000742909
959     0.000105858     0.000891389     0.000891272     0.000891441
961     8.35722e-05     0.000710402     0.000710308     0.000710443
963     0.000100287     0.000860546     0.000860433     0.000860596
965     0.000105858     0.000917256     0.000917135     0.000917309
967     6.68578e-05     0.000584677     0.0005846     0.000584711
969     8.35722e-05     0.00073791     0.000737813     0.000737953
971     8.35722e-05     0.000744648     0.00074455     0.000744691
973     8.35722e-05     0.000752304     0.000752205     0.000752348
975     7.80008e-05     0.000707252     0.000707159     0.000707293
977     9.47152e-05     0.000866976     0.000866862     0.000867026
979     5.01433e-05     0.000462935     0.000462874     0.000462961
981     2.78574e-05     0.000259686     0.000259652     0.000259701
983     0.000105858     0.000996672     0.000996541     0.00099673
985     0.000105858     0.00100477     0.00100464     0.00100483
987     7.24293e-05     0.000695073     0.000694981     0.000695113
989     7.24293e-05     0.000700712     0.00070062     0.000700753
991     5.57148e-05     0.000543691     0.000543619     0.000543722
993     6.68578e-05     0.000658847     0.000658761     0.000658885
995     7.24293e-05     0.000721034     0.000720939     0.000721076
997     5.57148e-05     0.000558363     0.000558289     0.000558395
999     7.80008e-05     0.000789819     0.000789715     0.000789865
1001     7.80008e-05     0.000796837     0.000796732     0.000796883
1003     5.01433e-05     0.000517577     0.000517509     0.000517607
1005     9.47152e-05     0.000987356     0.000987226     0.000987414
1007     8.35722e-05     0.000878068     0.000877953     0.000878119
1009     7.24293e-05     0.000768745     0.000768644     0.000768789
1011     4.45719e-05     0.000477452     0.000477389     0.000477479
1013     8.35722e-05     0.000903595     0.000903476     0.000903647
1015     5.01433e-05     0.000547235     0.000547163     0.000547267
1017     7.80008e-05     0.000858182     0.000858069     0.000858232
1019     6.68578e-05     0.000743472     0.000743375     0.000743516
1021     6.12863e-05     0.000687102     0.000687011     0.000687141
1023     5.57148e-05     0.000630036     0.000629953     0.000630072
1025     3.34289e-05     0.000382212     0.000382161     0.000382234
1027     5.01433e-05     0.00057734     0.000577264     0.000577373
1029     2.78574e-05     0.000324071     0.000324028     0.00032409
1031     4.45719e-05     0.000523263     0.000523194     0.000523293
1033     5.57148e-05     0.000660109     0.000660022     0.000660148
1035     3.90004e-05     0.000466109     0.000466048     0.000466137
1037     6.68578e-05     0.000807208     0.000807102     0.000807255
1039     3.90004e-05     0.000474764     0.000474702     0.000474792
1041     5.01433e-05     0.00061723     0.000617149     0.000617266
1043     4.45719e-05     0.000552955     0.000552882     0.000552987
1045     7.80008e-05     0.000976394     0.000976265     0.00097645
1047     5.01433e-05     0.000633162     0.000633079     0.000633199
1049     5.01433e-05     0.000639929     0.000639844     0.000639966
1051     5.01433e-05     0.000645425     0.00064534     0.000645462
1053     3.90004e-05     0.000506836     0.000506769     0.000506865
1055     3.34289e-05     0.000438333     0.000438276     0.000438359
1057     4.45719e-05     0.000588132     0.000588055     0.000588166
1059     2.22859e-05     0.000296992     0.000296953     0.000297009
1061     2.78574e-05     0.000375724     0.000375674     0.000375746
1063     5.57148e-05     0.000757403     0.000757304     0.000757447
1065     2.78574e-05     0.000382236     0.000382186     0.000382258
1067     3.90004e-05     0.000539493     0.000539422     0.000539524
1069     4.45719e-05     0.000622469     0.000622387     0.000622505
1071     3.90004e-05     0.000549518     0.000549446     0.00054955
1073     2.78574e-05     0.000396367     0.000396315     0.00039639
1075     5.57148e-05     0.000799362     0.000799257     0.000799408
1077     3.90004e-05     0.000565487     0.000565413     0.00056552
1079     3.34289e-05     0.000488387     0.000488323     0.000488416
1081     3.34289e-05     0.000491871     0.000491806     0.0004919
1083     5.01433e-05     0.000745454     0.000745355     0.000745497
1085     5.01433e-05     0.000752205     0.000752106     0.000752248
1087     5.01433e-05     0.000758723     0.000758624     0.000758767
1089     7.24293e-05     0.00110832     0.00110818     0.00110839
1091     3.90004e-05     0.000600573     0.000600494     0.000600608
1093     3.34289e-05     0.000519763     0.000519695     0.000519794
1095     3.90004e-05     0.000611863     0.000611783     0.000611899
1097     1.67144e-05     0.00026388     0.000263846     0.000263896
1099     6.12863e-05     0.000978341     0.000978212     0.000978398
1101     3.90004e-05     0.000628032     0.000627949     0.000628068
1103     4.45719e-05     0.000724812     0.000724717     0.000724854
1105     1.67144e-05     0.000273533     0.000273497     0.000273549
1107     1.1143e-05     0.000183935     0.000183911     0.000183946
1109     1.1143e-05     0.000185411     0.000185387     0.000185422
1111     4.45719e-05     0.000750121     0.000750023     0.000750165
1113     1.67144e-05     0.000283823     0.000283786     0.00028384
1115     2.78574e-05     0.00047702     0.000476957     0.000477048
1117     2.78574e-05     0.000481247     0.000481184     0.000481275
1119     2.22859e-05     0.000388943     0.000388892     0.000388966
1121     3.34289e-05     0.000587997     0.00058792     0.000588031
1123     5.57148e-05     0.000988462     0.000988332     0.000988519
1125     4.45719e-05     0.000797777     0.000797671     0.000797823
1127     2.78574e-05     0.000502041     0.000501975     0.000502071
1129     2.78574e-05     0.000507271     0.000507204     0.0005073
1131     2.22859e-05     0.000409644     0.000409591     0.000409668
1133     0     0     0     0
1135     1.1143e-05     0.000207473     0.000207446     0.000207485
1137     5.57148e-06     0.000104865     0.000104851     0.000104871
1139     3.34289e-05     0.000634435     0.000634351     0.000634472
1141     3.90004e-05     0.000747104     0.000747006     0.000747148
1143     1.67144e-05     0.000323986     0.000323943     0.000324005
1145     2.22859e-05     0.000433838     0.00043378     0.000433863
1147     2.78574e-05     0.000548717     0.000548645     0.000548749
1149     5.01433e-05     0.000992487     0.000992356     0.000992544
1151     1.67144e-05     0.000333868     0.000333824     0.000333887
1153     2.78574e-05     0.000561985     0.000561911     0.000562018
1155     2.78574e-05     0.000565975     0.0005659     0.000566007
1157     5.57148e-05     0.00114365     0.0011435     0.00114371
1159     2.22859e-05     0.000460957     0.000460896     0.000460983
1161     2.78574e-05     0.00058092     0.000580843     0.000580954
1163     2.78574e-05     0.000586262     0.000586184     0.000586296
1165     4.45719e-05     0.000944587     0.000944462     0.000944642
1167     3.34289e-05     0.000714597     0.000714503     0.000714639
1169     1.67144e-05     0.000361192     0.000361145     0.000361213
1171     2.78574e-05     0.000605586     0.000605506     0.000605621
1173     1.67144e-05     0.000366367     0.000366319     0.000366388
1175     4.45719e-05     0.000985123     0.000984994     0.00098518
1177     1.67144e-05     0.000372627     0.000372578     0.000372649
1179     2.78574e-05     0.000626718     0.000626636     0.000626755
1181     2.22859e-05     0.000504315     0.000504248     0.000504344
1183     2.22859e-05     0.000510389     0.000510322     0.000510419
1185     1.67144e-05     0.000385691     0.00038564     0.000385713
1187     1.1143e-05     0.000258742     0.000258708     0.000258757
1189     1.67144e-05     0.000390132     0.00039008     0.000390154
1191     2.22859e-05     0.000525838     0.000525769     0.000525869
1193     3.34289e-05     0.000794982     0.000794877     0.000795028
1195     2.22859e-05     0.000534473     0.000534402     0.000534504
1197     5.57148e-06     0.000134888     0.000134871     0.000134896
1199     5.57148e-06     0.000135908     0.00013589     0.000135915
1201     3.90004e-05     0.00095949     0.000959364     0.000959546
1203     1.67144e-05     0.000414299     0.000414244     0.000414323
1205     2.78574e-05     0.000695707     0.000695615     0.000695747
1207     5.57148e-06     0.000140027     0.000140009     0.000140036
1209     1.1143e-05     0.000282911     0.000282873     0.000282927
1211     5.57148e-06     0.00014266     0.000142641     0.000142668
1213     3.34289e-05     0.000864173     0.000864059     0.000864223
1215     1.1143e-05     0.000289413     0.000289375     0.00028943
1217     5.57148e-06     0.000146089     0.00014607     0.000146097
1219     2.22859e-05     0.000589213     0.000589135     0.000589247
1221     3.90004e-05     0.00103903     0.00103889     0.00103909
1223     1.67144e-05     0.000448389     0.00044833     0.000448415
1225     5.57148e-06     0.000151038     0.000151018     0.000151046
1227     1.1143e-05     0.00030396     0.00030392     0.000303978
1229     2.78574e-05     0.000765536     0.000765436     0.000765581
1231     1.1143e-05     0.000308045     0.000308005     0.000308063
1233     2.78574e-05     0.000777411     0.000777309     0.000777456
1235     1.67144e-05     0.000470237     0.000470175     0.000470264
1237     1.1143e-05     0.000316419     0.000316377     0.000316437
1239     1.1143e-05     0.000318153     0.000318111     0.000318171
1241     1.67144e-05     0.000481356     0.000481292     0.000481384
1243     5.57148e-06     0.000162047     0.000162025     0.000162056
1245     1.67144e-05     0.000487998     0.000487934     0.000488026
1247     1.1143e-05     0.000328231     0.000328188     0.00032825
1249     1.67144e-05     0.000495954     0.000495889     0.000495983
1251     2.22859e-05     0.000666666     0.000666578     0.000666704
1253     1.1143e-05     0.000336303     0.000336259     0.000336322
1255     1.67144e-05     0.000508456     0.000508389     0.000508486
1257     2.22859e-05     0.000681825     0.000681735     0.000681864
1259     1.1143e-05     0.000343143     0.000343098     0.000343163
1261     5.57148e-06     0.00017394     0.000173918     0.000173951
1263     1.1143e-05     0.000350019     0.000349972     0.000350039
1265     1.67144e-05     0.000527431     0.000527361     0.000527461
1267     1.1143e-05     0.000354505     0.000354458     0.000354525
1269     1.1143e-05     0.000358126     0.000358079     0.000358147
1271     2.78574e-05     0.00089966     0.000899542     0.000899712
1273     5.57148e-06     0.000181923     0.000181899     0.000181934
1275     5.57148e-06     0.000183107     0.000183082     0.000183117
1277     1.67144e-05     0.000550953     0.000550881     0.000550985
1279     1.1143e-05     0.000371077     0.000371028     0.000371099
1281     1.1143e-05     0.000372699     0.00037265     0.000372721
1283     0     0     0     0
1285     5.57148e-06     0.000190113     0.000190088     0.000190124
1287     2.22859e-05     0.000763451     0.00076335     0.000763495
1289     2.78574e-05     0.000963003     0.000962876     0.000963059
1291     0     0     0     0
1293     2.78574e-05     0.000976227     0.000976098     0.000976283
1295     1.1143e-05     0.000393611     0.000393559     0.000393634
1297     5.57148e-06     0.000198632     0.000198606     0.000198643
1299     1.67144e-05     0.000597803     0.000597724     0.000597837
1301     1.1143e-05     0.000403083     0.00040303     0.000403106
1303     1.1143e-05     0.000406429     0.000406376     0.000406453
1305     1.67144e-05     0.000611429     0.000611348     0.000611464
1307     5.57148e-06     0.000205061     0.000205034     0.000205073
1309     2.22859e-05     0.000828206     0.000828097     0.000828254
1311     5.57148e-06     0.000209085     0.000209058     0.000209097
1313     1.1143e-05     0.000419062     0.000419007     0.000419086
1315     5.57148e-06     0.000212051     0.000212023     0.000212063
1317     1.67144e-05     0.000638656     0.000638572     0.000638693
1319     1.1143e-05     0.000429131     0.000429074     0.000429156
1321     1.1143e-05     0.000431688     0.000431631     0.000431713
1323     5.57148e-06     0.000217799     0.000217771     0.000217812
1325     1.1143e-05     0.000438841     0.000438783     0.000438866
1327     1.67144e-05     0.000662402     0.000662314     0.00066244
1329     1.67144e-05     0.000666663     0.000666575     0.000666702
1331     5.57148e-06     0.000223579     0.00022355     0.000223592
1333     0     0     0     0
1335     5.57148e-06     0.00022673     0.0002267     0.000226743
1337     1.1143e-05     0.000457229     0.000457169     0.000457256
1339     0     0     0     0
1341     5.57148e-06     0.000231953     0.000231922     0.000231966
1343     0     0     0     0
1345     0     0     0     0
1347     5.57148e-06     0.000236981     0.00023695     0.000236995
1349     1.1143e-05     0.000478041     0.000477978     0.000478069
1351     0     0     0     0
1353     0     0     0     0
1355     1.1143e-05     0.000487698     0.000487633     0.000487726
1357     5.57148e-06     0.000245723     0.00024569     0.000245737
1359     0     0     0     0
1361     0     0     0     0
1363     5.57148e-06     0.000250796     0.000250763     0.000250811
1365     0     0     0     0
1367     1.1143e-05     0.000507812     0.000507745     0.000507841
1369     1.1143e-05     0.000511216     0.000511148     0.000511245
1371     5.57148e-06     0.000257427     0.000257393     0.000257442
1373     0     0     0     0
1375     5.57148e-06     0.000261084     0.00026105     0.0002611
1377     0     0     0     0
1379     5.57148e-06     0.000264555     0.00026452     0.00026457
1381     5.57148e-06     0.000266397     0.000266362     0.000266412
1383     2.22859e-05     0.00107237     0.00107223     0.00107243
1385     0     0     0     0
1387     1.1143e-05     0.000543316     0.000543244     0.000543347
1389     5.57148e-06     0.000273132     0.000273096     0.000273148
1391     5.57148e-06     0.000274695     0.000274659     0.000274711
1393     0     0     0     0
1395     1.1143e-05     0.000556656     0.000556583     0.000556689
1397     5.57148e-06     0.000281166     0.000281129     0.000281182
1399     5.57148e-06     0.000282415     0.000282378     0.000282431
1401     5.57148e-06     0.000285423     0.000285386     0.00028544
1403     0     0     0     0
1405     0     0     0     0
1407     1.1143e-05     0.000579727     0.00057965     0.00057976
1409     0     0     0     0
1411     1.1143e-05     0.000589173     0.000589096     0.000589208
1413     5.57148e-06     0.000295429     0.00029539     0.000295446
1415     0     0     0     0
1417     1.67144e-05     0.000898854     0.000898736     0.000898906
1419     5.57148e-06     0.000302296     0.000302256     0.000302313
1421     0     0     0     0
1423     0     0     0     0
1425     0     0     0     0
1427     1.1143e-05     0.00061785     0.000617769     0.000617886
1429     0     0     0     0
1431     1.1143e-05     0.000627113     0.00062703     0.000627149
1433     1.67144e-05     0.000947077     0.000946952     0.000947132
1435     5.57148e-06     0.00031783     0.000317788     0.000317848
1437     1.1143e-05     0.000640447     0.000640363     0.000640484
1439     1.1143e-05     0.000642957     0.000642873     0.000642995
1441     5.57148e-06     0.00032307     0.000323028     0.000323089
1443     0     0     0     0
1445     1.1143e-05     0.00065552     0.000655434     0.000655558
1447     5.57148e-06     0.000329493     0.000329449     0.000329512
1449     0     0     0     0
1451     0     0     0     0
1453     0     0     0     0
1455     5.57148e-06     0.000339312     0.000339267     0.000339332
1457     5.57148e-06     0.000340289     0.000340244     0.000340308
1459     0     0     0     0
1461     5.57148e-06     0.000345085     0.00034504     0.000345105
1463     5.57148e-06     0.000347582     0.000347536     0.000347602
1465     0     0     0     0
1467     1.1143e-05     0.000702885     0.000702793     0.000702926
1469     5.57148e-06     0.000354106     0.00035406     0.000354127
1471     5.57148e-06     0.000355474     0.000355428     0.000355495
1473     1.1143e-05     0.000714208     0.000714114     0.000714249
1475     5.57148e-06     0.000359003     0.000358956     0.000359024
1477     5.57148e-06     0.000362312     0.000362264     0.000362333
1479     0     0     0     0
1481     0     0     0     0
1483     0     0     0     0
1485     0     0     0     0
1487     0     0     0     0
1489     0     0     0     0
1491     0     0     0     0
1493     0     0     0     0
1495     0     0     0     0
1497     0     0     0     0
1499     0     0     0     0
1501     0     0     0     0
1503     0     0     0     0
1505     0     0     0     0
1507     0     0     0     0
1509     0     0     0     0
1511     0     0     0     0
1513     0     0     0     0
1515     0     0     0     0
1517     0     0     0     0
1519     0     0     0     0
1521     0     0     0     0
1523     0     0     0     0
1525     0     0     0     0
1527     0     0     0     0
1529     0     0     0     0
1531     0     0     0     0
1533     0     0     0     0
1535     0     0     0     0
1537     0     0     0     0
1539     0     0     0     0
1541     0     0     0     0
1543     0     0     0     0
1545     0     0     0     0
1547     0     0     0     0
1549     0     0     0     0
1551     0     0     0     0
1553     0     0     0     0
1555     0     0     0     0
1557     0     0     0     0
1559     0     0     0     0
1561     0     0     0     0
1563     0     0     0     0
1565     0     0     0     0
1567     0     0     0     0
1569     0     0     0     0
1571     0     0     0     0
1573     0     0     0     0
1575     0     0     0     0
1577     0     0     0     0
1579     0     0     0     0
1581     0     0     0     0
1583     0     0     0     0
1585     0     0     0     0
1587     0     0     0     0
1589     0     0     0     0
1591     0     0     0     0
1593     0     0     0     0
1595     0     0     0     0
1597     0     0     0     0
1599     0     0     0     0
1601     0     0     0     0
1603     0     0     0     0
1605     0     0     0     0
1607     0     0     0     0
1609     0     0     0     0
1611     0     0     0     0
1613     0     0     0     0
1615     0     0     0     0
1617     0     0     0     0
1619     0     0     0     0
1621     0     0     0     0
1623     0     0     0     0
1625     0     0     0     0
1627     0     0     0     0
1629     0     0     0     0
1631     0     0     0     0
1633     0     0     0     0
1635     0     0     0     0
1637     0     0     0     0
1639     0     0     0     0
1641     0     0     0     0
1643     0     0     0     0
1645     0     0     0     0
1647     0     0     0     0
1649     0     0     0     0
1651     0     0     0     0
1653     0     0     0     0
1655     0     0     0     0
1657     0     0     0     0
1659     0     0     0     0
1661     0     0     0     0
1663     0     0     0     0
1665     0     0     0     0
1667     0     0     0     0
1669     0     0     0     0
1671     0     0     0     0
1673     0     0     0     0
1675     0     0     0     0
1677     0     0     0     0
1679     0     0     0     0
1681     0     0     0     0
1683     0     0     0     0
1685     0     0     0     0
1687     0     0     0     0
1689     0     0     0     0
1691     0     0     0     0
1693     0     0     0     0
1695     0     0     0     0
1697     0     0     0     0
1699     0     0     0     0
1701     0     0     0     0
1703     0     0     0     0
1705     0     0     0     0
1707     0     0     0     0
1709     0     0     0     0
1711     0     0     0     0
1713     0     0     0     0
1715     0     0     0     0
1717     0     0     0     0
1719     0     0     0     0
1721     0     0     0     0
1723     0     0     0     0
1725     0     0     0     0
1727     0     0     0     0
1729     0     0     0     0
1731     0     0     0     0
1733     0     0     0     0
1735     0     0     0     0
1737     0     0     0     0
1739     0     0     0     0
1741     0     0     0     0
1743     0     0     0     0
1745     0     0     0     0
1747     0     0     0     0
1749     0     0     0     0
1751     0     0     0     0
1753     0     0     0     0
1755     0     0     0     0
1757     0     0     0     0
1759     0     0     0     0
1761     0     0     0     0
1763     0     0     0     0
1765     0     0     0     0
1767     0     0     0     0
1769     0     0     0     0
1771     0     0     0     0
1773     0     0     0     0
1775     0     0     0     0
1777     0     0     0     0
1779     0     0     0     0
1781     0     0     0     0
1783     0     0     0     0
1785     0     0     0     0
1787     0     0     0     0
1789     0     0     0     0
1791     0     0     0     0
1793     0     0     0     0
1795     0     0     0     0
1797     0     0     0     0
1799     0     0     0     0
1801     0     0     0     0
1803     0     0     0     0
1805     0     0     0     0
1807     0     0     0     0
1809     0     0     0     0
1811     0     0     0     0
1813     0     0     0     0
1815     0     0     0     0
1817     0     0     0     0
1819     0     0     0     0
1821     0     0     0     0
1823     0     0     0     0
1825     0     0     0     0
1827     0     0     0     0
1829     0     0     0     0
1831     0     0     0     0
1833     0     0     0     0
1835     0     0     0     0
1837     0     0     0     0
1839     0     0     0     0
1841     0     0     0     0
1843     0     0     0     0
1845     0     0     0     0
1847     0     0     0     0
1849     0     0     0     0
1851     0     0     0     0
1853     0     0     0     0
1855     0     0     0     0
1857     0     0     0     0
1859     0     0     0     0
1861     0     0     0     0
1863     0     0     0     0
1865     0     0     0     0
1867     0     0     0     0
1869     0     0     0     0
1871     0     0     0     0
1873     0     0     0     0
1875     0     0     0     0
1877     0     0     0     0
1879     0     0     0     0
1881     0     0     0     0
1883     0     0     0     0
1885     0     0     0     0
1887     0     0     0     0
1889     0     0     0     0
1891     0     0     0     0
1893     0     0     0     0
1895     0     0     0     0
1897     0     0     0     0
1899     0     0     0     0
1901     0     0     0     0
1903     0     0     0     0
1905     0     0     0     0
1907     0     0     0     0
1909     0     0     0     0
1911     0     0     0     0
1913     0     0     0     0
1915     0     0     0     0
1917     0     0     0     0
1919     0     0     0     0
1921     0     0     0     0
1923     0     0     0     0
1925     0     0     0     0
1927     0     0     0     0
1929     0     0     0     0
1931     0     0     0     0
1933     0     0     0     0
1935     0     0     0     0
1937     0     0     0     0
1939     0     0     0     0
1941     0     0     0     0
1943     0     0     0     0
1945     0     0     0     0
1947     0     0     0     0
1949     0     0     0     0
1951     0     0     0     0
1953     0     0     0     0
1955     0     0     0     0
1957     0     0     0     0
1959     0     0     0     0
1961     0     0     0     0
1963     0     0     0     0
1965     0     0     0     0
1967     0     0     0     0
1969     0     0     0     0
1971     0     0     0     0
1973     0     0     0     0
1975     0     0     0     0
1977     0     0     0     0
1979     0     0     0     0
1981     0     0     0     0
1983     0     0     0     0
1985     0     0     0     0
1987     0     0     0     0
1989     0     0     0     0
1991     0     0     0     0
1993     0     0     0     0
1995     0     0     0     0
1997     0     0     0     0
1999     0     0     0     0
2001     0     0     0     0
2003     0     0     0     0
2005     0     0     0     0
2007     0     0     0     0
2009     0     0     0     0
2011     0     0     0     0
2013     0     0     0     0
2015     0     0     0     0
2017     0     0     0     0
2019     0     0     0     0
2021     0     0     0     0
2023     0     0     0     0
2025     0     0     0     0
2027     0     0     0     0
2029     0     0     0     0
2031     0     0     0     0
2033     0     0     0     0
2035     0     0     0     0
2037     0     0     0     0
2039     0     0     0     0
2041     0     0     0     0
2043     0     0     0     0
2045     0     0     0     0
2047     0     0     0     0
2049     0     0     0     0
2051     0     0     0     0
2053     0     0     0     0
2055     0     0     0     0
2057     0     0     0     0
2059     0     0     0     0
2061     0     0     0     0
2063     0     0     0     0
2065     0     0     0     0
2067     0     0     0     0
2069     0     0     0     0
2071     0     0     0     0
2073     0     0     0     0
2075     0     0     0     0
2077     0     0     0     0
2079     0     0     0     0
2081     0     0     0     0
2083     0     0     0     0
2085     0     0     0     0
2087     0     0     0     0
2089     0     0     0     0
2091     0     0     0     0
2093     0     0     0     0
2095     0     0     0     0
2097     0     0     0     0
2099     0     0     0     0
2101     0     0     0     0
2103     0     0     0     0
2105     0     0     0     0
2107     0     0     0     0
2109     0     0     0     0
2111     0     0     0     0
2113     0     0     0     0
2115     0     0     0     0
2117     0     0     0     0
2119     0     0     0     0
2121     0     0     0     0
2123     0     0     0     0
2125     0     0     0     0
2127     0     0     0     0
2129     0     0     0     0
2131     0     0     0     0
2133     0     0     0     0
2135     0     0     0     0
2137     0     0     0     0
2139     0     0     0     0
2141     0     0     0     0
2143     0     0     0     0
2145     0     0     0     0
2147     0     0     0     0
2149     0     0     0     0
2151     0     0     0     0
2153     0     0     0     0
2155     0     0     0     0
2157     0     0     0     0
2159     0     0     0     0
2161     0     0     0     0
2163     0     0     0     0
2165     0     0     0     0
2167     0     0     0     0
2169     0     0     0     0
2171     0     0     0     0
2173     0     0     0     0
2175     0     0     0     0
2177     0     0     0     0
2179     0     0     0     0
2181     0     0     0     0
2183     0     0     0     0
2185     0     0     0     0
2187     0     0     0     0
2189     0     0     0     0
2191     0     0     0     0
2193     0     0     0     0
2195     0     0     0     0
2197     0     0     0     0
2199     0     0     0     0
2201     0     0     0     0
2203     0     0     0     0
2205     0     0     0     0
2207     0     0     0     0
2209     0     0     0     0
2211     0     0     0     0
2213     0     0     0     0
2215     0     0     0     0
2217     0     0     0     0
2219     0     0     0     0
2221     0     0     0     0
2223     0     0     0     0
2225     0     0     0     0
2227     0     0     0     0
2229     0     0     0     0
2231     0     0     0     0
2233     0     0     0     0
2235     0     0     0     0
2237     0     0     0     0
2239     0     0     0     0
2241     0     0     0     0
2243     0     0     0     0
2245     0     0     0     0
2247     0     0     0     0
2249     0     0     0     0
2251     0     0     0     0
2253     0     0     0     0
2255     0     0     0     0
2257     0     0     0     0
2259     0     0     0     0
2261     0     0     0     0
2263     0     0     0     0
2265     0     0     0     0
2267     0     0     0     0
2269     0     0     0     0
2271     0     0     0     0
2273     0     0     0     0
2275     0     0     0     0
2277     0     0     0     0
2279     0     0     0     0
2281     0     0     0     0
2283     0     0     0     0
2285     0     0     0     0
2287     0     0     0     0
2289     0     0     0     0
2291     0     0     0     0
2293     0     0     0     0
2295     0     0     0     0
2297     0     0     0     0
2299     0     0     0     0
2301     0     0     0     0
2303     0     0     0     0
2305     0     0     0     0
2307     0     0     0     0
2309     0     0     0     0
2311     0     0     0     0
2313     0     0     0     0
2315     0     0     0     0
2317     0     0     0     0
2319     0     0     0     0
2321     0     0     0     0
2323     0     0     0     0
2325     0     0     0     0
2327     0     0     0     0
2329     0     0     0     0
2331     0     0     0     0
2333     0     0     0     0
2335     0     0     0     0
2337     0     0     0     0
2339     0     0     0     0
2341     0     0     0     0
2343     0     0     0     0
2345     0     0     0     0
2347     0     0     0     0
2349     0     0     0     0
2351     0     0     0     0
2353     0     0     0     0
2355     0     0     0     0
2357     0     0     0     0
2359     0     0     0     0
2361     0     0     0     0
2363     0     0     0     0
2365     0     0     0     0
2367     0     0     0     0
2369     0     0     0     0
2371     0     0     0     0
2373     0     0     0     0
2375     0     0     0     0
2377     0     0     0     0
2379     0     0     0     0
2381     0     0     0     0
2383     0     0     0     0
2385     0     0     0     0
2387     0     0     0     0
2389     0     0     0     0
2391     0     0     0     0
2393     0     0     0     0
2395     0     0     0     0
2397     0     0     0     0
2399     0     0     0     0
2401     0     0     0     0
2403     0     0     0     0
2405     0     0     0     0
2407     0     0     0     0
2409     0     0     0     0
2411     0     0     0     0
2413     0     0     0     0
2415     0     0     0     0
2417     0     0     0     0
2419     0     0     0     0
2421     0     0     0     0
2423     0     0     0     0
2425     0     0     0     0
2427     0     0     0     0
2429     0     0     0     0
2431     0     0     0     0
2433     0     0     0     0
2435     0     0     0     0
2437     0     0     0     0
2439     0     0     0     0
2441     0     0     0     0
2443     0     0     0     0
2445     0     0     0     0
2447     0     0     0     0
2449     0     0     0     0
2451     0     0     0     0
2453     0     0     0     0
2455     0     0     0     0
2457     0     0     0     0
2459     0     0     0     0
2461     0     0     0     0
2463     0     0     0     0
2465     0     0     0     0
2467     0     0     0     0
2469     0     0     0     0
2471     0     0     0     0
2473     0     0     0     0
2475     0     0     0     0
2477     0     0     0     0
2479     0     0     0     0
2481     0     0     0     0
2483     0     0     0     0
2485     0     0     0     0
2487     0     0     0     0
2489     0     0     0     0
2491     0     0     0     0
2493     0     0     0     0
2495     0     0     0     0
2497     0     0     0     0
2499     0     0     0     0
2501     0     0     0     0
2503     0     0     0     0
2505     0     0     0     0
2507     0     0     0     0
2509     0     0     0     0
2511     0     0     0     0
2513     0     0     0     0
2515     0     0     0     0
2517     0     0     0     0
2519     0     0     0     0
2521     0     0     0     0
2523     0     0     0     0
2525     0     0     0     0
2527     0     0     0     0
2529     0     0     0     0
2531     0     0     0     0
2533     0     0     0     0
2535     0     0     0     0
2537     0     0     0     0
2539     0     0     0     0
2541     0     0     0     0
2543     0     0     0     0
2545     0     0     0     0
2547     0     0     0     0
2549     0     0     0     0
2551     0     0     0     0
2553     0     0     0     0
2555     0     0     0     0
2557     0     0     0     0
2559     0     0     0     0
2561     0     0     0     0
2563     0     0     0     0
2565     0     0     0     0
2567     0     0     0     0
2569     0     0     0     0
2571     0     0     0     0
2573     0     0     0     0
2575     0     0     0     0
2577     0     0     0     0
2579     0     0     0     0
2581     0     0     0     0
2583     0     0     0     0
2585     0     0     0     0
2587     0     0     0     0
2589     0     0     0     0
2591     0     0     0     0
2593     0     0     0     0
2595     0     0     0     0
2597     0     0     0     0
2599     0     0     0     0
2601     0     0     0     0
2603     0     0     0     0
2605     0     0     0     0
2607     0     0     0     0
2609     0     0     0     0
2611     0     0     0     0
2613     0     0     0     0
2615     0     0     0     0
2617     0     0     0     0
2619     0     0     0     0
2621     0     0     0     0
2623     0     0     0     0
2625     0     0     0     0
2627     0     0     0     0
2629     0     0     0     0
2631     0     0     0     0
2633     0     0     0     0
2635     0     0     0     0
2637     0     0     0     0
2639     0     0     0     0
2641     0     0     0     0
2643     0     0     0     0
2645     0     0     0     0
2647     0     0     0     0
2649     0     0     0     0
2651     0     0     0     0
2653     0     0     0     0
2655     0     0     0     0
2657     0     0     0     0
2659     0     0     0     0
2661     0     0     0     0
2663     0     0     0     0
2665     0     0     0     0
2667     0     0     0     0
2669     0     0     0     0
2671     0     0     0     0
2673     0     0     0     0
2675     0     0     0     0
2677     0     0     0     0
2679     0     0     0     0
2681     0     0     0     0
2683     0     0     0     0
2685     0     0     0     0
2687     0     0     0     0
2689     0     0     0     0
2691     0     0     0     0
2693     0     0     0     0
2695     0     0     0     0
2697     0     0     0     0
2699     0     0     0     0
2701     0     0     0     0
2703     0     0     0     0
2705     0     0     0     0
2707     0     0     0     0
2709     0     0     0     0
2711     0     0     0     0
2713     0     0     0     0
2715     0     0     0     0
2717     0     0     0     0
2719     0     0     0     0
2721     0     0     0     0
2723     0     0     0     0
2725     0     0     0     0
2727     0     0     0     0
2729     0     0     0     0
2731     0     0     0     0
2733     0     0     0     0
2735     0     0     0     0
2737     0     0     0     0
2739     0     0     0     0
2741     0     0     0     0
2743     0     0     0     0
2745     0     0     0     0
2747     0     0     0     0
2749     0     0     0     0
2751     0     0     0     0
2753     0     0     0     0
2755     0     0     0     0
2757     0     0     0     0
2759     0     0     0     0
2761     0     0     0     0
2763     0     0     0     0
2765     0     0     0     0
2767     0     0     0     0
2769     0     0     0     0
2771     0     0     0     0
2773     0     0     0     0
2775     0     0     0     0
2777     0     0     0     0
2779     0     0     0     0
2781     0     0     0     0
2783     0     0     0     0
2785     0     0     0     0
2787     0     0     0     0
2789     0     0     0     0
2791     0     0     0     0
2793     0     0     0     0
2795     0     0     0     0
2797     0     0     0     0
2799     0     0     0     0
2801     0     0     0     0
2803     0     0     0     0
2805     0     0     0     0
2807     0     0     0     0
2809     0     0     0     0
2811     0     0     0     0
2813     0     0     0     0
2815     0     0     0     0
2817     0     0     0     0
2819     0     0     0     0
2821     0     0     0     0
2823     0     0     0     0
2825     0     0     0     0
2827     0     0     0     0
2829     0     0     0     0
2831     0     0     0     0
2833     0     0     0     0
2835     0     0     0     0
2837     0     0     0     0
2839     0     0     0     0
2841     0     0     0     0
2843     0     0     0     0
2845     0     0     0     0
2847     0     0     0     0
2849     0     0     0     0
2851     0     0     0     0
2853     0     0     0     0
2855     0     0     0     0
2857     0     0     0     0
2859     0     0     0     0
2861     0     0     0     0
2863     0     0     0     0
2865     0     0     0     0
2867     0     0     0     0
2869     0     0     0     0
2871     0     0     0     0
2873     0     0     0     0
2875     0     0     0     0
2877     0     0     0     0
2879     0     0     0     0
2881     0     0     0     0
2883     0     0     0     0
2885     0     0     0     0
2887     0     0     0     0
2889     0     0     0     0
2891     0     0     0     0
2893     0     0     0     0
2895     0     0     0     0
2897     0     0     0     0
2899     0     0     0     0
2901     0     0     0     0
2903     0     0     0     0
2905     0     0     0     0
2907     0     0     0     0
2909     0     0     0     0
2911     0     0     0     0
2913     0     0     0     0
2915     0     0     0     0
2917     0     0     0     0
2919     0     0     0     0
2921     0     0     0     0
2923     0     0     0     0
2925     0     0     0     0
2927     0     0     0     0
2929     0     0     0     0
2931     0     0     0     0
2933     0     0     0     0
2935     0     0     0     0
2937     0     0     0     0
2939     0     0     0     0
2941     0     0     0     0
2943     0     0     0     0
2945     0     0     0     0
2947     0     0     0     0
2949     0     0     0     0
2951     0     0     0     0
2953     0     0     0     0
2955     0     0     0     0
2957     0     0     0     0
2959     0     0     0     0
2961     0     0     0     0
2963     0     0     0     0
2965     0     0     0     0
2967     0     0     0     0
2969     0     0     0     0
2971     0     0     0     0
2973     0     0     0     0
2975     0     0     0     0
2977     0     0     0     0
2979     0     0     0     0
2981     0     0     0     0
2983     0     0     0     0
2985     0     0     0     0
2987     0     0     0     0
2989     0     0     0     0
2991     0     0     0     0
2993     0     0     0     0
2995     0     0     0     0
2997     0     0     0     0
2999     0     0     0     0
3001     0     0     0     0
3003     0     0     0     0
3005     0     0     0     0
3007     0     0     0     0
3009     0     0     0     0
3011     0     0     0     0
3013     0     0     0     0
3015     0     0     0     0
3017     0     0     0     0
3019     0     0     0     0
3021     0     0     0     0
3023     0     0     0     0
3025     0     0     0     0
3027     0     0     0     0
3029     0     0     0     0
3031     0     0     0     0
3033     0     0     0     0
3035     0     0     0     0
3037     0     0     0     0
3039     0     0     0     0
3041     0     0     0     0
3043     0     0     0     0
3045     0     0     0     0
3047     0     0     0     0
3049     0     0     0     0
3051     0     0     0     0
3053     0     0     0     0
3055     0     0     0     0
3057     0     0     0     0
3059     0     0     0     0
3061     0     0     0     0
3063     0     0     0     0
3065     0     0     0     0
3067     0     0     0     0
3069     0     0     0     0
3071     0     0     0     0
3073     0     0     0     0
3075     0     0     0     0
3077     0     0     0     0
3079     0     0     0     0
3081     0     0     0     0
3083     0     0     0     0
3085     0     0     0     0
3087     0     0     0     0
3089     0     0     0     0
3091     0     0     0     0
3093     0     0     0     0
3095     0     0     0     0
3097     0     0     0     0
3099     0     0     0     0
3101     0     0     0     0
3103     0     0     0     0
3105     0     0     0     0
3107     0     0     0     0
3109     0     0     0     0
3111     0     0     0     0
3113     0     0     0     0
3115     0     0     0     0
3117     0     0     0     0
3119     0     0     0     0
3121     0     0     0     0
3123     0     0     0     0
3125     0     0     0     0
3127     0     0     0     0
3129     0     0     0     0
3131     0     0     0     0
3133     0     0     0     0
3135     0     0     0     0
3137     0     0     0     0
3139     0     0     0     0
3141     0     0     0     0
3143     0     0     0     0
3145     0     0     0     0
3147     0     0     0     0
3149     0     0     0     0
3151     0     0     0     0
3153     0     0     0     0
3155     0     0     0     0
3157     0     0     0     0
3159     0     0     0     0
3161     0     0     0     0
3163     0     0     0     0
3165     0     0     0     0
3167     0     0     0     0
3169     0     0     0     0
3171     0     0     0     0
3173     0     0     0     0
3175     0     0     0     0
3177     0     0     0     0
3179     0     0     0     0
3181     0     0     0     0
3183     0     0     0     0
3185     0     0     0     0
3187     0     0     0     0
3189     0     0     0     0
3191     0     0     0     0
3193     0     0     0     0
3195     0     0     0     0
3197     0     0     0     0
3199     0     0     0     0
3201     0     0     0     0
3203     0     0     0     0
3205     0     0     0     0
3207     0     0     0     0
3209     0     0     0     0
3211     0     0     0     0
3213     0     0     0     0
3215     0     0     0     0
3217     0     0     0     0
3219     0     0     0     0
3221     0     0     0     0
3223     0     0     0     0
3225     0     0     0     0
3227     0     0     0     0
3229     0     0     0     0
3231     0     0     0     0
3233     0     0     0     0
3235     0     0     0     0
3237     0     0     0     0
3239     0     0     0     0
3241     0     0     0     0
3243     0     0     0     0
3245     0     0     0     0
3247     0     0     0     0
3249     0     0     0     0
3251     0     0     0     0
3253     0     0     0     0
3255     0     0     0     0
3257     0     0     0     0
3259     0     0     0     0
3261     0     0     0     0
3263     0     0     0     0
3265     0     0     0     0
3267     0     0     0     0
3269     0     0     0     0
3271     0     0     0     0
3273     0     0     0     0
3275     0     0     0     0
3277     0     0     0     0
3279     0     0     0     0
3281     0     0     0     0
3283     0     0     0     0
3285     0     0     0     0
3287     0     0     0     0
3289     0     0     0     0
3291     0     0     0     0
3293     0     0     0     0
3295     0     0     0     0
3297     0     0     0     0
3299     0     0     0     0
3301     0     0     0     0
3303     0     0     0     0
3305     0     0     0     0
3307     0     0     0     0
3309     0     0     0     0
3311     0     0     0     0
3313     0     0     0     0
3315     0     0     0     0
3317     0     0     0     0
3319     0     0     0     0
3321     0     0     0     0
3323     0     0     0     0
3325     0     0     0     0
3327     0     0     0     0
3329     0     0     0     0
3331     0     0     0     0
3333     0     0     0     0
3335     0     0     0     0
3337     0     0     0     0
3339     0     0     0     0
3341     0     0     0     0
3343     0     0     0     0
3345     0     0     0     0
3347     0     0     0     0
3349     0     0     0     0
3351     0     0     0     0
3353     0     0     0     0
3355     0     0     0     0
3357     0     0     0     0
3359     0     0     0     0
3361     0     0     0     0
3363     0     0     0     0
3365     0     0     0     0
3367     0     0     0     0
3369     0     0     0     0
3371     0     0     0     0
3373     0     0     0     0
3375     0     0     0     0
3377     0     0     0     0
3379     0     0     0     0
3381     0     0     0     0
3383     0     0     0     0
3385     0     0     0     0
3387     0     0     0     0
3389     0     0     0     0
3391     0     0     0     0
3393     0     0     0     0
3395     0     0     0     0
3397     0     0     0     0
3399     0     0     0     0
3401     0     0     0     0
3403     0     0     0     0
3405     0     0     0     0
3407     0     0     0     0
3409     0     0     0     0
3411     0     0     0     0
3413     0     0     0     0
3415     0     0     0     0
3417     0     0     0     0
3419     0     0     0     0
3421     0     0     0     0
3423     0     0     0     0
3425     0     0     0     0
3427     0     0     0     0
3429     0     0     0     0
3431     0     0     0     0
3433     0     0     0     0
3435     0     0     0     0
3437     0     0     0     0
3439     0     0     0     0
3441     0     0     0     0
3443     0     0     0     0
3445     0     0     0     0
3447     0     0     0     0
3449     0     0     0     0
3451     0     0     0     0
3453     0     0     0     0
3455     0     0     0     0
3457     0     0     0     0
3459     0     0     0     0
3461     0     0     0     0
3463     0     0     0     0
3465     0     0     0     0
3467     0     0     0     0
3469     0     0     0     0
3471     0     0     0     0
3473     0     0     0     0
3475     0     0     0     0
3477     0     0     0     0
3479     0     0     0     0
3481     0     0     0     0
3483     0     0     0     0
3485     0     0     0     0
3487     0     0     0     0
3489     0     0     0     0
3491     0     0     0     0
3493     0     0     0     0
3495     0     0     0     0
3497     0     0     0     0
3499     0     0     0     0
3501     0     0     0     0
3503     0     0     0     0
3505     0     0     0     0
3507     0     0     0     0
3509     0     0     0     0
3511     0     0     0     0
3513     0     0     0     0
3515     0     0     0     0
3517     0     0     0     0
3519     0     0     0     0
3521     0     0     0     0
3523     0     0     0     0
3525     0     0     0     0
3527     0     0     0     0
3529     0     0     0     0
3531     0     0     0     0
3533     0     0     0     0
3535     0     0     0     0
3537     0     0     0     0
3539     0     0     0     0
3541     0     0     0     0
3543     0     0     0     0
3545     0     0     0     0
3547     0     0     0     0
3549     0     0     0     0
3551     0     0     0     0
3553     0     0     0     0
3555     0     0     0     0
3557     0     0     0     0
3559     0     0     0     0
3561     0     0     0     0
3563     0     0     0     0
3565     0     0     0     0
3567     0     0     0     0
3569     0     0     0     0
3571     0     0     0     0
3573     0     0     0     0
3575     0     0     0     0
3577     0     0     0     0
3579     0     0     0     0
3581     0     0     0     0
3583     0     0     0     0
3585     0     0     0     0
3587     0     0     0     0
3589     0     0     0     0
3591     0     0     0     0
3593     0     0     0     0
3595     0     0     0     0
3597     0     0     0     0
3599     0     0     0     0
3601     0     0     0     0
3603     0     0     0     0
3605     0     0     0     0
3607     0     0     0     0
3609     0     0     0     0
3611     0     0     0     0
3613     0     0     0     0
3615     0     0     0     0
3617     0     0     0     0
3619     0     0     0     0
3621     0     0     0     0
3623     0     0     0     0
3625     0     0     0     0
3627     0     0     0     0
3629     0     0     0     0
3631     0     0     0     0
3633     0     0     0     0
3635     0     0     0     0
3637     0     0     0     0
3639     0     0     0     0
3641     0     0     0     0
3643     0     0     0     0
3645     0     0     0     0
3647     0     0     0     0
3649     0     0     0     0
3651     0     0     0     0
3653     0     0     0     0
3655     0     0     0     0
3657     0     0     0     0
3659     0     0     0     0
3661     0     0     0     0
3663     0     0     0     0
3665     0     0     0     0
3667     0     0     0     0
3669     0     0     0     0
3671     0     0     0     0
3673     0     0     0     0
3675     0     0     0     0
3677     0     0     0     0
3679     0     0     0     0
3681     0     0     0     0
3683     0     0     0     0
3685     0     0     0     0
3687     0     0     0     0
3689     0     0     0     0
3691     0     0     0     0
3693     0     0     0     0
3695     0     0     0     0
3697     0     0     0     0
3699     0     0     0     0
3701     0     0     0     0
3703     0     0     0     0
3705     0     0     0     0
3707     0     0     0     0
3709     0     0     0     0
3711     0     0     0     0
3713     0     0     0     0
3715     0     0     0     0
3717     0     0     0     0
3719     0     0     0     0
3721     0     0     0     0
3723     0     0     0     0
3725     0     0     0     0
3727     0     0     0     0
3729     0     0     0     0
3731     0     0     0     0
3733     0     0     0     0
3735     0     0     0     0
3737     0     0     0     0
3739     0     0     0     0
3741     0     0     0     0
3743     0     0     0     0
3745     0     0     0     0
3747     0     0     0     0
3749     0     0     0     0
3751     0     0     0     0
3753     0     0     0     0
3755     0     0     0     0
3757     0     0     0     0
3759     0     0     0     0
3761     0     0     0     0
3763     0     0     0     0
3765     0     0     0     0
3767     0     0     0     0
3769     0     0     0     0
3771     0     0     0     0
3773     0     0     0     0
3775     0     0     0     0
3777     0     0     0     0
3779     0     0     0     0
3781     0     0     0     0
3783     0     0     0     0
3785     0     0     0     0
3787     0     0     0     0
3789     0     0     0     0
3791     0     0     0     0
3793     0     0     0     0
3795     0     0     0     0
3797     0     0     0     0
3799     0     0     0     0
3801     0     0     0     0
3803     0     0     0     0
3805     0     0     0     0
3807     0     0     0     0
3809     0     0     0     0
3811     0     0     0     0
3813     0     0     0     0
3815     0     0     0     0
3817     0     0     0     0
3819     0     0     0     0
3821     0     0     0     0
3823     0     0     0     0
3825     0     0     0     0
3827     0     0     0     0
3829     0     0     0     0
3831     0     0     0     0
3833     0     0     0     0
3835     0     0     0     0
3837     0     0     0     0
3839     0     0     0     0
3841     0     0     0     0
3843     0     0     0     0
3845     0     0     0     0
3847     0     0     0     0
3849     0     0     0     0
3851     0     0     0     0
3853     0     0     0     0
3855     0     0     0     0
3857     0     0     0     0
3859     0     0     0     0
3861     0     0     0     0
3863     0     0     0     0
3865     0     0     0     0
3867     0     0     0     0
3869     0     0     0     0
3871     0     0     0     0
3873     0     0     0     0
3875     0     0     0     0
3877     0     0     0     0
3879     0     0     0     0
3881     0     0     0     0
3883     0     0     0     0
3885     0     0     0     0
3887     0     0     0     0
3889     0     0     0     0
3891     0     0     0     0
3893     0     0     0     0
3895     0     0     0     0
3897     0     0     0     0
3899     0     0     0     0
3901     0     0     0     0
3903     0     0     0     0
3905     0     0     0     0
3907     0     0     0     0
3909     0     0     0     0
3911     0     0     0     0
3913     0     0     0     0
3915     0     0     0     0
3917     0     0     0     0
3919     0     0     0     0
3921     0     0     0     0
3923     0     0     0     0
3925     0     0     0     0
3927     0     0     0     0
3929     0     0     0     0
3931     0     0     0     0
3933     0     0     0     0
3935     0     0     0     0
3937     0     0     0     0
3939     0     0     0     0
3941     0     0     0     0
3943     0     0     0     0
3945     0     0     0     0
3947     0     0     0     0
3949     0     0     0     0
3951     0     0     0     0
3953     0     0     0     0
3955     0     0     0     0
3957     0     0     0     0
3959     0     0     0     0
3961     0     0     0     0
3963     0     0     0     0
3965     0     0     0     0
3967     0     0     0     0
3969     0     0     0     0
3971     0     0     0     0
3973     0     0     0     0
3975     0     0     0     0
3977     0     0     0     0
3979     0     0     0     0
3981     0     0     0     0
3983     0     0     0     0
3985     0     0     0     0
3987     0     0     0     0
3989     0     0     0     0
3991     0     0     0     0
3993     0     0     0     0
3995     0     0     0     0
3997     0     0     0     0
3999     0     0     0     0
4001     0     0     0     0
4003     0     0     0     0
4005     0     0     0     0
4007     0     0     0     0
4009     0     0     0     0
4011     0     0     0     0
4013     0     0     0     0
4015     0     0     0     0
4017     0     0     0     0
4019     0     0     0     0
4021     0     0     0     0
4023     0     0     0     0
4025     0     0     0     0
4027     0     0     0     0
4029     0     0     0     0
4031     0     0     0     0
4033     0     0     0     0
4035     0     0     0     0
4037     0     0     0     0
4039     0     0     0     0
4041     0     0     0     0
4043     0     0     0     0
4045     0     0     0     0
4047     0     0     0     0
4049     0     0     0     0
4051     0     0     0     0
4053     0     0     0     0
4055     0     0     0     0
4057     0     0     0     0
4059     0     0     0     0
4061     0     0     0     0
4063     0     0     0     0
4065     0     0     0     0
4067     0     0     0     0
4069     0     0     0     0
4071     0     0     0     0
4073     0     0     0     0
4075     0     0     0     0
4077     0     0     0     0
4079     0     0     0     0
4081     0     0     0     0
4083     0     0     0     0
4085     0     0     0     0
4087     0     0     0     0
4089     0     0     0     0
4091     0     0     0     0
4093     0     0     0     0
4095     0     0     0     0
4097     0     0     0     0
4099     0     0     0     0
4101     0     0     0     0
4103     0     0     0     0
4105     0     0     0     0
4107     0     0     0     0
4109     0     0     0     0
4111     0     0     0     0
4113     0     0     0     0
4115     0     0     0     0
4117     0     0     0     0
4119     0     0     0     0
4121     0     0     0     0
4123     0     0     0     0
4125     0     0     0     0
4127     0     0     0     0
4129     0     0     0     0
4131     0     0     0     0
4133     0     0     0     0
4135     0     0     0     0
4137     0     0     0     0
4139     0     0     0     0
4141     0     0     0     0
4143     0     0     0     0
4145     0     0     0     0
4147     0     0     0     0
4149     0     0     0     0
4151     0     0     0     0
4153     0     0     0     0
4155     0     0     0     0
4157     0     0     0     0
4159     0     0     0     0
4161     0     0     0     0
4163     0     0     0     0
4165     0     0     0     0
4167     0     0     0     0
4169     0     0     0     0
4171     0     0     0     0
4173     0     0     0     0
4175     0     0     0     0
4177     0     0     0     0
4179     0     0     0     0
4181     0     0     0     0
4183     0     0     0     0
4185     0     0     0     0
4187     0     0     0     0
4189     0     0     0     0
4191     0     0     0     0
4193     0     0     0     0
4195     0     0     0     0
4197     0     0     0     0
4199     0     0     0     0
4201     0     0     0     0
4203     0     0     0     0
4205     0     0     0     0
4207     0     0     0     0
4209     0     0     0     0
4211     0     0     0     0
4213     0     0     0     0
4215     0     0     0     0
4217     0     0     0     0
4219     0     0     0     0
4221     0     0     0     0
4223     0     0     0     0
4225     0     0     0     0
4227     0     0     0     0
4229     0     0     0     0
4231     0     0     0     0
4233     0     0     0     0
4235     0     0     0     0
4237     0     0     0     0
4239     0     0     0     0
4241     0     0     0     0
4243     0     0     0     0
4245     0     0     0     0
4247     0     0     0     0
4249     0     0     0     0
4251     0     0     0     0
4253     0     0     0     0
4255     0     0     0     0
4257     0     0     0     0
4259     0     0     0     0
4261     0     0     0     0
4263     0     0     0     0
4265     0     0     0     0
4267     0     0     0     0
4269     0     0     0     0
4271     0     0     0     0
4273     0     0     0     0
4275     0     0     0     0
4277     0     0     0     0
4279     0     0     0     0
4281     0     0     0     0
4283     0     0     0     0
4285     0     0     0     0
4287     0     0     0     0
4289     0     0     0     0
4291     0     0     0     0
4293     0     0     0     0
4295     0     0     0     0
4297     0     0     0     0
4299     0     0     0     0
4301     0     0     0     0
4303     0     0     0     0
4305     0     0     0     0
4307     0     0     0     0
4309     0     0     0     0
4311     0     0     0     0
4313     0     0     0     0
4315     0     0     0     0
4317     0     0     0     0
4319     0     0     0     0
4321     0     0     0     0
4323     0     0     0     0
4325     0     0     0     0
4327     0     0     0     0
4329     0     0     0     0
4331     0     0     0     0
4333     0     0     0     0
4335     0     0     0     0
4337     0     0     0     0
4339     0     0     0     0
4341     0     0     0     0
4343     0     0     0     0
4345     0     0     0     0
4347     0     0     0     0
4349     0     0     0     0
4351     0     0     0     0
4353     0     0     0     0
4355     0     0     0     0
4357     0     0     0     0
4359     0     0     0     0
4361     0     0     0     0
4363     0     0     0     0
4365     0     0     0     0
4367     0     0     0     0
4369     0     0     0     0
4371     0     0     0     0
4373     0     0     0     0
4375     0     0     0     0
4377     0     0     0     0
4379     0     0     0     0
4381     0     0     0     0
4383     0     0     0     0
4385     0     0     0     0
4387     0     0     0     0
4389     0     0     0     0
4391     0     0     0     0
4393     0     0     0     0
4395     0     0     0     0
4397     0     0     0     0
4399     0     0     0     0
4401     0     0     0     0
4403     0     0     0     0
4405     0     0     0     0
4407     0     0     0     0
4409     0     0     0     0
4411     0     0     0     0
4413     0     0     0     0
4415     0     0     0     0
4417     0     0     0     0
4419     0     0     0     0
4421     0     0     0     0
4423     0     0     0     0
4425     0     0     0     0
4427     0     0     0     0
4429     0     0     0     0
4431     0     0     0     0
4433     0     0     0     0
4435     0     0     0     0
4437     0     0     0     0
4439     0     0     0     0
4441     0     0     0     0
4443     0     0     0     0
4445     0     0     0     0
4447     0     0     0     0
4449     0     0     0     0
4451     0     0     0     0
4453     0     0     0     0
4455     0     0     0     0
4457     0     0     0     0
4459     0     0     0     0
4461     0     0     0     0
4463     0     0     0     0
4465     0     0     0     0
4467     0     0     0     0
4469     0     0     0     0
4471     0     0     0     0
4473     0     0     0     0
4475     0     0     0     0
4477     0     0     0     0
4479     0     0     0     0
4481     0     0     0     0
4483     0     0     0     0
4485     0     0     0     0
4487     0     0     0     0
4489     0     0     0     0
4491     0     0     0     0
4493     0     0     0     0
4495     0     0     0     0
4497     0     0     0     0
4499     0     0     0     0
4501     0     0     0     0
4503     0     0     0     0
4505     0     0     0     0
4507     0     0     0     0
4509     0     0     0     0
4511     0     0     0     0
4513     0     0     0     0
4515     0     0     0     0
4517     0     0     0     0
4519     0     0     0     0
4521     0     0     0     0
4523     0     0     0     0
4525     0     0     0     0
4527     0     0     0     0
4529     0     0     0     0
4531     0     0     0     0
4533     0     0     0     0
4535     0     0     0     0
4537     0     0     0     0
4539     0     0     0     0
4541     0     0     0     0
4543     0     0     0     0
4545     0     0     0     0
4547     0     0     0     0
4549     0     0     0     0
4551     0     0     0     0
4553     0     0     0     0
4555     0     0     0     0
4557     0     0     0     0
4559     0     0     0     0
4561     0     0     0     0
4563     0     0     0     0
4565     0     0     0     0
4567     0     0     0     0
4569     0     0     0     0
4571     0     0     0     0
4573     0     0     0     0
4575     0     0     0     0
4577     0     0     0     0
4579     0     0     0     0
4581     0     0     0     0
4583     0     0     0     0
4585     0     0     0     0
4587     0     0     0     0
4589     0     0     0     0
4591     0     0     0     0
4593     0     0     0     0
4595     0     0     0     0
4597     0     0     0     0
4599     0     0     0     0
4601     0     0     0     0
4603     0     0     0     0
4605     0     0     0     0
4607     0     0     0     0
4609     0     0     0     0
4611     0     0     0     0
4613     0     0     0     0
4615     0     0     0     0
4617     0     0     0     0
4619     0     0     0     0
4621     0     0     0     0
4623     0     0     0     0
4625     0     0     0     0
4627     0     0     0     0
4629     0     0     0     0
4631     0     0     0     0
4633     0     0     0     0
4635     0     0     0     0
4637     0     0     0     0
4639     0     0     0     0
4641     0     0     0     0
4643     0     0     0     0
4645     0     0     0     0
4647     0     0     0     0
4649     0     0     0     0
4651     0     0     0     0
4653     0     0     0     0
4655     0     0     0     0
4657     0     0     0     0
4659     0     0     0     0
4661     0     0     0     0
4663     0     0     0     0
4665     0     0     0     0
4667     0     0     0     0
4669     0     0     0     0
4671     0     0     0     0
4673     0     0     0     0
4675     0     0     0     0
4677     0     0     0     0
4679     0     0     0     0
4681     0     0     0     0
4683     0     0     0     0
4685     0     0     0     0
4687     0     0     0     0
4689     0     0     0     0
4691     0     0     0     0
4693     0     0     0     0
4695     0     0     0     0
4697     0     0     0     0
4699     0     0     0     0
4701     0     0     0     0
4703     0     0     0     0
4705     0     0     0     0
4707     0     0     0     0
4709     0     0     0     0
4711     0     0     0     0
4713     0     0     0     0
4715     0     0     0     0
4717     0     0     0     0
4719     0     0     0     0
4721     0     0     0     0
4723     0     0     0     0
4725     0     0     0     0
4727     0     0     0     0
4729     0     0     0     0
4731     0     0     0     0
4733     0     0     0     0
4735     0     0     0     0
4737     0     0     0     0
4739     0     0     0     0
4741     0     0     0     0
4743     0     0     0     0
4745     0     0     0     0
4747     0     0     0     0
4749     0     0     0     0
4751     0     0     0     0
4753     0     0     0     0
4755     0     0     0     0
4757     0     0     0     0
4759     0     0     0     0
4761     0     0     0     0
4763     0     0     0     0
4765     0     0     0     0
4767     0     0     0     0
4769     0     0     0     0
4771     0     0     0     0
4773     0     0     0     0
4775     0     0     0     0
4777     0     0     0     0
4779     0     0     0     0
4781     0     0     0     0
4783     0     0     0     0
4785     0     0     0     0
4787     0     0     0     0
4789     0     0     0     0
4791     0     0     0     0
4793     0     0     0     0
4795     0     0     0     0
4797     0     0     0     0
4799     0     0     0     0
4801     0     0     0     0
4803     0     0     0     0
4805     0     0     0     0
4807     0     0     0     0
4809     0     0     0     0
4811     0     0     0     0
4813     0     0     0     0
4815     0     0     0     0
4817     0     0     0     0
4819     0     0     0     0
4821     0     0     0     0
4823     0     0     0     0
4825     0     0     0     0
4827     0     0     0     0
4829     0     0     0     0
4831     0     0     0     0
4833     0     0     0     0
4835     0     0     0     0
4837     0     0     0     0
4839     0     0     0     0
4841     0     0     0     0
4843     0     0     0     0
4845     0     0     0     0
4847     0     0     0     0
4849     0     0     0     0
4851     0     0     0     0
4853     0     0     0     0
4855     0     0     0     0
4857     0     0     0     0
4859     0     0     0     0
4861     0     0     0     0
4863     0     0     0     0
4865     0     0     0     0
4867     0     0     0     0
4869     0     0     0     0
4871     0     0     0     0
4873     0     0     0     0
4875     0     0     0     0
4877     0     0     0     0
4879     0     0     0     0
4881     0     0     0     0
4883     0     0     0     0
4885     0     0     0     0
4887     0     0     0     0
4889     0     0     0     0
4891     0     0     0     0
4893     0     0     0     0
4895     0     0     0     0
4897     0     0     0     0
4899     0     0     0     0
4901     0     0     0     0
4903     0     0     0     0
4905     0     0     0     0
4907     0     0     0     0
4909     0     0     0     0
4911     0     0     0     0
4913     0     0     0     0
4915     0     0     0     0
4917     0     0     0     0
4919     0     0     0     0
4921     0     0     0     0
4923     0     0     0     0
4925     0     0     0     0
4927     0     0     0     0
4929     0     0     0     0
4931     0     0     0     0
4933     0     0     0     0
4935     0     0     0     0
4937     0     0     0     0
4939     0     0     0     0
4941     0     0     0     0
4943     0     0     0     0
4945     0     0     0     0
4947     0     0     0     0
4949     0     0     0     0
4951     0     0     0     0
4953     0     0     0     0
4955     0     0     0     0
4957     0     0     0     0
4959     0     0     0     0
4961     0     0     0     0
4963     0     0     0     0
4965     0     0     0     0
4967     0     0     0     0
4969     0     0     0     0
4971     0     0     0     0
4973     0     0     0     0
4975     0     0     0     0
4977     0     0     0     0
4979     0     0     0     0
4981     0     0     0     0
4983     0     0     0     0
4985     0     0     0     0
4987     0     0     0     0
4989     0     0     0     0
4991     0     0     0     0
4993     0     0     0     0
4995     0     0     0     0
4997     0     0     0     0
4999     0     0     0     0
