2    0     0     0     0     0     0     0
6    0     0     0     0     0     0     0
10    0     0     0     0     0     0     0
14    0     0     0     0     0     0     0
18    0     0     0     0     0     0     0
22    0     0     0     0     0     0     0
26    0.000135768     7.60271e-08     7.60199e-08     7.60278e-08     7.60271e-08     7.60271e-08     7.60271e-08
30    0.000157205     7.29656e-08     7.29587e-08     7.29663e-08     7.29656e-08     7.29656e-08     7.29656e-08
34    0.000242953     9.53778e-08     9.53687e-08     9.53787e-08     9.53778e-08     9.53778e-08     9.53778e-08
38    0.000150059     4.99905e-08     4.99858e-08     4.9991e-08     4.99905e-08     4.99905e-08     4.99905e-08
42    0.000271536     7.96441e-08     7.96365e-08     7.96448e-08     7.96441e-08     7.96441e-08     7.96441e-08
46    0.000235807     6.11301e-08     6.11243e-08     6.11307e-08     6.11301e-08     6.11301e-08     6.11301e-08
50    0.000350138     8.0786e-08     8.07784e-08     8.07868e-08     8.0786e-08     8.0786e-08     8.0786e-08
54    0.000278682     5.84904e-08     5.84848e-08     5.84909e-08     5.84904e-08     5.84904e-08     5.84904e-08
58    0.000371575     7.15005e-08     7.14937e-08     7.15012e-08     7.15005e-08     7.15005e-08     7.15005e-08
62    0.000335847     5.97443e-08     5.97386e-08     5.97448e-08     5.97443e-08     5.97443e-08     5.97443e-08
66    0.000457324     7.68352e-08     7.68279e-08     7.68359e-08     7.68352e-08     7.68352e-08     7.68352e-08
70    0.000557363     8.88511e-08     8.88427e-08     8.8852e-08     8.88511e-08     8.88511e-08     8.88511e-08
74    0.000471615     7.19915e-08     7.19847e-08     7.19922e-08     7.19915e-08     7.19915e-08     7.19915e-08
78    0.000450178     6.66505e-08     6.66442e-08     6.66511e-08     6.66505e-08     6.66505e-08     6.66505e-08
82    0.000600237     8.67928e-08     8.67846e-08     8.67937e-08     8.67928e-08     8.67928e-08     8.67928e-08
86    0.000614529     8.74754e-08     8.74671e-08     8.74763e-08     8.74754e-08     8.74754e-08     8.74754e-08
90    0.000657403     9.28436e-08     9.28348e-08     9.28445e-08     9.28436e-08     9.28436e-08     9.28436e-08
94    0.000764588     1.07799e-07     1.07789e-07     1.078e-07     1.07799e-07     1.07799e-07     1.07799e-07
98    0.000700277     9.91376e-08     9.91282e-08     9.91385e-08     9.91376e-08     9.91376e-08     9.91376e-08
102    0.000828899     1.18358e-07     1.18347e-07     1.18359e-07     1.18358e-07     1.18358e-07     1.18358e-07
106    0.00072886     1.05464e-07     1.05454e-07     1.05465e-07     1.05464e-07     1.05464e-07     1.05464e-07
110    0.000864627     1.28106e-07     1.28094e-07     1.28107e-07     1.28106e-07     1.28106e-07     1.28106e-07
114    0.000957521     1.46914e-07     1.469e-07     1.46916e-07     1.46914e-07     1.46914e-07     1.46914e-07
118    0.000914647     1.47798e-07     1.47784e-07     1.47799e-07     1.47798e-07     1.47798e-07     1.47798e-07
122    0.000986104     1.71968e-07     1.71952e-07     1.7197e-07     1.71968e-07     1.71968e-07     1.71968e-07
126    0.00104327     1.9979e-07     1.99771e-07     1.99792e-07     1.9979e-07     1.9979e-07     1.9979e-07
130    0.00109329     2.35861e-07     2.35839e-07     2.35863e-07     2.35861e-07     2.35861e-07     2.35861e-07
134    0.00115045     2.90182e-07     2.90154e-07     2.90184e-07     2.90182e-07     2.90182e-07     2.90182e-07
138    0.00104327     3.15981e-07     3.15951e-07     3.15984e-07     3.15981e-07     3.15981e-07     3.15981e-07
142    0.00120047     4.53893e-07     4.5385e-07     4.53898e-07     4.53893e-07     4.53893e-07     4.53893e-07
146    0.00110043     5.34703e-07     5.34652e-07     5.34708e-07     5.34703e-07     5.34703e-07     5.34703e-07
150    0.00125764     8.32916e-07     8.32837e-07     8.32924e-07     8.32916e-07     8.32916e-07     8.32916e-07
154    0.00118618     1.2111e-06     1.21099e-06     1.21112e-06     1.2111e-06     1.2111e-06     1.2111e-06
158    0.00122191     2.39957e-06     2.39934e-06     2.39959e-06     2.39957e-06     2.39957e-06     2.39957e-06
162    0.00139341     7.18123e-06     7.18055e-06     7.1813e-06     7.18123e-06     7.18123e-06     7.18123e-06
166    0.00135053     1.30924e-05     1.30912e-05     1.30925e-05     1.30924e-05     1.30924e-05     1.30924e-05
170    0.00150059     1.94152e-05     1.94133e-05     1.94154e-05     1.94152e-05     1.94152e-05     1.94152e-05
174    0.00126479     1.98463e-05     1.98445e-05     1.98465e-05     1.98463e-05     1.98463e-05     1.98463e-05
178    0.00175069     3.2411e-05     3.24079e-05     3.24113e-05     3.2411e-05     3.2411e-05     3.2411e-05
182    0.00153632     3.43604e-05     3.43572e-05     3.43607e-05     3.43604e-05     3.43604e-05     3.43604e-05
186    0.00157205     4.24935e-05     4.24895e-05     4.24939e-05     4.24935e-05     4.24935e-05     4.24935e-05
190    0.00161492     5.08086e-05     5.08038e-05     5.08091e-05     5.08086e-05     5.08086e-05     5.08086e-05
194    0.0015792     5.63652e-05     5.63599e-05     5.63658e-05     5.63652e-05     5.63652e-05     5.63652e-05
198    0.00171496     6.74155e-05     6.74091e-05     6.74161e-05     6.74155e-05     6.74155e-05     6.74155e-05
202    0.00178642     7.65623e-05     7.6555e-05     7.6563e-05     7.65623e-05     7.65623e-05     7.65623e-05
206    0.00185788     8.68629e-05     8.68546e-05     8.68637e-05     8.68629e-05     8.68629e-05     8.68629e-05
210    0.00167924     8.49614e-05     8.49533e-05     8.49622e-05     0.000429553     0.000615413     0.000301899
214    0.00192219     0.000104568     0.000104558     0.000104569     0.000863935     0.00127434     0.000582136
218    0.00213656     0.000124662     0.000124651     0.000124664     0.000880707     0.00128986     0.00059981
222    0.0019865     0.000123536     0.000123525     0.000123538     0.000879625     0.00128892     0.000598518
226    0.00194363     0.000128849     0.000128837     0.000128851     0.000867143     0.00126675     0.000592567
230    0.00197935     0.000139243     0.00013923     0.000139244     0.000886787     0.00129159     0.000608584
234    0.00208654     0.000155639     0.000155625     0.000155641     0.00090464     0.00131083     0.000625557
238    0.00217943     0.000172454     0.000172438     0.000172456     0.000914108     0.00131684     0.00063747
242    0.00220802     0.000184368     0.00018435     0.00018437     0.000913338     0.00130945     0.000641205
246    0.00240809     0.000211679     0.000211659     0.000211681     0.000952406     0.00135474     0.000675821
250    0.00251528     0.000232819     0.000232797     0.000232821     0.000950941     0.00134102     0.000682706
254    0.00266534     0.000259581     0.000259557     0.000259584     0.000975307     0.00136438     0.000707725
258    0.00254386     0.00026047     0.000260445     0.000260472     0.000980754     0.00137277     0.000711197
262    0.00250813     0.000268952     0.000268927     0.000268955     0.000978146     0.00136425     0.00071258
266    0.00259388     0.000291626     0.000291598     0.000291628     0.00099563     0.0013789     0.000731928
270    0.00247241     0.000290292     0.000290265     0.000290295     0.000963075     0.00132945     0.000710935
274    0.00291544     0.000358605     0.000358571     0.000358608     0.00102958     0.00139522     0.000777943
278    0.00296546     0.000380577     0.000380541     0.000380581     0.00107177     0.00144891     0.000812243
282    0.00310837     0.000416861     0.000416821     0.000416865     0.00109364     0.00146325     0.000839311
286    0.00305835     0.00042738     0.00042734     0.000427384     0.00108396     0.00144283     0.00083703
290    0.0031441     0.000457052     0.000457009     0.000457056     0.00110083     0.00145282     0.000858597
294    0.00345851     0.000523078     0.000523029     0.000523083     0.00118103     0.00154085     0.000933365
298    0.00312981     0.000491595     0.000491549     0.0004916     0.00114289     0.00149909     0.00089762
302    0.00320127     0.000522312     0.000522263     0.000522317     0.00118702     0.00155074     0.000936516
306    0.00337991     0.000572307     0.000572253     0.000572312     0.00123618     0.00159977     0.000985803
310    0.00335847     0.000589946     0.00058989     0.000589951     0.00122018     0.0015656     0.000982256
314    0.00411591     0.000749159     0.000749088     0.000749166     0.00140357     0.00176263     0.0011563
318    0.00398014     0.000750306     0.000750235     0.000750313     0.00140797     0.00176909     0.00115928
322    0.00419452     0.000817903     0.000817825     0.00081791     0.00148363     0.00184919     0.0012318
326    0.00416593     0.000839257     0.000839178     0.000839265     0.0015305     0.00190991     0.00126898
330    0.00418737     0.000871505     0.000871423     0.000871513     0.00151844     0.0018734     0.00127366
334    0.00448034     0.000961573     0.000961482     0.000961582     0.00167212     0.00206195     0.00140322
338    0.00471615     0.00104437     0.00104427     0.00104438     0.00175633     0.0021472     0.00148666
342    0.00460896     0.00105358     0.00105348     0.00105359     0.00175653     0.00214343     0.00148974
346    0.00489479     0.00115738     0.00115727     0.00115739     0.00190568     0.00232068     0.00162023
350    0.00559507     0.00137472     0.00137459     0.00137473     0.00217321     0.00261612     0.00186843
354    0.00525208     0.00134931     0.00134918     0.00134932     0.00218267     0.00264659     0.00186379
358    0.00606668     0.00163544     0.00163529     0.00163546     0.00251396     0.00300625     0.00217644
362    0.00659546     0.00186209     0.00186191     0.00186211     0.00279851     0.00332536     0.00243782
366    0.00610956     0.00180052     0.00180034     0.00180053     0.00276375     0.00330698     0.00239212
370    0.00631678     0.00194156     0.00194138     0.00194157     0.00297073     0.00355305     0.0025728
374    0.00668121     0.00214553     0.00214536     0.00214552     0.00321369     0.00382104     0.0027994
378    0.00703135     0.00235514     0.00235495     0.00235512     0.00341188     0.00401583     0.00300071
382    0.00689558     0.00240291     0.00240273     0.00240289     0.00354637     0.00420254     0.00310029
386    0.00771019     0.00279135     0.00279114     0.00279132     0.00399452     0.00468689     0.00352431
390    0.00778165     0.00292228     0.00292207     0.00292225     0.0041836     0.00491075     0.00369004
394    0.00826755     0.0032121     0.00321187     0.00321205     0.00457029     0.00535424     0.00403831
398    0.00919649     0.00369514     0.00369489     0.00369507     0.00504993     0.00583283     0.00451875
402    0.00928224     0.00385821     0.00385797     0.00385813     0.00527253     0.00609129     0.0047173
406    0.00966811     0.00414825     0.004148     0.00414814     0.00566523     0.00654515     0.00506885
410    0.010447     0.00462632     0.00462605     0.00462618     0.00622279     0.00715062     0.00559431
414    0.0107257     0.00489332     0.00489306     0.00489315     0.0065048     0.00744272     0.00586972
418    0.0112902     0.00530394     0.0053037     0.00530373     0.0070143     0.00801062     0.00633969
422    0.0125121     0.00604746     0.00604722     0.00604718     0.00789989     0.00897955     0.00716885
426    0.0127693     0.00634131     0.0063411     0.00634097     0.00825466     0.00937015     0.00749922
430    0.0138412     0.00705989     0.00705971     0.00705945     0.00907263     0.0102467     0.00827739
434    0.0145129     0.00760545     0.00760534     0.00760489     0.00982599     0.0111229     0.00894779
438    0.0159777     0.00859553     0.00859551     0.00859481     0.0109702     0.0123591     0.01003
442    0.0169353     0.00934853     0.00934863     0.00934762     0.0117716     0.0131906     0.0108112
446    0.0181786     0.0102955     0.0102958     0.0102944     0.0129685     0.014535     0.0119082
450    0.0191933     0.0111456     0.0111461     0.0111441     0.0139084     0.0155284     0.0128117
454    0.021437     0.0127607     0.0127616     0.0127587     0.0158251     0.0176223     0.014608
458    0.0236022     0.0144001     0.0144016     0.0143975     0.0177948     0.0197866     0.0164456
462    0.0246169     0.0154089     0.0154109     0.0154055     0.0188281     0.0208358     0.0174677
466    0.0280754     0.0180409     0.0180442     0.0180361     0.0218652     0.0241135     0.0203415
470    0.0297903     0.0196636     0.0196682     0.0196573     0.0236703     0.026029     0.0220717
474    0.0320198     0.0217219     0.0217284     0.0217137     0.0259187     0.0283916     0.0242419
478    0.0363144     0.0253619     0.0253714     0.0253503     0.0299031     0.0325826     0.0280853
482    0.0401516     0.0289235     0.0289377     0.0289074     0.033789     0.0366653     0.0318365
486    0.0423453     0.0315575     0.0315767     0.0315364     0.0365437     0.0394984     0.0345369
490    0.0467685     0.0361633     0.0361905     0.0361342     0.0413194     0.0443841     0.0392358
494    0.0516418     0.0415464     0.0415849     0.0415064     0.046904     0.0501006     0.0447283
498    0.055329     0.0465147     0.0465686     0.0464603     0.0518897     0.0551126     0.0496918
502    0.0600237     0.052983     0.0530566     0.0529105     0.0582666     0.0614566     0.056086
506    0.064404     0.0599035     0.0600007     0.0598095     0.0650054     0.0681141     0.0628747
510    0.0683842     0.0672994     0.0674246     0.0671803     0.0719871     0.0748826     0.0699955
514    0.0684342     0.0714149     0.0715647     0.0712748     0.0753408     0.0778141     0.0736312
518    0.0700634     0.0775079     0.0776797     0.0773487     0.0805957     0.0825986     0.0792009
522    0.070435     0.0823796     0.082565     0.0822088     0.0844117     0.085806     0.0834269
526    0.0688486     0.0845887     0.0844098     0.0847821     0.0854513     0.0849351     0.086154
530    0.0655473     0.0839176     0.0837532     0.0840941     0.0835705     0.0832088     0.0838853
534    0.0604882     0.0799917     0.0798515     0.0801406     0.0785473     0.0775603     0.079274
538    0.0551861     0.0747248     0.074611     0.0748435     0.0723722     0.0708743     0.0734327
542    0.0515061     0.0708737     0.0707826     0.0709667     0.0677187     0.0657684     0.0690756
546    0.0468971     0.0652039     0.065136     0.0652711     0.0614725     0.0592026     0.0630355
550    0.0414378     0.0579788     0.057929     0.0580265     0.0539664     0.0515451     0.0556241
554    0.0377078     0.0529554     0.0529182     0.0529897     0.0486431     0.0460528     0.0504094
558    0.0331488     0.0466257     0.046599     0.0466494     0.0423208     0.0397431     0.0440746
562    0.0300547     0.0422552     0.0422359     0.0422714     0.0379044     0.0353088     0.0396687
566    0.0261675     0.0367382     0.0367242     0.0367493     0.0325798     0.0301083     0.0342604
570    0.0244811     0.0343525     0.0343415     0.0343607     0.0301404     0.0276426     0.031839
574    0.0215943     0.0303465     0.0303383     0.0303522     0.0263366     0.023959     0.0279525
578    0.0191719     0.0270126     0.0270065     0.0270165     0.023186     0.0209156     0.024728
582    0.0170639     0.0241037     0.0240988     0.0241065     0.0204981     0.0183595     0.0219506
586    0.0162707     0.0230441     0.0230399     0.0230462     0.0194166     0.0172668     0.0208772
590    0.0138197     0.0196613     0.0196581     0.0196628     0.0163888     0.0144481     0.0177071
594    0.0132838     0.0190362     0.0190334     0.0190374     0.0157006     0.0137151     0.0170472
598    0.0123263     0.0178057     0.0178033     0.0178066     0.0145917     0.0126712     0.0158921
602    0.0106399     0.0154653     0.0154633     0.015466     0.0125005     0.0107274     0.0137009
606    0.0101397     0.0148042     0.0148024     0.0148047     0.0119188     0.0101964     0.0130859
610    0.00884635     0.0129853     0.0129838     0.0129857     0.0103602     0.00879637     0.0114211
614    0.0086034     0.0127216     0.0127202     0.0127219     0.0100802     0.00850556     0.0111483
618    0.00751011     0.0112048     0.0112036     0.0112051     0.00878443     0.00733835     0.00976454
622    0.00689558     0.0103803     0.0103792     0.0103805     0.00811187     0.00675395     0.00903166
626    0.0063668     0.00966892     0.00966793     0.00966908     0.00746099     0.00613793     0.0083569
630    0.00625247     0.00957115     0.00957018     0.00957129     0.00731138     0.00595697     0.00822854
634    0.0056308     0.00869007     0.0086892     0.00869019     0.00661143     0.00536626     0.0074551
638    0.00538784     0.00838624     0.00838542     0.00838635     0.00633948     0.00511353     0.00717038
642    0.00485906     0.00763709     0.00763635     0.00763718     0.00573824     0.00459926     0.00650985
646    0.00465898     0.00740447     0.00740376     0.00740455     0.00555128     0.00443668     0.00630568
650    0.00419452     0.00674044     0.0067398     0.00674051     0.00500923     0.00396497     0.00571522
654    0.00353711     0.00574539     0.00574484     0.00574545     0.00419478     0.0032574     0.00482801
658    0.00363001     0.00595716     0.00595659     0.00595722     0.00435282     0.00338135     0.00500867
662    0.00345851     0.0057333     0.00573275     0.00573336     0.00418065     0.00323954     0.0048159
666    0.00337991     0.00566037     0.00565983     0.00566043     0.00409047     0.00313794     0.00473325
670    0.00334418     0.00565612     0.00565558     0.00565618     0.00401748     0.00302251     0.00468886
674    0.00299404     0.00511605     0.00511555     0.0051161     0.00365682     0.00277025     0.00425502
678    0.00293688     0.00506466     0.00506417     0.00506471     0.00362195     0.00274533     0.00421359
682    0.00247241     0.00430397     0.00430355     0.00430401     0.00304486     0.00228016     0.00356116
686    0.00250099     0.00439359     0.00439316     0.00439364     0.003099     0.00231336     0.00362978
690    0.00226518     0.00401802     0.00401763     0.00401807     0.0028315     0.00211139     0.00331807
694    0.00217943     0.00390763     0.00390726     0.00390767     0.00268142     0.00193615     0.00318476
698    0.00215085     0.00389861     0.00389824     0.00389865     0.00269982     0.00196994     0.0031925
702    0.002158     0.00395358     0.0039532     0.00395361     0.00268792     0.00191646     0.00320853
706    0.00191504     0.00354514     0.0035448     0.00354517     0.00242627     0.00174392     0.00288674
710    0.0017364     0.00324966     0.00324935     0.00324969     0.0021966     0.00155349     0.00263037
714    0.00187931     0.00355825     0.00355791     0.00355828     0.00246223     0.00179107     0.00291448
718    0.00166494     0.00319026     0.00318996     0.00319029     0.00214719     0.00150663     0.00257832
722    0.00157205     0.00304362     0.00304333     0.00304365     0.00204777     0.00143552     0.00245977
726    0.00137197     0.00268098     0.00268073     0.00268101     0.00178997     0.00124239     0.00215859
730    0.00147916     0.00291694     0.00291666     0.00291697     0.00196206     0.0013756     0.00235704
734    0.00141484     0.0028173     0.00281703     0.00281733     0.00188523     0.00131264     0.00227094
738    0.00128622     0.00258955     0.0025893     0.00258957     0.00173434     0.00120807     0.00208863
742    0.00136483     0.00278007     0.00277981     0.0027801     0.00185304     0.00128107     0.00223772
746    0.00132195     0.00272494     0.00272468     0.00272497     0.00183034     0.00127666     0.00220228
750    0.00128622     0.00268257     0.00268232     0.0026826     0.0017185     0.00112055     0.00211985
754    0.000957521     0.0020154     0.00201521     0.00201542     0.00132176     0.000891375     0.00161065
758    0.00101469     0.00215678     0.00215658     0.0021568     0.00135141     0.00085185     0.00168685
762    0.00103612     0.0022231     0.00222289     0.00222312     0.00143301     0.000942862     0.00176215
766    0.00102183     0.00221552     0.00221531     0.00221554     0.00142223     0.000929627     0.00175299
770    0.000857482     0.00187993     0.00187975     0.00187995     0.00116476     0.00071964     0.00146335
774    0.000814608     0.00180699     0.00180682     0.00180701     0.00113872     0.00072155     0.00141824
778    0.000921793     0.00206845     0.00206825     0.00206847     0.00131139     0.000837498     0.00162858
782    0.000685985     0.00155618     0.00155603     0.0015562     0.000959246     0.000585078     0.00120959
786    0.000671694     0.0015375     0.00153736     0.00153752     0.000963009     0.000602868     0.00120401
790    0.000778879     0.0017995     0.00179933     0.00179951     0.00114295     0.000731368     0.00141842
794    0.000671694     0.00156819     0.00156804     0.00156821     0.000942731     0.000550323     0.00120533
798    0.000743151     0.00175157     0.0017514     0.00175158     0.00107133     0.000643901     0.00135721
802    0.000685985     0.00163538     0.00163523     0.0016354     0.00103302     0.000653693     0.00128653
806    0.00067884     0.00163775     0.0016376     0.00163777     0.000981443     0.000567093     0.0012581
810    0.000543072     0.00132439     0.00132426     0.0013244     0.000791751     0.0004546     0.00101662
814    0.000600237     0.00148059     0.00148045     0.0014806     0.000910737     0.00054923     0.00115165
818    0.0005788     0.00144178     0.00144165     0.0014418     0.000906355     0.000566134     0.00113297
822    0.000485906     0.00122239     0.00122228     0.00122241     0.000722981     0.000405256     0.000934525
826    0.000571655     0.00145292     0.00145278     0.00145293     0.000853439     0.00047167     0.00110757
830    0.000485906     0.00124763     0.00124751     0.00124764     0.000724155     0.000390304     0.000946261
834    0.000500198     0.0012977     0.00129758     0.00129772     0.000788387     0.000462888     0.00100477
838    0.000521635     0.0013679     0.00136777     0.00136791     0.00082438     0.000476241     0.00105562
842    0.000500198     0.00132561     0.00132549     0.00132563     0.00079855     0.000460283     0.00102306
846    0.000342993     0.000918244     0.000918157     0.000918253     0.000529552     0.00027972     0.000695285
850    0.000478761     0.00129455     0.00129442     0.00129456     0.000753164     0.000404675     0.000984235
854    0.000435887     0.00119137     0.00119126     0.00119138     0.000699675     0.000382499     0.000909804
858    0.000350138     0.000966519     0.000966427     0.000966528     0.000525294     0.000239985     0.000714134
862    0.000443032     0.00123691     0.00123679     0.00123692     0.000717403     0.000380718     0.000940056
866    0.000393012     0.00110886     0.00110875     0.00110887     0.000646285     0.000345906     0.000844774
870    0.000300119     0.000855429     0.000855348     0.000855437     0.000480091     0.000235954     0.00064133
874    0.000478761     0.00137744     0.00137731     0.00137745     0.000805403     0.000432845     0.00105136
878    0.000307264     0.000892701     0.000892616     0.000892709     0.000498297     0.000241108     0.000668029
882    0.000350138     0.00102691     0.00102681     0.00102692     0.000574291     0.000278714     0.000769247
886    0.000385867     0.00114395     0.00114384     0.00114396     0.000669487     0.000359047     0.000874079
890    0.00031441     0.000941956     0.000941867     0.000941965     0.000532807     0.000264501     0.000709475
894    0.000300119     0.000909131     0.000909045     0.00090914     0.000504349     0.000238187     0.000679424
898    0.00036443     0.00111529     0.00111519     0.0011153     0.00064099     0.000328315     0.000846446
902    0.000221516     0.000685098     0.000685034     0.000685105     0.000376663     0.000172841     0.000510467
906    0.000335847     0.00104849     0.00104839     0.0010485     0.000613401     0.000325363     0.000802364
910    0.000257245     0.000811831     0.000811754     0.000811839     0.000476731     0.000254413     0.00062246
914    0.000242953     0.000775574     0.000775501     0.000775582     0.000420508     0.000184295     0.000575168
918    0.000350138     0.00112854     0.00112844     0.00112855     0.000639061     0.000312649     0.00085257
922    0.000250099     0.000813294     0.000813217     0.000813302     0.000449419     0.000206233     0.000608342
926    0.000192933     0.000634158     0.000634098     0.000634164     0.000345319     0.000151869     0.000471628
930    0.000257245     0.00085391     0.000853829     0.000853918     0.000457367     0.000191314     0.00063098
934    0.000235807     0.000790942     0.000790867     0.000790949     0.000399707     0.000136555     0.00057124
938    0.00021437     0.000726667     0.000726598     0.000726673     0.000367666     0.000125556     0.000525317
942    0.000178642     0.000611339     0.000611282     0.000611345     0.000323455     0.000128876     0.000450042
946    0.000257245     0.000890043     0.000889959     0.000890052     0.000496857     0.000230536     0.000669976
950    0.000192933     0.000673106     0.000673043     0.000673113     0.000365896     0.00015746     0.000501298
954    0.000200079     0.000705121     0.000705055     0.000705128     0.000373477     0.000147948     0.000519853
958    0.000185788     0.000662096     0.000662033     0.000662102     0.000342046     0.000123826     0.000483512
962    0.000200079     0.000720062     0.000719994     0.000720069     0.000407784     0.000194316     0.000546027
966    0.000157205     0.000571759     0.000571705     0.000571765     0.000316413     0.000141339     0.000429638
970    0.000107185     0.000393857     0.000393819     0.00039386     0.000186179     4.34027e-05     0.000278418
974    0.000185788     0.000690497     0.000690432     0.000690504     0.000355795     0.000125117     0.00050466
978    0.000157205     0.000589291     0.000589235     0.000589296     0.000325674     0.00014362     0.000443059
982    0.000185788     0.000703458     0.000703392     0.000703465     0.000375294     0.000148123     0.000521634
986    0.000150059     0.000574246     0.000574192     0.000574252     0.000297878     0.000106049     0.000421308
990    0.000171496     0.000662153     0.000662091     0.00066216     0.000364107     0.000156722     0.000497409
994    7.86025e-05     0.000306624     0.000306595     0.000306627     0.000129316     5.58275e-06     0.00020875
998    0.000128622     0.000507859     0.000507811     0.000507864     0.000251046     7.14306e-05     0.00036624
1002    9.28939e-05     0.000370093     0.000370058     0.000370096     0.000370093     0.000370093     0.000370093
1006    0.000107185     0.000431763     0.000431722     0.000431767     0.000431763     0.000431763     0.000431763
1010    0.000114331     0.000465074     0.00046503     0.000465078     0.000465074     0.000465074     0.000465074
1014    0.000121477     0.000498883     0.000498836     0.000498888     0.000498883     0.000498883     0.000498883
1018    0.000142914     0.000592935     0.000592879     0.000592941     0.000592935     0.000592935     0.000592935
1022    7.14568e-05     0.000299382     0.000299354     0.000299385     0.000299382     0.000299382     0.000299382
1026    0.000128622     0.00054534     0.000545288     0.000545345     0.00054534     0.00054534     0.00054534
1030    9.28939e-05     0.000398205     0.000398167     0.000398209     0.000398205     0.000398205     0.000398205
1034    8.57482e-05     0.000370929     0.000370894     0.000370932     0.000370929     0.000370929     0.000370929
1038    0.000135768     0.000593583     0.000593526     0.000593588     0.000593583     0.000593583     0.000593583
1042    0.00010004     0.000441866     0.000441824     0.00044187     0.000441866     0.000441866     0.000441866
1046    7.14568e-05     0.000319709     0.000319678     0.000319712     0.000319709     0.000319709     0.000319709
1050    6.43111e-05     0.000290514     0.000290486     0.000290517     0.000290514     0.000290514     0.000290514
1054    0.000128622     0.000586758     0.000586702     0.000586763     0.000586758     0.000586758     0.000586758
1058    8.57482e-05     0.000395219     0.000395182     0.000395223     0.000395219     0.000395219     0.000395219
1062    5.00198e-05     0.000233006     0.000232983     0.000233008     0.000233006     0.000233006     0.000233006
1066    7.14568e-05     0.000335365     0.000335334     0.000335369     0.000335365     0.000335365     0.000335365
1070    5.71655e-05     0.00027204     0.000272014     0.000272042     0.00027204     0.00027204     0.00027204
1074    7.86025e-05     0.000377283     0.000377248     0.000377287     0.000377283     0.000377283     0.000377283
1078    6.43111e-05     0.000312679     0.000312649     0.000312682     0.000312679     0.000312679     0.000312679
1082    5.71655e-05     0.000280839     0.000280813     0.000280842     0.000280839     0.000280839     0.000280839
1086    5.71655e-05     0.000283821     0.000283794     0.000283824     0.000283821     0.000283821     0.000283821
1090    5.71655e-05     0.000286646     0.000286619     0.000286649     0.000286646     0.000286646     0.000286646
1094    8.57482e-05     0.000434052     0.000434011     0.000434056     0.000434052     0.000434052     0.000434052
1098    0.000107185     0.000548152     0.0005481     0.000548157     0.000548152     0.000548152     0.000548152
1102    7.14568e-05     0.000369187     0.000369152     0.000369191     0.000369187     0.000369187     0.000369187
1106    7.86025e-05     0.000410376     0.000410337     0.00041038     0.000410376     0.000410376     0.000410376
1110    3.57284e-05     0.00018823     0.000188212     0.000188232     0.00018823     0.00018823     0.00018823
1114    5.71655e-05     0.000304384     0.000304355     0.000304387     0.000304384     0.000304384     0.000304384
1118    5.00198e-05     0.000269556     0.00026953     0.000269558     0.000269556     0.000269556     0.000269556
1122    3.57284e-05     0.000194143     0.000194124     0.000194145     0.000194143     0.000194143     0.000194143
1126    1.42914e-05     7.83609e-05     7.83535e-05     7.83616e-05     7.83609e-05     7.83609e-05     7.83609e-05
1130    7.86025e-05     0.000437085     0.000437044     0.000437089     0.000437085     0.000437085     0.000437085
1134    1.42914e-05     8.02494e-05     8.02418e-05     8.02502e-05     8.02494e-05     8.02494e-05     8.02494e-05
1138    5.00198e-05     0.000283034     0.000283007     0.000283036     0.000283034     0.000283034     0.000283034
1142    7.14568e-05     0.00040839     0.000408351     0.000408394     0.00040839     0.00040839     0.00040839
1146    3.57284e-05     0.000205814     0.000205795     0.000205816     0.000205814     0.000205814     0.000205814
1150    6.43111e-05     0.000374952     0.000374917     0.000374956     0.000374952     0.000374952     0.000374952
1154    4.28741e-05     0.000252409     0.000252385     0.000252412     0.000252409     0.000252409     0.000252409
1158    2.85827e-05     0.000169791     0.000169775     0.000169792     0.000169791     0.000169791     0.000169791
1162    2.85827e-05     0.000171299     0.000171283     0.000171301     0.000171299     0.000171299     0.000171299
1166    4.28741e-05     0.000259592     0.000259568     0.000259595     0.000259592     0.000259592     0.000259592
1170    9.28939e-05     0.000569529     0.000569475     0.000569534     0.000569529     0.000569529     0.000569529
1174    4.28741e-05     0.000265232     0.000265207     0.000265235     0.000265232     0.000265232     0.000265232
1178    3.57284e-05     0.000222812     0.00022279     0.000222814     0.000222812     0.000222812     0.000222812
1182    2.1437e-05     0.000135139     0.000135126     0.00013514     0.000135139     0.000135139     0.000135139
1186    1.42914e-05     9.06891e-05     9.06805e-05     9.06899e-05     9.06891e-05     9.06891e-05     9.06891e-05
1190    2.85827e-05     0.000183861     0.000183843     0.000183862     0.000183861     0.000183861     0.000183861
1194    5.71655e-05     0.000370756     0.00037072     0.000370759     0.000370756     0.000370756     0.000370756
1198    5.71655e-05     0.000374354     0.000374319     0.000374358     0.000374354     0.000374354     0.000374354
1202    3.57284e-05     0.000236008     0.000235986     0.000236011     0.000236008     0.000236008     0.000236008
1206    7.14568e-05     0.000477505     0.00047746     0.00047751     0.000477505     0.000477505     0.000477505
1210    2.85827e-05     0.00019224     0.000192221     0.000192241     0.00019224     0.00019224     0.00019224
1214    0     0     0     0     0     0     0
1218    1.42914e-05     9.79278e-05     9.79186e-05     9.79288e-05     9.79278e-05     9.79278e-05     9.79278e-05
1222    7.14568e-06     4.97051e-05     4.97004e-05     4.97056e-05     4.97051e-05     4.97051e-05     4.97051e-05
1226    3.57284e-05     0.000249769     0.000249745     0.000249771     0.000249769     0.000249769     0.000249769
1230    3.57284e-05     0.000252031     0.000252007     0.000252033     0.000252031     0.000252031     0.000252031
1234    5.71655e-05     0.000406628     0.000406589     0.000406632     0.000406628     0.000406628     0.000406628
1238    3.57284e-05     0.000256527     0.000256503     0.00025653     0.000256527     0.000256527     0.000256527
1242    5.00198e-05     0.000362784     0.000362749     0.000362787     0.000362784     0.000362784     0.000362784
1246    1.42914e-05     0.000104704     0.000104694     0.000104705     0.000104704     0.000104704     0.000104704
1250    0     0     0     0     0     0     0
1254    5.71655e-05     0.000425529     0.000425489     0.000425533     0.000425529     0.000425529     0.000425529
1258    4.28741e-05     0.000321999     0.000321969     0.000322002     0.000321999     0.000321999     0.000321999
1262    3.57284e-05     0.000270587     0.000270562     0.00027059     0.000270587     0.000270587     0.000270587
1266    1.42914e-05     0.000109254     0.000109244     0.000109255     0.000109254     0.000109254     0.000109254
1270    5.71655e-05     0.000441093     0.000441051     0.000441097     0.000441093     0.000441093     0.000441093
1274    2.1437e-05     0.000166738     0.000166722     0.000166739     0.000166738     0.000166738     0.000166738
1278    7.14568e-06     5.62229e-05     5.62175e-05     5.62234e-05     5.62229e-05     5.62229e-05     5.62229e-05
1282    4.28741e-05     0.000340123     0.000340091     0.000340127     0.000340123     0.000340123     0.000340123
1286    1.42914e-05     0.000114175     0.000114164     0.000114176     0.000114175     0.000114175     0.000114175
1290    5.00198e-05     0.000401933     0.000401895     0.000401937     0.000401933     0.000401933     0.000401933
1294    2.85827e-05     0.000232099     0.000232077     0.000232102     0.000232099     0.000232099     0.000232099
1298    1.42914e-05     0.000116979     0.000116968     0.00011698     0.000116979     0.000116979     0.000116979
1302    1.42914e-05     0.000118368     0.000118357     0.000118369     0.000118368     0.000118368     0.000118368
1306    4.28741e-05     0.000356552     0.000356519     0.000356556     0.000356552     0.000356552     0.000356552
1310    1.42914e-05     0.000119984     0.000119973     0.000119985     0.000119984     0.000119984     0.000119984
1314    2.1437e-05     0.000181755     0.000181738     0.000181757     0.000181755     0.000181755     0.000181755
1318    2.1437e-05     0.000182564     0.000182547     0.000182566     0.000182564     0.000182564     0.000182564
1322    3.57284e-05     0.000307851     0.000307821     0.000307854     0.000307851     0.000307851     0.000307851
1326    1.42914e-05     0.000123632     0.00012362     0.000123633     0.000123632     0.000123632     0.000123632
1330    0     0     0     0     0     0     0
1334    0     0     0     0     0     0     0
1338    0     0     0     0     0     0     0
1342    0     0     0     0     0     0     0
1346    0     0     0     0     0     0     0
1350    0     0     0     0     0     0     0
1354    0     0     0     0     0     0     0
1358    0     0     0     0     0     0     0
1362    0     0     0     0     0     0     0
1366    0     0     0     0     0     0     0
1370    0     0     0     0     0     0     0
1374    0     0     0     0     0     0     0
1378    0     0     0     0     0     0     0
1382    0     0     0     0     0     0     0
1386    0     0     0     0     0     0     0
1390    0     0     0     0     0     0     0
1394    0     0     0     0     0     0     0
1398    0     0     0     0     0     0     0
1402    0     0     0     0     0     0     0
1406    0     0     0     0     0     0     0
1410    0     0     0     0     0     0     0
1414    0     0     0     0     0     0     0
1418    0     0     0     0     0     0     0
1422    0     0     0     0     0     0     0
1426    0     0     0     0     0     0     0
1430    0     0     0     0     0     0     0
1434    0     0     0     0     0     0     0
1438    0     0     0     0     0     0     0
1442    0     0     0     0     0     0     0
1446    0     0     0     0     0     0     0
1450    0     0     0     0     0     0     0
1454    0     0     0     0     0     0     0
1458    0     0     0     0     0     0     0
1462    0     0     0     0     0     0     0
1466    0     0     0     0     0     0     0
1470    0     0     0     0     0     0     0
1474    0     0     0     0     0     0     0
1478    0     0     0     0     0     0     0
1482    0     0     0     0     0     0     0
1486    0     0     0     0     0     0     0
1490    0     0     0     0     0     0     0
1494    0     0     0     0     0     0     0
1498    0     0     0     0     0     0     0
1502    0     0     0     0     0     0     0
1506    0     0     0     0     0     0     0
1510    0     0     0     0     0     0     0
1514    0     0     0     0     0     0     0
1518    0     0     0     0     0     0     0
1522    0     0     0     0     0     0     0
1526    0     0     0     0     0     0     0
1530    0     0     0     0     0     0     0
1534    0     0     0     0     0     0     0
1538    0     0     0     0     0     0     0
1542    0     0     0     0     0     0     0
1546    0     0     0     0     0     0     0
1550    0     0     0     0     0     0     0
1554    0     0     0     0     0     0     0
1558    0     0     0     0     0     0     0
1562    0     0     0     0     0     0     0
1566    0     0     0     0     0     0     0
1570    0     0     0     0     0     0     0
1574    0     0     0     0     0     0     0
1578    0     0     0     0     0     0     0
1582    0     0     0     0     0     0     0
1586    0     0     0     0     0     0     0
1590    0     0     0     0     0     0     0
1594    0     0     0     0     0     0     0
1598    0     0     0     0     0     0     0
1602    0     0     0     0     0     0     0
1606    0     0     0     0     0     0     0
1610    0     0     0     0     0     0     0
1614    0     0     0     0     0     0     0
1618    0     0     0     0     0     0     0
1622    0     0     0     0     0     0     0
1626    0     0     0     0     0     0     0
1630    0     0     0     0     0     0     0
1634    0     0     0     0     0     0     0
1638    0     0     0     0     0     0     0
1642    0     0     0     0     0     0     0
1646    0     0     0     0     0     0     0
1650    0     0     0     0     0     0     0
1654    0     0     0     0     0     0     0
1658    0     0     0     0     0     0     0
1662    0     0     0     0     0     0     0
1666    0     0     0     0     0     0     0
1670    0     0     0     0     0     0     0
1674    0     0     0     0     0     0     0
1678    0     0     0     0     0     0     0
1682    0     0     0     0     0     0     0
1686    0     0     0     0     0     0     0
1690    0     0     0     0     0     0     0
1694    0     0     0     0     0     0     0
1698    0     0     0     0     0     0     0
1702    0     0     0     0     0     0     0
1706    0     0     0     0     0     0     0
1710    0     0     0     0     0     0     0
1714    0     0     0     0     0     0     0
1718    0     0     0     0     0     0     0
1722    0     0     0     0     0     0     0
1726    0     0     0     0     0     0     0
1730    0     0     0     0     0     0     0
1734    0     0     0     0     0     0     0
1738    0     0     0     0     0     0     0
1742    0     0     0     0     0     0     0
1746    0     0     0     0     0     0     0
1750    0     0     0     0     0     0     0
1754    0     0     0     0     0     0     0
1758    0     0     0     0     0     0     0
1762    0     0     0     0     0     0     0
1766    0     0     0     0     0     0     0
1770    0     0     0     0     0     0     0
1774    0     0     0     0     0     0     0
1778    0     0     0     0     0     0     0
1782    0     0     0     0     0     0     0
1786    0     0     0     0     0     0     0
1790    0     0     0     0     0     0     0
1794    0     0     0     0     0     0     0
1798    0     0     0     0     0     0     0
1802    0     0     0     0     0     0     0
1806    0     0     0     0     0     0     0
1810    0     0     0     0     0     0     0
1814    0     0     0     0     0     0     0
1818    0     0     0     0     0     0     0
1822    0     0     0     0     0     0     0
1826    0     0     0     0     0     0     0
1830    0     0     0     0     0     0     0
1834    0     0     0     0     0     0     0
1838    0     0     0     0     0     0     0
1842    0     0     0     0     0     0     0
1846    0     0     0     0     0     0     0
1850    0     0     0     0     0     0     0
1854    0     0     0     0     0     0     0
1858    0     0     0     0     0     0     0
1862    0     0     0     0     0     0     0
1866    0     0     0     0     0     0     0
1870    0     0     0     0     0     0     0
1874    0     0     0     0     0     0     0
1878    0     0     0     0     0     0     0
1882    0     0     0     0     0     0     0
1886    0     0     0     0     0     0     0
1890    0     0     0     0     0     0     0
1894    0     0     0     0     0     0     0
1898    0     0     0     0     0     0     0
1902    0     0     0     0     0     0     0
1906    0     0     0     0     0     0     0
1910    0     0     0     0     0     0     0
1914    0     0     0     0     0     0     0
1918    0     0     0     0     0     0     0
1922    0     0     0     0     0     0     0
1926    0     0     0     0     0     0     0
1930    0     0     0     0     0     0     0
1934    0     0     0     0     0     0     0
1938    0     0     0     0     0     0     0
1942    0     0     0     0     0     0     0
1946    0     0     0     0     0     0     0
1950    0     0     0     0     0     0     0
1954    0     0     0     0     0     0     0
1958    0     0     0     0     0     0     0
1962    0     0     0     0     0     0     0
1966    0     0     0     0     0     0     0
1970    0     0     0     0     0     0     0
1974    0     0     0     0     0     0     0
1978    0     0     0     0     0     0     0
1982    0     0     0     0     0     0     0
1986    0     0     0     0     0     0     0
1990    0     0     0     0     0     0     0
1994    0     0     0     0     0     0     0
1998    0     0     0     0     0     0     0
2002    0     0     0     0     0     0     0
2006    0     0     0     0     0     0     0
2010    0     0     0     0     0     0     0
2014    0     0     0     0     0     0     0
2018    0     0     0     0     0     0     0
2022    0     0     0     0     0     0     0
2026    0     0     0     0     0     0     0
2030    0     0     0     0     0     0     0
2034    0     0     0     0     0     0     0
2038    0     0     0     0     0     0     0
2042    0     0     0     0     0     0     0
2046    0     0     0     0     0     0     0
2050    0     0     0     0     0     0     0
2054    0     0     0     0     0     0     0
2058    0     0     0     0     0     0     0
2062    0     0     0     0     0     0     0
2066    0     0     0     0     0     0     0
2070    0     0     0     0     0     0     0
2074    0     0     0     0     0     0     0
2078    0     0     0     0     0     0     0
2082    0     0     0     0     0     0     0
2086    0     0     0     0     0     0     0
2090    0     0     0     0     0     0     0
2094    0     0     0     0     0     0     0
2098    0     0     0     0     0     0     0
2102    0     0     0     0     0     0     0
2106    0     0     0     0     0     0     0
2110    0     0     0     0     0     0     0
2114    0     0     0     0     0     0     0
2118    0     0     0     0     0     0     0
2122    0     0     0     0     0     0     0
2126    0     0     0     0     0     0     0
2130    0     0     0     0     0     0     0
2134    0     0     0     0     0     0     0
2138    0     0     0     0     0     0     0
2142    0     0     0     0     0     0     0
2146    0     0     0     0     0     0     0
2150    0     0     0     0     0     0     0
2154    0     0     0     0     0     0     0
2158    0     0     0     0     0     0     0
2162    0     0     0     0     0     0     0
2166    0     0     0     0     0     0     0
2170    0     0     0     0     0     0     0
2174    0     0     0     0     0     0     0
2178    0     0     0     0     0     0     0
2182    0     0     0     0     0     0     0
2186    0     0     0     0     0     0     0
2190    0     0     0     0     0     0     0
2194    0     0     0     0     0     0     0
2198    0     0     0     0     0     0     0
2202    0     0     0     0     0     0     0
2206    0     0     0     0     0     0     0
2210    0     0     0     0     0     0     0
2214    0     0     0     0     0     0     0
2218    0     0     0     0     0     0     0
2222    0     0     0     0     0     0     0
2226    0     0     0     0     0     0     0
2230    0     0     0     0     0     0     0
2234    0     0     0     0     0     0     0
2238    0     0     0     0     0     0     0
2242    0     0     0     0     0     0     0
2246    0     0     0     0     0     0     0
2250    0     0     0     0     0     0     0
2254    0     0     0     0     0     0     0
2258    0     0     0     0     0     0     0
2262    0     0     0     0     0     0     0
2266    0     0     0     0     0     0     0
2270    0     0     0     0     0     0     0
2274    0     0     0     0     0     0     0
2278    0     0     0     0     0     0     0
2282    0     0     0     0     0     0     0
2286    0     0     0     0     0     0     0
2290    0     0     0     0     0     0     0
2294    0     0     0     0     0     0     0
2298    0     0     0     0     0     0     0
2302    0     0     0     0     0     0     0
2306    0     0     0     0     0     0     0
2310    0     0     0     0     0     0     0
2314    0     0     0     0     0     0     0
2318    0     0     0     0     0     0     0
2322    0     0     0     0     0     0     0
2326    0     0     0     0     0     0     0
2330    0     0     0     0     0     0     0
2334    0     0     0     0     0     0     0
2338    0     0     0     0     0     0     0
2342    0     0     0     0     0     0     0
2346    0     0     0     0     0     0     0
2350    0     0     0     0     0     0     0
2354    0     0     0     0     0     0     0
2358    0     0     0     0     0     0     0
2362    0     0     0     0     0     0     0
2366    0     0     0     0     0     0     0
2370    0     0     0     0     0     0     0
2374    0     0     0     0     0     0     0
2378    0     0     0     0     0     0     0
2382    0     0     0     0     0     0     0
2386    0     0     0     0     0     0     0
2390    0     0     0     0     0     0     0
2394    0     0     0     0     0     0     0
2398    0     0     0     0     0     0     0
2402    0     0     0     0     0     0     0
2406    0     0     0     0     0     0     0
2410    0     0     0     0     0     0     0
2414    0     0     0     0     0     0     0
2418    0     0     0     0     0     0     0
2422    0     0     0     0     0     0     0
2426    0     0     0     0     0     0     0
2430    0     0     0     0     0     0     0
2434    0     0     0     0     0     0     0
2438    0     0     0     0     0     0     0
2442    0     0     0     0     0     0     0
2446    0     0     0     0     0     0     0
2450    0     0     0     0     0     0     0
2454    0     0     0     0     0     0     0
2458    0     0     0     0     0     0     0
2462    0     0     0     0     0     0     0
2466    0     0     0     0     0     0     0
2470    0     0     0     0     0     0     0
2474    0     0     0     0     0     0     0
2478    0     0     0     0     0     0     0
2482    0     0     0     0     0     0     0
2486    0     0     0     0     0     0     0
2490    0     0     0     0     0     0     0
2494    0     0     0     0     0     0     0
2498    0     0     0     0     0     0     0
2502    0     0     0     0     0     0     0
2506    0     0     0     0     0     0     0
2510    0     0     0     0     0     0     0
2514    0     0     0     0     0     0     0
2518    0     0     0     0     0     0     0
2522    0     0     0     0     0     0     0
2526    0     0     0     0     0     0     0
2530    0     0     0     0     0     0     0
2534    0     0     0     0     0     0     0
2538    0     0     0     0     0     0     0
2542    0     0     0     0     0     0     0
2546    0     0     0     0     0     0     0
2550    0     0     0     0     0     0     0
2554    0     0     0     0     0     0     0
2558    0     0     0     0     0     0     0
2562    0     0     0     0     0     0     0
2566    0     0     0     0     0     0     0
2570    0     0     0     0     0     0     0
2574    0     0     0     0     0     0     0
2578    0     0     0     0     0     0     0
2582    0     0     0     0     0     0     0
2586    0     0     0     0     0     0     0
2590    0     0     0     0     0     0     0
2594    0     0     0     0     0     0     0
2598    0     0     0     0     0     0     0
2602    0     0     0     0     0     0     0
2606    0     0     0     0     0     0     0
2610    0     0     0     0     0     0     0
2614    0     0     0     0     0     0     0
2618    0     0     0     0     0     0     0
2622    0     0     0     0     0     0     0
2626    0     0     0     0     0     0     0
2630    0     0     0     0     0     0     0
2634    0     0     0     0     0     0     0
2638    0     0     0     0     0     0     0
2642    0     0     0     0     0     0     0
2646    0     0     0     0     0     0     0
2650    0     0     0     0     0     0     0
2654    0     0     0     0     0     0     0
2658    0     0     0     0     0     0     0
2662    0     0     0     0     0     0     0
2666    0     0     0     0     0     0     0
2670    0     0     0     0     0     0     0
2674    0     0     0     0     0     0     0
2678    0     0     0     0     0     0     0
2682    0     0     0     0     0     0     0
2686    0     0     0     0     0     0     0
2690    0     0     0     0     0     0     0
2694    0     0     0     0     0     0     0
2698    0     0     0     0     0     0     0
2702    0     0     0     0     0     0     0
2706    0     0     0     0     0     0     0
2710    0     0     0     0     0     0     0
2714    0     0     0     0     0     0     0
2718    0     0     0     0     0     0     0
2722    0     0     0     0     0     0     0
2726    0     0     0     0     0     0     0
2730    0     0     0     0     0     0     0
2734    0     0     0     0     0     0     0
2738    0     0     0     0     0     0     0
2742    0     0     0     0     0     0     0
2746    0     0     0     0     0     0     0
2750    0     0     0     0     0     0     0
2754    0     0     0     0     0     0     0
2758    0     0     0     0     0     0     0
2762    0     0     0     0     0     0     0
2766    0     0     0     0     0     0     0
2770    0     0     0     0     0     0     0
2774    0     0     0     0     0     0     0
2778    0     0     0     0     0     0     0
2782    0     0     0     0     0     0     0
2786    0     0     0     0     0     0     0
2790    0     0     0     0     0     0     0
2794    0     0     0     0     0     0     0
2798    0     0     0     0     0     0     0
2802    0     0     0     0     0     0     0
2806    0     0     0     0     0     0     0
2810    0     0     0     0     0     0     0
2814    0     0     0     0     0     0     0
2818    0     0     0     0     0     0     0
2822    0     0     0     0     0     0     0
2826    0     0     0     0     0     0     0
2830    0     0     0     0     0     0     0
2834    0     0     0     0     0     0     0
2838    0     0     0     0     0     0     0
2842    0     0     0     0     0     0     0
2846    0     0     0     0     0     0     0
2850    0     0     0     0     0     0     0
2854    0     0     0     0     0     0     0
2858    0     0     0     0     0     0     0
2862    0     0     0     0     0     0     0
2866    0     0     0     0     0     0     0
2870    0     0     0     0     0     0     0
2874    0     0     0     0     0     0     0
2878    0     0     0     0     0     0     0
2882    0     0     0     0     0     0     0
2886    0     0     0     0     0     0     0
2890    0     0     0     0     0     0     0
2894    0     0     0     0     0     0     0
2898    0     0     0     0     0     0     0
2902    0     0     0     0     0     0     0
2906    0     0     0     0     0     0     0
2910    0     0     0     0     0     0     0
2914    0     0     0     0     0     0     0
2918    0     0     0     0     0     0     0
2922    0     0     0     0     0     0     0
2926    0     0     0     0     0     0     0
2930    0     0     0     0     0     0     0
2934    0     0     0     0     0     0     0
2938    0     0     0     0     0     0     0
2942    0     0     0     0     0     0     0
2946    0     0     0     0     0     0     0
2950    0     0     0     0     0     0     0
2954    0     0     0     0     0     0     0
2958    0     0     0     0     0     0     0
2962    0     0     0     0     0     0     0
2966    0     0     0     0     0     0     0
2970    0     0     0     0     0     0     0
2974    0     0     0     0     0     0     0
2978    0     0     0     0     0     0     0
2982    0     0     0     0     0     0     0
2986    0     0     0     0     0     0     0
2990    0     0     0     0     0     0     0
2994    0     0     0     0     0     0     0
2998    0     0     0     0     0     0     0
3002    0     0     0     0     0     0     0
3006    0     0     0     0     0     0     0
3010    0     0     0     0     0     0     0
3014    0     0     0     0     0     0     0
3018    0     0     0     0     0     0     0
3022    0     0     0     0     0     0     0
3026    0     0     0     0     0     0     0
3030    0     0     0     0     0     0     0
3034    0     0     0     0     0     0     0
3038    0     0     0     0     0     0     0
3042    0     0     0     0     0     0     0
3046    0     0     0     0     0     0     0
3050    0     0     0     0     0     0     0
3054    0     0     0     0     0     0     0
3058    0     0     0     0     0     0     0
3062    0     0     0     0     0     0     0
3066    0     0     0     0     0     0     0
3070    0     0     0     0     0     0     0
3074    0     0     0     0     0     0     0
3078    0     0     0     0     0     0     0
3082    0     0     0     0     0     0     0
3086    0     0     0     0     0     0     0
3090    0     0     0     0     0     0     0
3094    0     0     0     0     0     0     0
3098    0     0     0     0     0     0     0
3102    0     0     0     0     0     0     0
3106    0     0     0     0     0     0     0
3110    0     0     0     0     0     0     0
3114    0     0     0     0     0     0     0
3118    0     0     0     0     0     0     0
3122    0     0     0     0     0     0     0
3126    0     0     0     0     0     0     0
3130    0     0     0     0     0     0     0
3134    0     0     0     0     0     0     0
3138    0     0     0     0     0     0     0
3142    0     0     0     0     0     0     0
3146    0     0     0     0     0     0     0
3150    0     0     0     0     0     0     0
3154    0     0     0     0     0     0     0
3158    0     0     0     0     0     0     0
3162    0     0     0     0     0     0     0
3166    0     0     0     0     0     0     0
3170    0     0     0     0     0     0     0
3174    0     0     0     0     0     0     0
3178    0     0     0     0     0     0     0
3182    0     0     0     0     0     0     0
3186    0     0     0     0     0     0     0
3190    0     0     0     0     0     0     0
3194    0     0     0     0     0     0     0
3198    0     0     0     0     0     0     0
3202    0     0     0     0     0     0     0
3206    0     0     0     0     0     0     0
3210    0     0     0     0     0     0     0
3214    0     0     0     0     0     0     0
3218    0     0     0     0     0     0     0
3222    0     0     0     0     0     0     0
3226    0     0     0     0     0     0     0
3230    0     0     0     0     0     0     0
3234    0     0     0     0     0     0     0
3238    0     0     0     0     0     0     0
3242    0     0     0     0     0     0     0
3246    0     0     0     0     0     0     0
3250    0     0     0     0     0     0     0
3254    0     0     0     0     0     0     0
3258    0     0     0     0     0     0     0
3262    0     0     0     0     0     0     0
3266    0     0     0     0     0     0     0
3270    0     0     0     0     0     0     0
3274    0     0     0     0     0     0     0
3278    0     0     0     0     0     0     0
3282    0     0     0     0     0     0     0
3286    0     0     0     0     0     0     0
3290    0     0     0     0     0     0     0
3294    0     0     0     0     0     0     0
3298    0     0     0     0     0     0     0
3302    0     0     0     0     0     0     0
3306    0     0     0     0     0     0     0
3310    0     0     0     0     0     0     0
3314    0     0     0     0     0     0     0
3318    0     0     0     0     0     0     0
3322    0     0     0     0     0     0     0
3326    0     0     0     0     0     0     0
3330    0     0     0     0     0     0     0
3334    0     0     0     0     0     0     0
3338    0     0     0     0     0     0     0
3342    0     0     0     0     0     0     0
3346    0     0     0     0     0     0     0
3350    0     0     0     0     0     0     0
3354    0     0     0     0     0     0     0
3358    0     0     0     0     0     0     0
3362    0     0     0     0     0     0     0
3366    0     0     0     0     0     0     0
3370    0     0     0     0     0     0     0
3374    0     0     0     0     0     0     0
3378    0     0     0     0     0     0     0
3382    0     0     0     0     0     0     0
3386    0     0     0     0     0     0     0
3390    0     0     0     0     0     0     0
3394    0     0     0     0     0     0     0
3398    0     0     0     0     0     0     0
3402    0     0     0     0     0     0     0
3406    0     0     0     0     0     0     0
3410    0     0     0     0     0     0     0
3414    0     0     0     0     0     0     0
3418    0     0     0     0     0     0     0
3422    0     0     0     0     0     0     0
3426    0     0     0     0     0     0     0
3430    0     0     0     0     0     0     0
3434    0     0     0     0     0     0     0
3438    0     0     0     0     0     0     0
3442    0     0     0     0     0     0     0
3446    0     0     0     0     0     0     0
3450    0     0     0     0     0     0     0
3454    0     0     0     0     0     0     0
3458    0     0     0     0     0     0     0
3462    0     0     0     0     0     0     0
3466    0     0     0     0     0     0     0
3470    0     0     0     0     0     0     0
3474    0     0     0     0     0     0     0
3478    0     0     0     0     0     0     0
3482    0     0     0     0     0     0     0
3486    0     0     0     0     0     0     0
3490    0     0     0     0     0     0     0
3494    0     0     0     0     0     0     0
3498    0     0     0     0     0     0     0
3502    0     0     0     0     0     0     0
3506    0     0     0     0     0     0     0
3510    0     0     0     0     0     0     0
3514    0     0     0     0     0     0     0
3518    0     0     0     0     0     0     0
3522    0     0     0     0     0     0     0
3526    0     0     0     0     0     0     0
3530    0     0     0     0     0     0     0
3534    0     0     0     0     0     0     0
3538    0     0     0     0     0     0     0
3542    0     0     0     0     0     0     0
3546    0     0     0     0     0     0     0
3550    0     0     0     0     0     0     0
3554    0     0     0     0     0     0     0
3558    0     0     0     0     0     0     0
3562    0     0     0     0     0     0     0
3566    0     0     0     0     0     0     0
3570    0     0     0     0     0     0     0
3574    0     0     0     0     0     0     0
3578    0     0     0     0     0     0     0
3582    0     0     0     0     0     0     0
3586    0     0     0     0     0     0     0
3590    0     0     0     0     0     0     0
3594    0     0     0     0     0     0     0
3598    0     0     0     0     0     0     0
3602    0     0     0     0     0     0     0
3606    0     0     0     0     0     0     0
3610    0     0     0     0     0     0     0
3614    0     0     0     0     0     0     0
3618    0     0     0     0     0     0     0
3622    0     0     0     0     0     0     0
3626    0     0     0     0     0     0     0
3630    0     0     0     0     0     0     0
3634    0     0     0     0     0     0     0
3638    0     0     0     0     0     0     0
3642    0     0     0     0     0     0     0
3646    0     0     0     0     0     0     0
3650    0     0     0     0     0     0     0
3654    0     0     0     0     0     0     0
3658    0     0     0     0     0     0     0
3662    0     0     0     0     0     0     0
3666    0     0     0     0     0     0     0
3670    0     0     0     0     0     0     0
3674    0     0     0     0     0     0     0
3678    0     0     0     0     0     0     0
3682    0     0     0     0     0     0     0
3686    0     0     0     0     0     0     0
3690    0     0     0     0     0     0     0
3694    0     0     0     0     0     0     0
3698    0     0     0     0     0     0     0
3702    0     0     0     0     0     0     0
3706    0     0     0     0     0     0     0
3710    0     0     0     0     0     0     0
3714    0     0     0     0     0     0     0
3718    0     0     0     0     0     0     0
3722    0     0     0     0     0     0     0
3726    0     0     0     0     0     0     0
3730    0     0     0     0     0     0     0
3734    0     0     0     0     0     0     0
3738    0     0     0     0     0     0     0
3742    0     0     0     0     0     0     0
3746    0     0     0     0     0     0     0
3750    0     0     0     0     0     0     0
3754    0     0     0     0     0     0     0
3758    0     0     0     0     0     0     0
3762    0     0     0     0     0     0     0
3766    0     0     0     0     0     0     0
3770    0     0     0     0     0     0     0
3774    0     0     0     0     0     0     0
3778    0     0     0     0     0     0     0
3782    0     0     0     0     0     0     0
3786    0     0     0     0     0     0     0
3790    0     0     0     0     0     0     0
3794    0     0     0     0     0     0     0
3798    0     0     0     0     0     0     0
3802    0     0     0     0     0     0     0
3806    0     0     0     0     0     0     0
3810    0     0     0     0     0     0     0
3814    0     0     0     0     0     0     0
3818    0     0     0     0     0     0     0
3822    0     0     0     0     0     0     0
3826    0     0     0     0     0     0     0
3830    0     0     0     0     0     0     0
3834    0     0     0     0     0     0     0
3838    0     0     0     0     0     0     0
3842    0     0     0     0     0     0     0
3846    0     0     0     0     0     0     0
3850    0     0     0     0     0     0     0
3854    0     0     0     0     0     0     0
3858    0     0     0     0     0     0     0
3862    0     0     0     0     0     0     0
3866    0     0     0     0     0     0     0
3870    0     0     0     0     0     0     0
3874    0     0     0     0     0     0     0
3878    0     0     0     0     0     0     0
3882    0     0     0     0     0     0     0
3886    0     0     0     0     0     0     0
3890    0     0     0     0     0     0     0
3894    0     0     0     0     0     0     0
3898    0     0     0     0     0     0     0
3902    0     0     0     0     0     0     0
3906    0     0     0     0     0     0     0
3910    0     0     0     0     0     0     0
3914    0     0     0     0     0     0     0
3918    0     0     0     0     0     0     0
3922    0     0     0     0     0     0     0
3926    0     0     0     0     0     0     0
3930    0     0     0     0     0     0     0
3934    0     0     0     0     0     0     0
3938    0     0     0     0     0     0     0
3942    0     0     0     0     0     0     0
3946    0     0     0     0     0     0     0
3950    0     0     0     0     0     0     0
3954    0     0     0     0     0     0     0
3958    0     0     0     0     0     0     0
3962    0     0     0     0     0     0     0
3966    0     0     0     0     0     0     0
3970    0     0     0     0     0     0     0
3974    0     0     0     0     0     0     0
3978    0     0     0     0     0     0     0
3982    0     0     0     0     0     0     0
3986    0     0     0     0     0     0     0
3990    0     0     0     0     0     0     0
3994    0     0     0     0     0     0     0
3998    0     0     0     0     0     0     0
