1     0     0     0     0
3     0     0     0     0
5     0     0     0     0
7     0     0     0     0
9     0     0     0     0
11     0     0     0     0
13     0     0     0     0
15     0     0     0     0
17     0     0     0     0
19     0     0     0     0
21     0     0     0     0
23     0     0     0     0
25     8.54046e-05     1.31306e-10     1.31291e-10     1.31311e-10
27     7.68641e-05     1.24773e-10     1.24758e-10     1.24777e-10
29     5.12427e-05     8.59316e-11     8.59216e-11     8.59347e-11
31     0.000102485     1.80982e-10     1.80961e-10     1.80988e-10
33     8.54046e-05     1.56583e-10     1.56565e-10     1.56588e-10
35     0.000128107     2.44214e-10     2.44186e-10     2.44223e-10
37     5.97832e-05     1.17987e-10     1.17973e-10     1.17991e-10
39     8.54046e-05     1.75511e-10     1.75491e-10     1.75518e-10
41     0.000119566     2.52308e-10     2.52279e-10     2.52317e-10
43     0.000136647     2.97632e-10     2.97598e-10     2.97643e-10
45     0.000196431     4.39294e-10     4.39243e-10     4.3931e-10
47     0.000119566     2.74545e-10     2.74513e-10     2.74555e-10
49     0.00018789     4.43848e-10     4.43797e-10     4.43864e-10
51     0.000196431     4.77335e-10     4.7728e-10     4.77353e-10
53     0.00017935     4.47423e-10     4.47372e-10     4.47439e-10
55     0.000170809     4.40721e-10     4.4067e-10     4.40737e-10
57     0.000136647     3.61412e-10     3.61371e-10     3.61426e-10
59     0.000239133     6.52907e-10     6.52831e-10     6.5293e-10
61     0.000162269     4.55289e-10     4.55236e-10     4.55306e-10
63     0.000128107     3.72452e-10     3.72409e-10     3.72465e-10
65     0.000247673     7.40946e-10     7.4086e-10     7.40973e-10
67     0.00036724     1.13538e-09     1.13525e-09     1.13542e-09
69     0.000264754     8.44358e-10     8.44261e-10     8.44389e-10
71     0.000256214     8.4634e-10     8.46242e-10     8.46371e-10
73     0.000290376     9.92372e-10     9.92258e-10     9.92408e-10
75     0.000213511     7.5547e-10     7.55383e-10     7.55497e-10
77     0.000307457     1.1277e-09     1.12757e-09     1.12774e-09
79     0.000333078     1.26956e-09     1.26941e-09     1.2696e-09
81     0.000324537     1.28786e-09     1.28771e-09     1.28791e-09
83     0.000350159     1.44359e-09     1.44343e-09     1.44364e-09
85     0.000256214     1.10126e-09     1.10113e-09     1.1013e-09
87     0.000247673     1.10659e-09     1.10646e-09     1.10663e-09
89     0.000427023     1.98737e-09     1.98714e-09     1.98744e-09
91     0.000341618     1.65864e-09     1.65845e-09     1.6587e-09
93     0.000461185     2.33745e-09     2.33718e-09     2.33754e-09
95     0.000350159     1.86376e-09     1.86355e-09     1.86383e-09
97     0.000315997     1.75103e-09     1.75083e-09     1.75109e-09
99     0.000290376     1.68707e-09     1.68687e-09     1.68713e-09
101     0.000452644     2.73108e-09     2.73077e-09     2.73118e-09
103     0.000418482     2.64297e-09     2.64267e-09     2.64307e-09
105     0.000392861     2.60264e-09     2.60234e-09     2.60274e-09
107     0.000503887     3.50209e-09     3.50168e-09     3.50221e-09
109     0.000469725     3.42018e-09     3.41978e-09     3.4203e-09
111     0.000427023     3.26669e-09     3.26631e-09     3.26681e-09
113     0.000444104     3.5836e-09     3.58319e-09     3.58373e-09
115     0.000461185     3.9376e-09     3.93714e-09     3.93774e-09
117     0.000503887     4.59551e-09     4.59497e-09     4.59567e-09
119     0.000503887     4.87922e-09     4.87865e-09     4.87939e-09
121     0.000461185     4.76884e-09     4.76829e-09     4.76901e-09
123     0.000623453     6.97712e-09     6.97631e-09     6.97737e-09
125     0.000674696     8.18953e-09     8.18859e-09     8.18983e-09
127     0.000606373     8.03425e-09     8.03333e-09     8.03455e-09
129     0.000478266     6.96611e-09     6.96531e-09     6.96636e-09
131     0.000538049     8.61987e-09     8.61887e-09     8.62018e-09
133     0.000589292     1.04559e-08     1.04547e-08     1.04563e-08
135     0.000580751     1.16008e-08     1.15994e-08     1.16012e-08
137     0.000512427     1.15526e-08     1.15512e-08     1.1553e-08
139     0.000794263     2.01735e-08     2.01711e-08     2.01742e-08
141     0.000623453     1.82882e-08     1.82861e-08     1.82889e-08
143     0.000503887     1.72451e-08     1.72431e-08     1.72458e-08
145     0.000631994     2.52687e-08     2.52658e-08     2.52696e-08
147     0.000580751     2.73534e-08     2.73503e-08     2.73544e-08
149     0.000649075     3.69279e-08     3.69237e-08     3.69293e-08
151     0.000700318     4.93684e-08     4.93627e-08     4.93702e-08
153     0.000683237     5.96842e-08     5.96773e-08     5.96864e-08
155     0.000725939     8.12767e-08     8.12673e-08     8.12797e-08
157     0.000785722     1.231e-07     1.23086e-07     1.23105e-07
159     0.00075156     1.84593e-07     1.84571e-07     1.84599e-07
161     0.000802803     3.36592e-07     3.36553e-07     3.36604e-07
163     0.000734479     5.14008e-07     5.13949e-07     5.14027e-07
165     0.000725939     7.19174e-07     7.19091e-07     7.192e-07
167     0.000725939     8.91045e-07     8.90942e-07     8.91077e-07
169     0.000785722     1.13457e-06     1.13444e-06     1.13461e-06
171     0.000819884     1.35718e-06     1.35702e-06     1.35723e-06
173     0.000854046     1.61334e-06     1.61315e-06     1.6134e-06
175     0.000854046     1.79751e-06     1.7973e-06     1.79758e-06
177     0.000785722     1.83995e-06     1.83973e-06     1.84001e-06
179     0.000879667     2.27181e-06     2.27155e-06     2.27189e-06
181     0.000785722     2.28591e-06     2.28565e-06     2.286e-06
183     0.000896748     2.93848e-06     2.93814e-06     2.93858e-06
185     0.000811343     3.01369e-06     3.01334e-06     3.0138e-06
187     0.000845505     3.50215e-06     3.50175e-06     3.50228e-06
189     0.00102485     4.6565e-06     4.65596e-06     4.65667e-06
191     0.00093091     4.6208e-06     4.62026e-06     4.62096e-06
193     0.000905289     4.87633e-06     4.87576e-06     4.8765e-06
195     0.0010334     6.00379e-06     6.0031e-06     6.00401e-06
197     0.00104194     6.5212e-06     6.52045e-06     6.52144e-06
199     0.0010761     7.1762e-06     7.17537e-06     7.17646e-06
201     0.00104194     7.39512e-06     7.39426e-06     7.39539e-06
203     0.00101631     7.69628e-06     7.69539e-06     7.69656e-06
205     0.0010761     8.67104e-06     8.67004e-06     8.67136e-06
207     0.00110172     9.44969e-06     9.4486e-06     9.45003e-06
209     0.00102485     9.30839e-06     9.30731e-06     9.30872e-06
211     0.00100777     9.70643e-06     9.70531e-06     9.70678e-06
213     0.00115296     1.17277e-05     1.17263e-05     1.17281e-05
215     0.00123837     1.32823e-05     1.32808e-05     1.32828e-05
217     0.00117004     1.3264e-05     1.32625e-05     1.32645e-05
219     0.00117004     1.39697e-05     1.39681e-05     1.39703e-05
221     0.00108464     1.36469e-05     1.36454e-05     1.36474e-05
223     0.00124691     1.64735e-05     1.64716e-05     1.64741e-05
225     0.00109318     1.51782e-05     1.51764e-05     1.51787e-05
227     0.00118712     1.72965e-05     1.72945e-05     1.72971e-05
229     0.00117858     1.80114e-05     1.80093e-05     1.8012e-05
231     0.00123837     1.98049e-05     1.98026e-05     1.98056e-05
233     0.00126399     2.1204e-05     2.12016e-05     2.12048e-05
235     0.00132377     2.32643e-05     2.32616e-05     2.32651e-05
237     0.00108464     1.99194e-05     1.99171e-05     1.99201e-05
239     0.00138355     2.66054e-05     2.66023e-05     2.66064e-05
241     0.00133231     2.67837e-05     2.67806e-05     2.67847e-05
243     0.00135793     2.85166e-05     2.85133e-05     2.85176e-05
245     0.00140064     3.06781e-05     3.06745e-05     3.06792e-05
247     0.00157998     3.61265e-05     3.61223e-05     3.61278e-05
249     0.00150312     3.59116e-05     3.59074e-05     3.59129e-05
251     0.00136647     3.3975e-05     3.39711e-05     3.39762e-05
253     0.00151166     3.91572e-05     3.91526e-05     3.91586e-05
255     0.00169101     4.56547e-05     4.56495e-05     4.56564e-05
257     0.00162269     4.55831e-05     4.55778e-05     4.55847e-05
259     0.00138355     4.0421e-05     4.04163e-05     4.04225e-05
261     0.00140918     4.28462e-05     4.28413e-05     4.28478e-05
263     0.00144334     4.5664e-05     4.56588e-05     4.56657e-05
265     0.0014348     4.72167e-05     4.72113e-05     4.72184e-05
267     0.00169955     5.81146e-05     5.81079e-05     5.81167e-05
269     0.00158853     5.63546e-05     5.63481e-05     5.63566e-05
271     0.00163123     6.00866e-05     6.00796e-05     6.00888e-05
273     0.0017935     6.86046e-05     6.85967e-05     6.86071e-05
275     0.00161415     6.40761e-05     6.40687e-05     6.40784e-05
277     0.00162269     6.67627e-05     6.6755e-05     6.67651e-05
279     0.00174225     7.43695e-05     7.43609e-05     7.43722e-05
281     0.00169101     7.48564e-05     7.48477e-05     7.48591e-05
283     0.0018789     8.62123e-05     8.62023e-05     8.62154e-05
285     0.00196431     9.33296e-05     9.33188e-05     9.3333e-05
287     0.00187036     9.19941e-05     9.19835e-05     9.19974e-05
289     0.00180204     9.17147e-05     9.17042e-05     9.17181e-05
291     0.00175933     9.26874e-05     9.26767e-05     9.26908e-05
293     0.00206679     0.000112605     0.000112592     0.000112609
295     0.00193868     0.000109306     0.000109293     0.00010931
297     0.00202409     0.000117869     0.000117855     0.000117873
299     0.00212657     0.000128061     0.000128046     0.000128066
301     0.00216928     0.000134907     0.000134891     0.000134912
303     0.00220344     0.000141533     0.000141517     0.000141538
305     0.00216074     0.000143272     0.000143255     0.000143277
307     0.00218636     0.000149747     0.000149729     0.000149752
309     0.00226322     0.000160004     0.000159986     0.00016001
311     0.00208387     0.00015193     0.000151912     0.000151935
313     0.00247673     0.000186417     0.000186396     0.000186424
315     0.00239133     0.000185487     0.000185466     0.000185494
317     0.00234009     0.000187387     0.000187366     0.000187394
319     0.00271587     0.000224021     0.000223995     0.000224029
321     0.00244257     0.000207541     0.000207517     0.000207549
323     0.00235717     0.000206419     0.000206395     0.000206426
325     0.00258776     0.000233135     0.000233108     0.000233144
327     0.00272441     0.000252652     0.000252623     0.000252662
329     0.00269878     0.000257568     0.000257538     0.000257577
331     0.00274149     0.000269503     0.000269471     0.000269512
333     0.00318559     0.000322011     0.000321974     0.000322023
335     0.00267316     0.000277637     0.000277605     0.000277647
337     0.00287813     0.000307429     0.000307394     0.00030744
339     0.00289522     0.000318312     0.000318275     0.000318324
341     0.00315997     0.00035768     0.000357639     0.000357693
343     0.00319413     0.000371246     0.000371203     0.000371259
345     0.00286959     0.000343604     0.000343564     0.000343616
347     0.00308311     0.000380478     0.000380434     0.000380492
349     0.00357845     0.000455196     0.000455143     0.000455212
351     0.00333932     0.000439721     0.000439671     0.000439737
353     0.00376634     0.000513409     0.00051335     0.000513428
355     0.00340764     0.000481856     0.000481801     0.000481874
357     0.00361261     0.000529117     0.000529055     0.000529136
359     0.00376634     0.00057135     0.000571284     0.000571371
361     0.00391153     0.000614661     0.00061459     0.000614683
363     0.00399693     0.000649844     0.000649769     0.000649867
365     0.00416774     0.000701182     0.000701101     0.000701207
367     0.00432147     0.000751084     0.000750998     0.000751112
369     0.00421045     0.000755986     0.000755911     0.000756001
371     0.00448374     0.000832387     0.000832311     0.000832397
373     0.0047912     0.000919863     0.000919779     0.000919873
375     0.00456914     0.000905939     0.000905858     0.000905947
377     0.00498763     0.00102256     0.00102247     0.00102257
379     0.00497909     0.00105464     0.00105455     0.00105465
381     0.00473995     0.00103571     0.00103562     0.00103571
383     0.00520114     0.00117299     0.00117289     0.00117299
385     0.00509011     0.00118333     0.00118323     0.00118333
387     0.005594     0.00133952     0.00133941     0.00133952
389     0.00557692     0.00137563     0.00137553     0.00137563
391     0.00573919     0.00145831     0.0014582     0.0014583
393     0.00584167     0.00152639     0.00152628     0.00152638
395     0.00628578     0.00169092     0.0016908     0.00169091
397     0.00615767     0.00170382     0.00170371     0.0017038
399     0.00649929     0.00184868     0.00184856     0.00184866
401     0.00726793     0.00212759     0.00212746     0.00212756
403     0.00676404     0.00203523     0.0020351     0.00203519
405     0.0070288     0.00217333     0.0021732     0.00217327
407     0.00740458     0.00235495     0.00235483     0.00235489
409     0.00807927     0.00263971     0.00263957     0.00263962
411     0.00795971     0.00267035     0.00267023     0.00267026
413     0.00869419     0.00299568     0.00299556     0.00299555
415     0.0085917     0.00304071     0.0030406     0.00304057
417     0.00821592     0.00298467     0.00298458     0.00298452
419     0.00930056     0.00346551     0.00346542     0.00346531
421     0.00959093     0.00366722     0.00366716     0.00366698
423     0.0106072     0.00416159     0.00416155     0.0041613
425     0.010761     0.00433065     0.00433063     0.00433032
427     0.0104962     0.0043309     0.00433093     0.00433052
429     0.0116833     0.00494358     0.00494366     0.0049431
431     0.0115211     0.0050011     0.00500122     0.00500056
433     0.0129473     0.00576441     0.00576461     0.00576375
435     0.0137587     0.00628362     0.00628395     0.00628279
437     0.0134854     0.00631634     0.00631675     0.00631542
439     0.01457     0.00699962     0.00700017     0.00699851
441     0.0148433     0.00731559     0.00731627     0.00731433
443     0.0159621     0.00806858     0.00806955     0.00806697
445     0.0166283     0.00862226     0.00862346     0.00862038
447     0.0175848     0.00935245     0.00935394     0.00935022
449     0.0187805     0.0102448     0.0102467     0.0102421
451     0.0186694     0.0104468     0.0104492     0.0104437
453     0.0204288     0.011729     0.011732     0.0117251
455     0.0208302     0.0122754     0.0122789     0.0122709
457     0.0223931     0.0135438     0.0135483     0.0135383
459     0.0237681     0.014758     0.0147638     0.0147512
461     0.0253652     0.0161823     0.0161894     0.0161741
463     0.0266121     0.0174479     0.0174564     0.0174383
465     0.0284739     0.0191945     0.0192055     0.0191824
467     0.0298745     0.0207149     0.0207285     0.0207001
469     0.0315399     0.0225002     0.0225167     0.0224827
471     0.0325648     0.0239064     0.0239257     0.0238861
473     0.0353917     0.0267481     0.0267738     0.0267217
475     0.0362115     0.0281889     0.0282191     0.0281582
477     0.0390811     0.0313355     0.0313724     0.0312983
479     0.0402512     0.033262     0.0333053     0.0332188
481     0.0423436     0.0360658     0.0361202     0.0360124
483     0.0446581     0.0392116     0.0392761     0.0391489
485     0.0447776     0.0405086     0.0405805     0.0404394
487     0.0472031     0.0439852     0.0440708     0.0439035
489     0.0468273     0.0449104     0.0450063     0.0448199
491     0.0489283     0.0482356     0.0483438     0.048134
493     0.0490906     0.0496759     0.0497922     0.0495675
495     0.0495005     0.0513172     0.0514432     0.0512003
497     0.0486806     0.0515924     0.0517214     0.0514732
499     0.0485269     0.0524593     0.05259     0.0523384
501     0.0485952     0.0534641     0.053334     0.0536042
503     0.0461953     0.0515922     0.0514705     0.051723
505     0.0451192     0.0510391     0.050924     0.0511621
507     0.0442823     0.0506269     0.0505185     0.0507423
509     0.0429841     0.0495756     0.0494756     0.0496813
511     0.0400889     0.0465701     0.0464857     0.0466583
513     0.0378428     0.0442223     0.0441485     0.0442988
515     0.0363311     0.0426731     0.0426079     0.04274
517     0.0341618     0.0403096     0.0402544     0.0403653
519     0.0326331     0.0386696     0.0386236     0.0387153
521     0.0300283     0.0357334     0.035695     0.035771
523     0.0287984     0.0344181     0.0343848     0.0344502
525     0.0263217     0.031604     0.0315775     0.0316291
527     0.024588     0.0296694     0.0296476     0.0296896
529     0.0231873     0.0281315     0.028113     0.0281483
531     0.0224443     0.0273926     0.0273764     0.027407
533     0.0199676     0.0245254     0.0245129     0.0245362
535     0.0198309     0.0245261     0.0245149     0.0245356
537     0.0184986     0.0230477     0.0230381     0.0230556
539     0.0174396     0.0219036     0.0218953     0.0219102
541     0.0161073     0.0204031     0.0203963     0.0204082
543     0.0149543     0.0191161     0.0191103     0.0191204
545     0.0142028     0.0183312     0.0183261     0.0183349
547     0.0131011     0.0170778     0.0170734     0.0170809
549     0.0128961     0.0169823     0.0169783     0.0169849
551     0.0119139     0.0158636     0.0158601     0.0158659
553     0.010667     0.0143621     0.0143591     0.014364
555     0.0106585     0.0145167     0.0145138     0.0145183
557     0.0102827     0.014169     0.0141664     0.0141704
559     0.00953115     0.0132794     0.0132771     0.0132807
561     0.0092664     0.0130541     0.0130519     0.0130552
563     0.00842943     0.0120063     0.0120044     0.0120073
565     0.00795117     0.0114503     0.0114485     0.0114511
567     0.00762663     0.0111077     0.011106     0.0111084
569     0.00762663     0.0112353     0.0112337     0.0112361
571     0.00689215     0.0102778     0.0102764     0.0102784
573     0.00674696     0.0101904     0.010189     0.010191
575     0.00620037     0.00948249     0.0094812     0.00948302
577     0.00608081     0.00942144     0.00942018     0.00942195
579     0.00555984     0.00872877     0.00872763     0.00872922
581     0.00558546     0.00887792     0.00887678     0.00887836
583     0.00539757     0.00868827     0.00868716     0.00868868
585     0.00478266     0.00779419     0.00779321     0.00779455
587     0.00481682     0.00794849     0.0079475     0.00794884
589     0.00466309     0.00779457     0.00779361     0.00779492
591     0.00425315     0.00720727     0.00720638     0.00720758
593     0.0040311     0.00692869     0.00692785     0.00692898
595     0.00400547     0.0069838     0.00698296     0.00698409
597     0.00386029     0.00682764     0.00682682     0.00682792
599     0.00341618     0.00612389     0.00612316     0.00612414
601     0.00326245     0.00592562     0.00592492     0.00592586
603     0.00340764     0.00626603     0.00626529     0.00626627
605     0.00316851     0.00589627     0.00589557     0.0058965
607     0.00334786     0.00630168     0.00630094     0.00630192
609     0.00287813     0.00548302     0.00548238     0.00548323
611     0.00312581     0.00602951     0.0060288     0.00602973
613     0.00272441     0.00532424     0.00532362     0.00532444
615     0.00260484     0.00516038     0.00515978     0.00516057
617     0.00274149     0.00550376     0.00550312     0.00550396
619     0.00261338     0.00531697     0.00531636     0.00531717
621     0.00254506     0.0052475     0.00524689     0.00524769
623     0.00224614     0.00469042     0.00468988     0.00469059
625     0.00210095     0.00444391     0.0044434     0.00444408
627     0.00213511     0.00457647     0.00457594     0.00457663
629     0.0021949     0.00476089     0.00476034     0.00476106
631     0.00210949     0.00463294     0.0046324     0.00463311
633     0.00216074     0.00480289     0.00480233     0.00480306
635     0.00200701     0.00451658     0.00451606     0.00451675
637     0.00191306     0.00436061     0.0043601     0.00436077
639     0.00174225     0.00402008     0.00401961     0.00402023
641     0.00186182     0.00435142     0.00435091     0.00435157
643     0.00186182     0.00440851     0.00440801     0.00440867
645     0.00173371     0.00415674     0.00415626     0.00415689
647     0.00157144     0.00381887     0.00381843     0.00381901
649     0.00163977     0.00403998     0.00403951     0.00404013
651     0.00161415     0.00402847     0.00402801     0.00402862
653     0.00139209     0.0035193     0.00351889     0.00351943
655     0.00135793     0.00347766     0.00347726     0.00347779
657     0.00140918     0.00365306     0.00365264     0.00365319
659     0.00124691     0.00327233     0.00327196     0.00327245
661     0.00128961     0.0034264     0.003426     0.00342652
663     0.0012042     0.00324156     0.00324119     0.00324168
665     0.00122983     0.00334985     0.00334946     0.00334997
667     0.00118712     0.00327523     0.00327485     0.00327535
669     0.00138355     0.00386316     0.00386272     0.0038633
671     0.00112734     0.00318472     0.00318435     0.00318484
673     0.0012042     0.00344333     0.00344293     0.00344345
675     0.000982153     0.00284161     0.00284128     0.00284171
677     0.000990693     0.00290024     0.00289991     0.00290035
679     0.00105902     0.00313657     0.0031362     0.00313668
681     0.00093091     0.00278992     0.00278959     0.00279002
683     0.00093945     0.00284625     0.00284592     0.00284635
685     0.00102485     0.00313971     0.00313935     0.00313982
687     0.000922369     0.00285926     0.00285893     0.00285936
689     0.000982153     0.00307872     0.00307837     0.00307884
691     0.000811343     0.00257369     0.0025734     0.00257379
693     0.000640534     0.0020567     0.00205646     0.00205678
695     0.00075156     0.00244104     0.00244076     0.00244113
697     0.000828424     0.00272498     0.00272466     0.00272507
699     0.000802803     0.0026725     0.00267219     0.00267259
701     0.000760101     0.00255968     0.00255938     0.00255977
703     0.000631994     0.00215133     0.00215108     0.00215141
705     0.000606373     0.00209092     0.00209068     0.002091
707     0.000589292     0.00205293     0.00205269     0.00205301
709     0.000649075     0.00228832     0.00228806     0.0022884
711     0.000529508     0.00189047     0.00189025     0.00189054
713     0.000683237     0.00247087     0.00247058     0.00247096
715     0.000768641     0.00281189     0.00281157     0.002812
717     0.00074302     0.00275161     0.0027513     0.00275171
719     0.000674696     0.00252928     0.00252898     0.00252937
721     0.000572211     0.00217029     0.00217004     0.00217037
723     0.000520968     0.001997     0.00199677     0.00199708
725     0.000691777     0.00268091     0.0026806     0.00268101
727     0.000538049     0.00210625     0.002106     0.00210632
729     0.000623453     0.00246745     0.00246717     0.00246754
731     0.000435563     0.0017423     0.0017421     0.00174236
733     0.000461185     0.00186282     0.0018626     0.00186288
735     0.000538049     0.00219997     0.00219972     0.00220005
737     0.00036724     0.0015185     0.00151832     0.00151855
739     0.000503887     0.0021067     0.00210646     0.00210678
741     0.000520968     0.00220626     0.00220601     0.00220634
743     0.000538049     0.00230631     0.00230604     0.00230639
745     0.000478266     0.00207487     0.00207463     0.00207495
747     0.000495347     0.00217299     0.00217274     0.00217307
749     0.000520968     0.00231103     0.00231076     0.00231111
751     0.000606373     0.00272076     0.00272045     0.00272086
753     0.000392861     0.00178089     0.00178069     0.00178096
755     0.000435563     0.00199654     0.00199631     0.00199661
757     0.00036724     0.00170052     0.00170033     0.00170058
759     0.00036724     0.00171709     0.00171689     0.00171715
761     0.00037578     0.00177551     0.0017753     0.00177557
763     0.000409942     0.00195877     0.00195854     0.00195884
765     0.000324537     0.00156656     0.00156638     0.00156662
767     0.000341618     0.00166842     0.00166822     0.00166848
769     0.00037578     0.00185698     0.00185676     0.00185704
771     0.000273295     0.00136347     0.00136331     0.00136352
773     0.000418482     0.00211342     0.00211317     0.00211349
775     0.00036724     0.00187622     0.001876     0.00187628
777     0.00037578     0.00194111     0.00194088     0.00194118
779     0.000384321     0.0020083     0.00200807     0.00200838
781     0.00037578     0.00198363     0.00198341     0.00198371
783     0.000281835     0.0015022     0.00150202     0.00150225
785     0.000392861     0.00211928     0.00211904     0.00211936
787     0.000478266     0.00260415     0.00260385     0.00260424
789     0.000273295     0.00150253     0.00150236     0.00150259
791     0.000290376     0.0016149     0.00161471     0.00161496
793     0.000341618     0.00191611     0.00191588     0.00191618
795     0.000298916     0.00169603     0.00169583     0.00169609
797     0.000230592     0.00132154     0.00132139     0.00132159
799     0.000290376     0.00168198     0.00168179     0.00168204
801     0.000204971     0.00120218     0.00120204     0.00120222
803     0.000153728     0.000911423     0.000911318     0.000911456
805     0.000298916     0.00179061     0.0017904     0.00179067
807     0.000341618     0.0020681     0.00206786     0.00206818
809     0.000298916     0.00182824     0.00182803     0.00182831
811     0.00018789     0.0011608     0.00116066     0.00116084
813     0.000230592     0.00144063     0.00144046     0.00144068
815     0.00017935     0.00113264     0.00113251     0.00113269
817     0.000170809     0.00109053     0.0010904     0.00109057
819     0.000230592     0.00148704     0.00148687     0.00148709
821     0.000222052     0.00144601     0.00144585     0.00144607
823     0.000153728     0.00101198     0.00101187     0.00101202
825     0.00018789     0.00124947     0.00124933     0.00124952
827     0.000256214     0.00172017     0.00171997     0.00172023
829     0.000247673     0.00167748     0.00167728     0.00167754
831     0.000102485     0.000702931     0.00070285     0.000702956
833     0.00018789     0.00130089     0.00130074     0.00130093
835     0.000153728     0.0010762     0.00107607     0.00107623
837     0.000247673     0.00175019     0.00174998     0.00175025
839     0.000213511     0.00152749     0.00152732     0.00152755
841     0.000162269     0.00117226     0.00117212     0.0011723
843     0.000230592     0.00168138     0.00168119     0.00168144
845     0.000204971     0.00150792     0.00150775     0.00150798
847     0.000128107     0.000952803     0.000952693     0.000952838
849     0.000102485     0.000770109     0.00077002     0.000770137
851     0.00017935     0.00136134     0.00136118     0.00136139
853     0.000136647     0.00104669     0.00104657     0.00104673
855     9.3945e-05     0.000727175     0.000727091     0.000727201
857     0.000145188     0.00113539     0.00113526     0.00113543
859     0.000213511     0.00168826     0.00168807     0.00168833
861     0.000213511     0.00170658     0.00170638     0.00170664
863     0.000162269     0.00130805     0.0013079     0.0013081
865     0.000111026     0.000904565     0.000904461     0.000904598
867     0.000162269     0.00133638     0.00133623     0.00133643
869     0.000136647     0.00113435     0.00113422     0.00113439
871     0.000153728     0.0012904     0.00129025     0.00129045
873     0.000145188     0.00123135     0.00123121     0.0012314
875     0.000153728     0.00131562     0.00131547     0.00131567
877     6.83237e-05     0.0005903     0.000590232     0.000590322
879     0.000153728     0.00133984     0.00133969     0.00133989
881     0.000162269     0.00143012     0.00142996     0.00143017
883     7.68641e-05     0.000683194     0.000683115     0.000683218
885     9.3945e-05     0.000841966     0.000841869     0.000841997
887     0.000119566     0.00108437     0.00108425     0.00108441
889     0.000119566     0.00109431     0.00109419     0.00109435
891     0.000162269     0.00150023     0.00150005     0.00150028
893     0.00017935     0.00167448     0.00167428     0.00167454
895     8.54046e-05     0.000807847     0.000807753     0.000807876
897     0.000136647     0.00130148     0.00130133     0.00130153
899     0.000119566     0.0011498     0.00114967     0.00114984
901     9.3945e-05     0.000913828     0.000913722     0.000913861
903     6.83237e-05     0.000670781     0.000670704     0.000670806
905     0.000136647     0.00135521     0.00135505     0.00135526
907     0.000145188     0.00145251     0.00145234     0.00145256
909     8.54046e-05     0.000862596     0.000862496     0.000862627
911     0.000119566     0.00121924     0.00121909     0.00121928
913     0.000136647     0.00140712     0.00140696     0.00140717
915     7.68641e-05     0.000799873     0.000799781     0.000799903
917     8.54046e-05     0.000897373     0.00089727     0.000897406
919     0.000111026     0.00117692     0.00117678     0.00117696
921     0.000153728     0.0016453     0.00164511     0.00164536
923     8.54046e-05     0.000923068     0.000922962     0.000923102
925     0.000102485     0.00111908     0.00111895     0.00111912
927     0.000136647     0.00150693     0.00150676     0.00150698
929     0.000162269     0.00180411     0.0018039     0.00180418
931     0.000111026     0.00124652     0.00124638     0.00124657
933     0.000136647     0.00154766     0.00154748     0.00154771
935     6.83237e-05     0.000782644     0.000782554     0.000782672
937     0.000119566     0.00138192     0.00138176     0.00138197
939     0.000119566     0.00139541     0.00139525     0.00139546
941     9.3945e-05     0.00110576     0.00110563     0.0011058
943     5.12427e-05     0.000609884     0.000609813     0.000609906
945     6.83237e-05     0.000818561     0.000818466     0.00081859
947     0.000119566     0.0014456     0.00144543     0.00144565
949     7.68641e-05     0.000940628     0.00094052     0.000940662
951     5.12427e-05     0.000631068     0.000630995     0.00063109
953     3.41618e-05     0.000425723     0.000425674     0.000425738
955     8.54046e-05     0.00107396     0.00107384     0.001074
957     8.54046e-05     0.00108276     0.00108264     0.0010828
959     6.83237e-05     0.000876841     0.00087674     0.000876873
961     0.000119566     0.00154526     0.00154508     0.00154532
963     0.000119566     0.00155868     0.0015585     0.00155874
965     5.97832e-05     0.00078718     0.000787089     0.000787209
967     5.12427e-05     0.000681103     0.000681024     0.000681127
969     5.97832e-05     0.000802039     0.000801946     0.000802068
971     7.68641e-05     0.00104297     0.00104285     0.00104301
973     5.97832e-05     0.00081753     0.000817436     0.00081756
975     0.000119566     0.00165127     0.00165107     0.00165133
977     5.97832e-05     0.000833452     0.000833356     0.000833482
979     5.97832e-05     0.000840335     0.000840238     0.000840366
981     3.41618e-05     0.000484509     0.000484453     0.000484527
983     2.56214e-05     0.00036704     0.000366998     0.000367054
985     3.41618e-05     0.000494059     0.000494002     0.000494077
987     5.12427e-05     0.000746855     0.000746769     0.000746882
989     4.27023e-05     0.000629292     0.000629219     0.000629315
991     8.54046e-05     0.00126816     0.00126802     0.00126821
993     3.41618e-05     0.000512285     0.000512226     0.000512303
995     0.000102485     0.00155055     0.00155037     0.00155061
997     7.68641e-05     0.00117375     0.00117361     0.00117379
999     6.83237e-05     0.00105342     0.0010533     0.00105346
1001     7.68641e-05     0.00119696     0.00119682     0.00119701
1003     5.97832e-05     0.000937459     0.000937351     0.000937494
1005     0.000102485     0.00162329     0.00162311     0.00162335
1007     5.12427e-05     0.000818823     0.000818729     0.000818853
1009     4.27023e-05     0.000688916     0.000688836     0.000688941
1011     5.12427e-05     0.000835534     0.000835437     0.000835564
1013     6.83237e-05     0.00112372     0.0011236     0.00112377
1015     5.12427e-05     0.000849645     0.000849547     0.000849676
1017     5.97832e-05     0.00100281     0.0010027     0.00100285
1019     5.12427e-05     0.000866877     0.000866777     0.000866908
1021     4.27023e-05     0.00072789     0.000727806     0.000727917
1023     2.56214e-05     0.000441587     0.000441536     0.000441603
1025     4.27023e-05     0.000741994     0.000741908     0.000742021
1027     3.41618e-05     0.000598421     0.000598352     0.000598443
1029     2.56214e-05     0.00045337     0.000453317     0.000453386
1031     4.27023e-05     0.000761312     0.000761224     0.000761339
1033     1.70809e-05     0.000307061     0.000307026     0.000307073
1035     8.54046e-06     0.000155399     0.000155382     0.000155405
1037     3.41618e-05     0.00062752     0.000627448     0.000627543
1039     3.41618e-05     0.00063335     0.000633276     0.000633373
1041     5.12427e-05     0.000959695     0.000959585     0.00095973
1043     9.3945e-05     0.00177427     0.00177407     0.00177433
1045     5.97832e-05     0.00113858     0.00113845     0.00113862
1047     5.97832e-05     0.00114597     0.00114584     0.00114601
1049     3.41618e-05     0.000663424     0.000663347     0.000663448
1051     3.41618e-05     0.000669302     0.000669225     0.000669327
1053     4.27023e-05     0.000842997     0.000842899     0.000843027
1055     8.54046e-06     0.000169489     0.000169469     0.000169495
1057     5.12427e-05     0.00103181     0.00103169     0.00103185
1059     5.12427e-05     0.00103936     0.00103924     0.0010394
1061     4.27023e-05     0.000873409     0.000873308     0.000873441
1063     4.27023e-05     0.00088109     0.000880989     0.000881122
1065     4.27023e-05     0.000891173     0.00089107     0.000891206
1067     3.41618e-05     0.000718719     0.000718636     0.000718745
1069     1.70809e-05     0.00036209     0.000362048     0.000362103
1071     0     0     0     0
1073     4.27023e-05     0.000922356     0.000922249     0.000922389
1075     1.70809e-05     0.000372962     0.000372919     0.000372976
1077     2.56214e-05     0.000564031     0.000563966     0.000564051
1079     2.56214e-05     0.000570335     0.000570269     0.000570356
1081     1.70809e-05     0.000383255     0.000383211     0.000383269
1083     5.12427e-05     0.00115778     0.00115765     0.00115782
1085     2.56214e-05     0.000585025     0.000584957     0.000585046
1087     8.54046e-06     0.00019628     0.000196257     0.000196287
1089     3.41618e-05     0.00079381     0.000793719     0.000793839
1091     4.27023e-05     0.00099855     0.000998434     0.000998586
1093     2.56214e-05     0.000605946     0.000605876     0.000605968
1095     2.56214e-05     0.00061033     0.000610259     0.000610352
1097     0     0     0     0
1099     3.41618e-05     0.000829589     0.000829493     0.000829619
1101     1.70809e-05     0.000418048     0.000418     0.000418063
1103     3.41618e-05     0.000843342     0.000843245     0.000843373
1105     4.27023e-05     0.00106495     0.00106482     0.00106499
1107     8.54046e-06     0.000215225     0.0002152     0.000215233
1109     1.70809e-05     0.000434201     0.000434151     0.000434217
1111     2.56214e-05     0.000656094     0.000656018     0.000656118
1113     0     0     0     0
1115     3.41618e-05     0.000889657     0.000889554     0.00088969
1117     2.56214e-05     0.000673348     0.00067327     0.000673373
1119     1.70809e-05     0.000452033     0.000451981     0.000452049
1121     2.56214e-05     0.000685773     0.000685694     0.000685798
1123     3.41618e-05     0.000921217     0.000921111     0.000921251
1125     1.70809e-05     0.00046378     0.000463727     0.000463797
1127     8.54046e-06     0.000234186     0.000234159     0.000234195
1129     2.56214e-05     0.000710131     0.000710049     0.000710157
1131     5.12427e-05     0.00143317     0.00143301     0.00143323
1133     2.56214e-05     0.00072249     0.000722407     0.000722516
1135     1.70809e-05     0.000486093     0.000486037     0.000486111
1137     1.70809e-05     0.000489012     0.000488956     0.00048903
1139     2.56214e-05     0.000741312     0.000741226     0.000741339
1141     8.54046e-06     0.000247965     0.000247937     0.000247974
1143     2.56214e-05     0.000753789     0.000753702     0.000753816
1145     2.56214e-05     0.000758311     0.000758223     0.000758339
1147     1.70809e-05     0.000511694     0.000511635     0.000511712
1149     8.54046e-06     0.000256924     0.000256895     0.000256934
1151     3.41618e-05     0.00104023     0.00104011     0.00104027
1153     2.56214e-05     0.000785842     0.000785751     0.000785871
1155     8.54046e-06     0.000264281     0.00026425     0.00026429
1157     1.70809e-05     0.000533151     0.00053309     0.00053317
1159     1.70809e-05     0.000537566     0.000537504     0.000537585
1161     1.70809e-05     0.000541122     0.00054106     0.000541142
1163     1.70809e-05     0.000546837     0.000546774     0.000546857
1165     2.56214e-05     0.000827961     0.000827865     0.000827991
1167     5.97832e-05     0.0019463     0.00194608     0.00194638
1169     1.70809e-05     0.000559767     0.000559702     0.000559787
1171     1.70809e-05     0.000565516     0.00056545     0.000565536
1173     8.54046e-06     0.000285489     0.000285456     0.000285499
1175     8.54046e-06     0.000286698     0.000286665     0.000286709
1177     1.70809e-05     0.000577328     0.000577261     0.000577349
1179     1.70809e-05     0.000583491     0.000583424     0.000583512
1181     0     0     0     0
1183     0     0     0     0
1185     0     0     0     0
1187     0     0     0     0
1189     0     0     0     0
1191     0     0     0     0
1193     0     0     0     0
1195     0     0     0     0
1197     0     0     0     0
1199     0     0     0     0
1201     0     0     0     0
1203     0     0     0     0
1205     0     0     0     0
1207     0     0     0     0
1209     0     0     0     0
1211     0     0     0     0
1213     0     0     0     0
1215     0     0     0     0
1217     0     0     0     0
1219     0     0     0     0
1221     0     0     0     0
1223     0     0     0     0
1225     0     0     0     0
1227     0     0     0     0
1229     0     0     0     0
1231     0     0     0     0
1233     0     0     0     0
1235     0     0     0     0
1237     0     0     0     0
1239     0     0     0     0
1241     0     0     0     0
1243     0     0     0     0
1245     0     0     0     0
1247     0     0     0     0
1249     0     0     0     0
1251     0     0     0     0
1253     0     0     0     0
1255     0     0     0     0
1257     0     0     0     0
1259     0     0     0     0
1261     0     0     0     0
1263     0     0     0     0
1265     0     0     0     0
1267     0     0     0     0
1269     0     0     0     0
1271     0     0     0     0
1273     0     0     0     0
1275     0     0     0     0
1277     0     0     0     0
1279     0     0     0     0
1281     0     0     0     0
1283     0     0     0     0
1285     0     0     0     0
1287     0     0     0     0
1289     0     0     0     0
1291     0     0     0     0
1293     0     0     0     0
1295     0     0     0     0
1297     0     0     0     0
1299     0     0     0     0
1301     0     0     0     0
1303     0     0     0     0
1305     0     0     0     0
1307     0     0     0     0
1309     0     0     0     0
1311     0     0     0     0
1313     0     0     0     0
1315     0     0     0     0
1317     0     0     0     0
1319     0     0     0     0
1321     0     0     0     0
1323     0     0     0     0
1325     0     0     0     0
1327     0     0     0     0
1329     0     0     0     0
1331     0     0     0     0
1333     0     0     0     0
1335     0     0     0     0
1337     0     0     0     0
1339     0     0     0     0
1341     0     0     0     0
1343     0     0     0     0
1345     0     0     0     0
1347     0     0     0     0
1349     0     0     0     0
1351     0     0     0     0
1353     0     0     0     0
1355     0     0     0     0
1357     0     0     0     0
1359     0     0     0     0
1361     0     0     0     0
1363     0     0     0     0
1365     0     0     0     0
1367     0     0     0     0
1369     0     0     0     0
1371     0     0     0     0
1373     0     0     0     0
1375     0     0     0     0
1377     0     0     0     0
1379     0     0     0     0
1381     0     0     0     0
1383     0     0     0     0
1385     0     0     0     0
1387     0     0     0     0
1389     0     0     0     0
1391     0     0     0     0
1393     0     0     0     0
1395     0     0     0     0
1397     0     0     0     0
1399     0     0     0     0
1401     0     0     0     0
1403     0     0     0     0
1405     0     0     0     0
1407     0     0     0     0
1409     0     0     0     0
1411     0     0     0     0
1413     0     0     0     0
1415     0     0     0     0
1417     0     0     0     0
1419     0     0     0     0
1421     0     0     0     0
1423     0     0     0     0
1425     0     0     0     0
1427     0     0     0     0
1429     0     0     0     0
1431     0     0     0     0
1433     0     0     0     0
1435     0     0     0     0
1437     0     0     0     0
1439     0     0     0     0
1441     0     0     0     0
1443     0     0     0     0
1445     0     0     0     0
1447     0     0     0     0
1449     0     0     0     0
1451     0     0     0     0
1453     0     0     0     0
1455     0     0     0     0
1457     0     0     0     0
1459     0     0     0     0
1461     0     0     0     0
1463     0     0     0     0
1465     0     0     0     0
1467     0     0     0     0
1469     0     0     0     0
1471     0     0     0     0
1473     0     0     0     0
1475     0     0     0     0
1477     0     0     0     0
1479     0     0     0     0
1481     0     0     0     0
1483     0     0     0     0
1485     0     0     0     0
1487     0     0     0     0
1489     0     0     0     0
1491     0     0     0     0
1493     0     0     0     0
1495     0     0     0     0
1497     0     0     0     0
1499     0     0     0     0
1501     0     0     0     0
1503     0     0     0     0
1505     0     0     0     0
1507     0     0     0     0
1509     0     0     0     0
1511     0     0     0     0
1513     0     0     0     0
1515     0     0     0     0
1517     0     0     0     0
1519     0     0     0     0
1521     0     0     0     0
1523     0     0     0     0
1525     0     0     0     0
1527     0     0     0     0
1529     0     0     0     0
1531     0     0     0     0
1533     0     0     0     0
1535     0     0     0     0
1537     0     0     0     0
1539     0     0     0     0
1541     0     0     0     0
1543     0     0     0     0
1545     0     0     0     0
1547     0     0     0     0
1549     0     0     0     0
1551     0     0     0     0
1553     0     0     0     0
1555     0     0     0     0
1557     0     0     0     0
1559     0     0     0     0
1561     0     0     0     0
1563     0     0     0     0
1565     0     0     0     0
1567     0     0     0     0
1569     0     0     0     0
1571     0     0     0     0
1573     0     0     0     0
1575     0     0     0     0
1577     0     0     0     0
1579     0     0     0     0
1581     0     0     0     0
1583     0     0     0     0
1585     0     0     0     0
1587     0     0     0     0
1589     0     0     0     0
1591     0     0     0     0
1593     0     0     0     0
1595     0     0     0     0
1597     0     0     0     0
1599     0     0     0     0
1601     0     0     0     0
1603     0     0     0     0
1605     0     0     0     0
1607     0     0     0     0
1609     0     0     0     0
1611     0     0     0     0
1613     0     0     0     0
1615     0     0     0     0
1617     0     0     0     0
1619     0     0     0     0
1621     0     0     0     0
1623     0     0     0     0
1625     0     0     0     0
1627     0     0     0     0
1629     0     0     0     0
1631     0     0     0     0
1633     0     0     0     0
1635     0     0     0     0
1637     0     0     0     0
1639     0     0     0     0
1641     0     0     0     0
1643     0     0     0     0
1645     0     0     0     0
1647     0     0     0     0
1649     0     0     0     0
1651     0     0     0     0
1653     0     0     0     0
1655     0     0     0     0
1657     0     0     0     0
1659     0     0     0     0
1661     0     0     0     0
1663     0     0     0     0
1665     0     0     0     0
1667     0     0     0     0
1669     0     0     0     0
1671     0     0     0     0
1673     0     0     0     0
1675     0     0     0     0
1677     0     0     0     0
1679     0     0     0     0
1681     0     0     0     0
1683     0     0     0     0
1685     0     0     0     0
1687     0     0     0     0
1689     0     0     0     0
1691     0     0     0     0
1693     0     0     0     0
1695     0     0     0     0
1697     0     0     0     0
1699     0     0     0     0
1701     0     0     0     0
1703     0     0     0     0
1705     0     0     0     0
1707     0     0     0     0
1709     0     0     0     0
1711     0     0     0     0
1713     0     0     0     0
1715     0     0     0     0
1717     0     0     0     0
1719     0     0     0     0
1721     0     0     0     0
1723     0     0     0     0
1725     0     0     0     0
1727     0     0     0     0
1729     0     0     0     0
1731     0     0     0     0
1733     0     0     0     0
1735     0     0     0     0
1737     0     0     0     0
1739     0     0     0     0
1741     0     0     0     0
1743     0     0     0     0
1745     0     0     0     0
1747     0     0     0     0
1749     0     0     0     0
1751     0     0     0     0
1753     0     0     0     0
1755     0     0     0     0
1757     0     0     0     0
1759     0     0     0     0
1761     0     0     0     0
1763     0     0     0     0
1765     0     0     0     0
1767     0     0     0     0
1769     0     0     0     0
1771     0     0     0     0
1773     0     0     0     0
1775     0     0     0     0
1777     0     0     0     0
1779     0     0     0     0
1781     0     0     0     0
1783     0     0     0     0
1785     0     0     0     0
1787     0     0     0     0
1789     0     0     0     0
1791     0     0     0     0
1793     0     0     0     0
1795     0     0     0     0
1797     0     0     0     0
1799     0     0     0     0
1801     0     0     0     0
1803     0     0     0     0
1805     0     0     0     0
1807     0     0     0     0
1809     0     0     0     0
1811     0     0     0     0
1813     0     0     0     0
1815     0     0     0     0
1817     0     0     0     0
1819     0     0     0     0
1821     0     0     0     0
1823     0     0     0     0
1825     0     0     0     0
1827     0     0     0     0
1829     0     0     0     0
1831     0     0     0     0
1833     0     0     0     0
1835     0     0     0     0
1837     0     0     0     0
1839     0     0     0     0
1841     0     0     0     0
1843     0     0     0     0
1845     0     0     0     0
1847     0     0     0     0
1849     0     0     0     0
1851     0     0     0     0
1853     0     0     0     0
1855     0     0     0     0
1857     0     0     0     0
1859     0     0     0     0
1861     0     0     0     0
1863     0     0     0     0
1865     0     0     0     0
1867     0     0     0     0
1869     0     0     0     0
1871     0     0     0     0
1873     0     0     0     0
1875     0     0     0     0
1877     0     0     0     0
1879     0     0     0     0
1881     0     0     0     0
1883     0     0     0     0
1885     0     0     0     0
1887     0     0     0     0
1889     0     0     0     0
1891     0     0     0     0
1893     0     0     0     0
1895     0     0     0     0
1897     0     0     0     0
1899     0     0     0     0
1901     0     0     0     0
1903     0     0     0     0
1905     0     0     0     0
1907     0     0     0     0
1909     0     0     0     0
1911     0     0     0     0
1913     0     0     0     0
1915     0     0     0     0
1917     0     0     0     0
1919     0     0     0     0
1921     0     0     0     0
1923     0     0     0     0
1925     0     0     0     0
1927     0     0     0     0
1929     0     0     0     0
1931     0     0     0     0
1933     0     0     0     0
1935     0     0     0     0
1937     0     0     0     0
1939     0     0     0     0
1941     0     0     0     0
1943     0     0     0     0
1945     0     0     0     0
1947     0     0     0     0
1949     0     0     0     0
1951     0     0     0     0
1953     0     0     0     0
1955     0     0     0     0
1957     0     0     0     0
1959     0     0     0     0
1961     0     0     0     0
1963     0     0     0     0
1965     0     0     0     0
1967     0     0     0     0
1969     0     0     0     0
1971     0     0     0     0
1973     0     0     0     0
1975     0     0     0     0
1977     0     0     0     0
1979     0     0     0     0
1981     0     0     0     0
1983     0     0     0     0
1985     0     0     0     0
1987     0     0     0     0
1989     0     0     0     0
1991     0     0     0     0
1993     0     0     0     0
1995     0     0     0     0
1997     0     0     0     0
1999     0     0     0     0
2001     0     0     0     0
2003     0     0     0     0
2005     0     0     0     0
2007     0     0     0     0
2009     0     0     0     0
2011     0     0     0     0
2013     0     0     0     0
2015     0     0     0     0
2017     0     0     0     0
2019     0     0     0     0
2021     0     0     0     0
2023     0     0     0     0
2025     0     0     0     0
2027     0     0     0     0
2029     0     0     0     0
2031     0     0     0     0
2033     0     0     0     0
2035     0     0     0     0
2037     0     0     0     0
2039     0     0     0     0
2041     0     0     0     0
2043     0     0     0     0
2045     0     0     0     0
2047     0     0     0     0
2049     0     0     0     0
2051     0     0     0     0
2053     0     0     0     0
2055     0     0     0     0
2057     0     0     0     0
2059     0     0     0     0
2061     0     0     0     0
2063     0     0     0     0
2065     0     0     0     0
2067     0     0     0     0
2069     0     0     0     0
2071     0     0     0     0
2073     0     0     0     0
2075     0     0     0     0
2077     0     0     0     0
2079     0     0     0     0
2081     0     0     0     0
2083     0     0     0     0
2085     0     0     0     0
2087     0     0     0     0
2089     0     0     0     0
2091     0     0     0     0
2093     0     0     0     0
2095     0     0     0     0
2097     0     0     0     0
2099     0     0     0     0
2101     0     0     0     0
2103     0     0     0     0
2105     0     0     0     0
2107     0     0     0     0
2109     0     0     0     0
2111     0     0     0     0
2113     0     0     0     0
2115     0     0     0     0
2117     0     0     0     0
2119     0     0     0     0
2121     0     0     0     0
2123     0     0     0     0
2125     0     0     0     0
2127     0     0     0     0
2129     0     0     0     0
2131     0     0     0     0
2133     0     0     0     0
2135     0     0     0     0
2137     0     0     0     0
2139     0     0     0     0
2141     0     0     0     0
2143     0     0     0     0
2145     0     0     0     0
2147     0     0     0     0
2149     0     0     0     0
2151     0     0     0     0
2153     0     0     0     0
2155     0     0     0     0
2157     0     0     0     0
2159     0     0     0     0
2161     0     0     0     0
2163     0     0     0     0
2165     0     0     0     0
2167     0     0     0     0
2169     0     0     0     0
2171     0     0     0     0
2173     0     0     0     0
2175     0     0     0     0
2177     0     0     0     0
2179     0     0     0     0
2181     0     0     0     0
2183     0     0     0     0
2185     0     0     0     0
2187     0     0     0     0
2189     0     0     0     0
2191     0     0     0     0
2193     0     0     0     0
2195     0     0     0     0
2197     0     0     0     0
2199     0     0     0     0
2201     0     0     0     0
2203     0     0     0     0
2205     0     0     0     0
2207     0     0     0     0
2209     0     0     0     0
2211     0     0     0     0
2213     0     0     0     0
2215     0     0     0     0
2217     0     0     0     0
2219     0     0     0     0
2221     0     0     0     0
2223     0     0     0     0
2225     0     0     0     0
2227     0     0     0     0
2229     0     0     0     0
2231     0     0     0     0
2233     0     0     0     0
2235     0     0     0     0
2237     0     0     0     0
2239     0     0     0     0
2241     0     0     0     0
2243     0     0     0     0
2245     0     0     0     0
2247     0     0     0     0
2249     0     0     0     0
2251     0     0     0     0
2253     0     0     0     0
2255     0     0     0     0
2257     0     0     0     0
2259     0     0     0     0
2261     0     0     0     0
2263     0     0     0     0
2265     0     0     0     0
2267     0     0     0     0
2269     0     0     0     0
2271     0     0     0     0
2273     0     0     0     0
2275     0     0     0     0
2277     0     0     0     0
2279     0     0     0     0
2281     0     0     0     0
2283     0     0     0     0
2285     0     0     0     0
2287     0     0     0     0
2289     0     0     0     0
2291     0     0     0     0
2293     0     0     0     0
2295     0     0     0     0
2297     0     0     0     0
2299     0     0     0     0
2301     0     0     0     0
2303     0     0     0     0
2305     0     0     0     0
2307     0     0     0     0
2309     0     0     0     0
2311     0     0     0     0
2313     0     0     0     0
2315     0     0     0     0
2317     0     0     0     0
2319     0     0     0     0
2321     0     0     0     0
2323     0     0     0     0
2325     0     0     0     0
2327     0     0     0     0
2329     0     0     0     0
2331     0     0     0     0
2333     0     0     0     0
2335     0     0     0     0
2337     0     0     0     0
2339     0     0     0     0
2341     0     0     0     0
2343     0     0     0     0
2345     0     0     0     0
2347     0     0     0     0
2349     0     0     0     0
2351     0     0     0     0
2353     0     0     0     0
2355     0     0     0     0
2357     0     0     0     0
2359     0     0     0     0
2361     0     0     0     0
2363     0     0     0     0
2365     0     0     0     0
2367     0     0     0     0
2369     0     0     0     0
2371     0     0     0     0
2373     0     0     0     0
2375     0     0     0     0
2377     0     0     0     0
2379     0     0     0     0
2381     0     0     0     0
2383     0     0     0     0
2385     0     0     0     0
2387     0     0     0     0
2389     0     0     0     0
2391     0     0     0     0
2393     0     0     0     0
2395     0     0     0     0
2397     0     0     0     0
2399     0     0     0     0
2401     0     0     0     0
2403     0     0     0     0
2405     0     0     0     0
2407     0     0     0     0
2409     0     0     0     0
2411     0     0     0     0
2413     0     0     0     0
2415     0     0     0     0
2417     0     0     0     0
2419     0     0     0     0
2421     0     0     0     0
2423     0     0     0     0
2425     0     0     0     0
2427     0     0     0     0
2429     0     0     0     0
2431     0     0     0     0
2433     0     0     0     0
2435     0     0     0     0
2437     0     0     0     0
2439     0     0     0     0
2441     0     0     0     0
2443     0     0     0     0
2445     0     0     0     0
2447     0     0     0     0
2449     0     0     0     0
2451     0     0     0     0
2453     0     0     0     0
2455     0     0     0     0
2457     0     0     0     0
2459     0     0     0     0
2461     0     0     0     0
2463     0     0     0     0
2465     0     0     0     0
2467     0     0     0     0
2469     0     0     0     0
2471     0     0     0     0
2473     0     0     0     0
2475     0     0     0     0
2477     0     0     0     0
2479     0     0     0     0
2481     0     0     0     0
2483     0     0     0     0
2485     0     0     0     0
2487     0     0     0     0
2489     0     0     0     0
2491     0     0     0     0
2493     0     0     0     0
2495     0     0     0     0
2497     0     0     0     0
2499     0     0     0     0
2501     0     0     0     0
2503     0     0     0     0
2505     0     0     0     0
2507     0     0     0     0
2509     0     0     0     0
2511     0     0     0     0
2513     0     0     0     0
2515     0     0     0     0
2517     0     0     0     0
2519     0     0     0     0
2521     0     0     0     0
2523     0     0     0     0
2525     0     0     0     0
2527     0     0     0     0
2529     0     0     0     0
2531     0     0     0     0
2533     0     0     0     0
2535     0     0     0     0
2537     0     0     0     0
2539     0     0     0     0
2541     0     0     0     0
2543     0     0     0     0
2545     0     0     0     0
2547     0     0     0     0
2549     0     0     0     0
2551     0     0     0     0
2553     0     0     0     0
2555     0     0     0     0
2557     0     0     0     0
2559     0     0     0     0
2561     0     0     0     0
2563     0     0     0     0
2565     0     0     0     0
2567     0     0     0     0
2569     0     0     0     0
2571     0     0     0     0
2573     0     0     0     0
2575     0     0     0     0
2577     0     0     0     0
2579     0     0     0     0
2581     0     0     0     0
2583     0     0     0     0
2585     0     0     0     0
2587     0     0     0     0
2589     0     0     0     0
2591     0     0     0     0
2593     0     0     0     0
2595     0     0     0     0
2597     0     0     0     0
2599     0     0     0     0
2601     0     0     0     0
2603     0     0     0     0
2605     0     0     0     0
2607     0     0     0     0
2609     0     0     0     0
2611     0     0     0     0
2613     0     0     0     0
2615     0     0     0     0
2617     0     0     0     0
2619     0     0     0     0
2621     0     0     0     0
2623     0     0     0     0
2625     0     0     0     0
2627     0     0     0     0
2629     0     0     0     0
2631     0     0     0     0
2633     0     0     0     0
2635     0     0     0     0
2637     0     0     0     0
2639     0     0     0     0
2641     0     0     0     0
2643     0     0     0     0
2645     0     0     0     0
2647     0     0     0     0
2649     0     0     0     0
2651     0     0     0     0
2653     0     0     0     0
2655     0     0     0     0
2657     0     0     0     0
2659     0     0     0     0
2661     0     0     0     0
2663     0     0     0     0
2665     0     0     0     0
2667     0     0     0     0
2669     0     0     0     0
2671     0     0     0     0
2673     0     0     0     0
2675     0     0     0     0
2677     0     0     0     0
2679     0     0     0     0
2681     0     0     0     0
2683     0     0     0     0
2685     0     0     0     0
2687     0     0     0     0
2689     0     0     0     0
2691     0     0     0     0
2693     0     0     0     0
2695     0     0     0     0
2697     0     0     0     0
2699     0     0     0     0
2701     0     0     0     0
2703     0     0     0     0
2705     0     0     0     0
2707     0     0     0     0
2709     0     0     0     0
2711     0     0     0     0
2713     0     0     0     0
2715     0     0     0     0
2717     0     0     0     0
2719     0     0     0     0
2721     0     0     0     0
2723     0     0     0     0
2725     0     0     0     0
2727     0     0     0     0
2729     0     0     0     0
2731     0     0     0     0
2733     0     0     0     0
2735     0     0     0     0
2737     0     0     0     0
2739     0     0     0     0
2741     0     0     0     0
2743     0     0     0     0
2745     0     0     0     0
2747     0     0     0     0
2749     0     0     0     0
2751     0     0     0     0
2753     0     0     0     0
2755     0     0     0     0
2757     0     0     0     0
2759     0     0     0     0
2761     0     0     0     0
2763     0     0     0     0
2765     0     0     0     0
2767     0     0     0     0
2769     0     0     0     0
2771     0     0     0     0
2773     0     0     0     0
2775     0     0     0     0
2777     0     0     0     0
2779     0     0     0     0
2781     0     0     0     0
2783     0     0     0     0
2785     0     0     0     0
2787     0     0     0     0
2789     0     0     0     0
2791     0     0     0     0
2793     0     0     0     0
2795     0     0     0     0
2797     0     0     0     0
2799     0     0     0     0
2801     0     0     0     0
2803     0     0     0     0
2805     0     0     0     0
2807     0     0     0     0
2809     0     0     0     0
2811     0     0     0     0
2813     0     0     0     0
2815     0     0     0     0
2817     0     0     0     0
2819     0     0     0     0
2821     0     0     0     0
2823     0     0     0     0
2825     0     0     0     0
2827     0     0     0     0
2829     0     0     0     0
2831     0     0     0     0
2833     0     0     0     0
2835     0     0     0     0
2837     0     0     0     0
2839     0     0     0     0
2841     0     0     0     0
2843     0     0     0     0
2845     0     0     0     0
2847     0     0     0     0
2849     0     0     0     0
2851     0     0     0     0
2853     0     0     0     0
2855     0     0     0     0
2857     0     0     0     0
2859     0     0     0     0
2861     0     0     0     0
2863     0     0     0     0
2865     0     0     0     0
2867     0     0     0     0
2869     0     0     0     0
2871     0     0     0     0
2873     0     0     0     0
2875     0     0     0     0
2877     0     0     0     0
2879     0     0     0     0
2881     0     0     0     0
2883     0     0     0     0
2885     0     0     0     0
2887     0     0     0     0
2889     0     0     0     0
2891     0     0     0     0
2893     0     0     0     0
2895     0     0     0     0
2897     0     0     0     0
2899     0     0     0     0
2901     0     0     0     0
2903     0     0     0     0
2905     0     0     0     0
2907     0     0     0     0
2909     0     0     0     0
2911     0     0     0     0
2913     0     0     0     0
2915     0     0     0     0
2917     0     0     0     0
2919     0     0     0     0
2921     0     0     0     0
2923     0     0     0     0
2925     0     0     0     0
2927     0     0     0     0
2929     0     0     0     0
2931     0     0     0     0
2933     0     0     0     0
2935     0     0     0     0
2937     0     0     0     0
2939     0     0     0     0
2941     0     0     0     0
2943     0     0     0     0
2945     0     0     0     0
2947     0     0     0     0
2949     0     0     0     0
2951     0     0     0     0
2953     0     0     0     0
2955     0     0     0     0
2957     0     0     0     0
2959     0     0     0     0
2961     0     0     0     0
2963     0     0     0     0
2965     0     0     0     0
2967     0     0     0     0
2969     0     0     0     0
2971     0     0     0     0
2973     0     0     0     0
2975     0     0     0     0
2977     0     0     0     0
2979     0     0     0     0
2981     0     0     0     0
2983     0     0     0     0
2985     0     0     0     0
2987     0     0     0     0
2989     0     0     0     0
2991     0     0     0     0
2993     0     0     0     0
2995     0     0     0     0
2997     0     0     0     0
2999     0     0     0     0
3001     0     0     0     0
3003     0     0     0     0
3005     0     0     0     0
3007     0     0     0     0
3009     0     0     0     0
3011     0     0     0     0
3013     0     0     0     0
3015     0     0     0     0
3017     0     0     0     0
3019     0     0     0     0
3021     0     0     0     0
3023     0     0     0     0
3025     0     0     0     0
3027     0     0     0     0
3029     0     0     0     0
3031     0     0     0     0
3033     0     0     0     0
3035     0     0     0     0
3037     0     0     0     0
3039     0     0     0     0
3041     0     0     0     0
3043     0     0     0     0
3045     0     0     0     0
3047     0     0     0     0
3049     0     0     0     0
3051     0     0     0     0
3053     0     0     0     0
3055     0     0     0     0
3057     0     0     0     0
3059     0     0     0     0
3061     0     0     0     0
3063     0     0     0     0
3065     0     0     0     0
3067     0     0     0     0
3069     0     0     0     0
3071     0     0     0     0
3073     0     0     0     0
3075     0     0     0     0
3077     0     0     0     0
3079     0     0     0     0
3081     0     0     0     0
3083     0     0     0     0
3085     0     0     0     0
3087     0     0     0     0
3089     0     0     0     0
3091     0     0     0     0
3093     0     0     0     0
3095     0     0     0     0
3097     0     0     0     0
3099     0     0     0     0
3101     0     0     0     0
3103     0     0     0     0
3105     0     0     0     0
3107     0     0     0     0
3109     0     0     0     0
3111     0     0     0     0
3113     0     0     0     0
3115     0     0     0     0
3117     0     0     0     0
3119     0     0     0     0
3121     0     0     0     0
3123     0     0     0     0
3125     0     0     0     0
3127     0     0     0     0
3129     0     0     0     0
3131     0     0     0     0
3133     0     0     0     0
3135     0     0     0     0
3137     0     0     0     0
3139     0     0     0     0
3141     0     0     0     0
3143     0     0     0     0
3145     0     0     0     0
3147     0     0     0     0
3149     0     0     0     0
3151     0     0     0     0
3153     0     0     0     0
3155     0     0     0     0
3157     0     0     0     0
3159     0     0     0     0
3161     0     0     0     0
3163     0     0     0     0
3165     0     0     0     0
3167     0     0     0     0
3169     0     0     0     0
3171     0     0     0     0
3173     0     0     0     0
3175     0     0     0     0
3177     0     0     0     0
3179     0     0     0     0
3181     0     0     0     0
3183     0     0     0     0
3185     0     0     0     0
3187     0     0     0     0
3189     0     0     0     0
3191     0     0     0     0
3193     0     0     0     0
3195     0     0     0     0
3197     0     0     0     0
3199     0     0     0     0
3201     0     0     0     0
3203     0     0     0     0
3205     0     0     0     0
3207     0     0     0     0
3209     0     0     0     0
3211     0     0     0     0
3213     0     0     0     0
3215     0     0     0     0
3217     0     0     0     0
3219     0     0     0     0
3221     0     0     0     0
3223     0     0     0     0
3225     0     0     0     0
3227     0     0     0     0
3229     0     0     0     0
3231     0     0     0     0
3233     0     0     0     0
3235     0     0     0     0
3237     0     0     0     0
3239     0     0     0     0
3241     0     0     0     0
3243     0     0     0     0
3245     0     0     0     0
3247     0     0     0     0
3249     0     0     0     0
3251     0     0     0     0
3253     0     0     0     0
3255     0     0     0     0
3257     0     0     0     0
3259     0     0     0     0
3261     0     0     0     0
3263     0     0     0     0
3265     0     0     0     0
3267     0     0     0     0
3269     0     0     0     0
3271     0     0     0     0
3273     0     0     0     0
3275     0     0     0     0
3277     0     0     0     0
3279     0     0     0     0
3281     0     0     0     0
3283     0     0     0     0
3285     0     0     0     0
3287     0     0     0     0
3289     0     0     0     0
3291     0     0     0     0
3293     0     0     0     0
3295     0     0     0     0
3297     0     0     0     0
3299     0     0     0     0
3301     0     0     0     0
3303     0     0     0     0
3305     0     0     0     0
3307     0     0     0     0
3309     0     0     0     0
3311     0     0     0     0
3313     0     0     0     0
3315     0     0     0     0
3317     0     0     0     0
3319     0     0     0     0
3321     0     0     0     0
3323     0     0     0     0
3325     0     0     0     0
3327     0     0     0     0
3329     0     0     0     0
3331     0     0     0     0
3333     0     0     0     0
3335     0     0     0     0
3337     0     0     0     0
3339     0     0     0     0
3341     0     0     0     0
3343     0     0     0     0
3345     0     0     0     0
3347     0     0     0     0
3349     0     0     0     0
3351     0     0     0     0
3353     0     0     0     0
3355     0     0     0     0
3357     0     0     0     0
3359     0     0     0     0
3361     0     0     0     0
3363     0     0     0     0
3365     0     0     0     0
3367     0     0     0     0
3369     0     0     0     0
3371     0     0     0     0
3373     0     0     0     0
3375     0     0     0     0
3377     0     0     0     0
3379     0     0     0     0
3381     0     0     0     0
3383     0     0     0     0
3385     0     0     0     0
3387     0     0     0     0
3389     0     0     0     0
3391     0     0     0     0
3393     0     0     0     0
3395     0     0     0     0
3397     0     0     0     0
3399     0     0     0     0
3401     0     0     0     0
3403     0     0     0     0
3405     0     0     0     0
3407     0     0     0     0
3409     0     0     0     0
3411     0     0     0     0
3413     0     0     0     0
3415     0     0     0     0
3417     0     0     0     0
3419     0     0     0     0
3421     0     0     0     0
3423     0     0     0     0
3425     0     0     0     0
3427     0     0     0     0
3429     0     0     0     0
3431     0     0     0     0
3433     0     0     0     0
3435     0     0     0     0
3437     0     0     0     0
3439     0     0     0     0
3441     0     0     0     0
3443     0     0     0     0
3445     0     0     0     0
3447     0     0     0     0
3449     0     0     0     0
3451     0     0     0     0
3453     0     0     0     0
3455     0     0     0     0
3457     0     0     0     0
3459     0     0     0     0
3461     0     0     0     0
3463     0     0     0     0
3465     0     0     0     0
3467     0     0     0     0
3469     0     0     0     0
3471     0     0     0     0
3473     0     0     0     0
3475     0     0     0     0
3477     0     0     0     0
3479     0     0     0     0
3481     0     0     0     0
3483     0     0     0     0
3485     0     0     0     0
3487     0     0     0     0
3489     0     0     0     0
3491     0     0     0     0
3493     0     0     0     0
3495     0     0     0     0
3497     0     0     0     0
3499     0     0     0     0
3501     0     0     0     0
3503     0     0     0     0
3505     0     0     0     0
3507     0     0     0     0
3509     0     0     0     0
3511     0     0     0     0
3513     0     0     0     0
3515     0     0     0     0
3517     0     0     0     0
3519     0     0     0     0
3521     0     0     0     0
3523     0     0     0     0
3525     0     0     0     0
3527     0     0     0     0
3529     0     0     0     0
3531     0     0     0     0
3533     0     0     0     0
3535     0     0     0     0
3537     0     0     0     0
3539     0     0     0     0
3541     0     0     0     0
3543     0     0     0     0
3545     0     0     0     0
3547     0     0     0     0
3549     0     0     0     0
3551     0     0     0     0
3553     0     0     0     0
3555     0     0     0     0
3557     0     0     0     0
3559     0     0     0     0
3561     0     0     0     0
3563     0     0     0     0
3565     0     0     0     0
3567     0     0     0     0
3569     0     0     0     0
3571     0     0     0     0
3573     0     0     0     0
3575     0     0     0     0
3577     0     0     0     0
3579     0     0     0     0
3581     0     0     0     0
3583     0     0     0     0
3585     0     0     0     0
3587     0     0     0     0
3589     0     0     0     0
3591     0     0     0     0
3593     0     0     0     0
3595     0     0     0     0
3597     0     0     0     0
3599     0     0     0     0
3601     0     0     0     0
3603     0     0     0     0
3605     0     0     0     0
3607     0     0     0     0
3609     0     0     0     0
3611     0     0     0     0
3613     0     0     0     0
3615     0     0     0     0
3617     0     0     0     0
3619     0     0     0     0
3621     0     0     0     0
3623     0     0     0     0
3625     0     0     0     0
3627     0     0     0     0
3629     0     0     0     0
3631     0     0     0     0
3633     0     0     0     0
3635     0     0     0     0
3637     0     0     0     0
3639     0     0     0     0
3641     0     0     0     0
3643     0     0     0     0
3645     0     0     0     0
3647     0     0     0     0
3649     0     0     0     0
3651     0     0     0     0
3653     0     0     0     0
3655     0     0     0     0
3657     0     0     0     0
3659     0     0     0     0
3661     0     0     0     0
3663     0     0     0     0
3665     0     0     0     0
3667     0     0     0     0
3669     0     0     0     0
3671     0     0     0     0
3673     0     0     0     0
3675     0     0     0     0
3677     0     0     0     0
3679     0     0     0     0
3681     0     0     0     0
3683     0     0     0     0
3685     0     0     0     0
3687     0     0     0     0
3689     0     0     0     0
3691     0     0     0     0
3693     0     0     0     0
3695     0     0     0     0
3697     0     0     0     0
3699     0     0     0     0
3701     0     0     0     0
3703     0     0     0     0
3705     0     0     0     0
3707     0     0     0     0
3709     0     0     0     0
3711     0     0     0     0
3713     0     0     0     0
3715     0     0     0     0
3717     0     0     0     0
3719     0     0     0     0
3721     0     0     0     0
3723     0     0     0     0
3725     0     0     0     0
3727     0     0     0     0
3729     0     0     0     0
3731     0     0     0     0
3733     0     0     0     0
3735     0     0     0     0
3737     0     0     0     0
3739     0     0     0     0
3741     0     0     0     0
3743     0     0     0     0
3745     0     0     0     0
3747     0     0     0     0
3749     0     0     0     0
3751     0     0     0     0
3753     0     0     0     0
3755     0     0     0     0
3757     0     0     0     0
3759     0     0     0     0
3761     0     0     0     0
3763     0     0     0     0
3765     0     0     0     0
3767     0     0     0     0
3769     0     0     0     0
3771     0     0     0     0
3773     0     0     0     0
3775     0     0     0     0
3777     0     0     0     0
3779     0     0     0     0
3781     0     0     0     0
3783     0     0     0     0
3785     0     0     0     0
3787     0     0     0     0
3789     0     0     0     0
3791     0     0     0     0
3793     0     0     0     0
3795     0     0     0     0
3797     0     0     0     0
3799     0     0     0     0
3801     0     0     0     0
3803     0     0     0     0
3805     0     0     0     0
3807     0     0     0     0
3809     0     0     0     0
3811     0     0     0     0
3813     0     0     0     0
3815     0     0     0     0
3817     0     0     0     0
3819     0     0     0     0
3821     0     0     0     0
3823     0     0     0     0
3825     0     0     0     0
3827     0     0     0     0
3829     0     0     0     0
3831     0     0     0     0
3833     0     0     0     0
3835     0     0     0     0
3837     0     0     0     0
3839     0     0     0     0
3841     0     0     0     0
3843     0     0     0     0
3845     0     0     0     0
3847     0     0     0     0
3849     0     0     0     0
3851     0     0     0     0
3853     0     0     0     0
3855     0     0     0     0
3857     0     0     0     0
3859     0     0     0     0
3861     0     0     0     0
3863     0     0     0     0
3865     0     0     0     0
3867     0     0     0     0
3869     0     0     0     0
3871     0     0     0     0
3873     0     0     0     0
3875     0     0     0     0
3877     0     0     0     0
3879     0     0     0     0
3881     0     0     0     0
3883     0     0     0     0
3885     0     0     0     0
3887     0     0     0     0
3889     0     0     0     0
3891     0     0     0     0
3893     0     0     0     0
3895     0     0     0     0
3897     0     0     0     0
3899     0     0     0     0
3901     0     0     0     0
3903     0     0     0     0
3905     0     0     0     0
3907     0     0     0     0
3909     0     0     0     0
3911     0     0     0     0
3913     0     0     0     0
3915     0     0     0     0
3917     0     0     0     0
3919     0     0     0     0
3921     0     0     0     0
3923     0     0     0     0
3925     0     0     0     0
3927     0     0     0     0
3929     0     0     0     0
3931     0     0     0     0
3933     0     0     0     0
3935     0     0     0     0
3937     0     0     0     0
3939     0     0     0     0
3941     0     0     0     0
3943     0     0     0     0
3945     0     0     0     0
3947     0     0     0     0
3949     0     0     0     0
3951     0     0     0     0
3953     0     0     0     0
3955     0     0     0     0
3957     0     0     0     0
3959     0     0     0     0
3961     0     0     0     0
3963     0     0     0     0
3965     0     0     0     0
3967     0     0     0     0
3969     0     0     0     0
3971     0     0     0     0
3973     0     0     0     0
3975     0     0     0     0
3977     0     0     0     0
3979     0     0     0     0
3981     0     0     0     0
3983     0     0     0     0
3985     0     0     0     0
3987     0     0     0     0
3989     0     0     0     0
3991     0     0     0     0
3993     0     0     0     0
3995     0     0     0     0
3997     0     0     0     0
3999     0     0     0     0
4001     0     0     0     0
4003     0     0     0     0
4005     0     0     0     0
4007     0     0     0     0
4009     0     0     0     0
4011     0     0     0     0
4013     0     0     0     0
4015     0     0     0     0
4017     0     0     0     0
4019     0     0     0     0
4021     0     0     0     0
4023     0     0     0     0
4025     0     0     0     0
4027     0     0     0     0
4029     0     0     0     0
4031     0     0     0     0
4033     0     0     0     0
4035     0     0     0     0
4037     0     0     0     0
4039     0     0     0     0
4041     0     0     0     0
4043     0     0     0     0
4045     0     0     0     0
4047     0     0     0     0
4049     0     0     0     0
4051     0     0     0     0
4053     0     0     0     0
4055     0     0     0     0
4057     0     0     0     0
4059     0     0     0     0
4061     0     0     0     0
4063     0     0     0     0
4065     0     0     0     0
4067     0     0     0     0
4069     0     0     0     0
4071     0     0     0     0
4073     0     0     0     0
4075     0     0     0     0
4077     0     0     0     0
4079     0     0     0     0
4081     0     0     0     0
4083     0     0     0     0
4085     0     0     0     0
4087     0     0     0     0
4089     0     0     0     0
4091     0     0     0     0
4093     0     0     0     0
4095     0     0     0     0
4097     0     0     0     0
4099     0     0     0     0
4101     0     0     0     0
4103     0     0     0     0
4105     0     0     0     0
4107     0     0     0     0
4109     0     0     0     0
4111     0     0     0     0
4113     0     0     0     0
4115     0     0     0     0
4117     0     0     0     0
4119     0     0     0     0
4121     0     0     0     0
4123     0     0     0     0
4125     0     0     0     0
4127     0     0     0     0
4129     0     0     0     0
4131     0     0     0     0
4133     0     0     0     0
4135     0     0     0     0
4137     0     0     0     0
4139     0     0     0     0
4141     0     0     0     0
4143     0     0     0     0
4145     0     0     0     0
4147     0     0     0     0
4149     0     0     0     0
4151     0     0     0     0
4153     0     0     0     0
4155     0     0     0     0
4157     0     0     0     0
4159     0     0     0     0
4161     0     0     0     0
4163     0     0     0     0
4165     0     0     0     0
4167     0     0     0     0
4169     0     0     0     0
4171     0     0     0     0
4173     0     0     0     0
4175     0     0     0     0
4177     0     0     0     0
4179     0     0     0     0
4181     0     0     0     0
4183     0     0     0     0
4185     0     0     0     0
4187     0     0     0     0
4189     0     0     0     0
4191     0     0     0     0
4193     0     0     0     0
4195     0     0     0     0
4197     0     0     0     0
4199     0     0     0     0
4201     0     0     0     0
4203     0     0     0     0
4205     0     0     0     0
4207     0     0     0     0
4209     0     0     0     0
4211     0     0     0     0
4213     0     0     0     0
4215     0     0     0     0
4217     0     0     0     0
4219     0     0     0     0
4221     0     0     0     0
4223     0     0     0     0
4225     0     0     0     0
4227     0     0     0     0
4229     0     0     0     0
4231     0     0     0     0
4233     0     0     0     0
4235     0     0     0     0
4237     0     0     0     0
4239     0     0     0     0
4241     0     0     0     0
4243     0     0     0     0
4245     0     0     0     0
4247     0     0     0     0
4249     0     0     0     0
4251     0     0     0     0
4253     0     0     0     0
4255     0     0     0     0
4257     0     0     0     0
4259     0     0     0     0
4261     0     0     0     0
4263     0     0     0     0
4265     0     0     0     0
4267     0     0     0     0
4269     0     0     0     0
4271     0     0     0     0
4273     0     0     0     0
4275     0     0     0     0
4277     0     0     0     0
4279     0     0     0     0
4281     0     0     0     0
4283     0     0     0     0
4285     0     0     0     0
4287     0     0     0     0
4289     0     0     0     0
4291     0     0     0     0
4293     0     0     0     0
4295     0     0     0     0
4297     0     0     0     0
4299     0     0     0     0
4301     0     0     0     0
4303     0     0     0     0
4305     0     0     0     0
4307     0     0     0     0
4309     0     0     0     0
4311     0     0     0     0
4313     0     0     0     0
4315     0     0     0     0
4317     0     0     0     0
4319     0     0     0     0
4321     0     0     0     0
4323     0     0     0     0
4325     0     0     0     0
4327     0     0     0     0
4329     0     0     0     0
4331     0     0     0     0
4333     0     0     0     0
4335     0     0     0     0
4337     0     0     0     0
4339     0     0     0     0
4341     0     0     0     0
4343     0     0     0     0
4345     0     0     0     0
4347     0     0     0     0
4349     0     0     0     0
4351     0     0     0     0
4353     0     0     0     0
4355     0     0     0     0
4357     0     0     0     0
4359     0     0     0     0
4361     0     0     0     0
4363     0     0     0     0
4365     0     0     0     0
4367     0     0     0     0
4369     0     0     0     0
4371     0     0     0     0
4373     0     0     0     0
4375     0     0     0     0
4377     0     0     0     0
4379     0     0     0     0
4381     0     0     0     0
4383     0     0     0     0
4385     0     0     0     0
4387     0     0     0     0
4389     0     0     0     0
4391     0     0     0     0
4393     0     0     0     0
4395     0     0     0     0
4397     0     0     0     0
4399     0     0     0     0
4401     0     0     0     0
4403     0     0     0     0
4405     0     0     0     0
4407     0     0     0     0
4409     0     0     0     0
4411     0     0     0     0
4413     0     0     0     0
4415     0     0     0     0
4417     0     0     0     0
4419     0     0     0     0
4421     0     0     0     0
4423     0     0     0     0
4425     0     0     0     0
4427     0     0     0     0
4429     0     0     0     0
4431     0     0     0     0
4433     0     0     0     0
4435     0     0     0     0
4437     0     0     0     0
4439     0     0     0     0
4441     0     0     0     0
4443     0     0     0     0
4445     0     0     0     0
4447     0     0     0     0
4449     0     0     0     0
4451     0     0     0     0
4453     0     0     0     0
4455     0     0     0     0
4457     0     0     0     0
4459     0     0     0     0
4461     0     0     0     0
4463     0     0     0     0
4465     0     0     0     0
4467     0     0     0     0
4469     0     0     0     0
4471     0     0     0     0
4473     0     0     0     0
4475     0     0     0     0
4477     0     0     0     0
4479     0     0     0     0
4481     0     0     0     0
4483     0     0     0     0
4485     0     0     0     0
4487     0     0     0     0
4489     0     0     0     0
4491     0     0     0     0
4493     0     0     0     0
4495     0     0     0     0
4497     0     0     0     0
4499     0     0     0     0
4501     0     0     0     0
4503     0     0     0     0
4505     0     0     0     0
4507     0     0     0     0
4509     0     0     0     0
4511     0     0     0     0
4513     0     0     0     0
4515     0     0     0     0
4517     0     0     0     0
4519     0     0     0     0
4521     0     0     0     0
4523     0     0     0     0
4525     0     0     0     0
4527     0     0     0     0
4529     0     0     0     0
4531     0     0     0     0
4533     0     0     0     0
4535     0     0     0     0
4537     0     0     0     0
4539     0     0     0     0
4541     0     0     0     0
4543     0     0     0     0
4545     0     0     0     0
4547     0     0     0     0
4549     0     0     0     0
4551     0     0     0     0
4553     0     0     0     0
4555     0     0     0     0
4557     0     0     0     0
4559     0     0     0     0
4561     0     0     0     0
4563     0     0     0     0
4565     0     0     0     0
4567     0     0     0     0
4569     0     0     0     0
4571     0     0     0     0
4573     0     0     0     0
4575     0     0     0     0
4577     0     0     0     0
4579     0     0     0     0
4581     0     0     0     0
4583     0     0     0     0
4585     0     0     0     0
4587     0     0     0     0
4589     0     0     0     0
4591     0     0     0     0
4593     0     0     0     0
4595     0     0     0     0
4597     0     0     0     0
4599     0     0     0     0
4601     0     0     0     0
4603     0     0     0     0
4605     0     0     0     0
4607     0     0     0     0
4609     0     0     0     0
4611     0     0     0     0
4613     0     0     0     0
4615     0     0     0     0
4617     0     0     0     0
4619     0     0     0     0
4621     0     0     0     0
4623     0     0     0     0
4625     0     0     0     0
4627     0     0     0     0
4629     0     0     0     0
4631     0     0     0     0
4633     0     0     0     0
4635     0     0     0     0
4637     0     0     0     0
4639     0     0     0     0
4641     0     0     0     0
4643     0     0     0     0
4645     0     0     0     0
4647     0     0     0     0
4649     0     0     0     0
4651     0     0     0     0
4653     0     0     0     0
4655     0     0     0     0
4657     0     0     0     0
4659     0     0     0     0
4661     0     0     0     0
4663     0     0     0     0
4665     0     0     0     0
4667     0     0     0     0
4669     0     0     0     0
4671     0     0     0     0
4673     0     0     0     0
4675     0     0     0     0
4677     0     0     0     0
4679     0     0     0     0
4681     0     0     0     0
4683     0     0     0     0
4685     0     0     0     0
4687     0     0     0     0
4689     0     0     0     0
4691     0     0     0     0
4693     0     0     0     0
4695     0     0     0     0
4697     0     0     0     0
4699     0     0     0     0
4701     0     0     0     0
4703     0     0     0     0
4705     0     0     0     0
4707     0     0     0     0
4709     0     0     0     0
4711     0     0     0     0
4713     0     0     0     0
4715     0     0     0     0
4717     0     0     0     0
4719     0     0     0     0
4721     0     0     0     0
4723     0     0     0     0
4725     0     0     0     0
4727     0     0     0     0
4729     0     0     0     0
4731     0     0     0     0
4733     0     0     0     0
4735     0     0     0     0
4737     0     0     0     0
4739     0     0     0     0
4741     0     0     0     0
4743     0     0     0     0
4745     0     0     0     0
4747     0     0     0     0
4749     0     0     0     0
4751     0     0     0     0
4753     0     0     0     0
4755     0     0     0     0
4757     0     0     0     0
4759     0     0     0     0
4761     0     0     0     0
4763     0     0     0     0
4765     0     0     0     0
4767     0     0     0     0
4769     0     0     0     0
4771     0     0     0     0
4773     0     0     0     0
4775     0     0     0     0
4777     0     0     0     0
4779     0     0     0     0
4781     0     0     0     0
4783     0     0     0     0
4785     0     0     0     0
4787     0     0     0     0
4789     0     0     0     0
4791     0     0     0     0
4793     0     0     0     0
4795     0     0     0     0
4797     0     0     0     0
4799     0     0     0     0
4801     0     0     0     0
4803     0     0     0     0
4805     0     0     0     0
4807     0     0     0     0
4809     0     0     0     0
4811     0     0     0     0
4813     0     0     0     0
4815     0     0     0     0
4817     0     0     0     0
4819     0     0     0     0
4821     0     0     0     0
4823     0     0     0     0
4825     0     0     0     0
4827     0     0     0     0
4829     0     0     0     0
4831     0     0     0     0
4833     0     0     0     0
4835     0     0     0     0
4837     0     0     0     0
4839     0     0     0     0
4841     0     0     0     0
4843     0     0     0     0
4845     0     0     0     0
4847     0     0     0     0
4849     0     0     0     0
4851     0     0     0     0
4853     0     0     0     0
4855     0     0     0     0
4857     0     0     0     0
4859     0     0     0     0
4861     0     0     0     0
4863     0     0     0     0
4865     0     0     0     0
4867     0     0     0     0
4869     0     0     0     0
4871     0     0     0     0
4873     0     0     0     0
4875     0     0     0     0
4877     0     0     0     0
4879     0     0     0     0
4881     0     0     0     0
4883     0     0     0     0
4885     0     0     0     0
4887     0     0     0     0
4889     0     0     0     0
4891     0     0     0     0
4893     0     0     0     0
4895     0     0     0     0
4897     0     0     0     0
4899     0     0     0     0
4901     0     0     0     0
4903     0     0     0     0
4905     0     0     0     0
4907     0     0     0     0
4909     0     0     0     0
4911     0     0     0     0
4913     0     0     0     0
4915     0     0     0     0
4917     0     0     0     0
4919     0     0     0     0
4921     0     0     0     0
4923     0     0     0     0
4925     0     0     0     0
4927     0     0     0     0
4929     0     0     0     0
4931     0     0     0     0
4933     0     0     0     0
4935     0     0     0     0
4937     0     0     0     0
4939     0     0     0     0
4941     0     0     0     0
4943     0     0     0     0
4945     0     0     0     0
4947     0     0     0     0
4949     0     0     0     0
4951     0     0     0     0
4953     0     0     0     0
4955     0     0     0     0
4957     0     0     0     0
4959     0     0     0     0
4961     0     0     0     0
4963     0     0     0     0
4965     0     0     0     0
4967     0     0     0     0
4969     0     0     0     0
4971     0     0     0     0
4973     0     0     0     0
4975     0     0     0     0
4977     0     0     0     0
4979     0     0     0     0
4981     0     0     0     0
4983     0     0     0     0
4985     0     0     0     0
4987     0     0     0     0
4989     0     0     0     0
4991     0     0     0     0
4993     0     0     0     0
4995     0     0     0     0
4997     0     0     0     0
4999     0     0     0     0
