1     0     0     0     0     0     0     0
3     0     0     0     0     0     0     0
5     0     0     0     0     0     0     0
7     4.84246e-06     1.20875e-08     1.20875e-08     1.20875e-08     1.20875e-08     1.20875e-08     1.20875e-08
9     9.68493e-06     1.61762e-08     1.61762e-08     1.61762e-08     1.61762e-08     1.61762e-08     1.61762e-08
11     9.68493e-06     1.27959e-08     1.27959e-08     1.27959e-08     1.27959e-08     1.27959e-08     1.27959e-08
13     1.93699e-05     2.15667e-08     2.15667e-08     2.15667e-08     2.15667e-08     2.15667e-08     2.15667e-08
15     2.90548e-05     2.71246e-08     2.71246e-08     2.71246e-08     2.71246e-08     2.71246e-08     2.71246e-08
17     3.38972e-05     2.73722e-08     2.73722e-08     2.73722e-08     2.73722e-08     2.73722e-08     2.73722e-08
19     1.93699e-05     1.27001e-08     1.27001e-08     1.27001e-08     1.27001e-08     1.27001e-08     1.27001e-08
21     1.93699e-05     1.1626e-08     1.1626e-08     1.1626e-08     1.1626e-08     1.1626e-08     1.1626e-08
23     1.45274e-05     7.82622e-09     7.82622e-09     7.82622e-09     7.82622e-09     7.82622e-09     7.82622e-09
25     1.45274e-05     7.01709e-09     7.01709e-09     7.01709e-09     7.01709e-09     7.01709e-09     7.01709e-09
27     6.77945e-05     2.95002e-08     2.95002e-08     2.95002e-08     2.95002e-08     2.95002e-08     2.95002e-08
29     6.77945e-05     2.66409e-08     2.66409e-08     2.66409e-08     2.66409e-08     2.66409e-08     2.66409e-08
31     7.26369e-05     2.58592e-08     2.58592e-08     2.58592e-08     2.58592e-08     2.58592e-08     2.58592e-08
33     8.71643e-05     2.88829e-08     2.88829e-08     2.88829e-08     2.88829e-08     2.88829e-08     2.88829e-08
35     8.23219e-05     2.52258e-08     2.52258e-08     2.52258e-08     2.52258e-08     2.52258e-08     2.52258e-08
37     4.35822e-05     1.22836e-08     1.22836e-08     1.22836e-08     1.22836e-08     1.22836e-08     1.22836e-08
39     7.74794e-05     2.04027e-08     2.04027e-08     2.04027e-08     2.04027e-08     2.04027e-08     2.04027e-08
41     0.000106534     2.62777e-08     2.62777e-08     2.62777e-08     2.62777e-08     2.62777e-08     2.62777e-08
43     5.81096e-05     1.34916e-08     1.34916e-08     1.34916e-08     1.34916e-08     1.34916e-08     1.34916e-08
45     7.74794e-05     1.67677e-08     1.67677e-08     1.67677e-08     1.67677e-08     1.67677e-08     1.67677e-08
47     8.71643e-05     1.80548e-08     1.80548e-08     1.80548e-08     1.80548e-08     1.80548e-08     1.80548e-08
49     0.000116219     2.25584e-08     2.25584e-08     2.25584e-08     2.25584e-08     2.25584e-08     2.25584e-08
51     0.000125904     2.321e-08     2.321e-08     2.321e-08     2.321e-08     2.321e-08     2.321e-08
53     0.000159801     2.80002e-08     2.80002e-08     2.80002e-08     2.80002e-08     2.80002e-08     2.80002e-08
55     0.000154959     2.59104e-08     2.59104e-08     2.59104e-08     2.59104e-08     2.59104e-08     2.59104e-08
57     0.000135589     2.16895e-08     2.16895e-08     2.16895e-08     2.16895e-08     2.16895e-08     2.16895e-08
59     0.000179171     2.76269e-08     2.76269e-08     2.76269e-08     2.76269e-08     2.76269e-08     2.76269e-08
61     0.000101692     1.51488e-08     1.51488e-08     1.51488e-08     1.51488e-08     1.51488e-08     1.51488e-08
63     0.000174329     2.51104e-08     2.51104e-08     2.51104e-08     2.51104e-08     2.51104e-08     2.51104e-08
65     0.000154959     2.16126e-08     2.16126e-08     2.16126e-08     2.16126e-08     2.16126e-08     2.16126e-08
67     0.000188856     2.5644e-08     2.5644e-08     2.5644e-08     2.5644e-08     2.5644e-08     2.5644e-08
69     0.000198541     2.61897e-08     2.61897e-08     2.61897e-08     2.61897e-08     2.61897e-08     2.61897e-08
71     0.000159801     2.06349e-08     2.06349e-08     2.06349e-08     2.06349e-08     2.06349e-08     2.06349e-08
73     0.000179171     2.2642e-08     2.2642e-08     2.2642e-08     2.2642e-08     2.2642e-08     2.2642e-08
75     0.000222753     2.76553e-08     2.76553e-08     2.76553e-08     2.76553e-08     2.76553e-08     2.76553e-08
77     0.000174329     2.12668e-08     2.12668e-08     2.12668e-08     2.12668e-08     2.12668e-08     2.12668e-08
79     0.000193699     2.33325e-08     2.33325e-08     2.33325e-08     2.33325e-08     2.33325e-08     2.33325e-08
81     0.00027602     3.28266e-08     3.28266e-08     3.28266e-08     3.28266e-08     3.28266e-08     3.28266e-08
83     0.000232438     2.73837e-08     2.73837e-08     2.73837e-08     2.73837e-08     2.73837e-08     2.73837e-08
85     0.000179171     2.09379e-08     2.09379e-08     2.09379e-08     2.09379e-08     2.09379e-08     2.09379e-08
87     0.000261493     3.04036e-08     3.04036e-08     3.04036e-08     3.04036e-08     3.04036e-08     3.04036e-08
89     0.000222753     2.57956e-08     2.57956e-08     2.57956e-08     2.57956e-08     2.57956e-08     2.57956e-08
91     0.000256651     2.96447e-08     2.96447e-08     2.96447e-08     2.96447e-08     2.96447e-08     2.96447e-08
93     0.000242123     2.79441e-08     2.79441e-08     2.79441e-08     2.79441e-08     2.79441e-08     2.79441e-08
95     0.000237281     2.74031e-08     2.74031e-08     2.74031e-08     2.74031e-08     2.74031e-08     2.74031e-08
97     0.000261493     3.02651e-08     3.02651e-08     3.02651e-08     3.02651e-08     3.02651e-08     3.02651e-08
99     0.000285705     3.31722e-08     3.31722e-08     3.31722e-08     3.31722e-08     3.31722e-08     3.31722e-08
101     0.000261493     3.04764e-08     3.04764e-08     3.04764e-08     3.04764e-08     3.04764e-08     3.04764e-08
103     0.00027602     3.23437e-08     3.23437e-08     3.23437e-08     3.23437e-08     3.23437e-08     3.23437e-08
105     0.000348657     4.11425e-08     4.11425e-08     4.11425e-08     4.11425e-08     4.11425e-08     4.11425e-08
107     0.000285705     3.39794e-08     3.39794e-08     3.39794e-08     3.39794e-08     3.39794e-08     3.39794e-08
109     0.000261493     3.14692e-08     3.14692e-08     3.14692e-08     3.14692e-08     3.14692e-08     3.14692e-08
111     0.000290548     3.54828e-08     3.54828e-08     3.54828e-08     3.54828e-08     3.54828e-08     3.54828e-08
113     0.000290548     3.61101e-08     3.61101e-08     3.61101e-08     3.61101e-08     3.61101e-08     3.61101e-08
115     0.000397082     5.04715e-08     5.04715e-08     5.04715e-08     5.04715e-08     5.04715e-08     5.04715e-08
117     0.000343815     4.4772e-08     4.4772e-08     4.4772e-08     4.4772e-08     4.4772e-08     4.4772e-08
119     0.00031476     4.23259e-08     4.23259e-08     4.23259e-08     4.23259e-08     4.23259e-08     4.23259e-08
121     0.000329287     4.58786e-08     4.58786e-08     4.58786e-08     4.58786e-08     4.58786e-08     4.58786e-08
123     0.000338972     4.93896e-08     4.93896e-08     4.93896e-08     4.93896e-08     4.93896e-08     4.93896e-08
125     0.000377712     5.75044e-08     5.75044e-08     5.75044e-08     5.75044e-08     5.75044e-08     5.75044e-08
127     0.000309918     4.98637e-08     4.98637e-08     4.98637e-08     4.98637e-08     4.98637e-08     4.98637e-08
129     0.000382555     6.54834e-08     6.54834e-08     6.54834e-08     6.54834e-08     6.54834e-08     6.54834e-08
131     0.000382555     7.03812e-08     7.03812e-08     7.03812e-08     7.03812e-08     7.03812e-08     7.03812e-08
133     0.000440664     8.71553e-08     8.71553e-08     8.71553e-08     8.71553e-08     8.71553e-08     8.71553e-08
135     0.000493931     1.05619e-07     1.05619e-07     1.05619e-07     1.05619e-07     1.05619e-07     1.05619e-07
137     0.000450349     1.05603e-07     1.05603e-07     1.05603e-07     1.05603e-07     1.05603e-07     1.05603e-07
139     0.000435822     1.12988e-07     1.12988e-07     1.12988e-07     1.12988e-07     1.12988e-07     1.12988e-07
141     0.000387397     1.13012e-07     1.13012e-07     1.13012e-07     1.13012e-07     1.13012e-07     1.13012e-07
143     0.000358342     1.16241e-07     1.16241e-07     1.16241e-07     1.16241e-07     1.16241e-07     1.16241e-07
145     0.000401924     1.50112e-07     1.50112e-07     1.50112e-07     1.50112e-07     1.50112e-07     1.50112e-07
147     0.000489089     2.09339e-07     2.09339e-07     2.09339e-07     2.09339e-07     2.09339e-07     2.09339e-07
149     0.000426137     2.1299e-07     2.1299e-07     2.1299e-07     2.1299e-07     2.1299e-07     2.1299e-07
151     0.000455191     2.75962e-07     2.75962e-07     2.75962e-07     2.75962e-07     2.75962e-07     2.75962e-07
153     0.0003535     2.6043e-07     2.6043e-07     2.6043e-07     2.6043e-07     2.6043e-07     2.6043e-07
155     0.000435822     4.01915e-07     4.01915e-07     4.01915e-07     4.01915e-07     4.01915e-07     4.01915e-07
157     0.000445507     5.48228e-07     5.48228e-07     5.48228e-07     5.48228e-07     5.48228e-07     5.48228e-07
159     0.000542356     1.03616e-06     1.03616e-06     1.03616e-06     1.03616e-06     1.03616e-06     1.03616e-06
161     0.000421294     1.35197e-06     1.35197e-06     1.35197e-06     1.35197e-06     1.35197e-06     1.35197e-06
163     0.000532671     2.69523e-06     2.69523e-06     2.69523e-06     2.69523e-06     2.69523e-06     2.69523e-06
165     0.000406767     2.85561e-06     2.85561e-06     2.85561e-06     2.85561e-06     2.85561e-06     2.85561e-06
167     0.000513301     4.39608e-06     4.39608e-06     4.39608e-06     4.39608e-06     4.39608e-06     4.39608e-06
169     0.000489089     4.84398e-06     4.84398e-06     4.84398e-06     4.84398e-06     4.84398e-06     4.84398e-06
171     0.000537513     5.99246e-06     5.99246e-06     5.99246e-06     5.99246e-06     5.99246e-06     5.99246e-06
173     0.000532671     6.56272e-06     6.56272e-06     6.56272e-06     6.56272e-06     6.56272e-06     6.56272e-06
175     0.000542356     7.31303e-06     7.31303e-06     7.31303e-06     7.31303e-06     7.31303e-06     7.31303e-06
177     0.000464876     6.75141e-06     6.75141e-06     6.75141e-06     6.75141e-06     6.75141e-06     6.75141e-06
179     0.000556883     8.81221e-06     8.81221e-06     8.81221e-06     8.81221e-06     8.81221e-06     8.81221e-06
181     0.000552041     9.55304e-06     9.55304e-06     9.55304e-06     9.55304e-06     9.55304e-06     9.55304e-06
183     0.000542356     1.04323e-05     1.04323e-05     1.04323e-05     1.04323e-05     1.04323e-05     1.04323e-05
185     0.000489089     1.03703e-05     1.03703e-05     1.03703e-05     1.03703e-05     1.03703e-05     1.03703e-05
187     0.000532671     1.22976e-05     1.22976e-05     1.22976e-05     1.22976e-05     1.22976e-05     1.22976e-05
189     0.000624678     1.55212e-05     1.55212e-05     1.55212e-05     1.55212e-05     1.55212e-05     1.55212e-05
191     0.000614993     1.63427e-05     1.63427e-05     1.63427e-05     1.63427e-05     1.63427e-05     1.63427e-05
193     0.000537513     1.51575e-05     1.51575e-05     1.51575e-05     1.51575e-05     1.51575e-05     1.51575e-05
195     0.000561726     1.68114e-05     1.68114e-05     1.68114e-05     1.68114e-05     1.68114e-05     1.68114e-05
197     0.000653732     2.05126e-05     2.05126e-05     2.05126e-05     2.05126e-05     2.05126e-05     2.05126e-05
199     0.000566568     1.86405e-05     1.86405e-05     1.86405e-05     1.86405e-05     1.86405e-05     1.86405e-05
201     0.000479404     1.64894e-05     1.64894e-05     1.64894e-05     1.64894e-05     1.64894e-05     1.64894e-05
203     0.000595623     2.14114e-05     2.14114e-05     2.14114e-05     2.14114e-05     2.14114e-05     2.14114e-05
205     0.000658575     2.46416e-05     2.46416e-05     2.46416e-05     2.46416e-05     2.46416e-05     2.46416e-05
207     0.000619835     2.41679e-05     2.41679e-05     2.41679e-05     2.41679e-05     2.41679e-05     2.41679e-05
209     0.000653732     2.65722e-05     2.65722e-05     2.65722e-05     2.65722e-05     2.65722e-05     2.65722e-05
211     0.000639205     2.70246e-05     2.70246e-05     2.70246e-05     0.000343906     0.000480809     0.000249687
213     0.000600465     2.62708e-05     2.62708e-05     2.62708e-05     0.000344113     0.000481772     0.000249448
215     0.000702157     3.18485e-05     3.18485e-05     3.18485e-05     0.000361124     0.000503967     0.000262889
217     0.000755424     3.54245e-05     3.54245e-05     3.54245e-05     0.000364466     0.000507419     0.000266122
219     0.000711842     3.4512e-05     3.4512e-05     3.4512e-05     0.000356809     0.000497003     0.000260376
221     0.000624678     3.12674e-05     3.12674e-05     3.12674e-05     0.000353142     0.000493263     0.000256755
223     0.00061015     3.15577e-05     3.15577e-05     3.15577e-05     0.000350757     0.000489829     0.000255072
225     0.000653732     3.48859e-05     3.48859e-05     3.48859e-05     0.000359831     0.00050143     0.000262364
227     0.000697315     3.83279e-05     3.83279e-05     3.83279e-05     0.000344122     0.000477445     0.00025236
229     0.000760267     4.30661e-05     4.30661e-05     4.30661e-05     0.000361357     0.000500195     0.000265784
231     0.000779636     4.54624e-05     4.54624e-05     4.54624e-05     0.00036613     0.00050593     0.000269824
233     0.000697315     4.18489e-05     4.18489e-05     4.18489e-05     0.000359858     0.000498511     0.000264291
235     0.000871643     5.40079e-05     5.40079e-05     5.40079e-05     0.000373411     0.000512677     0.000277447
237     0.000803849     5.1198e-05     5.1198e-05     5.1198e-05     0.000361424     0.000496714     0.000268165
239     0.000745739     4.88781e-05     4.88781e-05     4.88781e-05     0.00036721     0.000506068     0.000271455
241     0.000760267     5.12297e-05     5.12297e-05     5.12297e-05     0.000357949     0.000491838     0.000265637
243     0.000842588     5.82224e-05     5.82224e-05     5.82224e-05     0.00035792     0.000488826     0.00026766
245     0.000808691     5.73877e-05     5.73877e-05     5.73877e-05     0.000361573     0.000494442     0.000269927
247     0.000760267     5.53757e-05     5.53757e-05     5.53757e-05     0.000371104     0.00050906     0.000275947
249     0.000736054     5.49557e-05     5.49557e-05     5.49557e-05     0.000354597     0.000485433     0.000264282
251     0.000871643     6.67876e-05     6.67876e-05     6.67876e-05     0.000368203     0.000499738     0.0002774
253     0.000789321     6.19894e-05     6.19894e-05     6.19894e-05     0.00036174     0.000492374     0.000271479
255     0.000813534     6.54988e-05     6.54988e-05     6.54988e-05     0.000359387     0.000487228     0.000270998
257     0.000992705     8.20058e-05     8.20058e-05     8.20058e-05     0.000375098     0.000502367     0.000287013
259     0.000779636     6.5903e-05     6.5903e-05     6.5903e-05     0.000355387     0.000480949     0.000268436
261     0.00092491     8.00911e-05     8.00911e-05     8.00911e-05     0.000378835     0.000508234     0.000289188
263     0.000920068     8.16266e-05     8.16266e-05     8.16266e-05     0.000364356     0.000486745     0.000279495
265     0.000876486     7.95441e-05     7.95441e-05     7.95441e-05     0.000367359     0.000491931     0.000280991
267     0.000852273     7.91354e-05     7.91354e-05     7.91354e-05     0.000368981     0.000494443     0.000281952
269     0.000876486     8.32945e-05     8.32945e-05     8.32945e-05     0.00035081     0.000466594     0.000270472
271     0.000953965     9.26151e-05     9.26151e-05     9.26151e-05     0.000367055     0.000485956     0.000284549
273     0.000968493     9.62064e-05     9.62064e-05     9.62064e-05     0.000367585     0.00048524     0.000285957
275     0.000891013     9.05316e-05     9.05316e-05     9.05316e-05     0.000359658     0.000476417     0.000278627
277     0.000992705     0.000103067     0.000103067     0.000103067     0.00038825     0.000512052     0.00030233
279     0.00094428     0.000100137     0.000100137     0.000100137     0.000372376     0.000490536     0.000290358
281     0.000978177     0.00010599     0.00010599     0.00010599     0.000382577     0.000502542     0.000299231
283     0.000910383     0.000100598     0.000100598     0.000100598     0.00036658     0.000481828     0.000286477
285     0.00107503     0.000121461     0.000121461     0.000121461     0.000375206     0.000485037     0.000298834
287     0.00103629     0.000119351     0.000119351     0.000119351     0.000389166     0.000505841     0.000308004
289     0.00114766     0.000134881     0.000134881     0.000134881     0.000393672     0.000505513     0.000315824
291     0.00107018     0.000128358     0.000128358     0.000128358     0.000375924     0.000482913     0.000301423
293     0.00098302     0.00012024     0.00012024     0.00012024     0.000377644     0.000488983     0.000300141
295     0.00100239     0.000124967     0.000124967     0.000124967     0.000381821     0.000492991     0.000304421
297     0.00115735     0.000147062     0.000147062     0.000147062     0.000415981     0.000532522     0.000334861
299     0.00107987     0.000139937     0.000139937     0.000139937     0.000385682     0.000492252     0.000311508
301     0.00120577     0.000159102     0.000159102     0.000159102     0.000415232     0.000526323     0.000337884
303     0.00111861     0.000150309     0.000150309     0.000150309     0.000409063     0.000521299     0.000330925
305     0.00100239     0.000137284     0.000137284     0.000137284     0.000398144     0.000511197     0.000319372
307     0.00101207     0.000141359     0.000141359     0.000141359     0.000394606     0.000504269     0.000318159
309     0.00107503     0.000152726     0.000152726     0.000152726     0.000399729     0.000506612     0.000325191
311     0.00109924     0.000159144     0.000159144     0.000159144     0.00039417     0.000495769     0.000323264
313     0.00123483     0.000181935     0.000181935     0.000181935     0.00043964     0.000550957     0.000361931
315     0.00106534     0.000159785     0.000159785     0.000159785     0.000409445     0.00051724     0.000334165
317     0.00130746     0.000199446     0.000199446     0.000199446     0.000446546     0.000553173     0.000372056
319     0.00124451     0.000193142     0.000193142     0.000193142     0.000450364     0.00056134     0.000372824
321     0.00118156     0.000186605     0.000186605     0.000186605     0.00044209     0.000552281     0.000365072
323     0.00127357     0.000204426     0.000204426     0.000204426     0.000452524     0.00055947     0.000377714
325     0.0011864     0.000193584     0.000193584     0.000193584     0.000451935     0.0005633     0.000374027
327     0.00129778     0.000215128     0.000215128     0.000215128     0.000474199     0.000585812     0.000396088
329     0.00130746     0.000220235     0.000220235     0.000220235     0.000467436     0.000573851     0.000392953
331     0.0013801     0.000236114     0.000236114     0.000236114     0.000475011     0.000577685     0.000403066
333     0.00134136     0.000233209     0.000233209     0.000233209     0.000494906     0.000607185     0.000416168
335     0.00130746     0.000230869     0.000230869     0.000230869     0.000496746     0.000610614     0.000416859
337     0.00133168     0.000238748     0.000238748     0.000238748     0.000490509     0.000598077     0.000414961
339     0.00131715     0.000239851     0.000239851     0.000239851     0.000497386     0.00060717     0.000420213
341     0.00138494     0.000256163     0.000256163     0.000256163     0.000521972     0.000635055     0.000442415
343     0.00155927     0.000293166     0.000293166     0.000293166     0.000542731     0.000648753     0.000468088
345     0.001414     0.000270191     0.000270191     0.000270191     0.000536606     0.000649998     0.000456804
347     0.00159317     0.000310048     0.000310048     0.000310048     0.000571442     0.0006831     0.000492919
349     0.00151569     0.000300614     0.000300614     0.000300614     0.000585523     0.000707306     0.000499892
351     0.0015738     0.000318989     0.000318989     0.000318989     0.000601101     0.000721805     0.000516219
353     0.00149632     0.000310058     0.000310058     0.000310058     0.00058588     0.000704156     0.00050275
355     0.00156412     0.000331832     0.000331832     0.000331832     0.000634441     0.000764557     0.000543061
357     0.00153506     0.000333523     0.000333523     0.000333523     0.000635212     0.000765259     0.000543917
359     0.00154959     0.000344964     0.000344964     0.000344964     0.000640852     0.000768699     0.000551144
361     0.00144305     0.00032863     0.00032863     0.00032863     0.000647586     0.000785624     0.000550772
363     0.00152053     0.000353934     0.000353934     0.000353934     0.000663792     0.00079803     0.000569635
365     0.0016077     0.000382435     0.000382435     0.000382435     0.000703991     0.000843461     0.000606191
367     0.00161738     0.000393138     0.000393143     0.000393138     0.000713296     0.000852344     0.000615824
369     0.00198541     0.000492777     0.000492785     0.000492777     0.000846312     0.00100006     0.000738561
371     0.00169002     0.000428471     0.000428478     0.000428471     0.000755336     0.000897657     0.000655589
373     0.00186435     0.000482949     0.000482958     0.000482949     0.000821449     0.000969051     0.000718022
375     0.00158833     0.000420381     0.000420388     0.000420381     0.000780162     0.000937316     0.000670094
377     0.00193699     0.000524031     0.00052404     0.000524031     0.000869338     0.00102042     0.000763561
379     0.00183045     0.000505051     0.000505061     0.000505051     0.000840839     0.000987998     0.000737849
381     0.0017675     0.000497763     0.000497773     0.000497763     0.000861943     0.00102176     0.000750108
383     0.0018934     0.000543465     0.000543476     0.000543465     0.000902407     0.00106015     0.000792061
385     0.00186435     0.000545836     0.000545846     0.000545836     0.000903597     0.00106102     0.000793488
387     0.00186919     0.000557152     0.000557164     0.000557152     0.000938546     0.00110655     0.000821036
389     0.00190309     0.000577475     0.000577487     0.000577475     0.000936546     0.0010949     0.000825813
391     0.00221785     0.000685098     0.000685114     0.000685098     0.0010953     0.00127637     0.000968684
393     0.00191762     0.000602737     0.000602751     0.000602737     0.000998296     0.00117308     0.00087608
395     0.00184498     0.000590059     0.000590072     0.000590059     0.00100345     0.00118637     0.000875626
397     0.00197572     0.000642424     0.00064244     0.000642424     0.00103883     0.00121439     0.000916147
399     0.00201931     0.000667569     0.000667586     0.000667569     0.0010412     0.00120684     0.000925463
401     0.00226627     0.000761782     0.000761803     0.000761782     0.00116051     0.0013375     0.00103686
403     0.00217911     0.000744402     0.000744423     0.000744402     0.00114667     0.00132545     0.00102181
405     0.00208226     0.000722957     0.000722977     0.000722957     0.00114757     0.00133648     0.00101563
407     0.00230985     0.000814616     0.000814641     0.000814616     0.00123457     0.00142166     0.00110396
409     0.00216458     0.000775354     0.000775377     0.000775354     0.00120525     0.00139693     0.00107143
411     0.00225659     0.000820644     0.00082067     0.000820644     0.00124642     0.00143646     0.00111378
413     0.00250355     0.000924462     0.000924492     0.000924462     0.00134065     0.00152656     0.00121091
415     0.00252777     0.000947192     0.000947224     0.000947192     0.00138185     0.00157612     0.00124626
417     0.00251324     0.000955692     0.000955727     0.000955692     0.00140086     0.00159996     0.0012619
419     0.00267304     0.00103082     0.00103086     0.00103082     0.00146556     0.00166015     0.00132973
421     0.00235828     0.000922095     0.00092213     0.000922095     0.00136364     0.00156153     0.00122556
423     0.00244544     0.000969433     0.00096947     0.000969433     0.0014246     0.00162885     0.00128211
425     0.00251808     0.00101149     0.00101153     0.00101149     0.00147985     0.00169034     0.00133308
427     0.0027941     0.00113724     0.00113729     0.00113724     0.00159109     0.00179532     0.00144874
429     0.00292485     0.00120658     0.00120663     0.00120658     0.00167057     0.00187954     0.0015249
431     0.00270694     0.00113122     0.00113127     0.00113122     0.00159583     0.00180524     0.00144989
433     0.00283284     0.00119955     0.00119961     0.00119955     0.00169152     0.00191331     0.00153691
435     0.00293453     0.0012587     0.00125876     0.0012587     0.00178928     0.00202855     0.00162246
437     0.00288127     0.00125212     0.00125218     0.00125212     0.00175089     0.00197594     0.001594
439     0.00279894     0.00123165     0.00123171     0.00123165     0.00175661     0.00199364     0.00159136
441     0.00287158     0.00127954     0.00127961     0.00127954     0.00176402     0.00198309     0.00161135
443     0.00294906     0.00133047     0.00133054     0.00133047     0.00182866     0.00205434     0.00167147
445     0.00296843     0.00135464     0.00135472     0.00135464     0.00190012     0.00214772     0.00172775
447     0.00324445     0.00149893     0.00149902     0.00149893     0.00203874     0.00228426     0.00186788
449     0.00332677     0.00155467     0.00155476     0.00155467     0.00208053     0.00232013     0.00191386
451     0.00342362     0.00161833     0.00161844     0.00161833     0.00218235     0.00243974     0.00200338
453     0.00347205     0.00165999     0.0016601     0.00165999     0.0022387     0.00250306     0.00205493
455     0.00342362     0.00165509     0.0016552     0.00165509     0.00223154     0.00249501     0.00204838
457     0.00347205     0.00169697     0.00169709     0.00169697     0.00231058     0.00259108     0.00211556
459     0.0038207     0.0018883     0.00188844     0.0018883     0.00254124     0.00283969     0.00233369
461     0.00339457     0.00169621     0.00169635     0.00169621     0.00225154     0.00250525     0.00207507
463     0.0037287     0.00188386     0.00188401     0.00188386     0.00252332     0.00281518     0.00232017
465     0.0036609     0.00187059     0.00187075     0.00187059     0.00247861     0.00275591     0.00228553
467     0.00401924     0.0020752     0.00207538     0.0020752     0.00275235     0.00306088     0.00253742
469     0.00425652     0.00222204     0.00222224     0.00222204     0.00290052     0.00320948     0.00268523
471     0.00446959     0.00235772     0.00235795     0.00235772     0.00307169     0.00339666     0.00284517
473     0.00427105     0.00227633     0.00227655     0.00227633     0.00294407     0.003248     0.00273222
475     0.00437759     0.00235755     0.00235779     0.00235755     0.00310057     0.00343887     0.00286476
477     0.00436306     0.00237396     0.00237421     0.00237396     0.0031047     0.00343758     0.00287265
479     0.0044357     0.00243787     0.00243814     0.00243787     0.00312323     0.00343574     0.00290544
481     0.00479404     0.00266224     0.00266256     0.00266224     0.00342376     0.00377145     0.00318156
483     0.00492963     0.00276553     0.00276585     0.00276553     0.00355906     0.00392181     0.00330638
485     0.00472624     0.00267959     0.00267994     0.00267959     0.00348501     0.00385374     0.00322828
487     0.0048812     0.00279511     0.00279548     0.00279511     0.00364184     0.00403     0.00337166
489     0.00516207     0.00298655     0.00298696     0.00298655     0.00380784     0.00418473     0.00354555
491     0.00521533     0.0030474     0.00304785     0.0030474     0.00389206     0.00427996     0.00362215
493     0.00521049     0.00307518     0.00307563     0.00307518     0.00388862     0.00426237     0.00362862
495     0.00586906     0.0034987     0.00349928     0.0034987     0.00446933     0.00491531     0.00415904
497     0.00565115     0.00340224     0.00340281     0.00340224     0.00440609     0.00486727     0.00408513
499     0.00552525     0.00335978     0.00336037     0.00335978     0.00426489     0.00468075     0.00397546
501     0.00604339     0.0037114     0.0037121     0.0037114     0.00466652     0.00510559     0.00436101
503     0.0062613     0.00388412     0.00388485     0.00388412     0.00489664     0.00536222     0.00457258
505     0.00671165     0.00420579     0.00420668     0.00420579     0.00525293     0.00573502     0.0049176
507     0.00626615     0.00396701     0.00396786     0.00396701     0.00504604     0.00554322     0.00470025
509     0.00676008     0.00432294     0.00432392     0.00432294     0.00537351     0.00585821     0.0050365
511     0.00717653     0.00463805     0.00463919     0.00463805     0.00578908     0.00632084     0.00541941
513     0.00746708     0.00487756     0.00487874     0.00487756     0.00605486     0.0065998     0.00567638
515     0.0069683     0.0045996     0.00460088     0.0045996     0.0057734     0.00631754     0.00539556
517     0.00759298     0.0050664     0.00506781     0.0050664     0.00627565     0.00683713     0.00588595
519     0.00798038     0.00538263     0.00538424     0.00538263     0.00670741     0.0073235     0.00628006
521     0.00795617     0.00542607     0.0054278     0.00542607     0.00669363     0.00728391     0.00628438
523     0.00789321     0.0054424     0.00544414     0.0054424     0.00663441     0.00718998     0.00624928
525     0.00830967     0.00579232     0.00579446     0.00579232     0.00708479     0.00768785     0.00666703
527     0.00844041     0.00595135     0.00595353     0.00595135     0.00732118     0.0079604     0.00687823
529     0.00881328     0.00628617     0.00628869     0.00628617     0.00767252     0.00831971     0.00722416
531     0.00958808     0.00691817     0.0069211     0.00691817     0.00840007     0.00909192     0.00792081
533     0.0096026     0.00701161     0.00701461     0.00701161     0.00851628     0.00921843     0.00802973
535     0.0100626     0.00743708     0.00744074     0.00743708     0.00903283     0.00977773     0.00851697
537     0.0100578     0.00752625     0.00752991     0.00752625     0.00904978     0.00976066     0.00855733
539     0.0104016     0.00788562     0.00788988     0.00788562     0.00947072     0.0102104     0.00895844
541     0.0105033     0.00806977     0.00807433     0.00806977     0.00965787     0.010399     0.00914462
543     0.0110941     0.00864019     0.00864519     0.00864019     0.0103179     0.0111012     0.00977569
545     0.0116461     0.00920201     0.00920807     0.00920201     0.0109147     0.0117154     0.010361
547     0.0120045     0.00962509     0.00963134     0.00962509     0.0113789     0.012199     0.0108118
549     0.0119076     0.00969754     0.00970466     0.00969754     0.0114122     0.0122151     0.0108575
551     0.0121255     0.0100318     0.0100394     0.0100318     0.0117821     0.0126024     0.0112157
553     0.0125807     0.0105851     0.0105934     0.0105851     0.0124213     0.0132825     0.0118269
555     0.0132587     0.0113459     0.0113558     0.0113459     0.0132411     0.0141317     0.0126273
557     0.0129826     0.0113075     0.0113172     0.0113075     0.0131225     0.0139761     0.0125344
559     0.0136315     0.0120864     0.0120983     0.0120864     0.0139367     0.0148094     0.0133368
561     0.0137429     0.0124076     0.0124199     0.0124076     0.0142598     0.0151345     0.0136588
563     0.014387     0.0132263     0.01324     0.0132263     0.0151051     0.0159948     0.014495
565     0.0142562     0.0133552     0.0133704     0.0133552     0.0151714     0.0160341     0.014581
567     0.0149729     0.0143038     0.0143197     0.0143038     0.0161834     0.0170775     0.015572
569     0.0149245     0.0145458     0.0145642     0.0145458     0.0163592     0.0172255     0.0157689
571     0.014939     0.01488     0.0148987     0.01488     0.0166441     0.0174882     0.0160697
573     0.0156751     0.0159664     0.0159875     0.0159664     0.017766     0.0186291     0.0171797
575     0.0160963     0.0167766     0.0168001     0.0167766     0.0185482     0.0194008     0.017971
577     0.0161448     0.0172266     0.0172502     0.0172266     0.0189387     0.0197633     0.0183807
579     0.0164983     0.018027     0.0180545     0.018027     0.0197326     0.0205584     0.0191767
581     0.0161109     0.0180223     0.0180492     0.0180223     0.019599     0.0203639     0.019085
583     0.016353     0.0187305     0.0187595     0.0187305     0.0202414     0.0209778     0.0197487
585     0.0168179     0.0197223     0.0197538     0.0197223     0.02121     0.0219383     0.0207247
587     0.0164256     0.0197287     0.0197595     0.0197287     0.0210647     0.0217217     0.0206286
589     0.0164256     0.0202103     0.0202438     0.0202103     0.0214563     0.022074     0.0210494
591     0.0163433     0.0206041     0.0206374     0.0206041     0.0217477     0.0223175     0.021374
593     0.0161932     0.0209265     0.0209606     0.0209265     0.0219477     0.0224611     0.0216138
595     0.0163385     0.02163     0.0216652     0.02163     0.0225518     0.02302     0.0222503
597     0.0157767     0.021381     0.021415     0.021381     0.0221555     0.0225536     0.0219019
599     0.0151956     0.0210567     0.0210899     0.0210567     0.0216776     0.022003     0.0214742
601     0.0150407     0.0212764     0.0213094     0.0212764     0.0217709     0.0220368     0.0216088
603     0.0152247     0.0219451     0.0219779     0.0219451     0.0223174     0.0225257     0.0221952
605     0.0146727     0.0215231     0.0215545     0.0215231     0.0217413     0.0218756     0.0216696
607     0.0146049     0.0217746     0.0218054     0.0217746     0.0218654     0.0219391     0.0218356
609     0.0145274     0.0219902     0.0220193     0.0219902     0.0219381     0.0219844     0.0219135
611     0.0141981     0.0218057     0.0218342     0.0218057     0.0216149     0.0217062     0.0215247
613     0.0137235     0.0213754     0.021401     0.0213754     0.0210623     0.0211909     0.0209141
615     0.0139657     0.0220411     0.0220665     0.0220411     0.0215839     0.0217598     0.0213674
617     0.0127793     0.0204156     0.020438     0.0204156     0.0198684     0.020071     0.0196094
619     0.0118979     0.01922     0.0192391     0.01922     0.0185837     0.0188124     0.0182825
621     0.0122272     0.0199487     0.0199683     0.0199487     0.0191807     0.0194533     0.0188169
623     0.0116219     0.0191298     0.0191462     0.0191298     0.0182747     0.0185729     0.0178695
625     0.0115638     0.0191797     0.0191955     0.0191797     0.018204     0.0185415     0.0177414
627     0.0110989     0.0185307     0.0185449     0.0185307     0.0174909     0.0178482     0.0169979
629     0.010513     0.0176512     0.0176632     0.0176512     0.0165497     0.0169253     0.0160272
631     0.0107648     0.0181605     0.0181728     0.0181605     0.0169347     0.0173518     0.0163528
633     0.0101885     0.017259     0.0172688     0.017259     0.0160066     0.0164301     0.0154117
635     0.00937017     0.0159286     0.0159374     0.0159286     0.0146777     0.0150999     0.0140832
637     0.00876486     0.0149457     0.0149533     0.0149457     0.0136881     0.0141115     0.01309
639     0.00891013     0.0152385     0.0152452     0.0152385     0.0138888     0.0143422     0.0132465
641     0.00856147     0.0146843     0.0146908     0.0146843     0.0133093     0.0137711     0.0126544
643     0.00815471     0.014026     0.014031     0.014026     0.0126391     0.0131036     0.0119781
645     0.00809176     0.0139559     0.0139609     0.0139559     0.0125172     0.0129992     0.0118308
647     0.00757361     0.0130964     0.0131006     0.0130964     0.01167     0.0121475     0.0109891
649     0.00743802     0.0128933     0.0128969     0.0128933     0.0114313     0.0119203     0.010733
651     0.00737507     0.0128112     0.0128147     0.0128112     0.0113055     0.011809     0.010586
653     0.00691504     0.0120336     0.0120363     0.0120336     0.0105405     0.0110391     0.009827
655     0.00656154     0.0114367     0.0114393     0.0114367     0.0099788     0.0104656     0.00928202
657     0.00668744     0.0116727     0.011675     0.0116727     0.0101433     0.0106537     0.00941229
659     0.00630489     0.0110192     0.0110212     0.0110192     0.00950005     0.0100068     0.0087739
661     0.00546714     0.00956658     0.00956823     0.00956658     0.00821388     0.00866522     0.00756688
663     0.00590296     0.0103413     0.0103427     0.0103413     0.00884351     0.00934323     0.00812656
665     0.00527828     0.00925749     0.00925881     0.00925749     0.00786464     0.00832968     0.00719726
667     0.00522017     0.00916586     0.00916697     0.00916586     0.00775156     0.00822391     0.00707313
669     0.00517659     0.00909977     0.00910079     0.00909977     0.00762558     0.0081182     0.00691782
671     0.00503616     0.0088629     0.00886384     0.0088629     0.00741517     0.0078992     0.00671958
673     0.00458097     0.00807097     0.00807169     0.00807097     0.00674003     0.00718505     0.00610014
675     0.00443085     0.00781532     0.00781601     0.00781532     0.00646979     0.00691983     0.00582266
677     0.00413546     0.00730223     0.00730278     0.00730223     0.00603586     0.00645943     0.00542663
679     0.00447928     0.00791768     0.00791824     0.00791768     0.00651901     0.00698698     0.00584608
681     0.00414031     0.00732558     0.00732606     0.00732558     0.0060128     0.00645204     0.00538097
683     0.00390787     0.0069211     0.00692149     0.0069211     0.00564035     0.00606896     0.0050238
685     0.00393692     0.0069796     0.00697999     0.0069796     0.00565383     0.00609761     0.00501534
687     0.00375775     0.00667011     0.00667041     0.00667011     0.00541274     0.00583378     0.00480702
689     0.00367543     0.00653348     0.00653377     0.00653348     0.00526881     0.00569251     0.00465914
691     0.00324445     0.00577839     0.00577862     0.00577839     0.00464229     0.00502313     0.00409412
693     0.0033413     0.0059638     0.005964     0.0059638     0.00476057     0.0051642     0.00417944
695     0.00319118     0.00570978     0.00570998     0.00570978     0.00450273     0.00490795     0.0039191
697     0.00322508     0.0057855     0.00578566     0.0057855     0.00457846     0.00498401     0.00399421
699     0.00288127     0.00518139     0.00518153     0.00518139     0.00408221     0.00445176     0.00354955
701     0.0029878     0.00538544     0.00538557     0.00538544     0.00422105     0.00461276     0.00365628
703     0.00276989     0.00500414     0.00500425     0.00500414     0.00387461     0.00425477     0.00332644
705     0.00283284     0.00512927     0.00512937     0.00512927     0.00401593     0.00439084     0.00347533
707     0.00267788     0.00486039     0.00486047     0.00486039     0.00375325     0.00412619     0.00321553
709     0.00255198     0.00464433     0.00464441     0.00464433     0.00359153     0.00394631     0.00307997
711     0.00256166     0.00467636     0.00467642     0.00467636     0.00359051     0.00395651     0.00306267
713     0.00242607     0.00444435     0.00444441     0.00444435     0.00342665     0.00376981     0.00293176
715     0.00217427     0.00399729     0.00399734     0.00399729     0.00306688     0.00338073     0.00261428
717     0.00226143     0.00417273     0.00417277     0.00417273     0.00316491     0.00350503     0.00267432
719     0.002121     0.00392698     0.00392702     0.00392698     0.00298046     0.00330006     0.00251946
721     0.002121     0.00393871     0.00393874     0.00393871     0.00298413     0.00330669     0.00251869
723     0.00182077     0.00339027     0.00339029     0.00339027     0.00253979     0.00282743     0.00212473
725     0.00204836     0.00382336     0.00382338     0.00382336     0.00287242     0.00319429     0.00240777
727     0.00195635     0.00366054     0.00366056     0.00366054     0.0027489     0.00305774     0.00230294
729     0.00182561     0.00342436     0.00342438     0.00342436     0.00255378     0.0028489     0.00212752
731     0.00188856     0.00355186     0.00355188     0.00355186     0.00265384     0.00295846     0.00221371
733     0.00197088     0.00371765     0.00371767     0.00371765     0.00275487     0.00308162     0.00228285
735     0.00169486     0.00320771     0.00320772     0.00320771     0.00238744     0.00266593     0.00198511
737     0.00163191     0.0031     0.00310001     0.0031     0.00230324     0.00257385     0.00191219
739     0.00164644     0.00313939     0.00313939     0.00313939     0.00230746     0.00259016     0.00189899
741     0.00145758     0.00279052     0.00279052     0.00279052     0.00204557     0.00229887     0.00167954
743     0.00161738     0.00311018     0.00311018     0.00311018     0.00227211     0.00255726     0.00185985
745     0.0015738     0.00303886     0.00303886     0.00303886     0.00225483     0.00252183     0.00186882
747     0.001414     0.00274258     0.00274258     0.00274258     0.00197568     0.00223704     0.00159769
749     0.00154959     0.00301744     0.00301744     0.00301744     0.00217487     0.00246221     0.00175922
751     0.00143337     0.00280172     0.00280172     0.00280172     0.00197662     0.00225818     0.00156929
753     0.00131231     0.0025737     0.0025737     0.0025737     0.00186823     0.00210906     0.00151975
755     0.00130262     0.00256312     0.00256312     0.00256312     0.00184399     0.00208957     0.00148855
757     0.00123483     0.00243741     0.00243742     0.00243741     0.00169505     0.0019487     0.00132803
759     0.00137042     0.00271355     0.00271355     0.00271355     0.00193524     0.00220127     0.00155021
761     0.00124451     0.00247269     0.0024727     0.00247269     0.00174768     0.00199562     0.00138883
763     0.00116703     0.00232705     0.00232706     0.00232705     0.00164975     0.00188152     0.00131421
765     0.00126873     0.0025396     0.0025396     0.0025396     0.00178857     0.00204576     0.00141622
767     0.00116219     0.00233599     0.00233599     0.00233599     0.00164819     0.00188391     0.00130687
769     0.00116703     0.00235591     0.00235591     0.00235591     0.00162679     0.00187683     0.00126455
771     0.000987862     0.00200315     0.00200315     0.00200315     0.00139463     0.00160344     0.00109205
773     0.00103144     0.00210135     0.00210135     0.00210135     0.00147381     0.00168928     0.00116154
775     0.00100239     0.00205224     0.00205224     0.00205224     0.00141574     0.00163443     0.00109879
777     0.00104113     0.00214104     0.00214104     0.00214104     0.00150356     0.00172272     0.00118584
779     0.000953965     0.00197041     0.00197042     0.00197041     0.0013371     0.00155499     0.00102121
781     0.00103144     0.00213911     0.00213911     0.00213911     0.00147143     0.00170132     0.00113809
783     0.000842588     0.00175438     0.00175438     0.00175438     0.00120834     0.00139651     0.000935389
785     0.000968493     0.00202393     0.00202393     0.00202393     0.00140097     0.00161584     0.00108919
787     0.000832904     0.00174661     0.00174662     0.00174661     0.00119946     0.00138835     0.000925316
789     0.000832904     0.00175314     0.00175315     0.00175314     0.0011985     0.00139011     0.000920338
791     0.000900698     0.00190294     0.00190295     0.00190294     0.00131161     0.00151602     0.00101468
793     0.000871643     0.00184889     0.00184889     0.00184889     0.00125215     0.00145856     0.000952305
795     0.000828061     0.0017637     0.0017637     0.0017637     0.00117398     0.00137807     0.000877429
797     0.000711842     0.00152302     0.00152302     0.00152302     0.00101896     0.00119351     0.000765405
799     0.000803849     0.00172761     0.00172762     0.00172761     0.00114502     0.00134687     0.000851769
801     0.000799006     0.00172475     0.00172476     0.00172475     0.00117614     0.00136631     0.000899739
803     0.000707     0.00153326     0.00153327     0.00153326     0.00103644     0.00120878     0.000785965
805     0.000702157     0.00153024     0.00153025     0.00153024     0.00100107     0.00118475     0.000734036
807     0.00064889     0.00142093     0.00142093     0.00142093     0.00092779     0.0010991     0.000678696
809     0.000711842     0.00156591     0.00156591     0.00156591     0.00105072     0.00122983     0.000790151
811     0.000697315     0.00154118     0.00154119     0.00154118     0.00100947     0.0011945     0.000740264
813     0.000663417     0.00147313     0.00147314     0.00147313     0.000990431     0.00115855     0.000745713
815     0.000682787     0.00152295     0.00152296     0.00152295     0.00100298     0.00118424     0.000739085
817     0.000552041     0.00123695     0.00123695     0.00123695     0.000827477     0.0009703     0.000619461
819     0.000619835     0.00139514     0.00139514     0.00139514     0.000934237     0.00109506     0.000699991
821     0.000513301     0.00116005     0.00116005     0.00116005     0.000774662     0.000909149     0.000578809
823     0.000634363     0.00143984     0.00143985     0.00143984     0.000918027     0.0011001     0.000652889
825     0.000571411     0.00130263     0.00130264     0.00130263     0.000837218     0.000999613     0.000600859
827     0.000542356     0.00124151     0.00124152     0.00124151     0.000783792     0.000943522     0.000551295
829     0.000493931     0.00113567     0.00113568     0.00113567     0.000705117     0.000855457     0.000486211
831     0.000537513     0.00124177     0.00124177     0.00124177     0.000806563     0.000958731     0.000584885
833     0.000605308     0.00140505     0.00140505     0.00140505     0.000916827     0.00108786     0.000667418
835     0.000479404     0.0011179     0.0011179     0.0011179     0.000729048     0.000865581     0.000529767
837     0.000426137     0.000998704     0.000998708     0.000998704     0.000634549     0.000762672     0.00044735
839     0.000639205     0.00150481     0.00150481     0.00150481     0.00098249     0.00116655     0.000713364
841     0.000508459     0.00120269     0.00120269     0.00120269     0.000767459     0.000920936     0.000542956
843     0.000547198     0.00129996     0.00129996     0.00129996     0.000848452     0.00100767     0.000615552
845     0.000489089     0.00116671     0.00116672     0.00116671     0.00074505     0.000893689     0.000527776
847     0.000387397     0.000928407     0.00092841     0.000928407     0.000590231     0.00070937     0.000416137
849     0.000411609     0.000990914     0.000990917     0.000990914     0.000616857     0.000748606     0.000424438
851     0.000397082     0.000960353     0.000960356     0.000960353     0.000589262     0.000719996     0.000398296
853     0.000401924     0.000976874     0.000976877     0.000976874     0.00059627     0.000730468     0.000400153
855     0.000338972     0.000827955     0.000827957     0.000827955     0.000526169     0.000632715     0.000370365
857     0.000368027     0.000903158     0.000903161     0.000903158     0.000549108     0.000674298     0.000365926
859     0.000397082     0.000979204     0.000979205     0.000979204     0.00059143     0.000728753     0.000390367
861     0.000358342     0.000887846     0.000887846     0.000887846     0.000530135     0.000656976     0.000344261
863     0.000309918     0.0007718     0.0007718     0.0007718     0.000477413     0.000581922     0.0003242
865     0.000401924     0.00100523     0.00100523     0.00100523     0.000614469     0.000753338     0.000410788
867     0.000338972     0.000851855     0.000851855     0.000851855     0.000539635     0.000650682     0.000376684
869     0.000397082     0.00100233     0.00100233     0.00100233     0.000628481     0.00076157     0.000433132
871     0.000421294     0.00106777     0.00106777     0.00106777     0.000663414     0.000807501     0.000451864
873     0.000300233     0.000764353     0.000764353     0.000764353     0.000469997     0.000574984     0.000315812
875     0.000300233     0.00076789     0.00076789     0.00076789     0.000446483     0.00056121     0.000277915
877     0.000426137     0.00109476     0.00109476     0.00109476     0.00067394     0.000824276     0.000452982
879     0.000377712     0.0009744     0.0009744     0.0009744     0.000606633     0.000738092     0.000413357
881     0.000319603     0.0008282     0.0008282     0.0008282     0.000478865     0.000603793     0.000295233
883     0.00027602     0.00071856     0.00071856     0.00071856     0.00043983     0.000539531     0.000293259
885     0.000251808     0.00065846     0.00065846     0.00065846     0.000390283     0.000486232     0.000249229
887     0.00033413     0.000878024     0.000878024     0.000878024     0.000545084     0.000664258     0.000369838
889     0.00029539     0.000779947     0.000779947     0.000779947     0.000462549     0.000576251     0.000295295
891     0.000261493     0.000693721     0.000693721     0.000693721     0.000421885     0.0005194     0.000278349
893     0.00029539     0.000787584     0.000787584     0.000787584     0.000485217     0.000593883     0.000325142
895     0.000290548     0.000778582     0.000778582     0.000778582     0.00044922     0.000567817     0.000274286
897     0.000300233     0.000808645     0.000808645     0.000808645     0.000482844     0.000600372     0.000309333
899     0.000271178     0.000733977     0.000733977     0.000733977     0.000442135     0.00054758     0.000286363
901     0.000232438     0.000631938     0.000631938     0.000631938     0.000374717     0.000467727     0.00023724
903     0.000285705     0.000780735     0.000780735     0.000780735     0.000475405     0.000585847     0.000312167
905     0.000338972     0.000930611     0.000930611     0.000930611     0.000575142     0.000703721     0.000385121
907     0.000261493     0.000720934     0.000720934     0.000720934     0.000437287     0.000539875     0.000285741
909     0.000266335     0.00073783     0.00073783     0.00073783     0.000452599     0.000555772     0.000300215
911     0.000232438     0.000647325     0.000647325     0.000647325     0.000401644     0.000490551     0.000270315
913     0.000246966     0.000691171     0.000691171     0.000691171     0.00042743     0.000522958     0.000286266
915     0.000227596     0.000639641     0.000639641     0.000639641     0.000350385     0.000455284     0.000195248
917     0.000217911     0.00061566     0.00061566     0.00061566     0.000342374     0.000441626     0.000195506
919     0.000256651     0.000728777     0.000728777     0.000728777     0.000439255     0.000544544     0.00028332
921     0.00029539     0.000842902     0.000842902     0.000842902     0.000506139     0.000628758     0.000324416
923     0.000280863     0.000804956     0.000804956     0.000804956     0.00047897     0.000597796     0.000302803
925     0.000256651     0.000739099     0.000739099     0.000739099     0.000455954     0.000559267     0.000302719
927     0.000227596     0.000658557     0.000658557     0.000658557     0.000377743     0.000480296     0.000225597
929     0.000179171     0.000520796     0.000520796     0.000520796     0.000269573     0.00036139     0.000133297
931     0.000184014     0.000537476     0.000537476     0.000537476     0.000315548     0.00039673     0.000194999
933     0.000280863     0.000824379     0.000824379     0.000824379     0.000465182     0.000596679     0.000269862
935     0.000193699     0.000571035     0.000571035     0.000571035     0.000310826     0.000406158     0.000169147
937     0.000256651     0.000760566     0.000760566     0.000760566     0.000430862     0.000551747     0.000251131
939     0.000213068     0.000634314     0.000634314     0.000634314     0.000353918     0.000456803     0.000200938
941     0.000237281     0.000709818     0.000709818     0.000709818     0.0004156     0.000523616     0.000254983
943     0.000266335     0.000800696     0.000800696     0.000800696     0.000473693     0.000593798     0.000295058
945     0.000140431     0.000423984     0.000423984     0.000423984     0.000249175     0.000313408     0.000153626
947     0.000213068     0.000646133     0.000646133     0.000646133     0.000363292     0.000467278     0.000208582
949     0.000169486     0.000516401     0.000516401     0.000516401     0.000296143     0.000377182     0.000175551
951     0.000184014     0.00056353     0.00056353     0.00056353     0.000325218     0.000412985     0.000194529
953     0.000193699     0.000596061     0.000596061     0.000596061     0.000341773     0.000435536     0.000202052
955     0.000174329     0.000538996     0.000538996     0.000538996     0.00029892     0.000387576     0.00016673
957     0.000179171     0.000556537     0.000556537     0.000556537     0.000297194     0.00039311     0.000154064
959     0.000203383     0.000634843     0.000634843     0.000634843     0.000371548     0.000469071     0.000225901
961     0.000208226     0.000653307     0.000653307     0.000653307     0.000407501     0.000498674     0.000271223
963     0.000174329     0.000549756     0.000549756     0.000549756     0.000305391     0.000396145     0.000169645
965     0.000154959     0.000491161     0.000491161     0.000491161     0.000282073     0.000359816     0.000165701
967     0.000145274     0.000462644     0.000462644     0.000462644     0.000273497     0.000343908     0.000168059
969     0.000150116     0.000480198     0.000480198     0.000480198     0.000266913     0.000346393     0.000147828
971     0.000184014     0.00059166     0.00059166     0.00059166     0.000333937     0.000430078     0.000189806
973     0.000125904     0.000406469     0.000406469     0.000406469     0.000208263     0.000282272     9.72554e-05
975     0.000184014     0.000597085     0.000597085     0.000597085     0.000337484     0.00043452     0.000191891
977     0.000164644     0.000536617     0.000536617     0.000536617     0.000307675     0.000393331     0.00017909
979     0.000106534     0.000348985     0.000348985     0.000348985     0.000202779     0.000257526     0.000120539
981     0.000121062     0.000398636     0.000398636     0.000398636     0.000220968     0.000287559     0.00012092
983     0.000154959     0.000512684     0.000512684     0.000512684     0.00028159     0.000368277     0.000151277
985     0.000121062     0.000402446     0.000402446     0.000402446     0.000231287     0.000295546     0.00013466
987     0.000150116     0.000501346     0.000501346     0.000501346     0.000266566     0.000354774     0.000133874
989     0.000130746     0.000438622     0.000438622     0.000438622     0.000241084     0.000315361     0.000129323
991     0.000179171     0.000604073     0.000604073     0.000604073     0.000357965     0.000450572     0.000218586
993     0.000174329     0.000590643     0.000590643     0.000590643     0.000323528     0.000424102     0.000172109
995     0.000111377     0.000379332     0.000379332     0.000379332     0.000202753     0.00026928     0.000102561
997     0.000140431     0.00048053     0.00048053     0.00048053     0.000262073     0.000344428     0.00013803
999     0.000193699     0.000665979     0.000665979     0.000665979     0.000372976     0.000483434     0.000206604
