1     0     0     0     0
3     0     0     0     0
5     0     0     0     0
7     0     0     0     0
9     0     0     0     0
11     0     0     0     0
13     0     0     0     0
15     0     0     0     0
17     0     0     0     0
19     0     0     0     0
21     0     0     0     0
23     0     0     0     0
25     0     0     0     0
27     0     0     0     0
29     0     0     0     0
31     0     0     0     0
33     0     0     0     0
35     0     0     0     0
37     0     0     0     0
39     0     0     0     0
41     0     0     0     0
43     0     0     0     0
45     0     0     0     0
47     0     0     0     0
49     0     0     0     0
51     0     0     0     0
53     0     0     0     0
55     0     0     0     0
57     0     0     0     0
59     0     0     0     0
61     0     0     0     0
63     0     0     0     0
65     0     0     0     0
67     0     0     0     0
69     0     0     0     0
71     0     0     0     0
73     0     0     0     0
75     0     0     0     0
77     0     0     0     0
79     0     0     0     0
81     0     0     0     0
83     0     0     0     0
85     0     0     0     0
87     0     0     0     0
89     0     0     0     0
91     0     0     0     0
93     0     0     0     0
95     0     0     0     0
97     0     0     0     0
99     0     0     0     0
101     0     0     0     0
103     0     0     0     0
105     0     0     0     0
107     0     0     0     0
109     0.000507968     1.14062e-08     1.14059e-08     1.14057e-08
111     0.000719621     1.70426e-08     1.70422e-08     1.70418e-08
113     0.000740786     1.85102e-08     1.85097e-08     1.85093e-08
115     0.00107943     2.86003e-08     2.85995e-08     2.85989e-08
117     0.000592629     1.66671e-08     1.66667e-08     1.66663e-08
119     0.000846613     2.53154e-08     2.53148e-08     2.53142e-08
121     0.000804282     2.5935e-08     2.59343e-08     2.59338e-08
123     0.000423306     1.46421e-08     1.46417e-08     1.46414e-08
125     0.000867778     3.26111e-08     3.26102e-08     3.26096e-08
127     0.000825448     3.38015e-08     3.38006e-08     3.37999e-08
129     0.00105827     4.75569e-08     4.75556e-08     4.75547e-08
131     0.000910109     4.50744e-08     4.50733e-08     4.50724e-08
133     0.000698456     3.83681e-08     3.83672e-08     3.83664e-08
135     0.00105827     6.57081e-08     6.57064e-08     6.57051e-08
137     0.000931274     6.45357e-08     6.4534e-08     6.45327e-08
139     0.00095244     7.574e-08     7.57381e-08     7.57365e-08
141     0.00114293     1.0427e-07     1.04267e-07     1.04265e-07
143     0.00099477     1.05632e-07     1.05629e-07     1.05627e-07
145     0.00105827     1.29999e-07     1.29995e-07     1.29993e-07
147     0.0010371     1.49871e-07     1.49867e-07     1.49864e-07
149     0.000973605     1.70771e-07     1.70767e-07     1.70764e-07
151     0.00105827     2.28905e-07     2.28899e-07     2.28895e-07
153     0.00114293     3.13306e-07     3.13298e-07     3.13291e-07
155     0.00143924     4.95665e-07     4.95652e-07     4.95642e-07
157     0.0010371     5.01544e-07     5.01531e-07     5.01521e-07
159     0.0010371     7.83864e-07     7.83844e-07     7.83828e-07
161     0.00133342     1.73901e-06     1.73896e-06     1.73893e-06
163     0.00141808     3.03064e-06     3.03056e-06     3.0305e-06
165     0.00131225     3.92929e-06     3.92919e-06     3.92911e-06
167     0.00122759     4.64979e-06     4.64967e-06     4.64957e-06
169     0.00135458     6.09504e-06     6.09488e-06     6.09476e-06
171     0.00146041     7.48098e-06     7.48078e-06     7.48063e-06
173     0.00148157     8.65915e-06     8.65893e-06     8.65875e-06
175     0.00148157     9.61153e-06     9.61128e-06     9.61108e-06
177     0.0015239     1.10053e-05     1.1005e-05     1.10048e-05
179     0.00173556     1.39945e-05     1.39941e-05     1.39939e-05
181     0.0015874     1.42024e-05     1.42021e-05     1.42018e-05
183     0.00179905     1.8356e-05     1.83555e-05     1.83552e-05
185     0.00126992     1.45143e-05     1.45139e-05     1.45136e-05
187     0.00135458     1.72834e-05     1.72829e-05     1.72826e-05
189     0.00146041     2.05936e-05     2.05931e-05     2.05927e-05
191     0.00173556     2.65957e-05     2.6595e-05     2.65945e-05
193     0.00139691     2.32644e-05     2.32638e-05     2.32634e-05
195     0.0016509     2.97871e-05     2.97863e-05     2.97857e-05
197     0.00150274     2.89422e-05     2.89415e-05     2.89409e-05
199     0.00154507     3.19e-05     3.18992e-05     3.18985e-05
201     0.00198954     4.36913e-05     4.36901e-05     4.36892e-05
203     0.00224352     5.26631e-05     5.26617e-05     5.26607e-05
205     0.00203187     5.06083e-05     5.0607e-05     5.06059e-05
207     0.00182022     4.82194e-05     4.82181e-05     4.82172e-05
209     0.00169323     4.75345e-05     4.75333e-05     4.75323e-05
211     0.00201071     5.9835e-05     5.98335e-05     5.98322e-05
213     0.00230702     7.23639e-05     7.23621e-05     7.23606e-05
215     0.00209537     6.97027e-05     6.97009e-05     6.96995e-05
217     0.00247634     8.67678e-05     8.67656e-05     8.67638e-05
219     0.00234935     8.65154e-05     8.65132e-05     8.65114e-05
221     0.0021377     8.29647e-05     8.29625e-05     8.29608e-05
223     0.00205304     8.37959e-05     8.37937e-05     8.3792e-05
225     0.00184138     7.88736e-05     7.88715e-05     7.88699e-05
227     0.00222236     9.97301e-05     9.97275e-05     9.97254e-05
229     0.00239168     0.000112647     0.000112644     0.000112642
231     0.00273033     0.000134967     0.000134963     0.000134961
233     0.002561     0.000132842     0.000132838     0.000132835
235     0.00220119     0.00011945     0.000119447     0.000119444
237     0.00285732     0.000162196     0.000162192     0.000162189
239     0.00224352     0.00013354     0.000133536     0.000133534
241     0.00283615     0.000176025     0.00017602     0.000176017
243     0.00285732     0.00018513     0.000185126     0.000185122
245     0.00287848     0.000194898     0.000194893     0.000194889
247     0.00264567     0.000186839     0.000186834     0.00018683
249     0.00292081     0.000215202     0.000215196     0.000215192
251     0.00351344     0.000269842     0.000269835     0.00026983
253     0.00347111     0.000277805     0.000277798     0.000277792
255     0.00338645     0.000282455     0.000282448     0.000282442
257     0.00325946     0.000282907     0.000282899     0.000282894
259     0.00355577     0.00032147     0.000321462     0.000321456
261     0.00368277     0.000346523     0.000346514     0.000346507
263     0.0041484     0.000405477     0.000405466     0.000405458
265     0.0037251     0.000378218     0.000378208     0.000378201
267     0.00431773     0.000455328     0.000455316     0.000455307
269     0.00383092     0.000419227     0.000419216     0.000419207
271     0.00383092     0.000435676     0.000435665     0.000435656
273     0.00380976     0.000449587     0.000449575     0.000449566
275     0.00497385     0.000609429     0.000609413     0.000609401
277     0.00402141     0.000511358     0.000511345     0.000511335
279     0.00440239     0.000580545     0.00058053     0.000580518
281     0.00514317     0.000703808     0.00070379     0.000703775
283     0.0047622     0.000674115     0.000674098     0.000674084
285     0.00442355     0.000648704     0.000648687     0.000648674
287     0.00497385     0.000755994     0.000755974     0.000755959
289     0.00577813     0.000908398     0.000908374     0.000908356
291     0.00520667     0.00084677     0.000846748     0.000846731
293     0.00605328     0.00101842     0.00101839     0.00101837
295     0.00558765     0.000971077     0.000971052     0.000971032
297     0.00560881     0.00100738     0.00100735     0.00100733
299     0.00622261     0.00115542     0.00115539     0.00115537
301     0.00696339     0.0013359     0.00133586     0.00133584
303     0.00742903     0.00147189     0.00147185     0.00147182
305     0.0073867     0.00151189     0.00151185     0.00151182
307     0.00692106     0.00146139     0.00146135     0.00146132
309     0.00753486     0.00164342     0.00164338     0.00164335
311     0.00829681     0.00186944     0.00186939     0.00186935
313     0.00821215     0.0019079     0.00190785     0.00190781
315     0.00804282     0.00192549     0.00192544     0.0019254
317     0.0101805     0.00251572     0.00251566     0.00251561
319     0.00950323     0.00241931     0.00241925     0.0024192
321     0.00973605     0.00255469     0.00255463     0.00255457
323     0.0106462     0.0028774     0.00287732     0.00287726
325     0.0103922     0.00289143     0.00289135     0.00289129
327     0.0116198     0.00333062     0.00333053     0.00333047
329     0.0118314     0.00348809     0.003488     0.00348793
331     0.0135246     0.0041039     0.00410379     0.00410371
333     0.0139903     0.0043684     0.00436829     0.0043682
335     0.0142019     0.00456417     0.00456405     0.00456396
337     0.0147946     0.00488776     0.00488763     0.00488753
339     0.0162973     0.00553894     0.00553879     0.00553868
341     0.0175037     0.00612131     0.00612116     0.00612103
343     0.01907     0.00686276     0.00686265     0.00686238
345     0.0193663     0.00718121     0.00718113     0.00718077
347     0.0203187     0.00776807     0.007768     0.00776758
349     0.0215675     0.00851016     0.0085101     0.00850959
351     0.022922     0.00935671     0.00935668     0.00935606
353     0.0252079     0.0106634     0.0106634     0.0106626
355     0.0261603     0.0114817     0.0114818     0.0114808
357     0.0287637     0.013103     0.0131032     0.0131019
359     0.0323618     0.0152989     0.0152991     0.0152975
361     0.0361292     0.0177083     0.0177088     0.0177065
363     0.0395792     0.0201129     0.0201137     0.0201107
365     0.0412301     0.0217025     0.0217036     0.0216998
367     0.0471775     0.0257224     0.0257242     0.0257187
369     0.0514741     0.0290933     0.029096     0.0290885
371     0.0552838     0.0323933     0.0323971     0.0323872
373     0.0639828     0.0389078     0.0389138     0.0388989
375     0.0676655     0.0426996     0.0427082     0.0426879
377     0.0789043     0.0517279     0.0517415     0.0517106
379     0.0891484     0.0607686     0.0607895     0.0607436
381     0.101826     0.0721689     0.072202     0.0721308
383     0.119267     0.0879887     0.088042     0.0879297
385     0.136728     0.105124     0.105208     0.105034
387     0.155015     0.124331     0.124464     0.124192
389     0.173408     0.145285     0.145492     0.145075
391     0.193853     0.169901     0.170215     0.169588
393     0.215336     0.197327     0.197789     0.196874
395     0.235104     0.224956     0.225608     0.224326
397     0.250216     0.249193     0.250023     0.248399
399     0.250809     0.258488     0.259414     0.257606
401     0.249201     0.263772     0.262882     0.264707
403     0.235253     0.253906     0.253121     0.254726
405     0.213241     0.233255     0.232634     0.233897
407     0.194531     0.21487     0.214406     0.215342
409     0.173069     0.192765     0.192445     0.193084
411     0.149639     0.168093     0.167879     0.168301
413     0.129976     0.147452     0.147312     0.147585
415     0.114504     0.131365     0.131273     0.131449
417     0.0981224     0.114046     0.113986     0.114098
419     0.0868837     0.102415     0.102374     0.102449
421     0.0747983     0.0895664     0.0895392     0.0895872
423     0.0630092     0.0767206     0.0767027     0.076733
425     0.0569559     0.0705865     0.0705735     0.0705944
427     0.0509873     0.0643575     0.064348     0.0643623
429     0.0452515     0.0581935     0.0581865     0.0581961
431     0.0410819     0.0538455     0.0538402     0.0538469
433     0.037505     0.050156     0.0501518     0.0501565
435     0.0341185     0.0465354     0.046532     0.0465353
437     0.0300336     0.0418024     0.0417998     0.0418019
439     0.0268376     0.0381219     0.0381197     0.0381212
441     0.024065     0.0348825     0.0348807     0.0348817
443     0.0224352     0.0331888     0.0331873     0.0331879
445     0.0192604     0.0290759     0.0290747     0.029075
447     0.0190276     0.0292979     0.0292967     0.0292969
449     0.0167841     0.0263694     0.0263685     0.0263685
451     0.016382     0.0262518     0.0262509     0.0262508
453     0.0148369     0.0242495     0.0242487     0.0242486
455     0.0129532     0.0215917     0.021591     0.0215908
457     0.0135035     0.0229574     0.0229567     0.0229564
459     0.0123182     0.0213533     0.0213527     0.0213523
461     0.0113446     0.0200603     0.0200598     0.0200594
463     0.0101382     0.0182678     0.0182674     0.018267
465     0.0094609     0.0173857     0.0173853     0.0173849
467     0.00931274     0.0174479     0.0174475     0.0174471
469     0.00857196     0.0163755     0.0163751     0.0163748
471     0.00831797     0.0161944     0.016194     0.0161936
473     0.00833914     0.0165402     0.0165398     0.0165394
475     0.00761952     0.0153974     0.015397     0.0153967
477     0.00740786     0.0152493     0.0152489     0.0152486
479     0.0068999     0.0144742     0.0144738     0.0144735
481     0.00618027     0.013202     0.0132017     0.0132014
483     0.00626494     0.0136346     0.0136342     0.0136339
485     0.00558765     0.0123896     0.0123893     0.012389
487     0.00516434     0.0116625     0.0116622     0.011662
489     0.00522784     0.0120189     0.0120186     0.0120183
491     0.00463521     0.010857     0.0108567     0.0108565
493     0.00480453     0.0114428     0.0114425     0.0114422
495     0.00463521     0.011236     0.0112358     0.0112355
497     0.0042119     0.0103955     0.0103952     0.010395
499     0.0042119     0.0105796     0.0105793     0.0105791
501     0.00406374     0.0103852     0.0103849     0.0103847
503     0.00370393     0.00963084     0.0096306     0.0096304
505     0.00431773     0.0114124     0.0114121     0.0114119
507     0.0031748     0.00854596     0.00854574     0.00854557
509     0.00332296     0.00909837     0.00909814     0.00909795
511     0.00351344     0.00978051     0.00978026     0.00978006
513     0.00304781     0.00863259     0.00863237     0.00863219
515     0.00226469     0.00652548     0.00652531     0.00652518
517     0.00234935     0.00688543     0.00688525     0.00688511
519     0.00273033     0.00813104     0.00813084     0.00813067
521     0.00243401     0.00736806     0.00736787     0.00736772
523     0.00230702     0.00710488     0.0071047     0.00710455
525     0.00241285     0.00754939     0.00754919     0.00754904
527     0.00277266     0.00881818     0.00881795     0.00881777
529     0.00260333     0.00841523     0.00841501     0.00841484
531     0.00222236     0.00728894     0.00728875     0.0072886
533     0.00251867     0.00840174     0.00840152     0.00840135
535     0.0021377     0.00724997     0.00724979     0.00724964
537     0.00201071     0.00692124     0.00692106     0.00692092
539     0.00182022     0.00636428     0.00636411     0.00636398
541     0.00192604     0.0068353     0.00683513     0.00683499
543     0.00186255     0.00671606     0.00671589     0.00671575
545     0.0016509     0.00605206     0.0060519     0.00605178
547     0.00184138     0.00685445     0.00685428     0.00685414
549     0.00133342     0.0050385     0.00503837     0.00503826
551     0.00143924     0.00552337     0.00552323     0.00552311
553     0.00169323     0.0066003     0.00660013     0.0066
555     0.00177789     0.00704533     0.00704515     0.00704501
557     0.00146041     0.0058705     0.00587035     0.00587023
559     0.00118526     0.00483517     0.00483505     0.00483495
561     0.00139691     0.00578327     0.00578312     0.00578301
563     0.00120642     0.00506659     0.00506646     0.00506635
565     0.00131225     0.00558109     0.00558095     0.00558083
567     0.00122759     0.00529233     0.00529219     0.00529208
569     0.00129108     0.00564919     0.00564904     0.00564893
571     0.00101594     0.00451202     0.0045119     0.00451181
573     0.00129108     0.0058156     0.00581545     0.00581533
575     0.00095244     0.00435575     0.00435564     0.00435555
577     0.0010371     0.00481954     0.00481942     0.00481932
579     0.0010371     0.00488668     0.00488655     0.00488645
581     0.00107943     0.00515725     0.00515712     0.00515701
583     0.00101594     0.00491823     0.0049181     0.004918
585     0.00101594     0.00498419     0.00498406     0.00498396
587     0.00099477     0.00495056     0.00495043     0.00495033
589     0.00124875     0.00630968     0.00630952     0.00630939
591     0.000931274     0.00477868     0.00477856     0.00477846
593     0.000783117     0.00408187     0.00408176     0.00408168
595     0.00107943     0.00570549     0.00570534     0.00570522
597     0.000846613     0.00453339     0.00453327     0.00453318
599     0.000761952     0.0041509     0.00415079     0.00415071
601     0.00067729     0.00374431     0.00374421     0.00374414
603     0.00063496     0.00354778     0.00354769     0.00354762
605     0.000761952     0.00431832     0.00431821     0.00431812
607     0.000804282     0.00461241     0.00461229     0.0046122
609     0.000592629     0.00344444     0.00344435     0.00344428
611     0.000740786     0.00436067     0.00436055     0.00436046
613     0.000698456     0.00416704     0.00416693     0.00416684
615     0.000613794     0.00371696     0.00371687     0.00371679
617     0.000550298     0.00337699     0.0033769     0.00337683
619     0.000444472     0.00277065     0.00277058     0.00277053
621     0.000592629     0.00374302     0.00374292     0.00374285
623     0.000550298     0.00352144     0.00352135     0.00352128
625     0.000465637     0.00301859     0.00301851     0.00301845
627     0.000423306     0.00278092     0.00278084     0.00278079
629     0.000592629     0.00393798     0.00393787     0.00393779
631     0.000550298     0.0037027     0.0037026     0.00370253
633     0.000486802     0.00332132     0.00332124     0.00332117
635     0.000507968     0.00350997     0.00350988     0.00350981
637     0.000507968     0.00355464     0.00355454     0.00355447
639     0.000592629     0.00420012     0.00420001     0.00419992
641     0.000529133     0.0038012     0.0038011     0.00380102
643     0.000486802     0.00354588     0.00354579     0.00354571
645     0.000550298     0.00405922     0.00405912     0.00405903
647     0.000592629     0.00443252     0.00443241     0.00443231
649     0.000359811     0.00272936     0.00272929     0.00272924
651     0.000402141     0.00308893     0.00308885     0.00308879
653     0.000486802     0.00378812     0.00378802     0.00378795
655     0.000656125     0.0051797     0.00517957     0.00517946
657     0.000486802     0.00389402     0.00389392     0.00389384
659     0.000296315     0.00240278     0.00240272     0.00240267
661     0.000359811     0.0029458     0.00294572     0.00294566
663     0.000359811     0.00298749     0.00298742     0.00298735
665     0.000275149     0.00231032     0.00231026     0.00231021
667     0.000529133     0.00450247     0.00450236     0.00450226
669     0.000275149     0.00236854     0.00236848     0.00236843
671     0.000444472     0.00387388     0.00387378     0.0038737
673     0.000275149     0.00242526     0.00242519     0.00242514
675     0.000423306     0.00377486     0.00377476     0.00377468
677     0.000359811     0.00324991     0.00324983     0.00324976
679     0.000253984     0.00231996     0.0023199     0.00231985
681     0.000275149     0.00253826     0.00253819     0.00253814
683     0.00031748     0.00297273     0.00297265     0.00297259
685     0.000296315     0.00280287     0.0028028     0.00280274
687     0.000211653     0.00202582     0.00202576     0.00202572
689     0.000296315     0.00287478     0.00287471     0.00287465
691     0.00031748     0.00310906     0.00310898     0.00310892
693     0     0     0     0
695     0     0     0     0
697     0     0     0     0
699     0     0     0     0
701     0     0     0     0
703     0     0     0     0
705     0     0     0     0
707     0     0     0     0
709     0     0     0     0
711     0     0     0     0
713     0     0     0     0
715     0     0     0     0
717     0     0     0     0
719     0     0     0     0
721     0     0     0     0
723     0     0     0     0
725     0     0     0     0
727     0     0     0     0
729     0     0     0     0
731     0     0     0     0
733     0     0     0     0
735     0     0     0     0
737     0     0     0     0
739     0     0     0     0
741     0     0     0     0
743     0     0     0     0
745     0     0     0     0
747     0     0     0     0
749     0     0     0     0
751     0     0     0     0
753     0     0     0     0
755     0     0     0     0
757     0     0     0     0
759     0     0     0     0
761     0     0     0     0
763     0     0     0     0
765     0     0     0     0
767     0     0     0     0
769     0     0     0     0
771     0     0     0     0
773     0     0     0     0
775     0     0     0     0
777     0     0     0     0
779     0     0     0     0
781     0     0     0     0
783     0     0     0     0
785     0     0     0     0
787     0     0     0     0
789     0     0     0     0
791     0     0     0     0
793     0     0     0     0
795     0     0     0     0
797     0     0     0     0
799     0     0     0     0
801     0     0     0     0
803     0     0     0     0
805     0     0     0     0
807     0     0     0     0
809     0     0     0     0
811     0     0     0     0
813     0     0     0     0
815     0     0     0     0
817     0     0     0     0
819     0     0     0     0
821     0     0     0     0
823     0     0     0     0
825     0     0     0     0
827     0     0     0     0
829     0     0     0     0
831     0     0     0     0
833     0     0     0     0
835     0     0     0     0
837     0     0     0     0
839     0     0     0     0
841     0     0     0     0
843     0     0     0     0
845     0     0     0     0
847     0     0     0     0
849     0     0     0     0
851     0     0     0     0
853     0     0     0     0
855     0     0     0     0
857     0     0     0     0
859     0     0     0     0
861     0     0     0     0
863     0     0     0     0
865     0     0     0     0
867     0     0     0     0
869     0     0     0     0
871     0     0     0     0
873     0     0     0     0
875     0     0     0     0
877     0     0     0     0
879     0     0     0     0
881     0     0     0     0
883     0     0     0     0
885     0     0     0     0
887     0     0     0     0
889     0     0     0     0
891     0     0     0     0
893     0     0     0     0
895     0     0     0     0
897     0     0     0     0
899     0     0     0     0
901     0     0     0     0
903     0     0     0     0
905     0     0     0     0
907     0     0     0     0
909     0     0     0     0
911     0     0     0     0
913     0     0     0     0
915     0     0     0     0
917     0     0     0     0
919     0     0     0     0
921     0     0     0     0
923     0     0     0     0
925     0     0     0     0
927     0     0     0     0
929     0     0     0     0
931     0     0     0     0
933     0     0     0     0
935     0     0     0     0
937     0     0     0     0
939     0     0     0     0
941     0     0     0     0
943     0     0     0     0
945     0     0     0     0
947     0     0     0     0
949     0     0     0     0
951     0     0     0     0
953     0     0     0     0
955     0     0     0     0
957     0     0     0     0
959     0     0     0     0
961     0     0     0     0
963     0     0     0     0
965     0     0     0     0
967     0     0     0     0
969     0     0     0     0
971     0     0     0     0
973     0     0     0     0
975     0     0     0     0
977     0     0     0     0
979     0     0     0     0
981     0     0     0     0
983     0     0     0     0
985     0     0     0     0
987     0     0     0     0
989     0     0     0     0
991     0     0     0     0
993     0     0     0     0
995     0     0     0     0
997     0     0     0     0
999     0     0     0     0
1001     0     0     0     0
1003     0     0     0     0
1005     0     0     0     0
1007     0     0     0     0
1009     0     0     0     0
1011     0     0     0     0
1013     0     0     0     0
1015     0     0     0     0
1017     0     0     0     0
1019     0     0     0     0
1021     0     0     0     0
1023     0     0     0     0
1025     0     0     0     0
1027     0     0     0     0
1029     0     0     0     0
1031     0     0     0     0
1033     0     0     0     0
1035     0     0     0     0
1037     0     0     0     0
1039     0     0     0     0
1041     0     0     0     0
1043     0     0     0     0
1045     0     0     0     0
1047     0     0     0     0
1049     0     0     0     0
1051     0     0     0     0
1053     0     0     0     0
1055     0     0     0     0
1057     0     0     0     0
1059     0     0     0     0
1061     0     0     0     0
1063     0     0     0     0
1065     0     0     0     0
1067     0     0     0     0
1069     0     0     0     0
1071     0     0     0     0
1073     0     0     0     0
1075     0     0     0     0
1077     0     0     0     0
1079     0     0     0     0
1081     0     0     0     0
1083     0     0     0     0
1085     0     0     0     0
1087     0     0     0     0
1089     0     0     0     0
1091     0     0     0     0
1093     0     0     0     0
1095     0     0     0     0
1097     0     0     0     0
1099     0     0     0     0
1101     0     0     0     0
1103     0     0     0     0
1105     0     0     0     0
1107     0     0     0     0
1109     0     0     0     0
1111     0     0     0     0
1113     0     0     0     0
1115     0     0     0     0
1117     0     0     0     0
1119     0     0     0     0
1121     0     0     0     0
1123     0     0     0     0
1125     0     0     0     0
1127     0     0     0     0
1129     0     0     0     0
1131     0     0     0     0
1133     0     0     0     0
1135     0     0     0     0
1137     0     0     0     0
1139     0     0     0     0
1141     0     0     0     0
1143     0     0     0     0
1145     0     0     0     0
1147     0     0     0     0
1149     0     0     0     0
1151     0     0     0     0
1153     0     0     0     0
1155     0     0     0     0
1157     0     0     0     0
1159     0     0     0     0
1161     0     0     0     0
1163     0     0     0     0
1165     0     0     0     0
1167     0     0     0     0
1169     0     0     0     0
1171     0     0     0     0
1173     0     0     0     0
1175     0     0     0     0
1177     0     0     0     0
1179     0     0     0     0
1181     0     0     0     0
1183     0     0     0     0
1185     0     0     0     0
1187     0     0     0     0
1189     0     0     0     0
1191     0     0     0     0
1193     0     0     0     0
1195     0     0     0     0
1197     0     0     0     0
1199     0     0     0     0
1201     0     0     0     0
1203     0     0     0     0
1205     0     0     0     0
1207     0     0     0     0
1209     0     0     0     0
1211     0     0     0     0
1213     0     0     0     0
1215     0     0     0     0
1217     0     0     0     0
1219     0     0     0     0
1221     0     0     0     0
1223     0     0     0     0
1225     0     0     0     0
1227     0     0     0     0
1229     0     0     0     0
1231     0     0     0     0
1233     0     0     0     0
1235     0     0     0     0
1237     0     0     0     0
1239     0     0     0     0
1241     0     0     0     0
1243     0     0     0     0
1245     0     0     0     0
1247     0     0     0     0
1249     0     0     0     0
1251     0     0     0     0
1253     0     0     0     0
1255     0     0     0     0
1257     0     0     0     0
1259     0     0     0     0
1261     0     0     0     0
1263     0     0     0     0
1265     0     0     0     0
1267     0     0     0     0
1269     0     0     0     0
1271     0     0     0     0
1273     0     0     0     0
1275     0     0     0     0
1277     0     0     0     0
1279     0     0     0     0
1281     0     0     0     0
1283     0     0     0     0
1285     0     0     0     0
1287     0     0     0     0
1289     0     0     0     0
1291     0     0     0     0
1293     0     0     0     0
1295     0     0     0     0
1297     0     0     0     0
1299     0     0     0     0
1301     0     0     0     0
1303     0     0     0     0
1305     0     0     0     0
1307     0     0     0     0
1309     0     0     0     0
1311     0     0     0     0
1313     0     0     0     0
1315     0     0     0     0
1317     0     0     0     0
1319     0     0     0     0
1321     0     0     0     0
1323     0     0     0     0
1325     0     0     0     0
1327     0     0     0     0
1329     0     0     0     0
1331     0     0     0     0
1333     0     0     0     0
1335     0     0     0     0
1337     0     0     0     0
1339     0     0     0     0
1341     0     0     0     0
1343     0     0     0     0
1345     0     0     0     0
1347     0     0     0     0
1349     0     0     0     0
1351     0     0     0     0
1353     0     0     0     0
1355     0     0     0     0
1357     0     0     0     0
1359     0     0     0     0
1361     0     0     0     0
1363     0     0     0     0
1365     0     0     0     0
1367     0     0     0     0
1369     0     0     0     0
1371     0     0     0     0
1373     0     0     0     0
1375     0     0     0     0
1377     0     0     0     0
1379     0     0     0     0
1381     0     0     0     0
1383     0     0     0     0
1385     0     0     0     0
1387     0     0     0     0
1389     0     0     0     0
1391     0     0     0     0
1393     0     0     0     0
1395     0     0     0     0
1397     0     0     0     0
1399     0     0     0     0
1401     0     0     0     0
1403     0     0     0     0
1405     0     0     0     0
1407     0     0     0     0
1409     0     0     0     0
1411     0     0     0     0
1413     0     0     0     0
1415     0     0     0     0
1417     0     0     0     0
1419     0     0     0     0
1421     0     0     0     0
1423     0     0     0     0
1425     0     0     0     0
1427     0     0     0     0
1429     0     0     0     0
1431     0     0     0     0
1433     0     0     0     0
1435     0     0     0     0
1437     0     0     0     0
1439     0     0     0     0
1441     0     0     0     0
1443     0     0     0     0
1445     0     0     0     0
1447     0     0     0     0
1449     0     0     0     0
1451     0     0     0     0
1453     0     0     0     0
1455     0     0     0     0
1457     0     0     0     0
1459     0     0     0     0
1461     0     0     0     0
1463     0     0     0     0
1465     0     0     0     0
1467     0     0     0     0
1469     0     0     0     0
1471     0     0     0     0
1473     0     0     0     0
1475     0     0     0     0
1477     0     0     0     0
1479     0     0     0     0
1481     0     0     0     0
1483     0     0     0     0
1485     0     0     0     0
1487     0     0     0     0
1489     0     0     0     0
1491     0     0     0     0
1493     0     0     0     0
1495     0     0     0     0
1497     0     0     0     0
1499     0     0     0     0
1501     0     0     0     0
1503     0     0     0     0
1505     0     0     0     0
1507     0     0     0     0
1509     0     0     0     0
1511     0     0     0     0
1513     0     0     0     0
1515     0     0     0     0
1517     0     0     0     0
1519     0     0     0     0
1521     0     0     0     0
1523     0     0     0     0
1525     0     0     0     0
1527     0     0     0     0
1529     0     0     0     0
1531     0     0     0     0
1533     0     0     0     0
1535     0     0     0     0
1537     0     0     0     0
1539     0     0     0     0
1541     0     0     0     0
1543     0     0     0     0
1545     0     0     0     0
1547     0     0     0     0
1549     0     0     0     0
1551     0     0     0     0
1553     0     0     0     0
1555     0     0     0     0
1557     0     0     0     0
1559     0     0     0     0
1561     0     0     0     0
1563     0     0     0     0
1565     0     0     0     0
1567     0     0     0     0
1569     0     0     0     0
1571     0     0     0     0
1573     0     0     0     0
1575     0     0     0     0
1577     0     0     0     0
1579     0     0     0     0
1581     0     0     0     0
1583     0     0     0     0
1585     0     0     0     0
1587     0     0     0     0
1589     0     0     0     0
1591     0     0     0     0
1593     0     0     0     0
1595     0     0     0     0
1597     0     0     0     0
1599     0     0     0     0
1601     0     0     0     0
1603     0     0     0     0
1605     0     0     0     0
1607     0     0     0     0
1609     0     0     0     0
1611     0     0     0     0
1613     0     0     0     0
1615     0     0     0     0
1617     0     0     0     0
1619     0     0     0     0
1621     0     0     0     0
1623     0     0     0     0
1625     0     0     0     0
1627     0     0     0     0
1629     0     0     0     0
1631     0     0     0     0
1633     0     0     0     0
1635     0     0     0     0
1637     0     0     0     0
1639     0     0     0     0
1641     0     0     0     0
1643     0     0     0     0
1645     0     0     0     0
1647     0     0     0     0
1649     0     0     0     0
1651     0     0     0     0
1653     0     0     0     0
1655     0     0     0     0
1657     0     0     0     0
1659     0     0     0     0
1661     0     0     0     0
1663     0     0     0     0
1665     0     0     0     0
1667     0     0     0     0
1669     0     0     0     0
1671     0     0     0     0
1673     0     0     0     0
1675     0     0     0     0
1677     0     0     0     0
1679     0     0     0     0
1681     0     0     0     0
1683     0     0     0     0
1685     0     0     0     0
1687     0     0     0     0
1689     0     0     0     0
1691     0     0     0     0
1693     0     0     0     0
1695     0     0     0     0
1697     0     0     0     0
1699     0     0     0     0
1701     0     0     0     0
1703     0     0     0     0
1705     0     0     0     0
1707     0     0     0     0
1709     0     0     0     0
1711     0     0     0     0
1713     0     0     0     0
1715     0     0     0     0
1717     0     0     0     0
1719     0     0     0     0
1721     0     0     0     0
1723     0     0     0     0
1725     0     0     0     0
1727     0     0     0     0
1729     0     0     0     0
1731     0     0     0     0
1733     0     0     0     0
1735     0     0     0     0
1737     0     0     0     0
1739     0     0     0     0
1741     0     0     0     0
1743     0     0     0     0
1745     0     0     0     0
1747     0     0     0     0
1749     0     0     0     0
1751     0     0     0     0
1753     0     0     0     0
1755     0     0     0     0
1757     0     0     0     0
1759     0     0     0     0
1761     0     0     0     0
1763     0     0     0     0
1765     0     0     0     0
1767     0     0     0     0
1769     0     0     0     0
1771     0     0     0     0
1773     0     0     0     0
1775     0     0     0     0
1777     0     0     0     0
1779     0     0     0     0
1781     0     0     0     0
1783     0     0     0     0
1785     0     0     0     0
1787     0     0     0     0
1789     0     0     0     0
1791     0     0     0     0
1793     0     0     0     0
1795     0     0     0     0
1797     0     0     0     0
1799     0     0     0     0
1801     0     0     0     0
1803     0     0     0     0
1805     0     0     0     0
1807     0     0     0     0
1809     0     0     0     0
1811     0     0     0     0
1813     0     0     0     0
1815     0     0     0     0
1817     0     0     0     0
1819     0     0     0     0
1821     0     0     0     0
1823     0     0     0     0
1825     0     0     0     0
1827     0     0     0     0
1829     0     0     0     0
1831     0     0     0     0
1833     0     0     0     0
1835     0     0     0     0
1837     0     0     0     0
1839     0     0     0     0
1841     0     0     0     0
1843     0     0     0     0
1845     0     0     0     0
1847     0     0     0     0
1849     0     0     0     0
1851     0     0     0     0
1853     0     0     0     0
1855     0     0     0     0
1857     0     0     0     0
1859     0     0     0     0
1861     0     0     0     0
1863     0     0     0     0
1865     0     0     0     0
1867     0     0     0     0
1869     0     0     0     0
1871     0     0     0     0
1873     0     0     0     0
1875     0     0     0     0
1877     0     0     0     0
1879     0     0     0     0
1881     0     0     0     0
1883     0     0     0     0
1885     0     0     0     0
1887     0     0     0     0
1889     0     0     0     0
1891     0     0     0     0
1893     0     0     0     0
1895     0     0     0     0
1897     0     0     0     0
1899     0     0     0     0
1901     0     0     0     0
1903     0     0     0     0
1905     0     0     0     0
1907     0     0     0     0
1909     0     0     0     0
1911     0     0     0     0
1913     0     0     0     0
1915     0     0     0     0
1917     0     0     0     0
1919     0     0     0     0
1921     0     0     0     0
1923     0     0     0     0
1925     0     0     0     0
1927     0     0     0     0
1929     0     0     0     0
1931     0     0     0     0
1933     0     0     0     0
1935     0     0     0     0
1937     0     0     0     0
1939     0     0     0     0
1941     0     0     0     0
1943     0     0     0     0
1945     0     0     0     0
1947     0     0     0     0
1949     0     0     0     0
1951     0     0     0     0
1953     0     0     0     0
1955     0     0     0     0
1957     0     0     0     0
1959     0     0     0     0
1961     0     0     0     0
1963     0     0     0     0
1965     0     0     0     0
1967     0     0     0     0
1969     0     0     0     0
1971     0     0     0     0
1973     0     0     0     0
1975     0     0     0     0
1977     0     0     0     0
1979     0     0     0     0
1981     0     0     0     0
1983     0     0     0     0
1985     0     0     0     0
1987     0     0     0     0
1989     0     0     0     0
1991     0     0     0     0
1993     0     0     0     0
1995     0     0     0     0
1997     0     0     0     0
1999     0     0     0     0
2001     0     0     0     0
2003     0     0     0     0
2005     0     0     0     0
2007     0     0     0     0
2009     0     0     0     0
2011     0     0     0     0
2013     0     0     0     0
2015     0     0     0     0
2017     0     0     0     0
2019     0     0     0     0
2021     0     0     0     0
2023     0     0     0     0
2025     0     0     0     0
2027     0     0     0     0
2029     0     0     0     0
2031     0     0     0     0
2033     0     0     0     0
2035     0     0     0     0
2037     0     0     0     0
2039     0     0     0     0
2041     0     0     0     0
2043     0     0     0     0
2045     0     0     0     0
2047     0     0     0     0
2049     0     0     0     0
2051     0     0     0     0
2053     0     0     0     0
2055     0     0     0     0
2057     0     0     0     0
2059     0     0     0     0
2061     0     0     0     0
2063     0     0     0     0
2065     0     0     0     0
2067     0     0     0     0
2069     0     0     0     0
2071     0     0     0     0
2073     0     0     0     0
2075     0     0     0     0
2077     0     0     0     0
2079     0     0     0     0
2081     0     0     0     0
2083     0     0     0     0
2085     0     0     0     0
2087     0     0     0     0
2089     0     0     0     0
2091     0     0     0     0
2093     0     0     0     0
2095     0     0     0     0
2097     0     0     0     0
2099     0     0     0     0
2101     0     0     0     0
2103     0     0     0     0
2105     0     0     0     0
2107     0     0     0     0
2109     0     0     0     0
2111     0     0     0     0
2113     0     0     0     0
2115     0     0     0     0
2117     0     0     0     0
2119     0     0     0     0
2121     0     0     0     0
2123     0     0     0     0
2125     0     0     0     0
2127     0     0     0     0
2129     0     0     0     0
2131     0     0     0     0
2133     0     0     0     0
2135     0     0     0     0
2137     0     0     0     0
2139     0     0     0     0
2141     0     0     0     0
2143     0     0     0     0
2145     0     0     0     0
2147     0     0     0     0
2149     0     0     0     0
2151     0     0     0     0
2153     0     0     0     0
2155     0     0     0     0
2157     0     0     0     0
2159     0     0     0     0
2161     0     0     0     0
2163     0     0     0     0
2165     0     0     0     0
2167     0     0     0     0
2169     0     0     0     0
2171     0     0     0     0
2173     0     0     0     0
2175     0     0     0     0
2177     0     0     0     0
2179     0     0     0     0
2181     0     0     0     0
2183     0     0     0     0
2185     0     0     0     0
2187     0     0     0     0
2189     0     0     0     0
2191     0     0     0     0
2193     0     0     0     0
2195     0     0     0     0
2197     0     0     0     0
2199     0     0     0     0
2201     0     0     0     0
2203     0     0     0     0
2205     0     0     0     0
2207     0     0     0     0
2209     0     0     0     0
2211     0     0     0     0
2213     0     0     0     0
2215     0     0     0     0
2217     0     0     0     0
2219     0     0     0     0
2221     0     0     0     0
2223     0     0     0     0
2225     0     0     0     0
2227     0     0     0     0
2229     0     0     0     0
2231     0     0     0     0
2233     0     0     0     0
2235     0     0     0     0
2237     0     0     0     0
2239     0     0     0     0
2241     0     0     0     0
2243     0     0     0     0
2245     0     0     0     0
2247     0     0     0     0
2249     0     0     0     0
2251     0     0     0     0
2253     0     0     0     0
2255     0     0     0     0
2257     0     0     0     0
2259     0     0     0     0
2261     0     0     0     0
2263     0     0     0     0
2265     0     0     0     0
2267     0     0     0     0
2269     0     0     0     0
2271     0     0     0     0
2273     0     0     0     0
2275     0     0     0     0
2277     0     0     0     0
2279     0     0     0     0
2281     0     0     0     0
2283     0     0     0     0
2285     0     0     0     0
2287     0     0     0     0
2289     0     0     0     0
2291     0     0     0     0
2293     0     0     0     0
2295     0     0     0     0
2297     0     0     0     0
2299     0     0     0     0
2301     0     0     0     0
2303     0     0     0     0
2305     0     0     0     0
2307     0     0     0     0
2309     0     0     0     0
2311     0     0     0     0
2313     0     0     0     0
2315     0     0     0     0
2317     0     0     0     0
2319     0     0     0     0
2321     0     0     0     0
2323     0     0     0     0
2325     0     0     0     0
2327     0     0     0     0
2329     0     0     0     0
2331     0     0     0     0
2333     0     0     0     0
2335     0     0     0     0
2337     0     0     0     0
2339     0     0     0     0
2341     0     0     0     0
2343     0     0     0     0
2345     0     0     0     0
2347     0     0     0     0
2349     0     0     0     0
2351     0     0     0     0
2353     0     0     0     0
2355     0     0     0     0
2357     0     0     0     0
2359     0     0     0     0
2361     0     0     0     0
2363     0     0     0     0
2365     0     0     0     0
2367     0     0     0     0
2369     0     0     0     0
2371     0     0     0     0
2373     0     0     0     0
2375     0     0     0     0
2377     0     0     0     0
2379     0     0     0     0
2381     0     0     0     0
2383     0     0     0     0
2385     0     0     0     0
2387     0     0     0     0
2389     0     0     0     0
2391     0     0     0     0
2393     0     0     0     0
2395     0     0     0     0
2397     0     0     0     0
2399     0     0     0     0
2401     0     0     0     0
2403     0     0     0     0
2405     0     0     0     0
2407     0     0     0     0
2409     0     0     0     0
2411     0     0     0     0
2413     0     0     0     0
2415     0     0     0     0
2417     0     0     0     0
2419     0     0     0     0
2421     0     0     0     0
2423     0     0     0     0
2425     0     0     0     0
2427     0     0     0     0
2429     0     0     0     0
2431     0     0     0     0
2433     0     0     0     0
2435     0     0     0     0
2437     0     0     0     0
2439     0     0     0     0
2441     0     0     0     0
2443     0     0     0     0
2445     0     0     0     0
2447     0     0     0     0
2449     0     0     0     0
2451     0     0     0     0
2453     0     0     0     0
2455     0     0     0     0
2457     0     0     0     0
2459     0     0     0     0
2461     0     0     0     0
2463     0     0     0     0
2465     0     0     0     0
2467     0     0     0     0
2469     0     0     0     0
2471     0     0     0     0
2473     0     0     0     0
2475     0     0     0     0
2477     0     0     0     0
2479     0     0     0     0
2481     0     0     0     0
2483     0     0     0     0
2485     0     0     0     0
2487     0     0     0     0
2489     0     0     0     0
2491     0     0     0     0
2493     0     0     0     0
2495     0     0     0     0
2497     0     0     0     0
2499     0     0     0     0
2501     0     0     0     0
2503     0     0     0     0
2505     0     0     0     0
2507     0     0     0     0
2509     0     0     0     0
2511     0     0     0     0
2513     0     0     0     0
2515     0     0     0     0
2517     0     0     0     0
2519     0     0     0     0
2521     0     0     0     0
2523     0     0     0     0
2525     0     0     0     0
2527     0     0     0     0
2529     0     0     0     0
2531     0     0     0     0
2533     0     0     0     0
2535     0     0     0     0
2537     0     0     0     0
2539     0     0     0     0
2541     0     0     0     0
2543     0     0     0     0
2545     0     0     0     0
2547     0     0     0     0
2549     0     0     0     0
2551     0     0     0     0
2553     0     0     0     0
2555     0     0     0     0
2557     0     0     0     0
2559     0     0     0     0
2561     0     0     0     0
2563     0     0     0     0
2565     0     0     0     0
2567     0     0     0     0
2569     0     0     0     0
2571     0     0     0     0
2573     0     0     0     0
2575     0     0     0     0
2577     0     0     0     0
2579     0     0     0     0
2581     0     0     0     0
2583     0     0     0     0
2585     0     0     0     0
2587     0     0     0     0
2589     0     0     0     0
2591     0     0     0     0
2593     0     0     0     0
2595     0     0     0     0
2597     0     0     0     0
2599     0     0     0     0
2601     0     0     0     0
2603     0     0     0     0
2605     0     0     0     0
2607     0     0     0     0
2609     0     0     0     0
2611     0     0     0     0
2613     0     0     0     0
2615     0     0     0     0
2617     0     0     0     0
2619     0     0     0     0
2621     0     0     0     0
2623     0     0     0     0
2625     0     0     0     0
2627     0     0     0     0
2629     0     0     0     0
2631     0     0     0     0
2633     0     0     0     0
2635     0     0     0     0
2637     0     0     0     0
2639     0     0     0     0
2641     0     0     0     0
2643     0     0     0     0
2645     0     0     0     0
2647     0     0     0     0
2649     0     0     0     0
2651     0     0     0     0
2653     0     0     0     0
2655     0     0     0     0
2657     0     0     0     0
2659     0     0     0     0
2661     0     0     0     0
2663     0     0     0     0
2665     0     0     0     0
2667     0     0     0     0
2669     0     0     0     0
2671     0     0     0     0
2673     0     0     0     0
2675     0     0     0     0
2677     0     0     0     0
2679     0     0     0     0
2681     0     0     0     0
2683     0     0     0     0
2685     0     0     0     0
2687     0     0     0     0
2689     0     0     0     0
2691     0     0     0     0
2693     0     0     0     0
2695     0     0     0     0
2697     0     0     0     0
2699     0     0     0     0
2701     0     0     0     0
2703     0     0     0     0
2705     0     0     0     0
2707     0     0     0     0
2709     0     0     0     0
2711     0     0     0     0
2713     0     0     0     0
2715     0     0     0     0
2717     0     0     0     0
2719     0     0     0     0
2721     0     0     0     0
2723     0     0     0     0
2725     0     0     0     0
2727     0     0     0     0
2729     0     0     0     0
2731     0     0     0     0
2733     0     0     0     0
2735     0     0     0     0
2737     0     0     0     0
2739     0     0     0     0
2741     0     0     0     0
2743     0     0     0     0
2745     0     0     0     0
2747     0     0     0     0
2749     0     0     0     0
2751     0     0     0     0
2753     0     0     0     0
2755     0     0     0     0
2757     0     0     0     0
2759     0     0     0     0
2761     0     0     0     0
2763     0     0     0     0
2765     0     0     0     0
2767     0     0     0     0
2769     0     0     0     0
2771     0     0     0     0
2773     0     0     0     0
2775     0     0     0     0
2777     0     0     0     0
2779     0     0     0     0
2781     0     0     0     0
2783     0     0     0     0
2785     0     0     0     0
2787     0     0     0     0
2789     0     0     0     0
2791     0     0     0     0
2793     0     0     0     0
2795     0     0     0     0
2797     0     0     0     0
2799     0     0     0     0
2801     0     0     0     0
2803     0     0     0     0
2805     0     0     0     0
2807     0     0     0     0
2809     0     0     0     0
2811     0     0     0     0
2813     0     0     0     0
2815     0     0     0     0
2817     0     0     0     0
2819     0     0     0     0
2821     0     0     0     0
2823     0     0     0     0
2825     0     0     0     0
2827     0     0     0     0
2829     0     0     0     0
2831     0     0     0     0
2833     0     0     0     0
2835     0     0     0     0
2837     0     0     0     0
2839     0     0     0     0
2841     0     0     0     0
2843     0     0     0     0
2845     0     0     0     0
2847     0     0     0     0
2849     0     0     0     0
2851     0     0     0     0
2853     0     0     0     0
2855     0     0     0     0
2857     0     0     0     0
2859     0     0     0     0
2861     0     0     0     0
2863     0     0     0     0
2865     0     0     0     0
2867     0     0     0     0
2869     0     0     0     0
2871     0     0     0     0
2873     0     0     0     0
2875     0     0     0     0
2877     0     0     0     0
2879     0     0     0     0
2881     0     0     0     0
2883     0     0     0     0
2885     0     0     0     0
2887     0     0     0     0
2889     0     0     0     0
2891     0     0     0     0
2893     0     0     0     0
2895     0     0     0     0
2897     0     0     0     0
2899     0     0     0     0
2901     0     0     0     0
2903     0     0     0     0
2905     0     0     0     0
2907     0     0     0     0
2909     0     0     0     0
2911     0     0     0     0
2913     0     0     0     0
2915     0     0     0     0
2917     0     0     0     0
2919     0     0     0     0
2921     0     0     0     0
2923     0     0     0     0
2925     0     0     0     0
2927     0     0     0     0
2929     0     0     0     0
2931     0     0     0     0
2933     0     0     0     0
2935     0     0     0     0
2937     0     0     0     0
2939     0     0     0     0
2941     0     0     0     0
2943     0     0     0     0
2945     0     0     0     0
2947     0     0     0     0
2949     0     0     0     0
2951     0     0     0     0
2953     0     0     0     0
2955     0     0     0     0
2957     0     0     0     0
2959     0     0     0     0
2961     0     0     0     0
2963     0     0     0     0
2965     0     0     0     0
2967     0     0     0     0
2969     0     0     0     0
2971     0     0     0     0
2973     0     0     0     0
2975     0     0     0     0
2977     0     0     0     0
2979     0     0     0     0
2981     0     0     0     0
2983     0     0     0     0
2985     0     0     0     0
2987     0     0     0     0
2989     0     0     0     0
2991     0     0     0     0
2993     0     0     0     0
2995     0     0     0     0
2997     0     0     0     0
2999     0     0     0     0
3001     0     0     0     0
3003     0     0     0     0
3005     0     0     0     0
3007     0     0     0     0
3009     0     0     0     0
3011     0     0     0     0
3013     0     0     0     0
3015     0     0     0     0
3017     0     0     0     0
3019     0     0     0     0
3021     0     0     0     0
3023     0     0     0     0
3025     0     0     0     0
3027     0     0     0     0
3029     0     0     0     0
3031     0     0     0     0
3033     0     0     0     0
3035     0     0     0     0
3037     0     0     0     0
3039     0     0     0     0
3041     0     0     0     0
3043     0     0     0     0
3045     0     0     0     0
3047     0     0     0     0
3049     0     0     0     0
3051     0     0     0     0
3053     0     0     0     0
3055     0     0     0     0
3057     0     0     0     0
3059     0     0     0     0
3061     0     0     0     0
3063     0     0     0     0
3065     0     0     0     0
3067     0     0     0     0
3069     0     0     0     0
3071     0     0     0     0
3073     0     0     0     0
3075     0     0     0     0
3077     0     0     0     0
3079     0     0     0     0
3081     0     0     0     0
3083     0     0     0     0
3085     0     0     0     0
3087     0     0     0     0
3089     0     0     0     0
3091     0     0     0     0
3093     0     0     0     0
3095     0     0     0     0
3097     0     0     0     0
3099     0     0     0     0
3101     0     0     0     0
3103     0     0     0     0
3105     0     0     0     0
3107     0     0     0     0
3109     0     0     0     0
3111     0     0     0     0
3113     0     0     0     0
3115     0     0     0     0
3117     0     0     0     0
3119     0     0     0     0
3121     0     0     0     0
3123     0     0     0     0
3125     0     0     0     0
3127     0     0     0     0
3129     0     0     0     0
3131     0     0     0     0
3133     0     0     0     0
3135     0     0     0     0
3137     0     0     0     0
3139     0     0     0     0
3141     0     0     0     0
3143     0     0     0     0
3145     0     0     0     0
3147     0     0     0     0
3149     0     0     0     0
3151     0     0     0     0
3153     0     0     0     0
3155     0     0     0     0
3157     0     0     0     0
3159     0     0     0     0
3161     0     0     0     0
3163     0     0     0     0
3165     0     0     0     0
3167     0     0     0     0
3169     0     0     0     0
3171     0     0     0     0
3173     0     0     0     0
3175     0     0     0     0
3177     0     0     0     0
3179     0     0     0     0
3181     0     0     0     0
3183     0     0     0     0
3185     0     0     0     0
3187     0     0     0     0
3189     0     0     0     0
3191     0     0     0     0
3193     0     0     0     0
3195     0     0     0     0
3197     0     0     0     0
3199     0     0     0     0
3201     0     0     0     0
3203     0     0     0     0
3205     0     0     0     0
3207     0     0     0     0
3209     0     0     0     0
3211     0     0     0     0
3213     0     0     0     0
3215     0     0     0     0
3217     0     0     0     0
3219     0     0     0     0
3221     0     0     0     0
3223     0     0     0     0
3225     0     0     0     0
3227     0     0     0     0
3229     0     0     0     0
3231     0     0     0     0
3233     0     0     0     0
3235     0     0     0     0
3237     0     0     0     0
3239     0     0     0     0
3241     0     0     0     0
3243     0     0     0     0
3245     0     0     0     0
3247     0     0     0     0
3249     0     0     0     0
3251     0     0     0     0
3253     0     0     0     0
3255     0     0     0     0
3257     0     0     0     0
3259     0     0     0     0
3261     0     0     0     0
3263     0     0     0     0
3265     0     0     0     0
3267     0     0     0     0
3269     0     0     0     0
3271     0     0     0     0
3273     0     0     0     0
3275     0     0     0     0
3277     0     0     0     0
3279     0     0     0     0
3281     0     0     0     0
3283     0     0     0     0
3285     0     0     0     0
3287     0     0     0     0
3289     0     0     0     0
3291     0     0     0     0
3293     0     0     0     0
3295     0     0     0     0
3297     0     0     0     0
3299     0     0     0     0
3301     0     0     0     0
3303     0     0     0     0
3305     0     0     0     0
3307     0     0     0     0
3309     0     0     0     0
3311     0     0     0     0
3313     0     0     0     0
3315     0     0     0     0
3317     0     0     0     0
3319     0     0     0     0
3321     0     0     0     0
3323     0     0     0     0
3325     0     0     0     0
3327     0     0     0     0
3329     0     0     0     0
3331     0     0     0     0
3333     0     0     0     0
3335     0     0     0     0
3337     0     0     0     0
3339     0     0     0     0
3341     0     0     0     0
3343     0     0     0     0
3345     0     0     0     0
3347     0     0     0     0
3349     0     0     0     0
3351     0     0     0     0
3353     0     0     0     0
3355     0     0     0     0
3357     0     0     0     0
3359     0     0     0     0
3361     0     0     0     0
3363     0     0     0     0
3365     0     0     0     0
3367     0     0     0     0
3369     0     0     0     0
3371     0     0     0     0
3373     0     0     0     0
3375     0     0     0     0
3377     0     0     0     0
3379     0     0     0     0
3381     0     0     0     0
3383     0     0     0     0
3385     0     0     0     0
3387     0     0     0     0
3389     0     0     0     0
3391     0     0     0     0
3393     0     0     0     0
3395     0     0     0     0
3397     0     0     0     0
3399     0     0     0     0
3401     0     0     0     0
3403     0     0     0     0
3405     0     0     0     0
3407     0     0     0     0
3409     0     0     0     0
3411     0     0     0     0
3413     0     0     0     0
3415     0     0     0     0
3417     0     0     0     0
3419     0     0     0     0
3421     0     0     0     0
3423     0     0     0     0
3425     0     0     0     0
3427     0     0     0     0
3429     0     0     0     0
3431     0     0     0     0
3433     0     0     0     0
3435     0     0     0     0
3437     0     0     0     0
3439     0     0     0     0
3441     0     0     0     0
3443     0     0     0     0
3445     0     0     0     0
3447     0     0     0     0
3449     0     0     0     0
3451     0     0     0     0
3453     0     0     0     0
3455     0     0     0     0
3457     0     0     0     0
3459     0     0     0     0
3461     0     0     0     0
3463     0     0     0     0
3465     0     0     0     0
3467     0     0     0     0
3469     0     0     0     0
3471     0     0     0     0
3473     0     0     0     0
3475     0     0     0     0
3477     0     0     0     0
3479     0     0     0     0
3481     0     0     0     0
3483     0     0     0     0
3485     0     0     0     0
3487     0     0     0     0
3489     0     0     0     0
3491     0     0     0     0
3493     0     0     0     0
3495     0     0     0     0
3497     0     0     0     0
3499     0     0     0     0
3501     0     0     0     0
3503     0     0     0     0
3505     0     0     0     0
3507     0     0     0     0
3509     0     0     0     0
3511     0     0     0     0
3513     0     0     0     0
3515     0     0     0     0
3517     0     0     0     0
3519     0     0     0     0
3521     0     0     0     0
3523     0     0     0     0
3525     0     0     0     0
3527     0     0     0     0
3529     0     0     0     0
3531     0     0     0     0
3533     0     0     0     0
3535     0     0     0     0
3537     0     0     0     0
3539     0     0     0     0
3541     0     0     0     0
3543     0     0     0     0
3545     0     0     0     0
3547     0     0     0     0
3549     0     0     0     0
3551     0     0     0     0
3553     0     0     0     0
3555     0     0     0     0
3557     0     0     0     0
3559     0     0     0     0
3561     0     0     0     0
3563     0     0     0     0
3565     0     0     0     0
3567     0     0     0     0
3569     0     0     0     0
3571     0     0     0     0
3573     0     0     0     0
3575     0     0     0     0
3577     0     0     0     0
3579     0     0     0     0
3581     0     0     0     0
3583     0     0     0     0
3585     0     0     0     0
3587     0     0     0     0
3589     0     0     0     0
3591     0     0     0     0
3593     0     0     0     0
3595     0     0     0     0
3597     0     0     0     0
3599     0     0     0     0
3601     0     0     0     0
3603     0     0     0     0
3605     0     0     0     0
3607     0     0     0     0
3609     0     0     0     0
3611     0     0     0     0
3613     0     0     0     0
3615     0     0     0     0
3617     0     0     0     0
3619     0     0     0     0
3621     0     0     0     0
3623     0     0     0     0
3625     0     0     0     0
3627     0     0     0     0
3629     0     0     0     0
3631     0     0     0     0
3633     0     0     0     0
3635     0     0     0     0
3637     0     0     0     0
3639     0     0     0     0
3641     0     0     0     0
3643     0     0     0     0
3645     0     0     0     0
3647     0     0     0     0
3649     0     0     0     0
3651     0     0     0     0
3653     0     0     0     0
3655     0     0     0     0
3657     0     0     0     0
3659     0     0     0     0
3661     0     0     0     0
3663     0     0     0     0
3665     0     0     0     0
3667     0     0     0     0
3669     0     0     0     0
3671     0     0     0     0
3673     0     0     0     0
3675     0     0     0     0
3677     0     0     0     0
3679     0     0     0     0
3681     0     0     0     0
3683     0     0     0     0
3685     0     0     0     0
3687     0     0     0     0
3689     0     0     0     0
3691     0     0     0     0
3693     0     0     0     0
3695     0     0     0     0
3697     0     0     0     0
3699     0     0     0     0
3701     0     0     0     0
3703     0     0     0     0
3705     0     0     0     0
3707     0     0     0     0
3709     0     0     0     0
3711     0     0     0     0
3713     0     0     0     0
3715     0     0     0     0
3717     0     0     0     0
3719     0     0     0     0
3721     0     0     0     0
3723     0     0     0     0
3725     0     0     0     0
3727     0     0     0     0
3729     0     0     0     0
3731     0     0     0     0
3733     0     0     0     0
3735     0     0     0     0
3737     0     0     0     0
3739     0     0     0     0
3741     0     0     0     0
3743     0     0     0     0
3745     0     0     0     0
3747     0     0     0     0
3749     0     0     0     0
3751     0     0     0     0
3753     0     0     0     0
3755     0     0     0     0
3757     0     0     0     0
3759     0     0     0     0
3761     0     0     0     0
3763     0     0     0     0
3765     0     0     0     0
3767     0     0     0     0
3769     0     0     0     0
3771     0     0     0     0
3773     0     0     0     0
3775     0     0     0     0
3777     0     0     0     0
3779     0     0     0     0
3781     0     0     0     0
3783     0     0     0     0
3785     0     0     0     0
3787     0     0     0     0
3789     0     0     0     0
3791     0     0     0     0
3793     0     0     0     0
3795     0     0     0     0
3797     0     0     0     0
3799     0     0     0     0
3801     0     0     0     0
3803     0     0     0     0
3805     0     0     0     0
3807     0     0     0     0
3809     0     0     0     0
3811     0     0     0     0
3813     0     0     0     0
3815     0     0     0     0
3817     0     0     0     0
3819     0     0     0     0
3821     0     0     0     0
3823     0     0     0     0
3825     0     0     0     0
3827     0     0     0     0
3829     0     0     0     0
3831     0     0     0     0
3833     0     0     0     0
3835     0     0     0     0
3837     0     0     0     0
3839     0     0     0     0
3841     0     0     0     0
3843     0     0     0     0
3845     0     0     0     0
3847     0     0     0     0
3849     0     0     0     0
3851     0     0     0     0
3853     0     0     0     0
3855     0     0     0     0
3857     0     0     0     0
3859     0     0     0     0
3861     0     0     0     0
3863     0     0     0     0
3865     0     0     0     0
3867     0     0     0     0
3869     0     0     0     0
3871     0     0     0     0
3873     0     0     0     0
3875     0     0     0     0
3877     0     0     0     0
3879     0     0     0     0
3881     0     0     0     0
3883     0     0     0     0
3885     0     0     0     0
3887     0     0     0     0
3889     0     0     0     0
3891     0     0     0     0
3893     0     0     0     0
3895     0     0     0     0
3897     0     0     0     0
3899     0     0     0     0
3901     0     0     0     0
3903     0     0     0     0
3905     0     0     0     0
3907     0     0     0     0
3909     0     0     0     0
3911     0     0     0     0
3913     0     0     0     0
3915     0     0     0     0
3917     0     0     0     0
3919     0     0     0     0
3921     0     0     0     0
3923     0     0     0     0
3925     0     0     0     0
3927     0     0     0     0
3929     0     0     0     0
3931     0     0     0     0
3933     0     0     0     0
3935     0     0     0     0
3937     0     0     0     0
3939     0     0     0     0
3941     0     0     0     0
3943     0     0     0     0
3945     0     0     0     0
3947     0     0     0     0
3949     0     0     0     0
3951     0     0     0     0
3953     0     0     0     0
3955     0     0     0     0
3957     0     0     0     0
3959     0     0     0     0
3961     0     0     0     0
3963     0     0     0     0
3965     0     0     0     0
3967     0     0     0     0
3969     0     0     0     0
3971     0     0     0     0
3973     0     0     0     0
3975     0     0     0     0
3977     0     0     0     0
3979     0     0     0     0
3981     0     0     0     0
3983     0     0     0     0
3985     0     0     0     0
3987     0     0     0     0
3989     0     0     0     0
3991     0     0     0     0
3993     0     0     0     0
3995     0     0     0     0
3997     0     0     0     0
3999     0     0     0     0
4001     0     0     0     0
4003     0     0     0     0
4005     0     0     0     0
4007     0     0     0     0
4009     0     0     0     0
4011     0     0     0     0
4013     0     0     0     0
4015     0     0     0     0
4017     0     0     0     0
4019     0     0     0     0
4021     0     0     0     0
4023     0     0     0     0
4025     0     0     0     0
4027     0     0     0     0
4029     0     0     0     0
4031     0     0     0     0
4033     0     0     0     0
4035     0     0     0     0
4037     0     0     0     0
4039     0     0     0     0
4041     0     0     0     0
4043     0     0     0     0
4045     0     0     0     0
4047     0     0     0     0
4049     0     0     0     0
4051     0     0     0     0
4053     0     0     0     0
4055     0     0     0     0
4057     0     0     0     0
4059     0     0     0     0
4061     0     0     0     0
4063     0     0     0     0
4065     0     0     0     0
4067     0     0     0     0
4069     0     0     0     0
4071     0     0     0     0
4073     0     0     0     0
4075     0     0     0     0
4077     0     0     0     0
4079     0     0     0     0
4081     0     0     0     0
4083     0     0     0     0
4085     0     0     0     0
4087     0     0     0     0
4089     0     0     0     0
4091     0     0     0     0
4093     0     0     0     0
4095     0     0     0     0
4097     0     0     0     0
4099     0     0     0     0
4101     0     0     0     0
4103     0     0     0     0
4105     0     0     0     0
4107     0     0     0     0
4109     0     0     0     0
4111     0     0     0     0
4113     0     0     0     0
4115     0     0     0     0
4117     0     0     0     0
4119     0     0     0     0
4121     0     0     0     0
4123     0     0     0     0
4125     0     0     0     0
4127     0     0     0     0
4129     0     0     0     0
4131     0     0     0     0
4133     0     0     0     0
4135     0     0     0     0
4137     0     0     0     0
4139     0     0     0     0
4141     0     0     0     0
4143     0     0     0     0
4145     0     0     0     0
4147     0     0     0     0
4149     0     0     0     0
4151     0     0     0     0
4153     0     0     0     0
4155     0     0     0     0
4157     0     0     0     0
4159     0     0     0     0
4161     0     0     0     0
4163     0     0     0     0
4165     0     0     0     0
4167     0     0     0     0
4169     0     0     0     0
4171     0     0     0     0
4173     0     0     0     0
4175     0     0     0     0
4177     0     0     0     0
4179     0     0     0     0
4181     0     0     0     0
4183     0     0     0     0
4185     0     0     0     0
4187     0     0     0     0
4189     0     0     0     0
4191     0     0     0     0
4193     0     0     0     0
4195     0     0     0     0
4197     0     0     0     0
4199     0     0     0     0
4201     0     0     0     0
4203     0     0     0     0
4205     0     0     0     0
4207     0     0     0     0
4209     0     0     0     0
4211     0     0     0     0
4213     0     0     0     0
4215     0     0     0     0
4217     0     0     0     0
4219     0     0     0     0
4221     0     0     0     0
4223     0     0     0     0
4225     0     0     0     0
4227     0     0     0     0
4229     0     0     0     0
4231     0     0     0     0
4233     0     0     0     0
4235     0     0     0     0
4237     0     0     0     0
4239     0     0     0     0
4241     0     0     0     0
4243     0     0     0     0
4245     0     0     0     0
4247     0     0     0     0
4249     0     0     0     0
4251     0     0     0     0
4253     0     0     0     0
4255     0     0     0     0
4257     0     0     0     0
4259     0     0     0     0
4261     0     0     0     0
4263     0     0     0     0
4265     0     0     0     0
4267     0     0     0     0
4269     0     0     0     0
4271     0     0     0     0
4273     0     0     0     0
4275     0     0     0     0
4277     0     0     0     0
4279     0     0     0     0
4281     0     0     0     0
4283     0     0     0     0
4285     0     0     0     0
4287     0     0     0     0
4289     0     0     0     0
4291     0     0     0     0
4293     0     0     0     0
4295     0     0     0     0
4297     0     0     0     0
4299     0     0     0     0
4301     0     0     0     0
4303     0     0     0     0
4305     0     0     0     0
4307     0     0     0     0
4309     0     0     0     0
4311     0     0     0     0
4313     0     0     0     0
4315     0     0     0     0
4317     0     0     0     0
4319     0     0     0     0
4321     0     0     0     0
4323     0     0     0     0
4325     0     0     0     0
4327     0     0     0     0
4329     0     0     0     0
4331     0     0     0     0
4333     0     0     0     0
4335     0     0     0     0
4337     0     0     0     0
4339     0     0     0     0
4341     0     0     0     0
4343     0     0     0     0
4345     0     0     0     0
4347     0     0     0     0
4349     0     0     0     0
4351     0     0     0     0
4353     0     0     0     0
4355     0     0     0     0
4357     0     0     0     0
4359     0     0     0     0
4361     0     0     0     0
4363     0     0     0     0
4365     0     0     0     0
4367     0     0     0     0
4369     0     0     0     0
4371     0     0     0     0
4373     0     0     0     0
4375     0     0     0     0
4377     0     0     0     0
4379     0     0     0     0
4381     0     0     0     0
4383     0     0     0     0
4385     0     0     0     0
4387     0     0     0     0
4389     0     0     0     0
4391     0     0     0     0
4393     0     0     0     0
4395     0     0     0     0
4397     0     0     0     0
4399     0     0     0     0
4401     0     0     0     0
4403     0     0     0     0
4405     0     0     0     0
4407     0     0     0     0
4409     0     0     0     0
4411     0     0     0     0
4413     0     0     0     0
4415     0     0     0     0
4417     0     0     0     0
4419     0     0     0     0
4421     0     0     0     0
4423     0     0     0     0
4425     0     0     0     0
4427     0     0     0     0
4429     0     0     0     0
4431     0     0     0     0
4433     0     0     0     0
4435     0     0     0     0
4437     0     0     0     0
4439     0     0     0     0
4441     0     0     0     0
4443     0     0     0     0
4445     0     0     0     0
4447     0     0     0     0
4449     0     0     0     0
4451     0     0     0     0
4453     0     0     0     0
4455     0     0     0     0
4457     0     0     0     0
4459     0     0     0     0
4461     0     0     0     0
4463     0     0     0     0
4465     0     0     0     0
4467     0     0     0     0
4469     0     0     0     0
4471     0     0     0     0
4473     0     0     0     0
4475     0     0     0     0
4477     0     0     0     0
4479     0     0     0     0
4481     0     0     0     0
4483     0     0     0     0
4485     0     0     0     0
4487     0     0     0     0
4489     0     0     0     0
4491     0     0     0     0
4493     0     0     0     0
4495     0     0     0     0
4497     0     0     0     0
4499     0     0     0     0
4501     0     0     0     0
4503     0     0     0     0
4505     0     0     0     0
4507     0     0     0     0
4509     0     0     0     0
4511     0     0     0     0
4513     0     0     0     0
4515     0     0     0     0
4517     0     0     0     0
4519     0     0     0     0
4521     0     0     0     0
4523     0     0     0     0
4525     0     0     0     0
4527     0     0     0     0
4529     0     0     0     0
4531     0     0     0     0
4533     0     0     0     0
4535     0     0     0     0
4537     0     0     0     0
4539     0     0     0     0
4541     0     0     0     0
4543     0     0     0     0
4545     0     0     0     0
4547     0     0     0     0
4549     0     0     0     0
4551     0     0     0     0
4553     0     0     0     0
4555     0     0     0     0
4557     0     0     0     0
4559     0     0     0     0
4561     0     0     0     0
4563     0     0     0     0
4565     0     0     0     0
4567     0     0     0     0
4569     0     0     0     0
4571     0     0     0     0
4573     0     0     0     0
4575     0     0     0     0
4577     0     0     0     0
4579     0     0     0     0
4581     0     0     0     0
4583     0     0     0     0
4585     0     0     0     0
4587     0     0     0     0
4589     0     0     0     0
4591     0     0     0     0
4593     0     0     0     0
4595     0     0     0     0
4597     0     0     0     0
4599     0     0     0     0
4601     0     0     0     0
4603     0     0     0     0
4605     0     0     0     0
4607     0     0     0     0
4609     0     0     0     0
4611     0     0     0     0
4613     0     0     0     0
4615     0     0     0     0
4617     0     0     0     0
4619     0     0     0     0
4621     0     0     0     0
4623     0     0     0     0
4625     0     0     0     0
4627     0     0     0     0
4629     0     0     0     0
4631     0     0     0     0
4633     0     0     0     0
4635     0     0     0     0
4637     0     0     0     0
4639     0     0     0     0
4641     0     0     0     0
4643     0     0     0     0
4645     0     0     0     0
4647     0     0     0     0
4649     0     0     0     0
4651     0     0     0     0
4653     0     0     0     0
4655     0     0     0     0
4657     0     0     0     0
4659     0     0     0     0
4661     0     0     0     0
4663     0     0     0     0
4665     0     0     0     0
4667     0     0     0     0
4669     0     0     0     0
4671     0     0     0     0
4673     0     0     0     0
4675     0     0     0     0
4677     0     0     0     0
4679     0     0     0     0
4681     0     0     0     0
4683     0     0     0     0
4685     0     0     0     0
4687     0     0     0     0
4689     0     0     0     0
4691     0     0     0     0
4693     0     0     0     0
4695     0     0     0     0
4697     0     0     0     0
4699     0     0     0     0
4701     0     0     0     0
4703     0     0     0     0
4705     0     0     0     0
4707     0     0     0     0
4709     0     0     0     0
4711     0     0     0     0
4713     0     0     0     0
4715     0     0     0     0
4717     0     0     0     0
4719     0     0     0     0
4721     0     0     0     0
4723     0     0     0     0
4725     0     0     0     0
4727     0     0     0     0
4729     0     0     0     0
4731     0     0     0     0
4733     0     0     0     0
4735     0     0     0     0
4737     0     0     0     0
4739     0     0     0     0
4741     0     0     0     0
4743     0     0     0     0
4745     0     0     0     0
4747     0     0     0     0
4749     0     0     0     0
4751     0     0     0     0
4753     0     0     0     0
4755     0     0     0     0
4757     0     0     0     0
4759     0     0     0     0
4761     0     0     0     0
4763     0     0     0     0
4765     0     0     0     0
4767     0     0     0     0
4769     0     0     0     0
4771     0     0     0     0
4773     0     0     0     0
4775     0     0     0     0
4777     0     0     0     0
4779     0     0     0     0
4781     0     0     0     0
4783     0     0     0     0
4785     0     0     0     0
4787     0     0     0     0
4789     0     0     0     0
4791     0     0     0     0
4793     0     0     0     0
4795     0     0     0     0
4797     0     0     0     0
4799     0     0     0     0
4801     0     0     0     0
4803     0     0     0     0
4805     0     0     0     0
4807     0     0     0     0
4809     0     0     0     0
4811     0     0     0     0
4813     0     0     0     0
4815     0     0     0     0
4817     0     0     0     0
4819     0     0     0     0
4821     0     0     0     0
4823     0     0     0     0
4825     0     0     0     0
4827     0     0     0     0
4829     0     0     0     0
4831     0     0     0     0
4833     0     0     0     0
4835     0     0     0     0
4837     0     0     0     0
4839     0     0     0     0
4841     0     0     0     0
4843     0     0     0     0
4845     0     0     0     0
4847     0     0     0     0
4849     0     0     0     0
4851     0     0     0     0
4853     0     0     0     0
4855     0     0     0     0
4857     0     0     0     0
4859     0     0     0     0
4861     0     0     0     0
4863     0     0     0     0
4865     0     0     0     0
4867     0     0     0     0
4869     0     0     0     0
4871     0     0     0     0
4873     0     0     0     0
4875     0     0     0     0
4877     0     0     0     0
4879     0     0     0     0
4881     0     0     0     0
4883     0     0     0     0
4885     0     0     0     0
4887     0     0     0     0
4889     0     0     0     0
4891     0     0     0     0
4893     0     0     0     0
4895     0     0     0     0
4897     0     0     0     0
4899     0     0     0     0
4901     0     0     0     0
4903     0     0     0     0
4905     0     0     0     0
4907     0     0     0     0
4909     0     0     0     0
4911     0     0     0     0
4913     0     0     0     0
4915     0     0     0     0
4917     0     0     0     0
4919     0     0     0     0
4921     0     0     0     0
4923     0     0     0     0
4925     0     0     0     0
4927     0     0     0     0
4929     0     0     0     0
4931     0     0     0     0
4933     0     0     0     0
4935     0     0     0     0
4937     0     0     0     0
4939     0     0     0     0
4941     0     0     0     0
4943     0     0     0     0
4945     0     0     0     0
4947     0     0     0     0
4949     0     0     0     0
4951     0     0     0     0
4953     0     0     0     0
4955     0     0     0     0
4957     0     0     0     0
4959     0     0     0     0
4961     0     0     0     0
4963     0     0     0     0
4965     0     0     0     0
4967     0     0     0     0
4969     0     0     0     0
4971     0     0     0     0
4973     0     0     0     0
4975     0     0     0     0
4977     0     0     0     0
4979     0     0     0     0
4981     0     0     0     0
4983     0     0     0     0
4985     0     0     0     0
4987     0     0     0     0
4989     0     0     0     0
4991     0     0     0     0
4993     0     0     0     0
4995     0     0     0     0
4997     0     0     0     0
4999     0     0     0     0
