2    0     0     0     0     0     0     0
6    0     0     0     0     0     0     0
10    0     0     0     0     0     0     0
14    0     0     0     0     0     0     0
18    0     0     0     0     0     0     0
22    0     0     0     0     0     0     0
26    4.90584e-05     2.00992e-08     2.00992e-08     2.00992e-08     2.00992e-08     2.00992e-08     2.00992e-08
30    9.29528e-05     3.11673e-08     3.11673e-08     3.11673e-08     3.11673e-08     3.11673e-08     3.11673e-08
34    0.000121355     3.44168e-08     3.44168e-08     3.44168e-08     3.44168e-08     3.44168e-08     3.44168e-08
38    9.81169e-05     2.38264e-08     2.38264e-08     2.38264e-08     2.38264e-08     2.38264e-08     2.38264e-08
42    0.000126519     2.70256e-08     2.70256e-08     2.70256e-08     2.70256e-08     2.70256e-08     2.70256e-08
46    0.000157503     2.90735e-08     2.90735e-08     2.90735e-08     2.90735e-08     2.90735e-08     2.90735e-08
50    0.000201398     3.35097e-08     3.35097e-08     3.35097e-08     3.35097e-08     3.35097e-08     3.35097e-08
54    0.000211726     3.20122e-08     3.20122e-08     3.20122e-08     3.20122e-08     3.20122e-08     3.20122e-08
58    0.00021689     3.01562e-08     3.01562e-08     3.01562e-08     3.01562e-08     3.01562e-08     3.01562e-08
62    0.00024271     3.14126e-08     3.14126e-08     3.14126e-08     3.14126e-08     3.14126e-08     3.14126e-08
66    0.000263366     3.1894e-08     3.1894e-08     3.1894e-08     3.1894e-08     3.1894e-08     3.1894e-08
70    0.000214308     2.46432e-08     2.46432e-08     2.46432e-08     2.46432e-08     2.46432e-08     2.46432e-08
74    0.000237546     2.62117e-08     2.62117e-08     2.62117e-08     2.62117e-08     2.62117e-08     2.62117e-08
78    0.000299515     3.20343e-08     3.20343e-08     3.20343e-08     3.20343e-08     3.20343e-08     3.20343e-08
82    0.000276277     2.88605e-08     2.88605e-08     2.88605e-08     2.88605e-08     2.88605e-08     2.88605e-08
86    0.000345991     3.55875e-08     3.55875e-08     3.55875e-08     3.55875e-08     3.55875e-08     3.55875e-08
90    0.000281441     2.87162e-08     2.87162e-08     2.87162e-08     2.87162e-08     2.87162e-08     2.87162e-08
94    0.000364065     3.70896e-08     3.70896e-08     3.70896e-08     3.70896e-08     3.70896e-08     3.70896e-08
98    0.000366647     3.74931e-08     3.74931e-08     3.74931e-08     3.74931e-08     3.74931e-08     3.74931e-08
102    0.00039505     4.07252e-08     4.07252e-08     4.07252e-08     4.07252e-08     4.07252e-08     4.07252e-08
106    0.000384721     4.02561e-08     4.02561e-08     4.02561e-08     4.02561e-08     4.02561e-08     4.02561e-08
110    0.000475092     5.08248e-08     5.08248e-08     5.08248e-08     5.08248e-08     5.08248e-08     5.08248e-08
114    0.000464764     5.14959e-08     5.14959e-08     5.14959e-08     5.14959e-08     5.14959e-08     5.14959e-08
118    0.000444108     5.18636e-08     5.18636e-08     5.18636e-08     5.18636e-08     5.18636e-08     5.18636e-08
122    0.000488002     6.13115e-08     6.13115e-08     6.13115e-08     6.13115e-08     6.13115e-08     6.13115e-08
126    0.000500913     6.90549e-08     6.90549e-08     6.90549e-08     6.90549e-08     6.90549e-08     6.90549e-08
130    0.000531897     8.29496e-08     8.29496e-08     8.29496e-08     8.29496e-08     8.29496e-08     8.29496e-08
134    0.000495749     9.0498e-08     9.0498e-08     9.0498e-08     9.0498e-08     9.0498e-08     9.0498e-08
138    0.000524151     1.1442e-07     1.1442e-07     1.1442e-07     1.1442e-07     1.1442e-07     1.1442e-07
142    0.000642924     1.76501e-07     1.76501e-07     1.76501e-07     1.76501e-07     1.76501e-07     1.76501e-07
146    0.000537061     1.89787e-07     1.89787e-07     1.89787e-07     1.89787e-07     1.89787e-07     1.89787e-07
150    0.000513823     2.48853e-07     2.48853e-07     2.48853e-07     2.48853e-07     2.48853e-07     2.48853e-07
154    0.000606776     4.45056e-07     4.45056e-07     4.45056e-07     4.45056e-07     4.45056e-07     4.45056e-07
158    0.000686818     9.37283e-07     9.37283e-07     9.37283e-07     9.37283e-07     9.37283e-07     9.37283e-07
162    0.000640342     2.33451e-06     2.33451e-06     2.33451e-06     2.33451e-06     2.33451e-06     2.33451e-06
166    0.000617104     4.23898e-06     4.23898e-06     4.23898e-06     4.23898e-06     4.23898e-06     4.23898e-06
170    0.000653252     6.07608e-06     6.07608e-06     6.07608e-06     6.07608e-06     6.07608e-06     6.07608e-06
174    0.000743623     8.48058e-06     8.48058e-06     8.48058e-06     8.48058e-06     8.48058e-06     8.48058e-06
178    0.000735877     9.89069e-06     9.89069e-06     9.89069e-06     9.89069e-06     9.89069e-06     9.89069e-06
182    0.000761697     1.2265e-05     1.2265e-05     1.2265e-05     1.2265e-05     1.2265e-05     1.2265e-05
186    0.000815919     1.59583e-05     1.59583e-05     1.59583e-05     1.59583e-05     1.59583e-05     1.59583e-05
190    0.000681654     1.55128e-05     1.55128e-05     1.55128e-05     1.55128e-05     1.55128e-05     1.55128e-05
194    0.000722967     1.85507e-05     1.85507e-05     1.85507e-05     1.85507e-05     1.85507e-05     1.85507e-05
198    0.000735877     2.08767e-05     2.08767e-05     2.08767e-05     2.08767e-05     2.08767e-05     2.08767e-05
202    0.000818501     2.53739e-05     2.53739e-05     2.53739e-05     2.53739e-05     2.53739e-05     2.53739e-05
206    0.000779771     2.62806e-05     2.62806e-05     2.62806e-05     2.62806e-05     2.62806e-05     2.62806e-05
210    0.000751369     2.74255e-05     2.74255e-05     2.74255e-05     0.000229242     0.000313021     0.000170907
214    0.000877888     3.44617e-05     3.44617e-05     3.44617e-05     0.000436302     0.000603291     0.000320031
218    0.000803009     3.37341e-05     3.37341e-05     3.37341e-05     0.000460139     0.000637832     0.000336417
222    0.000996661     4.46544e-05     4.46544e-05     4.46544e-05     0.000467762     0.000644368     0.000344778
226    0.000950185     4.53674e-05     4.53674e-05     4.53674e-05     0.000459544     0.000632541     0.000339019
230    0.000947603     4.80577e-05     4.80577e-05     4.80577e-05     0.000463422     0.000637045     0.000342433
234    0.0010199     5.48507e-05     5.48507e-05     5.48507e-05     0.000462693     0.000633276     0.000343794
238    0.000924364     5.25399e-05     5.25399e-05     5.25399e-05     0.000436652     0.000597359     0.00032458
242    0.000950185     5.71032e-05     5.71032e-05     5.71032e-05     0.000454692     0.000621242     0.000338469
246    0.00103023     6.52357e-05     6.52357e-05     6.52357e-05     0.000479606     0.000653385     0.000358273
250    0.00107412     7.16307e-05     7.16307e-05     7.16307e-05     0.000463499     0.00062776     0.000348718
254    0.000963095     6.74842e-05     6.74842e-05     6.74842e-05     0.00044037     0.000596406     0.000331217
258    0.00115416     8.49877e-05     8.49877e-05     8.49877e-05     0.000463601     0.000621638     0.000352911
262    0.00106638     8.23845e-05     8.23845e-05     8.23845e-05     0.000463758     0.000622645     0.000352364
266    0.00106379     8.60881e-05     8.60881e-05     8.60881e-05     0.000450666     0.000602657     0.000344098
270    0.00111285     9.40936e-05     9.40936e-05     9.40936e-05     0.000438894     0.000582834     0.000337937
274    0.00110511     9.77394e-05     9.77394e-05     9.77394e-05     0.000441113     0.000584711     0.000340378
278    0.00106638     9.84653e-05     9.84653e-05     9.84653e-05     0.000447857     0.000594256     0.000345191
282    0.00113867     0.000109669     0.000109669     0.000109669     0.000454007     0.000598207     0.000352754
286    0.00133491     0.000134101     0.000134101     0.000134101     0.00046955     0.000609826     0.000370977
290    0.00125486     0.000131266     0.000131266     0.000131266     0.000457348     0.000593747     0.000361482
294    0.00127294     0.000138244     0.000138244     0.000138244     0.000470575     0.000609786     0.000372736
298    0.00118773     0.000134153     0.000134153     0.000134153     0.000461154     0.00059841     0.000364682
302    0.00123163     0.000144347     0.000144347     0.000144347     0.000464867     0.00059954     0.000370163
306    0.00127036     0.00015453     0.00015453     0.00015453     0.000472518     0.00060606     0.000378589
310    0.00126261     0.000159265     0.000159265     0.000159265     0.000471988     0.000603186     0.000379642
314    0.00128585     0.000168288     0.000168288     0.000168288     0.000486732     0.000620168     0.000392722
318    0.00149757     0.000202714     0.000202714     0.000202714     0.000512763     0.000642541     0.000421248
322    0.00145368     0.000203588     0.000203588     0.000203588     0.000520537     0.000653078     0.000426995
326    0.00156987     0.000227086     0.000227086     0.000227086     0.00055469     0.000691486     0.000458061
330    0.00164475     0.000245561     0.000245561     0.000245561     0.000550136     0.00067697     0.000460451
334    0.00151048     0.000232789     0.000232789     0.000232789     0.000555048     0.000688632     0.000460425
338    0.0015363     0.000244192     0.000244192     0.000244192     0.00056483     0.000696917     0.000471032
342    0.0014795     0.000242535     0.000242535     0.000242535     0.000564774     0.000696024     0.000471194
346    0.00161118     0.000273332     0.000273332     0.000273332     0.000591471     0.00071915     0.000500014
350    0.00163442     0.000287538     0.000287538     0.000287538     0.000612153     0.000741749     0.000519141
354    0.00166541     0.000307247     0.000307247     0.000307247     0.000643572     0.000778088     0.000547046
358    0.0017661     0.000341216     0.000341216     0.000341216     0.000693403     0.00083509     0.000591875
362    0.00153889     0.000311198     0.000311198     0.000311198     0.00066859     0.000813699     0.000564822
366    0.00188746     0.000398386     0.000398386     0.000398386     0.000768787     0.000919819     0.000660886
370    0.00167057     0.000367911     0.000367911     0.000367911     0.000764472     0.000926811     0.000648563
374    0.00192877     0.000443402     0.000443402     0.000443402     0.000856296     0.00102608     0.000735167
378    0.00194943     0.000467114     0.000467114     0.000467114     0.000845404     0.00100181     0.000733962
382    0.00184873     0.000461131     0.000461131     0.000461131     0.00088305     0.00105876     0.000758047
386    0.00195976     0.000507782     0.000507782     0.000507782     0.000937085     0.00111675     0.000809417
390    0.00201398     0.000540634     0.000540634     0.000540634     0.000982188     0.00116783     0.000850413
394    0.00203722     0.000566103     0.000566103     0.000566103     0.00102941     0.00122495     0.000890729
398    0.00216374     0.000621394     0.000621394     0.000621394     0.001058     0.00124297     0.000926928
402    0.0022257     0.00066058     0.00066058     0.00066058     0.00111476     0.00130821     0.000977832
406    0.00222312     0.000681175     0.000681175     0.000681175     0.00115902     0.00136341     0.0010145
410    0.00233673     0.000738543     0.000738543     0.000738543     0.00122011     0.0014269     0.00107401
414    0.00224378     0.000730894     0.000730894     0.000730894     0.00119296     0.00139207     0.00105238
418    0.00245034     0.000820627     0.000820627     0.000820627     0.00129902     0.00150583     0.00115308
422    0.00252264     0.000868437     0.000868437     0.000868437     0.00136439     0.00157996     0.00121246
426    0.00258977     0.000915654     0.000915654     0.000915654     0.00141399     0.00163149     0.00126085
430    0.00260784     0.000946126     0.000946126     0.000946126     0.00143725     0.00165231     0.00128593
434    0.0026569     0.000988528     0.000988528     0.000988528     0.00152678     0.00176311     0.00136057
438    0.00261559     0.000997579     0.000997579     0.000997579     0.00153134     0.00176623     0.00136622
442    0.00273178     0.00106776     0.00106776     0.00106776     0.00157905     0.00180525     0.00142025
446    0.00278342     0.00111429     0.00111429     0.00111429     0.00167287     0.00192131     0.0014987
450    0.00289445     0.00118432     0.00118432     0.00118432     0.00172442     0.00196572     0.00155543
454    0.00304937     0.00127548     0.00127548     0.00127548     0.00184743     0.0021038     0.00166801
458    0.00322495     0.00137753     0.00137753     0.00137753     0.00199968     0.00227914     0.00180419
462    0.00327659     0.00142955     0.00142955     0.00142955     0.00201778     0.00228215     0.00183281
466    0.00315781     0.00140636     0.00140636     0.00140636     0.00201418     0.00228725     0.00182302
470    0.00346249     0.00157356     0.00157356     0.00157356     0.00221041     0.00249657     0.00201004
474    0.00346249     0.00160477     0.00160477     0.00160477     0.00224552     0.00253369     0.00204374
478    0.00364582     0.00172157     0.00172157     0.00172157     0.00235787     0.00264454     0.00215718
482    0.00384463     0.00184982     0.00184982     0.00184982     0.00253464     0.00284456     0.00231791
486    0.00394533     0.00193361     0.00193361     0.00193361     0.0026748     0.00301155     0.00243956
490    0.00401505     0.00200343     0.00200343     0.00200343     0.00271048     0.00303263     0.00248559
494    0.00425776     0.00216216     0.00216216     0.00216216     0.00290185     0.00323955     0.00266619
498    0.00432489     0.00223314     0.00223314     0.00223314     0.00304047     0.00340947     0.00278298
502    0.00442042     0.00232152     0.00232152     0.00232152     0.00310624     0.00346579     0.00285552
506    0.0048258     0.00257645     0.00257645     0.00257645     0.00343585     0.0038307     0.00316063
510    0.00500913     0.0027191     0.0027191     0.0027191     0.0035655     0.0039557     0.00329374
514    0.00512273     0.00282607     0.00282607     0.00282607     0.00373371     0.0041536     0.00344152
518    0.00542225     0.00303909     0.00303909     0.00303909     0.00400373     0.00445159     0.00369233
522    0.00552553     0.00314553     0.00314553     0.00314553     0.00405096     0.00447305     0.0037578
526    0.00590509     0.00341368     0.00341368     0.00341368     0.00441701     0.00488551     0.00409165
530    0.00605226     0.00355019     0.00355019     0.00355019     0.00457547     0.00505469     0.00424271
534    0.0060755     0.00361683     0.00361683     0.00361683     0.00470971     0.00522084     0.00435481
538    0.00636469     0.00384324     0.00384324     0.00384324     0.00490811     0.00540626     0.00456216
542    0.00664355     0.00406969     0.00406969     0.00406969     0.00521415     0.00574984     0.00484203
546    0.00703601     0.00437428     0.00437428     0.00437428     0.00555343     0.00610597     0.00516967
550    0.00745688     0.00470557     0.00470557     0.00470557     0.00593346     0.00650967     0.00553331
554    0.00760922     0.0048762     0.0048762     0.0048762     0.00622865     0.00686451     0.00578725
558    0.00812563     0.00528525     0.00528525     0.00528525     0.00664071     0.00727953     0.00619759
562    0.00831928     0.00548635     0.00548635     0.00548635     0.00688224     0.00754247     0.0064247
566    0.00891315     0.00595729     0.00595729     0.00595729     0.00741282     0.00810294     0.00693476
570    0.0091068     0.00617219     0.00617219     0.00617219     0.00763945     0.00833642     0.00715681
574    0.00946828     0.0065232     0.0065232     0.0065232     0.00802486     0.00873935     0.00753024
578    0.00962837     0.00674759     0.00674759     0.00674759     0.00828634     0.00901936     0.007779
582    0.0101551     0.00723811     0.00723811     0.00723811     0.00879198     0.00953363     0.00827888
586    0.0106922     0.00775338     0.00775338     0.00775338     0.00935926     0.010127     0.00882817
590    0.0113971     0.00842663     0.00842663     0.00842663     0.0101104     0.0109168     0.00955266
594    0.0112731     0.00852641     0.00852641     0.00852641     0.0102087     0.0110161     0.00965053
598    0.0117611     0.00911106     0.00911106     0.00911106     0.0107898     0.0115974     0.0102319
602    0.012244     0.00971005     0.00971005     0.00971005     0.0114227     0.0122494     0.0108521
606    0.0128249     0.0104075     0.0104075     0.0104075     0.0121016     0.0129214     0.0115361
610    0.0130263     0.0108341     0.0108341     0.0108341     0.0124771     0.0132739     0.0119278
614    0.0132974     0.0113774     0.0113774     0.0113774     0.0129852     0.0137663     0.0124469
618    0.0132484     0.0116986     0.0116986     0.0116986     0.0132473     0.0140006     0.0127282
622    0.0136021     0.0124127     0.0124127     0.0124127     0.0138536     0.0145558     0.0133699
626    0.0133439     0.012606     0.012606     0.012606     0.0139551     0.0146136     0.0135016
630    0.013726     0.0134347     0.0134347     0.0134347     0.0147314     0.0153654     0.0142949
634    0.0132639     0.0134593     0.0134593     0.0134593     0.0145992     0.0151576     0.014215
638    0.0134678     0.0141925     0.0141925     0.0141925     0.0152298     0.015739     0.0148796
642    0.0129643     0.0142039     0.0142039     0.0142039     0.0150306     0.0154376     0.0147509
646    0.0127784     0.0145694     0.0145694     0.0145694     0.0152488     0.015584     0.0150186
650    0.0128559     0.0152476     0.0152476     0.0152476     0.0157887     0.0160561     0.0156051
654    0.0121846     0.0150206     0.0150206     0.0150206     0.015386     0.0152619     0.0155668
658    0.0119289     0.0152436     0.0152436     0.0152436     0.0154381     0.015372     0.0155344
662    0.0114409     0.0151222     0.0151222     0.0151222     0.0150949     0.0150813     0.0151042
666    0.0106896     0.0145833     0.0145833     0.0145833     0.0144024     0.0143122     0.0144642
670    0.010421     0.0146403     0.0146403     0.0146403     0.0143012     0.0141318     0.0144171
674    0.00993304     0.0143299     0.0143299     0.0143299     0.0138526     0.0136138     0.0140161
678    0.00951992     0.0140625     0.0140625     0.0140625     0.0134544     0.0131498     0.0136628
682    0.00884601     0.0133434     0.0133434     0.0133434     0.0125869     0.0122074     0.0128466
686    0.00826764     0.0127047     0.0127047     0.0127047     0.0118611     0.0114373     0.012151
690    0.00781837     0.0122233     0.0122233     0.0122233     0.0113024     0.0108388     0.0116194
694    0.00733811     0.0116637     0.0116637     0.0116637     0.0106574     0.0101494     0.0110044
698    0.0069947     0.0112867     0.0112867     0.0112867     0.0102189     0.00967847     0.0105879
702    0.00643698     0.0105257     0.0105257     0.0105257     0.0093868     0.00880852     0.00978128
706    0.00614522     0.0101688     0.0101688     0.0101688     0.00899981     0.00840517     0.0094053
710    0.00591542     0.00989949     0.00989949     0.00989949     0.0086767     0.00805368     0.00910137
714    0.00549971     0.00931055     0.00931055     0.00931055     0.00810207     0.00748536     0.00852228
718    0.00481031     0.00823315     0.00823315     0.00823315     0.00707687     0.00648584     0.00747948
722    0.00493167     0.00851791     0.00851791     0.00851791     0.00724625     0.0065942     0.00769
726    0.00446174     0.00776297     0.00776297     0.00776297     0.00654764     0.00592284     0.00697255
730    0.00405119     0.00709695     0.00709695     0.00709695     0.00593383     0.0053345     0.00634115
734    0.00383689     0.00677103     0.00677103     0.00677103     0.00561338     0.00501567     0.00601936
738    0.00369229     0.00656935     0.00656935     0.00656935     0.0054091     0.00480906     0.00581648
742    0.00362516     0.00650615     0.00650615     0.00650615     0.0052936     0.00466466     0.00572026
746    0.00339794     0.00615379     0.00615379     0.00615379     0.00497983     0.00436923     0.00539374
750    0.00328692     0.00600094     0.00600094     0.00600094     0.00477442     0.004135     0.00520759
754    0.00297966     0.00547773     0.00547773     0.00547773     0.00436899     0.00378975     0.00476114
758    0.00267756     0.00495325     0.00495325     0.00495325     0.00387122     0.00330501     0.0042544
762    0.00268014     0.00498981     0.00498981     0.00498981     0.00388997     0.00331301     0.00428023
766    0.00245292     0.00460072     0.00460072     0.00460072     0.00355348     0.0030027     0.00392574
770    0.00230575     0.00435924     0.00435924     0.00435924     0.00333013     0.00278766     0.00369653
774    0.0022257     0.0042446     0.0042446     0.0042446     0.00323901     0.00270772     0.00359764
778    0.00210435     0.00404827     0.00404827     0.00404827     0.00306056     0.00253753     0.00341337
782    0.00203205     0.00393834     0.00393834     0.00393834     0.00295258     0.00242879     0.00330551
786    0.0019107     0.00372827     0.00372827     0.00372827     0.00279087     0.00229131     0.00312717
790    0.00178676     0.00351002     0.00351002     0.00351002     0.00261085     0.00213044     0.00293402
794    0.00175578     0.00347373     0.00347373     0.00347373     0.00253761     0.00203633     0.00287463
798    0.00155954     0.00311039     0.00311039     0.00311039     0.00225333     0.00179345     0.00256233
802    0.00157503     0.00316825     0.00316825     0.00316825     0.00231618     0.00185771     0.00262401
806    0.00146659     0.00297657     0.00297657     0.00297657     0.00211996     0.00165788     0.00242997
810    0.00136847     0.0028013     0.0028013     0.0028013     0.00199765     0.00156299     0.00228902
814    0.00144593     0.00298514     0.00298514     0.00298514     0.00213653     0.0016763     0.00244478
818    0.00134523     0.00280022     0.00280022     0.00280022     0.00200854     0.00157813     0.00229657
822    0.00120839     0.00253539     0.00253539     0.00253539     0.00177333     0.00135845     0.0020509
826    0.00124454     0.00263151     0.00263151     0.00263151     0.00181739     0.00137379     0.00211414
830    0.00109994     0.00234539     0.00234539     0.00234539     0.00161089     0.00120945     0.00187918
834    0.00106379     0.00228822     0.00228822     0.00228822     0.00158872     0.00120443     0.0018451
838    0.00101215     0.00219629     0.00219629     0.00219629     0.00150837     0.0011283     0.00176143
842    0.000914036     0.002     0.002     0.002     0.00136265     0.00100927     0.00159766
846    0.000986333     0.00217691     0.00217691     0.00217691     0.00148497     0.00110151     0.00174009
850    0.000795263     0.00176973     0.00176973     0.00176973     0.0011693     0.000836253     0.00139083
854    0.000872724     0.0019599     0.0019599     0.0019599     0.00131312     0.000953416     0.00155219
858    0.000831412     0.0018844     0.0018844     0.0018844     0.00123153     0.00086682     0.00147356
862    0.000810755     0.00185428     0.00185428     0.00185428     0.00121808     0.00086065     0.00145483
866    0.00070231     0.00161998     0.00161998     0.00161998     0.00106119     0.000746267     0.00126957
870    0.000691982     0.00160992     0.00160992     0.00160992     0.00105279     0.000737853     0.00126095
874    0.000645506     0.00151429     0.00151429     0.00151429     0.000973233     0.000666613     0.00117573
878    0.000787517     0.00186296     0.00186296     0.00186296     0.00121342     0.000844374     0.00145697
882    0.000617104     0.0014723     0.0014723     0.0014723     0.000934538     0.000628203     0.00113651
886    0.000555135     0.00133612     0.00133612     0.00133612     0.000856353     0.0005825     0.0010368
890    0.00061194     0.00148686     0.00148686     0.00148686     0.000949761     0.000642022     0.00115227
894    0.000539643     0.00132253     0.00132253     0.00132253     0.000832017     0.000549814     0.00101746
898    0.000518987     0.00128462     0.00128462     0.00128462     0.000808279     0.000532644     0.000989031
902    0.000518987     0.00129623     0.00129623     0.00129623     0.000820391     0.000543999     0.00100141
906    0.000503495     0.00126911     0.00126911     0.00126911     0.000806218     0.000537162     0.000982392
910    0.00042087     0.00107024     0.00107024     0.00107024     0.000683173     0.000457838     0.000830648
914    0.000418288     0.00107374     0.00107374     0.00107374     0.00065413     0.000409176     0.000814303
918    0.00043378     0.00112347     0.00112347     0.00112347     0.000685647     0.000429061     0.000853209
922    0.000451854     0.0011816     0.0011816     0.0011816     0.000728199     0.000460991     0.000902325
926    0.000498331     0.00131466     0.00131466     0.00131466     0.000820539     0.000528412     0.0010107
930    0.000436362     0.00116197     0.00116197     0.00116197     0.000696809     0.000420934     0.000876185
934    0.000415706     0.00111681     0.00111681     0.00111681     0.000649733     0.000371936     0.00083018
938    0.000369229     0.00100122     0.00100122     0.00100122     0.000579039     0.00032726     0.000742451
942    0.000415706     0.00113841     0.00113841     0.00113841     0.000690871     0.000423235     0.000864417
946    0.000369229     0.0010199     0.0010199     0.0010199     0.000614448     0.000371478     0.000771887
950    0.000322753     0.000899842     0.000899842     0.000899842     0.000537774     0.000320124     0.00067865
954    0.000343409     0.000966173     0.000966173     0.000966173     0.000569107     0.000329456     0.000723992
958    0.000315007     0.000894577     0.000894577     0.000894577     0.000519328     0.000291802     0.000666116
962    0.000273694     0.000784634     0.000784634     0.000784634     0.00047367     0.000283956     0.00059577
966    0.000286605     0.000829598     0.000829598     0.000829598     0.000501094     0.000299937     0.000630406
970    0.000250456     0.000731813     0.000731813     0.000731813     0.000417089     0.000223648     0.000541266
974    0.000253038     0.000746317     0.000746317     0.000746317     0.000416193     0.000212571     0.000546725
978    0.000245292     0.00073032     0.00073032     0.00073032     0.000434016     0.000250631     0.000551425
982    0.00025562     0.000767833     0.000767833     0.000767833     0.000438897     0.000234528     0.000569571
986    0.000227218     0.000689182     0.000689182     0.000689182     0.000389667     0.000203001     0.00050888
990    0.000240128     0.000734695     0.000734695     0.000734695     0.000431572     0.00024226     0.000552389
994    0.000224636     0.000694409     0.000694409     0.000694409     0.000383797     0.000189211     0.000507849
998    0.000224636     0.000700899     0.000700899     0.000700899     0.000389749     0.000194256     0.000514235
1002    0.000193652     0.000610122     0.000610122     0.000610122     0.00030628     0.0001146     0.000428158
1006    0.000201398     0.000640903     0.000640903     0.000640903     0.000347525     0.000161813     0.000465448
1010    0.000188488     0.000605443     0.000605443     0.000605443     0.000335456     0.000164076     0.000444169
1014    0.00020398     0.000661855     0.000661855     0.000661855     0.000366404     0.000178256     0.000485617
1018    0.000183324     0.000600617     0.000600617     0.000600617     0.000331774     0.000159954     0.000440487
1022    0.000185906     0.000614928     0.000614928     0.000614928     0.000344166     0.000170337     0.000453961
1026    0.000157503     0.000526257     0.000526257     0.000526257     0.000280423     0.000122115     0.0003803
1030    0.00017816     0.000601133     0.000601133     0.000601133     0.000328943     0.000152979     0.000439791
1034    0.000160085     0.000545513     0.000545513     0.000545513     0.000304907     0.000148815     0.0004031
1038    0.000149757     0.000515818     0.000515818     0.000515818     0.000280352     0.000127029     0.000376662
1042    0.000149757     0.0005211     0.0005211     0.0005211     0.000276451     0.000116367     0.000376815
1046    0.000157503     0.000552814     0.000552814     0.000552814     0.000287556     0.000113404     0.000396602
1050    0.000154921     0.000550211     0.000550211     0.000550211     0.000288146     0.000115255     0.000396197
1054    0.000147175     0.00052713     0.00052713     0.00052713     0.000290658     0.000134245     0.00038831
1058    0.000139429     0.000504611     0.000504611     0.000504611     0.00026162     0.000100219     0.00036222
1062    0.000123937     0.000453187     0.000453187     0.000453187     0.000239189     9.63101e-05     0.000328064
1066    0.000129101     0.000476677     0.000476677     0.000476677     0.000255831     0.000107801     0.000347766
1070    0.000111027     0.000413997     0.000413997     0.000413997     0.000216549     8.37067e-05     0.000298927
1074    0.000108445     0.00040877     0.00040877     0.00040877     0.000215017     8.40717e-05     0.000296069
1078    0.000139429     0.000530615     0.000530615     0.000530615     0.000292986     0.000131783     0.000392611
1082    0.000111027     0.000426646     0.000426646     0.000426646     0.000214571     6.99317e-05     0.000303768
1086    0.000113609     0.000440762     0.000440762     0.000440762     0.000221935     7.21245e-05     0.000314182
1090    0.000105863     0.000414955     0.000414955     0.000414955     0.000226221     9.647e-05     0.000305981
1094    0.000113609     0.00044985     0.00044985     0.00044985     0.000231083     8.00055e-05     0.000323779
1098    9.55349e-05     0.00038217     0.00038217     0.00038217     0.000188515     5.4231e-05     0.000270759
1102    0.000105863     0.000427588     0.000427588     0.000427588     0.000212986     6.33413e-05     0.000304424
1106    8.52068e-05     0.000347242     0.000347242     0.000347242     0.000187461     7.56922e-05     0.000255672
1110    0.000105863     0.000436012     0.000436012     0.000436012     0.000223955     7.48799e-05     0.000314749
1114    8.00427e-05     0.000332943     0.000332943     0.000332943     0.000178952     7.02637e-05     0.000245036
1118    8.52068e-05     0.000358189     0.000358189     0.000358189     0.000170864     3.80197e-05     0.00025147
1122    0.000108445     0.00046006     0.00046006     0.00046006     0.000242986     8.81833e-05     0.000336701
1126    9.03708e-05     0.00038725     0.00038725     0.00038725     0.000192056     5.22391e-05     0.000276538
1130    8.00427e-05     0.000346295     0.000346295     0.000346295     0.000167665     3.91956e-05     0.000245163
1134    6.71326e-05     0.000293406     0.000293406     0.000293406     0.000149569     4.56369e-05     0.000212144
1138    9.03708e-05     0.000398937     0.000398937     0.000398937     0.000201255     5.78317e-05     0.000287454
1142    8.26248e-05     0.00036784     0.00036784     0.00036784     0.000188853     5.82456e-05     0.000267156
1146    9.03708e-05     0.000406204     0.000406204     0.000406204     0.000191767     3.46128e-05     0.000285804
1150    6.71326e-05     0.00030498     0.00030498     0.00030498     0.000142458     2.28202e-05     0.000213908
1154    6.19686e-05     0.000284012     0.000284012     0.000284012     0.000154296     5.84573e-05     0.000211442
1158    4.64764e-05     0.000215211     0.000215211     0.000215211     0.000112374     3.60092e-05     0.000157811
1162    7.48787e-05     0.000349997     0.000349997     0.000349997     0.000178598     5.05754e-05     0.000254579
1166    9.29528e-05     0.000438253     0.000438253     0.000438253     0.000213311     4.45899e-05     0.000313265
1170    8.52068e-05     0.000405684     0.000405684     0.000405684     0.000204695     5.32622e-05     0.000294232
1174    9.03708e-05     0.000434883     0.000434883     0.000434883     0.000228962     7.30359e-05     0.000320956
1178    7.22967e-05     0.000350671     0.000350671     0.000350671     0.000183141     5.58049e-05     0.000258143
1182    8.26248e-05     0.000404435     0.000404435     0.000404435     0.000202393     4.79282e-05     0.000293141
1186    4.64764e-05     0.000229533     0.000229533     0.000229533     0.000106313     1.17738e-05     0.000161764
1190    6.19686e-05     0.00030891     0.00030891     0.00030891     0.000151064     2.94492e-05     0.000222264
1194    5.93865e-05     0.000299118     0.000299118     0.000299118     0.000151361     3.68711e-05     0.000218225
1198    7.74607e-05     0.000393696     0.000393696     0.000393696     0.000189534     3.06893e-05     0.000282132
1202    5.42225e-05     0.000278145     0.000278145     0.000278145     0.000143356     3.78684e-05     0.000204687
1206    5.68045e-05     0.000294087     0.000294087     0.000294087     0.000138647     1.64269e-05     0.000209559
1210    4.90584e-05     0.000256153     0.000256153     0.000256153     0.000131004     3.22233e-05     0.000188217
1214    4.90584e-05     0.000258659     0.000258659     0.000258659     0.000111466     -5.19505e-06     0.000178908
1218    5.93865e-05     0.000315943     0.000315943     0.000315943     0.000153497     2.41325e-05     0.000228125
1222    5.93865e-05     0.000318886     0.000318886     0.000318886     0.000164308     4.04813e-05     0.000235546
1226    4.90584e-05     0.000265898     0.000265898     0.000265898     0.000132116     2.44685e-05     0.000193924
1230    4.90584e-05     0.000268123     0.000268123     0.000268123     0.000132862     2.35508e-05     0.000195501
1234    4.64764e-05     0.000256145     0.000256145     0.000256145     0.000116955     3.91462e-06     0.000181584
1238    4.64764e-05     0.00025864     0.00025864     0.00025864     0.000132966     3.05095e-05     0.000191438
1242    4.13124e-05     0.000231638     0.000231638     0.000231638     0.000106224     3.39497e-06     0.000164761
1246    3.09843e-05     0.000175412     0.000175412     0.000175412     8.35075e-05     7.80112e-06     0.00012651
1250    3.61483e-05     0.000206282     0.000206282     0.000206282     9.23083e-05     -1.90971e-06     0.000145739
1254    4.38944e-05     0.00025288     0.00025288     0.00025288     0.000110748     -7.29198e-06     0.000177548
1258    4.13124e-05     0.000239946     0.000239946     0.000239946     0.000109763     1.12029e-06     0.000171103
1262    3.61483e-05     0.000212035     0.000212035     0.000212035     0.000103358     1.2127e-05     0.000154725
1266    4.13124e-05     0.000244322     0.000244322     0.000244322     0.000120305     1.56665e-05     0.000179087
1270    4.64764e-05     0.000276913     0.000276913     0.000276913     0.000132641     1.04181e-05     0.000201171
1274    3.87304e-05     0.000232856     0.000232856     0.000232856     0.000104529     -4.62536e-06     0.000165614
1278    3.35663e-05     0.000203677     0.000203677     0.000203677     9.36825e-05     -3.00866e-07     0.000146166
1282    2.06562e-05     0.000126217     0.000126217     0.000126217     5.27312e-05     -1.04329e-05     8.79031e-05
1286    3.35663e-05     0.000206975     0.000206975     0.000206975     9.48599e-05     -1.97813e-06     0.000148661
1290    1.80742e-05     0.000112334     0.000112334     0.000112334     4.50849e-05     -1.32597e-05     7.74339e-05
1294    3.09843e-05     0.000194238     0.000194238     0.000194238     9.25056e-05     3.87129e-06     0.000141552
1298    3.61483e-05     0.00022847     0.00022847     0.00022847     0.000105362     -2.34765e-06     0.000164842
1302    2.84023e-05     0.000180933     0.000180933     0.000180933     8.19153e-05     -5.23774e-06     0.000129903
1306    2.58202e-05     0.000165904     0.000165904     0.000165904     6.63108e-05     -2.18435e-05     0.000114719
1310    3.87304e-05     0.000250942     0.000250942     0.000250942     0.000119667     3.07446e-06     0.000183588
1314    3.35663e-05     0.000219209     0.000219209     0.000219209     0.000104288     1.75384e-06     0.000160379
1318    3.09843e-05     0.000203939     0.000203939     0.000203939     9.59323e-05     -8.69377e-07     0.000148769
1322    5.16405e-05     0.000342613     0.000342613     0.000342613     0.000175604     2.50192e-05     0.000257561
1326    1.54921e-05     0.000103575     0.000103575     0.000103575     4.41025e-05     -9.75628e-06     7.3353e-05
1330    3.35663e-05     0.000226245     0.000226245     0.000226245     0.000111873     7.86375e-06     0.000168245
1334    2.84023e-05     0.000193083     0.000193083     0.000193083     9.44916e-05     4.4661e-06     0.000143187
1338    2.06562e-05     0.000141499     0.000141499     0.000141499     6.80256e-05     5.59656e-07     0.000104417
1342    7.74607e-06     5.35122e-05     5.35122e-05     5.35122e-05     2.26645e-05     -5.83182e-06     3.79914e-05
1346    1.03281e-05     7.1909e-05     7.1909e-05     7.1909e-05     3.68186e-05     4.2541e-06     5.4294e-05
1350    2.58202e-05     0.000181114     0.000181114     0.000181114     8.47052e-05     -5.17088e-06     0.000132827
1354    3.09843e-05     0.000219113     0.000219113     0.000219113     0.000111848     1.12826e-05     0.000165541
1358    4.13124e-05     0.000294439     0.000294439     0.000294439     0.000140611     -4.12088e-06     0.000217748
1362    1.29101e-05     9.27554e-05     9.27554e-05     9.27554e-05     2.96283e-05     -3.01292e-05     6.13816e-05
1366    7.74607e-06     5.59564e-05     5.59564e-05     5.59564e-05     2.3687e-05     -6.96749e-06     3.99467e-05
1370    1.80742e-05     0.000131804     0.000131804     0.000131804     6.22984e-05     -4.0928e-06     9.74173e-05
1374    1.54921e-05     0.000113783     0.000113783     0.000113783     5.78365e-05     4.16879e-06     8.61655e-05
1378    1.54921e-05     0.00011472     0.00011472     0.00011472     5.79865e-05     3.28397e-06     8.67861e-05
1382    1.80742e-05     0.000134654     0.000134654     0.000134654     5.19052e-05     -2.83747e-05     9.40393e-05
1386    2.32382e-05     0.000174338     0.000174338     0.000174338     8.81293e-05     4.09364e-06     0.000132129
1390    5.16405e-06     3.90161e-05     3.90161e-05     3.90161e-05     1.97327e-05     9.09739e-07     2.95815e-05
1394    2.32382e-05     0.000176972     0.000176972     0.000176972     8.40939e-05     -7.24501e-06     0.000131703
1398    2.06562e-05     0.000158562     0.000158562     0.000158562     7.49818e-05     -7.61095e-06     0.000117928
1402    2.32382e-05     0.000179672     0.000179672     0.000179672     8.52947e-05     -8.54273e-06     0.000133935
1406    7.74607e-06     6.04673e-05     6.04673e-05     6.04673e-05     1.90742e-05     -2.2341e-05     4.04716e-05
1410    2.32382e-05     0.000182335     0.000182335     0.000182335     8.49766e-05     -1.27236e-05     0.000135378
1414    1.80742e-05     0.000142786     0.000142786     0.000142786     6.65799e-05     -1.02654e-05     0.000106124
1418    1.29101e-05     0.00010281     0.00010281     0.00010281     4.15783e-05     -2.04499e-05     7.34212e-05
1422    7.74607e-06     6.20871e-05     6.20871e-05     6.20871e-05     3.09053e-05     -8.74621e-07     4.71697e-05
1426    1.80742e-05     0.000146054     0.000146054     0.000146054     6.61439e-05     -1.57391e-05     0.000107931
1430    2.58202e-05     0.000210077     0.000210077     0.000210077     9.96404e-05     -1.40209e-05     0.000157513
1434    1.29101e-05     0.000105895     0.000105895     0.000105895     4.77404e-05     -1.2544e-05     7.83212e-05
1438    1.29101e-05     0.000106481     0.000106481     0.000106481     5.2895e-05     -2.74498e-06     8.10958e-05
1442    2.32382e-05     0.00019317     0.00019317     0.00019317     9.6086e-05     -5.34386e-06     0.00014733
1446    2.06562e-05     0.000172849     0.000172849     0.000172849     8.54614e-05     -6.41251e-06     0.000131723
1450    2.06562e-05     0.00017416     0.00017416     0.00017416     8.6136e-05     -6.83598e-06     0.000132837
1454    1.29101e-05     0.000109444     0.000109444     0.000109444     5.41335e-05     -4.45e-06     8.35173e-05
1458    1.29101e-05     0.000110092     0.000110092     0.000110092     4.95375e-05     -1.49235e-05     8.17836e-05
1462    5.16405e-06     4.44343e-05     4.44343e-05     4.44343e-05     1.69833e-05     -1.24208e-05     3.16432e-05
1466    5.16405e-06     4.46547e-05     4.46547e-05     4.46547e-05     2.19842e-05     -2.45177e-06     3.4127e-05
1470    1.03281e-05     9.00677e-05     9.00677e-05     9.00677e-05     3.11739e-05     -3.24938e-05     6.27622e-05
1474    1.54921e-05     0.000136053     0.000136053     0.000136053     6.69521e-05     -8.15402e-06     0.000104108
1478    0     0     0     0     -4.93964e-06     -1.03311e-05     -2.27842e-06
1482    2.58202e-06     2.28871e-05     2.28871e-05     2.28871e-05     9.60597e-06     -4.98107e-06     1.67819e-05
1486    7.74607e-06     6.94206e-05     6.94206e-05     6.94206e-05     2.58628e-05     -2.2196e-05     4.9448e-05
1490    5.16405e-06     4.65883e-05     4.65883e-05     4.65883e-05     2.28574e-05     -3.53535e-06     3.57543e-05
1494    0     0     0     0     0     0     0
1498    1.29101e-05     0.000117948     0.000117948     0.000117948     5.76436e-05     -9.84898e-06     9.05105e-05
1502    2.06562e-05     0.000190005     0.000190005     0.000190005     8.81205e-05     -2.663e-05     0.00014381
1506    1.03281e-05     9.54966e-05     9.54966e-05     9.54966e-05     4.6743e-05     -8.33963e-06     7.34297e-05
1510    2.58202e-06     2.40796e-05     2.40796e-05     2.40796e-05     5.15653e-06     -1.64257e-05     1.55591e-05
1514    2.58202e-06     2.41883e-05     2.41883e-05     2.41883e-05     2.14507e-07     -2.72004e-05     1.34092e-05
1518    1.03281e-05     9.73656e-05     9.73656e-05     9.73656e-05     4.24905e-05     -2.04931e-05     7.27425e-05
1522    1.54921e-05     0.000146897     0.000146897     0.000146897     7.1759e-05     -1.50302e-05     0.000113299
1526    1.03281e-05     9.87025e-05     9.87025e-05     9.87025e-05     4.80952e-05     -1.07313e-05     7.61532e-05
1530    2.58202e-06     2.48397e-05     2.48397e-05     2.48397e-05     7.0836e-06     -1.36499e-05     1.6948e-05
1534    1.03281e-05     9.97541e-05     9.97541e-05     9.97541e-05     4.84621e-05     -1.15366e-05     7.69799e-05
1538    1.54921e-05     0.000150784     0.000150784     0.000150784     7.15934e-05     -2.16221e-05     0.000115747
1542    1.03281e-05     0.000101256     0.000101256     0.000101256     4.41776e-05     -2.34375e-05     7.60915e-05
1546    5.16405e-06     5.09851e-05     5.09851e-05     5.09851e-05     2.13656e-05     -1.39441e-05     3.7973e-05
1550    2.58202e-06     2.56851e-05     2.56851e-05     2.56851e-05     4.11154e-06     -2.17316e-05     1.62335e-05
1554    1.03281e-05     0.000103121     0.000103121     0.000103121     4.50052e-05     -2.48147e-05     7.77014e-05
1558    5.16405e-06     5.1874e-05     5.1874e-05     5.1874e-05     1.67684e-05     -2.56121e-05     3.65614e-05
1562    7.74607e-06     7.8277e-05     7.8277e-05     7.8277e-05     3.12762e-05     -2.58262e-05     5.7849e-05
1566    2.58202e-06     2.63121e-05     2.63121e-05     2.63121e-05     7.68872e-06     -1.50802e-05     1.82469e-05
1570    5.16405e-06     5.27773e-05     5.27773e-05     5.27773e-05     2.05025e-05     -1.90616e-05     3.88212e-05
1574    1.03281e-05     0.000106213     0.000106213     0.000106213     5.14006e-05     -1.61433e-05     8.25816e-05
1578    0     0     0     0     -5.02317e-06     -1.12427e-05     -2.15986e-06
1582    7.74607e-06     8.05561e-05     8.05561e-05     8.05561e-05     3.8961e-05     -1.28625e-05     6.27363e-05
1586    5.16405e-06     5.42051e-05     5.42051e-05     5.42051e-05     1.61321e-05     -3.16048e-05     3.79527e-05
1590    1.03281e-05     0.000108609     0.000108609     0.000108609     5.24611e-05     -1.79389e-05     8.46411e-05
1594    2.58202e-06     2.73227e-05     2.73227e-05     2.73227e-05     1.32064e-05     -4.60429e-06     2.13186e-05
1598    2.58202e-06     2.75846e-05     2.75846e-05     2.75846e-05     1.32988e-05     -4.83997e-06     2.15303e-05
1602    7.74607e-06     8.31421e-05     8.31421e-05     8.31421e-05     3.51081e-05     -2.62641e-05     6.28592e-05
1606    2.58202e-06     2.79068e-05     2.79068e-05     2.79068e-05     1.34682e-05     -5.09505e-06     2.18322e-05
1610    5.16405e-06     5.60834e-05     5.60834e-05     5.60834e-05     2.2083e-05     -2.17883e-05     4.18088e-05
1614    7.74607e-06     8.44675e-05     8.44675e-05     8.44675e-05     3.58494e-05     -2.70508e-05     6.40877e-05
1618    1.03281e-05     0.000113205     0.000113205     0.000113205     4.95654e-05     -3.32856e-05     8.66253e-05
1622    0     0     0     0     0     0     0
1626    0     0     0     0     0     0     0
1630    5.16405e-06     5.75457e-05     5.75457e-05     5.75457e-05     2.77396e-05     -1.15537e-05     4.51878e-05
1634    1.29101e-05     0.00014485     0.00014485     0.00014485     6.98705e-05     -2.95896e-05     0.000113877
1638    2.58202e-06     2.91535e-05     2.91535e-05     2.91535e-05     1.40207e-05     -6.18066e-06     2.29253e-05
1642    5.16405e-06     5.87027e-05     5.87027e-05     5.87027e-05     2.8254e-05     -1.26452e-05     4.62171e-05
1646    5.16405e-06     5.89039e-05     5.89039e-05     5.89039e-05     2.83405e-05     -1.28429e-05     4.63943e-05
1650    7.74607e-06     8.8885e-05     8.8885e-05     8.8885e-05     3.77585e-05     -3.15218e-05     6.80283e-05
1654    7.74607e-06     8.95407e-05     8.95407e-05     8.95407e-05     4.31179e-05     -2.02874e-05     7.06921e-05
1658    2.58202e-06     3.00113e-05     3.00113e-05     3.00113e-05     9.39667e-06     -1.88176e-05     2.16517e-05
1662    2.58202e-06     3.02003e-05     3.02003e-05     3.02003e-05     1.45861e-05     -6.91874e-06     2.38921e-05
1666    0     0     0     0     0     0     0
1670    0     0     0     0     0     0     0
1674    0     0     0     0     0     0     0
1678    2.58202e-06     3.08533e-05     3.08533e-05     3.08533e-05     1.48693e-05     -7.56148e-06     2.44679e-05
1682    0     0     0     0     0     0     0
1686    2.58202e-06     3.11813e-05     3.11813e-05     3.11813e-05     1.502e-05     -7.94637e-06     2.47734e-05
1690    1.54921e-05     0.000187977     0.000187977     0.000187977     9.05449e-05     -4.84854e-05     0.000149443
1694    2.58202e-06     3.14598e-05     3.14598e-05     3.14598e-05     1.01219e-05     -2.04336e-05     2.30391e-05
1698    0     0     0     0     0     0     0
1702    2.58202e-06     3.17398e-05     3.17398e-05     3.17398e-05     1.02335e-05     -2.09035e-05     2.33096e-05
1706    5.16405e-06     6.40564e-05     6.40564e-05     6.40564e-05     3.08436e-05     -1.75465e-05     5.10867e-05
1710    1.03281e-05     0.000128622     0.000128622     0.000128622     6.19845e-05     -3.55621e-05     0.000102675
1714    2.58202e-06     3.23892e-05     3.23892e-05     3.23892e-05     1.56451e-05     -9.0569e-06     2.59005e-05
1718    1.54921e-05     0.000194904     0.000194904     0.000194904     9.41452e-05     -5.45005e-05     0.000155858
1722    2.58202e-06     3.26918e-05     3.26918e-05     3.26918e-05     1.5814e-05     -9.24212e-06     2.61763e-05
1726    5.16405e-06     6.56116e-05     6.56116e-05     6.56116e-05     3.00434e-05     -2.29178e-05     5.19063e-05
1730    0     0     0     0     0     0     0
1734    0     0     0     0     0     0     0
1738    2.58202e-06     3.32619e-05     3.32619e-05     3.32619e-05     1.60895e-05     -9.88577e-06     2.67093e-05
1742    5.16405e-06     6.70425e-05     6.70425e-05     6.70425e-05     3.25602e-05     -1.99293e-05     5.39358e-05
1746    2.58202e-06     3.36972e-05     3.36972e-05     3.36972e-05     1.63038e-05     -1.03391e-05     2.71115e-05
1750    0     0     0     0     0     0     0
1754    0     0     0     0     0     0     0
1758    2.58202e-06     3.42265e-05     3.42265e-05     3.42265e-05     1.65975e-05     -1.07442e-05     2.76035e-05
1762    2.58202e-06     3.44139e-05     3.44139e-05     3.44139e-05     1.67028e-05     -1.09384e-05     2.77862e-05
1766    5.16405e-06     6.91337e-05     6.91337e-05     6.91337e-05     3.34599e-05     -2.2564e-05     5.58365e-05
1770    5.16405e-06     6.93001e-05     6.93001e-05     6.93001e-05     3.35404e-05     -2.26183e-05     5.59709e-05
1774    5.16405e-06     6.97402e-05     6.97402e-05     6.97402e-05     2.88465e-05     -3.57731e-05     5.45567e-05
1778    2.58202e-06     3.50985e-05     3.50985e-05     3.50985e-05     1.70394e-05     -1.16779e-05     2.84196e-05
1782    0     0     0     0     0     0     0
1786    0     0     0     0     0     0     0
1790    1.03281e-05     0.000142314     0.000142314     0.000142314     6.43206e-05     -6.18471e-05     0.000113782
1794    0     0     0     0     0     0     0
1798    5.16405e-06     7.17928e-05     7.17928e-05     7.17928e-05     3.50385e-05     -2.48776e-05     5.8413e-05
1802    2.58202e-06     3.59864e-05     3.59864e-05     3.59864e-05     1.75382e-05     -1.2722e-05     2.92969e-05
1806    0     0     0     0     -4.98307e-06     -1.31568e-05     -1.8069e-06
1810    0     0     0     0     0     0     0
1814    5.16405e-06     7.30613e-05     7.30613e-05     7.30613e-05     3.56513e-05     -2.64805e-05     5.96035e-05
1818    2.58202e-06     3.68024e-05     3.68024e-05     3.68024e-05     1.79558e-05     -1.35424e-05     3.00495e-05
1822    2.58202e-06     3.68547e-05     3.68547e-05     3.68547e-05     1.80095e-05     -1.36795e-05     3.01289e-05
1826    2.58202e-06     3.71651e-05     3.71651e-05     3.71651e-05     1.8195e-05     -1.39007e-05     3.04216e-05
1830    2.58202e-06     3.72902e-05     3.72902e-05     3.72902e-05     1.82747e-05     -1.40977e-05     3.05576e-05
1834    1.03281e-05     0.000149834     0.000149834     0.000149834     7.34668e-05     -5.6741e-05     0.000122823
1838    7.74607e-06     0.000112732     0.000112732     0.000112732     5.53604e-05     -4.2906e-05     9.25006e-05
1842    5.16405e-06     7.55673e-05     7.55673e-05     7.55673e-05     3.20961e-05     -4.28177e-05     6.02986e-05
1846    0     0     0     0     -4.92476e-06     -1.34646e-05     -1.72285e-06
1850    2.58202e-06     3.82324e-05     3.82324e-05     3.82324e-05     1.87941e-05     -1.51161e-05     3.14595e-05
1854    5.16405e-06     7.66382e-05     7.66382e-05     7.66382e-05     3.76733e-05     -3.03007e-05     6.30616e-05
1858    0     0     0     0     0     0     0
1862    5.16405e-06     7.7325e-05     7.7325e-05     7.7325e-05     3.81838e-05     -3.09457e-05     6.37953e-05
1866    0     0     0     0     -4.92638e-06     -1.36803e-05     -1.69606e-06
1870    2.58202e-06     3.90243e-05     3.90243e-05     3.90243e-05     1.92464e-05     -1.58977e-05     3.22152e-05
1874    5.16405e-06     7.82977e-05     7.82977e-05     7.82977e-05     3.87081e-05     -3.2065e-05     6.4722e-05
1878    0     0     0     0     0     0     0
1882    2.58202e-06     3.95843e-05     3.95843e-05     3.95843e-05     1.46575e-05     -3.04475e-05     3.11049e-05
1886    0     0     0     0     0     0     0
1890    0     0     0     0     0     0     0
1894    0     0     0     0     0     0     0
1898    0     0     0     0     -3.25806e-06     -9.26101e-06     -1.09511e-06
1902    0     0     0     0     0     0     0
1906    0     0     0     0     0     0     0
1910    2.58202e-06     4.07285e-05     4.07285e-05     4.07285e-05     2.0299e-05     -1.7795e-05     3.39164e-05
1914    0     0     0     0     0     0     0
1918    0     0     0     0     0     0     0
1922    0     0     0     0     0     0     0
1926    0     0     0     0     0     0     0
1930    0     0     0     0     0     0     0
1934    2.58202e-06     4.18722e-05     4.18722e-05     4.18722e-05     2.10186e-05     -1.9038e-05     3.50562e-05
1938    0     0     0     0     0     0     0
1942    2.58202e-06     4.21578e-05     4.21578e-05     4.21578e-05     2.12186e-05     -1.94792e-05     3.53679e-05
1946    2.58202e-06     4.23746e-05     4.23746e-05     4.23746e-05     1.65673e-05     -3.38871e-05     3.40394e-05
1950    0     0     0     0     0     0     0
1954    0     0     0     0     0     0     0
1958    0     0     0     0     0     0     0
1962    0     0     0     0     0     0     0
1966    2.58202e-06     4.32203e-05     4.32203e-05     4.32203e-05     2.19054e-05     -2.05005e-05     3.64176e-05
1970    2.58202e-06     4.34573e-05     4.34573e-05     4.34573e-05     2.19864e-05     -2.09774e-05     3.6632e-05
1974    0     0     0     0     0     0     0
1978    2.58202e-06     4.38484e-05     4.38484e-05     4.38484e-05     2.22654e-05     -2.14235e-05     3.70416e-05
1982    0     0     0     0     0     0     0
1986    2.58202e-06     4.41704e-05     4.41704e-05     4.41704e-05     1.77416e-05     -3.63727e-05     3.59008e-05
1990    0     0     0     0     0     0     0
1994    0     0     0     0     0     0     0
1998    0     0     0     0     0     0     0
2002    5.16405e-06     8.99506e-05     8.99506e-05     8.99506e-05     8.99506e-05     8.99506e-05     8.99506e-05
2006    0     0     0     0     0     0     0
2010    2.58202e-06     4.52688e-05     4.52688e-05     4.52688e-05     4.52688e-05     4.52688e-05     4.52688e-05
2014    0     0     0     0     0     0     0
2018    0     0     0     0     0     0     0
2022    2.58202e-06     4.58697e-05     4.58697e-05     4.58697e-05     4.58697e-05     4.58697e-05     4.58697e-05
2026    0     0     0     0     0     0     0
2030    0     0     0     0     0     0     0
2034    2.58202e-06     4.62645e-05     4.62645e-05     4.62645e-05     4.62645e-05     4.62645e-05     4.62645e-05
2038    2.58202e-06     4.66211e-05     4.66211e-05     4.66211e-05     4.66211e-05     4.66211e-05     4.66211e-05
2042    0     0     0     0     0     0     0
2046    0     0     0     0     0     0     0
2050    0     0     0     0     0     0     0
2054    0     0     0     0     0     0     0
2058    2.58202e-06     4.74946e-05     4.74946e-05     4.74946e-05     4.74946e-05     4.74946e-05     4.74946e-05
2062    0     0     0     0     0     0     0
2066    0     0     0     0     0     0     0
2070    2.58202e-06     4.79655e-05     4.79655e-05     4.79655e-05     4.79655e-05     4.79655e-05     4.79655e-05
2074    0     0     0     0     0     0     0
2078    0     0     0     0     0     0     0
2082    0     0     0     0     0     0     0
2086    0     0     0     0     0     0     0
2090    2.58202e-06     4.89899e-05     4.89899e-05     4.89899e-05     4.89899e-05     4.89899e-05     4.89899e-05
2094    2.58202e-06     4.90364e-05     4.90364e-05     4.90364e-05     4.90364e-05     4.90364e-05     4.90364e-05
2098    0     0     0     0     0     0     0
2102    0     0     0     0     0     0     0
2106    5.16405e-06     9.94124e-05     9.94124e-05     9.94124e-05     9.94124e-05     9.94124e-05     9.94124e-05
2110    0     0     0     0     0     0     0
2114    0     0     0     0     0     0     0
2118    2.58202e-06     5.01317e-05     5.01317e-05     5.01317e-05     5.01317e-05     5.01317e-05     5.01317e-05
2122    2.58202e-06     5.03888e-05     5.03888e-05     5.03888e-05     5.03888e-05     5.03888e-05     5.03888e-05
2126    0     0     0     0     0     0     0
2130    5.16405e-06     0.000101384     0.000101384     0.000101384     0.000101384     0.000101384     0.000101384
2134    2.58202e-06     5.09311e-05     5.09311e-05     5.09311e-05     5.09311e-05     5.09311e-05     5.09311e-05
2138    0     0     0     0     0     0     0
2142    5.16405e-06     0.000102506     0.000102506     0.000102506     0.000102506     0.000102506     0.000102506
2146    0     0     0     0     0     0     0
2150    0     0     0     0     0     0     0
2154    0     0     0     0     0     0     0
2158    0     0     0     0     0     0     0
2162    5.16405e-06     0.000104391     0.000104391     0.000104391     0.000104391     0.000104391     0.000104391
2166    0     0     0     0     0     0     0
2170    0     0     0     0     0     0     0
2174    0     0     0     0     0     0     0
2178    0     0     0     0     0     0     0
2182    0     0     0     0     0     0     0
2186    0     0     0     0     0     0     0
2190    0     0     0     0     0     0     0
2194    0     0     0     0     0     0     0
2198    0     0     0     0     0     0     0
2202    0     0     0     0     0     0     0
2206    0     0     0     0     0     0     0
2210    0     0     0     0     0     0     0
2214    0     0     0     0     0     0     0
2218    0     0     0     0     0     0     0
2222    2.58202e-06     5.50521e-05     5.50521e-05     5.50521e-05     5.50521e-05     5.50521e-05     5.50521e-05
2226    2.58202e-06     5.51724e-05     5.51724e-05     5.51724e-05     5.51724e-05     5.51724e-05     5.51724e-05
2230    0     0     0     0     0     0     0
2234    0     0     0     0     0     0     0
2238    0     0     0     0     0     0     0
2242    0     0     0     0     0     0     0
2246    0     0     0     0     0     0     0
2250    0     0     0     0     0     0     0
2254    0     0     0     0     0     0     0
2258    0     0     0     0     0     0     0
2262    0     0     0     0     0     0     0
2266    0     0     0     0     0     0     0
2270    0     0     0     0     0     0     0
2274    0     0     0     0     0     0     0
2278    0     0     0     0     0     0     0
2282    0     0     0     0     0     0     0
2286    0     0     0     0     0     0     0
2290    0     0     0     0     0     0     0
2294    0     0     0     0     0     0     0
2298    0     0     0     0     0     0     0
2302    0     0     0     0     0     0     0
2306    0     0     0     0     0     0     0
2310    0     0     0     0     0     0     0
2314    0     0     0     0     0     0     0
2318    0     0     0     0     0     0     0
2322    0     0     0     0     0     0     0
2326    0     0     0     0     0     0     0
2330    0     0     0     0     0     0     0
2334    0     0     0     0     0     0     0
2338    0     0     0     0     0     0     0
2342    0     0     0     0     0     0     0
2346    0     0     0     0     0     0     0
2350    0     0     0     0     0     0     0
2354    0     0     0     0     0     0     0
2358    0     0     0     0     0     0     0
2362    0     0     0     0     0     0     0
2366    0     0     0     0     0     0     0
2370    0     0     0     0     0     0     0
2374    0     0     0     0     0     0     0
2378    0     0     0     0     0     0     0
2382    0     0     0     0     0     0     0
2386    0     0     0     0     0     0     0
2390    0     0     0     0     0     0     0
2394    0     0     0     0     0     0     0
2398    0     0     0     0     0     0     0
2402    0     0     0     0     0     0     0
2406    0     0     0     0     0     0     0
2410    0     0     0     0     0     0     0
2414    0     0     0     0     0     0     0
2418    0     0     0     0     0     0     0
2422    0     0     0     0     0     0     0
2426    0     0     0     0     0     0     0
2430    0     0     0     0     0     0     0
2434    0     0     0     0     0     0     0
2438    0     0     0     0     0     0     0
2442    0     0     0     0     0     0     0
2446    0     0     0     0     0     0     0
2450    0     0     0     0     0     0     0
2454    0     0     0     0     0     0     0
2458    0     0     0     0     0     0     0
2462    0     0     0     0     0     0     0
2466    0     0     0     0     0     0     0
2470    0     0     0     0     0     0     0
2474    0     0     0     0     0     0     0
2478    0     0     0     0     0     0     0
2482    0     0     0     0     0     0     0
2486    0     0     0     0     0     0     0
2490    0     0     0     0     0     0     0
2494    0     0     0     0     0     0     0
2498    0     0     0     0     0     0     0
2502    0     0     0     0     0     0     0
2506    0     0     0     0     0     0     0
2510    0     0     0     0     0     0     0
2514    0     0     0     0     0     0     0
2518    0     0     0     0     0     0     0
2522    0     0     0     0     0     0     0
2526    0     0     0     0     0     0     0
2530    0     0     0     0     0     0     0
2534    0     0     0     0     0     0     0
2538    0     0     0     0     0     0     0
2542    0     0     0     0     0     0     0
2546    0     0     0     0     0     0     0
2550    0     0     0     0     0     0     0
2554    0     0     0     0     0     0     0
2558    0     0     0     0     0     0     0
2562    0     0     0     0     0     0     0
2566    0     0     0     0     0     0     0
2570    0     0     0     0     0     0     0
2574    0     0     0     0     0     0     0
2578    0     0     0     0     0     0     0
2582    0     0     0     0     0     0     0
2586    0     0     0     0     0     0     0
2590    0     0     0     0     0     0     0
2594    0     0     0     0     0     0     0
2598    0     0     0     0     0     0     0
2602    0     0     0     0     0     0     0
2606    0     0     0     0     0     0     0
2610    0     0     0     0     0     0     0
2614    0     0     0     0     0     0     0
2618    0     0     0     0     0     0     0
2622    0     0     0     0     0     0     0
2626    0     0     0     0     0     0     0
2630    0     0     0     0     0     0     0
2634    0     0     0     0     0     0     0
2638    0     0     0     0     0     0     0
2642    0     0     0     0     0     0     0
2646    0     0     0     0     0     0     0
2650    0     0     0     0     0     0     0
2654    0     0     0     0     0     0     0
2658    0     0     0     0     0     0     0
2662    0     0     0     0     0     0     0
2666    0     0     0     0     0     0     0
2670    0     0     0     0     0     0     0
2674    0     0     0     0     0     0     0
2678    0     0     0     0     0     0     0
2682    0     0     0     0     0     0     0
2686    0     0     0     0     0     0     0
2690    0     0     0     0     0     0     0
2694    0     0     0     0     0     0     0
2698    0     0     0     0     0     0     0
2702    0     0     0     0     0     0     0
2706    0     0     0     0     0     0     0
2710    0     0     0     0     0     0     0
2714    0     0     0     0     0     0     0
2718    0     0     0     0     0     0     0
2722    0     0     0     0     0     0     0
2726    0     0     0     0     0     0     0
2730    0     0     0     0     0     0     0
2734    0     0     0     0     0     0     0
2738    0     0     0     0     0     0     0
2742    0     0     0     0     0     0     0
2746    0     0     0     0     0     0     0
2750    0     0     0     0     0     0     0
2754    0     0     0     0     0     0     0
2758    0     0     0     0     0     0     0
2762    0     0     0     0     0     0     0
2766    0     0     0     0     0     0     0
2770    0     0     0     0     0     0     0
2774    0     0     0     0     0     0     0
2778    0     0     0     0     0     0     0
2782    0     0     0     0     0     0     0
2786    0     0     0     0     0     0     0
2790    0     0     0     0     0     0     0
2794    0     0     0     0     0     0     0
2798    0     0     0     0     0     0     0
2802    0     0     0     0     0     0     0
2806    0     0     0     0     0     0     0
2810    0     0     0     0     0     0     0
2814    0     0     0     0     0     0     0
2818    0     0     0     0     0     0     0
2822    0     0     0     0     0     0     0
2826    0     0     0     0     0     0     0
2830    0     0     0     0     0     0     0
2834    0     0     0     0     0     0     0
2838    0     0     0     0     0     0     0
2842    0     0     0     0     0     0     0
2846    0     0     0     0     0     0     0
2850    0     0     0     0     0     0     0
2854    0     0     0     0     0     0     0
2858    0     0     0     0     0     0     0
2862    0     0     0     0     0     0     0
2866    0     0     0     0     0     0     0
2870    0     0     0     0     0     0     0
2874    0     0     0     0     0     0     0
2878    0     0     0     0     0     0     0
2882    0     0     0     0     0     0     0
2886    0     0     0     0     0     0     0
2890    0     0     0     0     0     0     0
2894    0     0     0     0     0     0     0
2898    0     0     0     0     0     0     0
2902    0     0     0     0     0     0     0
2906    0     0     0     0     0     0     0
2910    0     0     0     0     0     0     0
2914    0     0     0     0     0     0     0
2918    0     0     0     0     0     0     0
2922    0     0     0     0     0     0     0
2926    0     0     0     0     0     0     0
2930    0     0     0     0     0     0     0
2934    0     0     0     0     0     0     0
2938    0     0     0     0     0     0     0
2942    0     0     0     0     0     0     0
2946    0     0     0     0     0     0     0
2950    0     0     0     0     0     0     0
2954    0     0     0     0     0     0     0
2958    0     0     0     0     0     0     0
2962    0     0     0     0     0     0     0
2966    0     0     0     0     0     0     0
2970    0     0     0     0     0     0     0
2974    0     0     0     0     0     0     0
2978    0     0     0     0     0     0     0
2982    0     0     0     0     0     0     0
2986    0     0     0     0     0     0     0
2990    0     0     0     0     0     0     0
2994    0     0     0     0     0     0     0
2998    0     0     0     0     0     0     0
3002    0     0     0     0     0     0     0
3006    0     0     0     0     0     0     0
3010    0     0     0     0     0     0     0
3014    0     0     0     0     0     0     0
3018    0     0     0     0     0     0     0
3022    0     0     0     0     0     0     0
3026    0     0     0     0     0     0     0
3030    0     0     0     0     0     0     0
3034    0     0     0     0     0     0     0
3038    0     0     0     0     0     0     0
3042    0     0     0     0     0     0     0
3046    0     0     0     0     0     0     0
3050    0     0     0     0     0     0     0
3054    0     0     0     0     0     0     0
3058    0     0     0     0     0     0     0
3062    0     0     0     0     0     0     0
3066    0     0     0     0     0     0     0
3070    0     0     0     0     0     0     0
3074    0     0     0     0     0     0     0
3078    0     0     0     0     0     0     0
3082    0     0     0     0     0     0     0
3086    0     0     0     0     0     0     0
3090    0     0     0     0     0     0     0
3094    0     0     0     0     0     0     0
3098    0     0     0     0     0     0     0
3102    0     0     0     0     0     0     0
3106    0     0     0     0     0     0     0
3110    0     0     0     0     0     0     0
3114    0     0     0     0     0     0     0
3118    0     0     0     0     0     0     0
3122    0     0     0     0     0     0     0
3126    0     0     0     0     0     0     0
3130    0     0     0     0     0     0     0
3134    0     0     0     0     0     0     0
3138    0     0     0     0     0     0     0
3142    0     0     0     0     0     0     0
3146    0     0     0     0     0     0     0
3150    0     0     0     0     0     0     0
3154    0     0     0     0     0     0     0
3158    0     0     0     0     0     0     0
3162    0     0     0     0     0     0     0
3166    0     0     0     0     0     0     0
3170    0     0     0     0     0     0     0
3174    0     0     0     0     0     0     0
3178    0     0     0     0     0     0     0
3182    0     0     0     0     0     0     0
3186    0     0     0     0     0     0     0
3190    0     0     0     0     0     0     0
3194    0     0     0     0     0     0     0
3198    0     0     0     0     0     0     0
3202    0     0     0     0     0     0     0
3206    0     0     0     0     0     0     0
3210    0     0     0     0     0     0     0
3214    0     0     0     0     0     0     0
3218    0     0     0     0     0     0     0
3222    0     0     0     0     0     0     0
3226    0     0     0     0     0     0     0
3230    0     0     0     0     0     0     0
3234    0     0     0     0     0     0     0
3238    0     0     0     0     0     0     0
3242    0     0     0     0     0     0     0
3246    0     0     0     0     0     0     0
3250    0     0     0     0     0     0     0
3254    0     0     0     0     0     0     0
3258    0     0     0     0     0     0     0
3262    0     0     0     0     0     0     0
3266    0     0     0     0     0     0     0
3270    0     0     0     0     0     0     0
3274    0     0     0     0     0     0     0
3278    0     0     0     0     0     0     0
3282    0     0     0     0     0     0     0
3286    0     0     0     0     0     0     0
3290    0     0     0     0     0     0     0
3294    0     0     0     0     0     0     0
3298    0     0     0     0     0     0     0
3302    0     0     0     0     0     0     0
3306    0     0     0     0     0     0     0
3310    0     0     0     0     0     0     0
3314    0     0     0     0     0     0     0
3318    0     0     0     0     0     0     0
3322    0     0     0     0     0     0     0
3326    0     0     0     0     0     0     0
3330    0     0     0     0     0     0     0
3334    0     0     0     0     0     0     0
3338    0     0     0     0     0     0     0
3342    0     0     0     0     0     0     0
3346    0     0     0     0     0     0     0
3350    0     0     0     0     0     0     0
3354    0     0     0     0     0     0     0
3358    0     0     0     0     0     0     0
3362    0     0     0     0     0     0     0
3366    0     0     0     0     0     0     0
3370    0     0     0     0     0     0     0
3374    0     0     0     0     0     0     0
3378    0     0     0     0     0     0     0
3382    0     0     0     0     0     0     0
3386    0     0     0     0     0     0     0
3390    0     0     0     0     0     0     0
3394    0     0     0     0     0     0     0
3398    0     0     0     0     0     0     0
3402    0     0     0     0     0     0     0
3406    0     0     0     0     0     0     0
3410    0     0     0     0     0     0     0
3414    0     0     0     0     0     0     0
3418    0     0     0     0     0     0     0
3422    0     0     0     0     0     0     0
3426    0     0     0     0     0     0     0
3430    0     0     0     0     0     0     0
3434    0     0     0     0     0     0     0
3438    0     0     0     0     0     0     0
3442    0     0     0     0     0     0     0
3446    0     0     0     0     0     0     0
3450    0     0     0     0     0     0     0
3454    0     0     0     0     0     0     0
3458    0     0     0     0     0     0     0
3462    0     0     0     0     0     0     0
3466    0     0     0     0     0     0     0
3470    0     0     0     0     0     0     0
3474    0     0     0     0     0     0     0
3478    0     0     0     0     0     0     0
3482    0     0     0     0     0     0     0
3486    0     0     0     0     0     0     0
3490    0     0     0     0     0     0     0
3494    0     0     0     0     0     0     0
3498    0     0     0     0     0     0     0
3502    0     0     0     0     0     0     0
3506    0     0     0     0     0     0     0
3510    0     0     0     0     0     0     0
3514    0     0     0     0     0     0     0
3518    0     0     0     0     0     0     0
3522    0     0     0     0     0     0     0
3526    0     0     0     0     0     0     0
3530    0     0     0     0     0     0     0
3534    0     0     0     0     0     0     0
3538    0     0     0     0     0     0     0
3542    0     0     0     0     0     0     0
3546    0     0     0     0     0     0     0
3550    0     0     0     0     0     0     0
3554    0     0     0     0     0     0     0
3558    0     0     0     0     0     0     0
3562    0     0     0     0     0     0     0
3566    0     0     0     0     0     0     0
3570    0     0     0     0     0     0     0
3574    0     0     0     0     0     0     0
3578    0     0     0     0     0     0     0
3582    0     0     0     0     0     0     0
3586    0     0     0     0     0     0     0
3590    0     0     0     0     0     0     0
3594    0     0     0     0     0     0     0
3598    0     0     0     0     0     0     0
3602    0     0     0     0     0     0     0
3606    0     0     0     0     0     0     0
3610    0     0     0     0     0     0     0
3614    0     0     0     0     0     0     0
3618    0     0     0     0     0     0     0
3622    0     0     0     0     0     0     0
3626    0     0     0     0     0     0     0
3630    0     0     0     0     0     0     0
3634    0     0     0     0     0     0     0
3638    0     0     0     0     0     0     0
3642    0     0     0     0     0     0     0
3646    0     0     0     0     0     0     0
3650    0     0     0     0     0     0     0
3654    0     0     0     0     0     0     0
3658    0     0     0     0     0     0     0
3662    0     0     0     0     0     0     0
3666    0     0     0     0     0     0     0
3670    0     0     0     0     0     0     0
3674    0     0     0     0     0     0     0
3678    0     0     0     0     0     0     0
3682    0     0     0     0     0     0     0
3686    0     0     0     0     0     0     0
3690    0     0     0     0     0     0     0
3694    0     0     0     0     0     0     0
3698    0     0     0     0     0     0     0
3702    0     0     0     0     0     0     0
3706    0     0     0     0     0     0     0
3710    0     0     0     0     0     0     0
3714    0     0     0     0     0     0     0
3718    0     0     0     0     0     0     0
3722    0     0     0     0     0     0     0
3726    0     0     0     0     0     0     0
3730    0     0     0     0     0     0     0
3734    0     0     0     0     0     0     0
3738    0     0     0     0     0     0     0
3742    0     0     0     0     0     0     0
3746    0     0     0     0     0     0     0
3750    0     0     0     0     0     0     0
3754    0     0     0     0     0     0     0
3758    0     0     0     0     0     0     0
3762    0     0     0     0     0     0     0
3766    0     0     0     0     0     0     0
3770    0     0     0     0     0     0     0
3774    0     0     0     0     0     0     0
3778    0     0     0     0     0     0     0
3782    0     0     0     0     0     0     0
3786    0     0     0     0     0     0     0
3790    0     0     0     0     0     0     0
3794    0     0     0     0     0     0     0
3798    0     0     0     0     0     0     0
3802    0     0     0     0     0     0     0
3806    0     0     0     0     0     0     0
3810    0     0     0     0     0     0     0
3814    0     0     0     0     0     0     0
3818    0     0     0     0     0     0     0
3822    0     0     0     0     0     0     0
3826    0     0     0     0     0     0     0
3830    0     0     0     0     0     0     0
3834    0     0     0     0     0     0     0
3838    0     0     0     0     0     0     0
3842    0     0     0     0     0     0     0
3846    0     0     0     0     0     0     0
3850    0     0     0     0     0     0     0
3854    0     0     0     0     0     0     0
3858    0     0     0     0     0     0     0
3862    0     0     0     0     0     0     0
3866    0     0     0     0     0     0     0
3870    0     0     0     0     0     0     0
3874    0     0     0     0     0     0     0
3878    0     0     0     0     0     0     0
3882    0     0     0     0     0     0     0
3886    0     0     0     0     0     0     0
3890    0     0     0     0     0     0     0
3894    0     0     0     0     0     0     0
3898    0     0     0     0     0     0     0
3902    0     0     0     0     0     0     0
3906    0     0     0     0     0     0     0
3910    0     0     0     0     0     0     0
3914    0     0     0     0     0     0     0
3918    0     0     0     0     0     0     0
3922    0     0     0     0     0     0     0
3926    0     0     0     0     0     0     0
3930    0     0     0     0     0     0     0
3934    0     0     0     0     0     0     0
3938    0     0     0     0     0     0     0
3942    0     0     0     0     0     0     0
3946    0     0     0     0     0     0     0
3950    0     0     0     0     0     0     0
3954    0     0     0     0     0     0     0
3958    0     0     0     0     0     0     0
3962    0     0     0     0     0     0     0
3966    0     0     0     0     0     0     0
3970    0     0     0     0     0     0     0
3974    0     0     0     0     0     0     0
3978    0     0     0     0     0     0     0
3982    0     0     0     0     0     0     0
3986    0     0     0     0     0     0     0
3990    0     0     0     0     0     0     0
3994    0     0     0     0     0     0     0
3998    0     0     0     0     0     0     0
