2    0     0     0     0     0     0     0
6    0     0     0     0     0     0     0
10    5.00452e-06     3.16221e-09     3.16221e-09     3.16221e-09     3.16221e-09     3.16221e-09     3.16221e-09
14    1.0009e-05     4.31668e-09     4.31668e-09     4.31668e-09     4.31668e-09     4.31668e-09     4.31668e-09
18    2.00181e-05     6.45288e-09     6.45288e-09     6.45288e-09     6.45288e-09     6.45288e-09     6.45288e-09
22    3.00271e-05     7.52653e-09     7.52653e-09     7.52653e-09     7.52653e-09     7.52653e-09     7.52653e-09
26    2.00181e-05     4.1907e-09     4.1907e-09     4.1907e-09     4.1907e-09     4.1907e-09     4.1907e-09
30    5.50497e-05     9.84082e-09     9.84082e-09     9.84082e-09     9.84082e-09     9.84082e-09     9.84082e-09
34    5.50497e-05     8.04405e-09     8.04405e-09     8.04405e-09     8.04405e-09     8.04405e-09     8.04405e-09
38    5.00452e-05     6.34302e-09     6.34302e-09     6.34302e-09     6.34302e-09     6.34302e-09     6.34302e-09
42    9.00814e-05     9.57236e-09     9.57236e-09     9.57236e-09     9.57236e-09     9.57236e-09     9.57236e-09
46    0.000105095     1.00634e-08     1.00634e-08     1.00634e-08     1.00634e-08     1.00634e-08     1.00634e-08
50    9.50859e-05     8.09325e-09     8.09325e-09     8.09325e-09     8.09325e-09     8.09325e-09     8.09325e-09
54    0.000115104     8.94781e-09     8.94781e-09     8.94781e-09     8.94781e-09     8.94781e-09     8.94781e-09
58    0.000200181     1.42161e-08     1.42161e-08     1.42161e-08     1.42161e-08     1.42161e-08     1.42161e-08
62    0.000135122     8.99772e-09     8.99772e-09     8.99772e-09     8.99772e-09     8.99772e-09     8.99772e-09
66    0.000240217     1.50294e-08     1.50294e-08     1.50294e-08     1.50294e-08     1.50294e-08     1.50294e-08
70    0.000145131     8.60021e-09     8.60021e-09     8.60021e-09     8.60021e-09     8.60021e-09     8.60021e-09
74    0.000200181     1.13566e-08     1.13566e-08     1.13566e-08     1.13566e-08     1.13566e-08     1.13566e-08
78    0.00021019     1.15242e-08     1.15242e-08     1.15242e-08     1.15242e-08     1.15242e-08     1.15242e-08
82    0.000230208     1.23275e-08     1.23275e-08     1.23275e-08     1.23275e-08     1.23275e-08     1.23275e-08
86    0.000255231     1.34652e-08     1.34652e-08     1.34652e-08     1.34652e-08     1.34652e-08     1.34652e-08
90    0.000195176     1.02101e-08     1.02101e-08     1.02101e-08     1.02101e-08     1.02101e-08     1.02101e-08
94    0.000200181     1.04561e-08     1.04561e-08     1.04561e-08     1.04561e-08     1.04561e-08     1.04561e-08
98    0.000245222     1.28554e-08     1.28554e-08     1.28554e-08     1.28554e-08     1.28554e-08     1.28554e-08
102    0.000290262     1.53398e-08     1.53398e-08     1.53398e-08     1.53398e-08     1.53398e-08     1.53398e-08
106    0.000235213     1.26095e-08     1.26095e-08     1.26095e-08     1.26095e-08     1.26095e-08     1.26095e-08
110    0.000320289     1.75535e-08     1.75535e-08     1.75535e-08     1.75535e-08     1.75535e-08     1.75535e-08
114    0.000320289     1.82417e-08     1.82417e-08     1.82417e-08     1.82417e-08     1.82417e-08     1.82417e-08
118    0.000355321     2.12121e-08     2.12121e-08     2.12121e-08     2.12121e-08     2.12121e-08     2.12121e-08
122    0.000350317     2.25428e-08     2.25428e-08     2.25428e-08     2.25428e-08     2.25428e-08     2.25428e-08
126    0.000300271     2.11895e-08     2.11895e-08     2.11895e-08     2.11895e-08     2.11895e-08     2.11895e-08
130    0.000295267     2.36409e-08     2.36409e-08     2.36409e-08     2.36409e-08     2.36409e-08     2.36409e-08
134    0.000450407     4.21687e-08     4.21687e-08     4.21687e-08     4.21687e-08     4.21687e-08     4.21687e-08
138    0.000315285     3.5555e-08     3.5555e-08     3.5555e-08     3.5555e-08     3.5555e-08     3.5555e-08
142    0.000460416     6.43568e-08     6.43568e-08     6.43568e-08     6.43568e-08     6.43568e-08     6.43568e-08
146    0.00047543     8.58458e-08     8.58458e-08     8.58458e-08     8.58458e-08     8.58458e-08     8.58458e-08
150    0.000360326     8.9204e-08     8.9204e-08     8.9204e-08     8.9204e-08     8.9204e-08     8.9204e-08
154    0.000480434     1.78846e-07     1.78846e-07     1.78846e-07     1.78846e-07     1.78846e-07     1.78846e-07
158    0.000450407     3.21949e-07     3.21949e-07     3.21949e-07     3.21949e-07     3.21949e-07     3.21949e-07
162    0.000445402     8.22906e-07     8.22906e-07     8.22906e-07     8.22906e-07     8.22906e-07     8.22906e-07
166    0.000510461     1.81858e-06     1.81858e-06     1.81858e-06     1.81858e-06     1.81858e-06     1.81858e-06
170    0.000445402     2.11075e-06     2.11075e-06     2.11075e-06     2.11075e-06     2.11075e-06     2.11075e-06
174    0.000430389     2.51199e-06     2.51199e-06     2.51199e-06     2.51199e-06     2.51199e-06     2.51199e-06
178    0.000665601     4.58352e-06     4.58352e-06     4.58352e-06     4.58352e-06     4.58352e-06     4.58352e-06
182    0.00052047     4.30825e-06     4.30825e-06     4.30825e-06     4.30825e-06     4.30825e-06     4.30825e-06
186    0.000555502     5.51576e-06     5.51576e-06     5.51576e-06     5.51576e-06     5.51576e-06     5.51576e-06
190    0.000560506     6.51513e-06     6.51513e-06     6.51513e-06     6.51513e-06     6.51513e-06     6.51513e-06
194    0.000530479     6.99171e-06     6.99171e-06     6.99171e-06     6.99171e-06     6.99171e-06     6.99171e-06
198    0.000515466     7.50785e-06     7.50785e-06     7.50785e-06     7.50785e-06     7.50785e-06     7.50785e-06
202    0.000590534     9.38069e-06     9.38069e-06     9.38069e-06     9.38069e-06     9.38069e-06     9.38069e-06
206    0.000550497     9.48039e-06     9.48039e-06     9.48039e-06     9.48039e-06     9.48039e-06     9.48039e-06
210    0.000585529     1.09382e-05     1.09382e-05     1.09382e-05     0.00013072     0.000180497     9.60644e-05
214    0.000525475     1.05589e-05     1.05589e-05     1.05589e-05     0.000244483     0.00034176     0.000176765
218    0.000625565     1.34679e-05     1.34679e-05     1.34679e-05     0.000258881     0.000361127     0.000187722
222    0.000590534     1.35319e-05     1.35319e-05     1.35319e-05     0.000255143     0.000356052     0.000184906
226    0.000685619     1.67543e-05     1.67543e-05     1.67543e-05     0.000256458     0.000356648     0.000186687
230    0.000565511     1.46724e-05     1.46724e-05     1.46724e-05     0.000249274     0.000347374     0.000180947
234    0.000500452     1.37495e-05     1.37495e-05     1.37495e-05     0.000249711     0.000348417     0.000180948
238    0.000820742     2.38866e-05     2.38866e-05     2.38866e-05     0.00024193     0.000333186     0.000178312
242    0.000660597     2.02787e-05     2.02787e-05     2.02787e-05     0.000238764     0.000330289     0.000174895
246    0.000775701     2.51036e-05     2.51036e-05     2.51036e-05     0.000239543     0.000329473     0.000176771
250    0.000680615     2.32322e-05     2.32322e-05     2.32322e-05     0.000240347     0.000331365     0.000176788
254    0.000755683     2.70675e-05     2.70675e-05     2.70675e-05     0.00023571     0.000323033     0.000174669
258    0.00063057     2.3789e-05     2.3789e-05     2.3789e-05     0.00023175     0.00031855     0.000170963
262    0.000590534     2.33437e-05     2.33437e-05     2.33437e-05     0.000234391     0.000322322     0.000172735
266    0.000740669     3.05884e-05     3.05884e-05     3.05884e-05     0.000231382     0.000315106     0.000172684
270    0.000705638     3.05104e-05     3.05104e-05     3.05104e-05     0.000223942     0.000304714     0.000167298
274    0.000880796     3.98257e-05     3.98257e-05     3.98257e-05     0.000228048     0.000306775     0.000172822
278    0.000865782     4.09171e-05     4.09171e-05     4.09171e-05     0.000229836     0.000308966     0.000174334
282    0.000720651     3.54775e-05     3.54775e-05     3.54775e-05     0.000220095     0.000297428     0.000165795
286    0.00084076     4.31246e-05     4.31246e-05     4.31246e-05     0.000220447     0.000294611     0.000168348
290    0.000805728     4.30217e-05     4.30217e-05     4.30217e-05     0.000228256     0.000305743     0.000173811
294    0.000770696     4.27915e-05     4.27915e-05     4.27915e-05     0.000207735     0.000276832     0.000159176
298    0.000830751     4.79683e-05     4.79683e-05     4.79683e-05     0.000226187     0.000301001     0.000173599
302    0.000850769     5.09743e-05     5.09743e-05     5.09743e-05     0.00021423     0.000282836     0.000165995
306    0.000910823     5.66354e-05     5.66354e-05     5.66354e-05     0.000218926     0.000287067     0.000171001
310    0.000755683     4.87411e-05     4.87411e-05     4.87411e-05     0.000213836     0.00028308     0.000165099
314    0.000875791     5.85773e-05     5.85773e-05     5.85773e-05     0.000221431     0.000289663     0.000173364
318    0.000775701     5.37238e-05     5.37238e-05     5.37238e-05     0.000217424     0.000285953     0.000169112
322    0.000855773     6.125e-05     6.125e-05     6.125e-05     0.000220707     0.000287386     0.000173639
326    0.000880796     6.52055e-05     6.52055e-05     6.52055e-05     0.000235669     0.000306841     0.000185389
330    0.000850769     6.49214e-05     6.49214e-05     6.49214e-05     0.000233058     0.000303071     0.000183547
334    0.000815737     6.42379e-05     6.42379e-05     6.42379e-05     0.000225982     0.00029304     0.000178483
338    0.000910823     7.39413e-05     7.39413e-05     7.39413e-05     0.000231591     0.000296526     0.000185475
342    0.000915827     7.67362e-05     7.67362e-05     7.67362e-05     0.000249603     0.000320014     0.000199399
346    0.000895809     7.77052e-05     7.77052e-05     7.77052e-05     0.000250105     0.000319327     0.000200525
350    0.000970877     8.74834e-05     8.74834e-05     8.74834e-05     0.00025173     0.00031731     0.000204659
354    0.000965873     9.09155e-05     9.09155e-05     9.09155e-05     0.00026045     0.000328283     0.000211774
358    0.00104594     0.000103389     0.000103389     0.000103389     0.000277838     0.000348008     0.000227559
362    0.00101091     0.000104606     0.000104606     0.000104606     0.000289427     0.000364469     0.000235771
366    0.0010009     0.000108311     0.000108311     0.000108311     0.000289732     0.00036372     0.000236876
370    0.00101592     0.000114377     0.000114377     0.000114377     0.000292598     0.000365559     0.000240505
374    0.000985891     0.000115934     0.000115934     0.000115934     0.000330317     0.000418438     0.000267446
378    0.00103594     0.000126958     0.000126958     0.000126958     0.000317944     0.000396909     0.000261691
382    0.00110099     0.000140419     0.000140419     0.000140419     0.000337213     0.000419174     0.000278907
386    0.00109599     0.000145605     0.000145605     0.000145605     0.00034965     0.000435057     0.000288959
390    0.00112602     0.000155056     0.000155056     0.000155056     0.000346511     0.000426993     0.000289379
394    0.00108098     0.000154035     0.000154035     0.000154035     0.000366859     0.000456688     0.000303153
398    0.00118107     0.00017386     0.00017386     0.00017386     0.000365739     0.00044703     0.000308133
402    0.00108098     0.00016454     0.00016454     0.00016454     0.000367153     0.000453458     0.000306069
406    0.00115104     0.000180811     0.000180811     0.000180811     0.00038031     0.000465651     0.000319966
410    0.00114103     0.000185013     0.000185013     0.000185013     0.000390688     0.000478991     0.000328298
414    0.00136123     0.000227456     0.000227456     0.000227456     0.000442591     0.000535298     0.000377135
418    0.00108598     0.000186884     0.000186884     0.000186884     0.000412949     0.000510682     0.000343983
422    0.00118607     0.000209796     0.000209796     0.000209796     0.00042724     0.00052175     0.000360633
426    0.00121109     0.000220176     0.000220176     0.000220176     0.000461223     0.000566413     0.000387154
430    0.00124613     0.00023246     0.00023246     0.00023246     0.000459875     0.00055945     0.000389809
434    0.00129117     0.000247081     0.000247081     0.000247081     0.000456968     0.000549125     0.00039216
438    0.00129117     0.000253771     0.000253771     0.000253771     0.000474869     0.00057217     0.000406472
442    0.00138125     0.000278466     0.000278466     0.000278466     0.00052286     0.000630976     0.000446958
446    0.00138625     0.000286277     0.000286277     0.000286277     0.000510804     0.000610685     0.000440782
450    0.00114103     0.000240979     0.000240979     0.000240979     0.000453775     0.000548829     0.000387203
454    0.00156141     0.000337195     0.000337195     0.000337195     0.000570639     0.000675261     0.000497417
458    0.00135122     0.000298535     0.000298535     0.000298535     0.000519182     0.000618291     0.00044985
462    0.00141628     0.000319581     0.000319581     0.000319581     0.000534115     0.000630537     0.000466656
466    0.00145131     0.000334708     0.000334708     0.000334708     0.000570008     0.00067572     0.000496008
470    0.00134121     0.000315566     0.000315566     0.000315566     0.000554367     0.00066167     0.000479231
474    0.00167651     0.000402921     0.000402921     0.000402921     0.000637344     0.000742771     0.00056352
478    0.00152638     0.000374386     0.000374386     0.000374386     0.000587378     0.000683338     0.0005202
482    0.00138625     0.00034672     0.00034672     0.00034672     0.000625916     0.000752271     0.00053756
486    0.00157142     0.000400607     0.000400607     0.000400607     0.000664113     0.000783834     0.000580484
490    0.00157142     0.000408582     0.000408582     0.000408582     0.000647775     0.000756743     0.000571702
494    0.00164649     0.000435981     0.000435981     0.000435981     0.000680918     0.000792735     0.000602884
498    0.00168152     0.000453386     0.000453386     0.000453386     0.000729495     0.000855694     0.000641433
502    0.00173156     0.00047542     0.00047542     0.00047542     0.000731695     0.000849119     0.000649817
506    0.00164148     0.000459076     0.000459076     0.000459076     0.000715086     0.000832664     0.00063313
510    0.00182665     0.000520105     0.000520105     0.000520105     0.000803843     0.000934674     0.000712727
514    0.00184667     0.000534971     0.000534971     0.000534971     0.00078439     0.000899785     0.000704091
518    0.00193675     0.000570904     0.000570904     0.000570904     0.000855961     0.000988308     0.000763941
522    0.00217196     0.000651297     0.000651297     0.000651297     0.000970039     0.00111863     0.00086684
526    0.0017666     0.000538841     0.000538841     0.000538841     0.000778319     0.000890139     0.000700666
530    0.00200181     0.000620442     0.000620442     0.000620442     0.000916779     0.0010553     0.000820598
534    0.00185167     0.000583177     0.000583177     0.000583177     0.00089205     0.00103651     0.000791745
538    0.00196678     0.000628909     0.000628909     0.000628909     0.000901425     0.00102891     0.000812893
542    0.00206186     0.000670088     0.000670088     0.000670088     0.000957831     0.00109252     0.000864272
546    0.00218698     0.000721931     0.000721931     0.000721931     0.00108564     0.00125607     0.000967267
550    0.00219198     0.000735762     0.000735762     0.000735762     0.00105917     0.00121096     0.00095377
554    0.00200181     0.000683028     0.000683028     0.000683028     0.000995492     0.00114237     0.000893525
558    0.002212     0.000766347     0.000766347     0.000766347     0.00109438     0.00124898     0.000987139
562    0.00206186     0.000724802     0.000724802     0.000724802     0.00107344     0.00123834     0.000959165
566    0.00226705     0.000807558     0.000807558     0.000807558     0.00117719     0.00135241     0.00105581
570    0.00255731     0.000923911     0.000923911     0.000923911     0.00132199     0.0015111     0.00119105
574    0.0023271     0.000853514     0.000853514     0.000853514     0.00122277     0.00139847     0.00110114
578    0.00246222     0.000917576     0.000917576     0.000917576     0.00126778     0.00143461     0.00115231
582    0.00267742     0.00101318     0.00101318     0.00101318     0.00139143     0.00157196     0.00126653
586    0.00235213     0.0009027     0.0009027     0.0009027     0.00127567     0.001454     0.00115231
590    0.00256732     0.0010005     0.0010005     0.0010005     0.00138918     0.00157535     0.00126045
594    0.0026524     0.00105281     0.00105281     0.00105281     0.00145616     0.00164974     0.00132235
598    0.00267241     0.00107972     0.00107972     0.00107972     0.00153035     0.00174711     0.00138058
602    0.00251227     0.00103052     0.00103052     0.00103052     0.00147912     0.00169567     0.00132967
606    0.00269744     0.00112166     0.00112166     0.00112166     0.00151499     0.00170534     0.00138369
610    0.00283256     0.00119386     0.00119386     0.00119386     0.00162778     0.00183823     0.00148268
614    0.0029927     0.00128167     0.00128167     0.00128167     0.0017385     0.00196043     0.00158554
618    0.00304775     0.00132795     0.00132795     0.00132795     0.00177503     0.0019925     0.00162517
622    0.00278251     0.00123275     0.00123275     0.00123275     0.00166349     0.00187341     0.0015189
626    0.00311782     0.00140382     0.00140382     0.00140382     0.00189665     0.00213719     0.00173101
630    0.00327796     0.00149994     0.00149994     0.00149994     0.00209994     0.00239337     0.00189797
634    0.00328297     0.00152572     0.00152572     0.00152572     0.00207865     0.00234963     0.00189224
638    0.00333301     0.00157529     0.00157529     0.00157529     0.00211204     0.00237552     0.00193082
642    0.00322792     0.00155292     0.00155292     0.00155292     0.00205933     0.00230868     0.00188798
646    0.0034331     0.00168317     0.00168317     0.00168317     0.00221134     0.00247194     0.00203234
650    0.00347314     0.00173626     0.00173626     0.00173626     0.0022593     0.00251785     0.00208178
654    0.00352819     0.00179814     0.00179814     0.00179814     0.00236547     0.00264629     0.0021727
658    0.00371335     0.00192912     0.00192912     0.00192912     0.00252752     0.00282401     0.00232402
662    0.0037634     0.00199376     0.00199376     0.00199376     0.00264529     0.00296895     0.0024233
666    0.00374839     0.00202486     0.00202486     0.00202486     0.00262306     0.00292102     0.00241885
670    0.0038735     0.00213494     0.00213494     0.00213494     0.00274772     0.00305361     0.00253819
674    0.00378342     0.00212899     0.00212899     0.00212899     0.0027364     0.00304018     0.00252839
678    0.0040987     0.00235458     0.00235458     0.00235458     0.00300313     0.00332791     0.00278081
682    0.00403865     0.00236896     0.00236896     0.00236896     0.00306071     0.00340772     0.00282328
686    0.0038685     0.00231829     0.00231829     0.00231829     0.0029513     0.00326926     0.00273376
690    0.00450407     0.00276178     0.00276178     0.00276178     0.00348899     0.00385512     0.00323866
694    0.00405867     0.00254998     0.00254998     0.00254998     0.00324238     0.00359188     0.0030036
698    0.00439397     0.00283005     0.00283005     0.00283005     0.00359906     0.00398824     0.00333333
702    0.00412373     0.0027268     0.0027268     0.0027268     0.00344633     0.00381166     0.00319711
706    0.00466421     0.00316642     0.00316642     0.00316642     0.00391835     0.00430083     0.00365754
710    0.00455411     0.0031788     0.0031788     0.0031788     0.00392339     0.00430277     0.0036648
714    0.00465921     0.00334775     0.00334775     0.00334775     0.00417762     0.00460111     0.00388906
718    0.00456412     0.00337894     0.00337894     0.00337894     0.00422555     0.00465829     0.00393077
722    0.00470425     0.00358931     0.00358931     0.00358931     0.00442923     0.0048599     0.00413613
726    0.0047543     0.00373508     0.00373508     0.00373508     0.00455041     0.00496954     0.00426536
730    0.00468924     0.00379495     0.00379495     0.00379495     0.00457275     0.00497353     0.00430037
734    0.00444402     0.0037113     0.0037113     0.0037113     0.00447979     0.00487657     0.00421028
738    0.00469424     0.00405186     0.00405186     0.00405186     0.00487424     0.00529954     0.00458549
742    0.00461917     0.00412888     0.00412888     0.00412888     0.00489502     0.00529242     0.00462544
746    0.00446904     0.00413654     0.00413654     0.00413654     0.00490638     0.00530674     0.00463497
750    0.00456412     0.00437748     0.00437748     0.00437748     0.00512599     0.00551621     0.00486164
754    0.00473428     0.00470105     0.00470105     0.00470105     0.00546934     0.00587071     0.0051976
758    0.00463419     0.00476296     0.00476296     0.00476296     0.00549945     0.00588484     0.00523864
762    0.00454911     0.00483836     0.00483836     0.00483836     0.00554115     0.00590982     0.00529177
766    0.00455912     0.00502419     0.00502419     0.00502419     0.00569601     0.00604931     0.00545721
770    0.00459415     0.00525277     0.00525277     0.00525277     0.00594342     0.00630749     0.00569751
774    0.00424884     0.00503741     0.00503741     0.00503741     0.00565753     0.00598514     0.00543638
778    0.00450407     0.00553962     0.00553962     0.00553962     0.00615801     0.00648547     0.00593712
782    0.00429888     0.00547382     0.00547382     0.00547382     0.00602442     0.00631698     0.00582728
786    0.00416877     0.00548944     0.00548944     0.00548944     0.00597853     0.00623913     0.00580308
790    0.00413874     0.00563113     0.00563113     0.00563113     0.00608524     0.00632782     0.00592205
794    0.00383847     0.00539691     0.00539691     0.00539691     0.00580169     0.00601843     0.00565597
798    0.00362327     0.00525588     0.00525588     0.00525588     0.00559931     0.00578359     0.0054755
802    0.00379343     0.00568327     0.00568327     0.00568327     0.00596717     0.00586461     0.00611993
806    0.00384848     0.0059462     0.0059462     0.0059462     0.00620792     0.00611322     0.00634907
810    0.00363829     0.00578719     0.00578719     0.00578719     0.00598972     0.00591631     0.00609921
814    0.00363829     0.0059535     0.0059535     0.0059535     0.00610559     0.00605036     0.00618804
818    0.00362828     0.00609628     0.00609628     0.00609628     0.0062004     0.00616252     0.006257
822    0.00352819     0.00607207     0.00607207     0.00607207     0.00610468     0.0060928     0.00612243
826    0.00336304     0.00592645     0.00592645     0.00592645     0.00590744     0.00588994     0.00592151
830    0.00316286     0.00569891     0.00569891     0.00569891     0.0056305     0.00559305     0.00565551
834    0.00313283     0.00576681     0.00576681     0.00576681     0.0056456     0.00557898     0.00569003
838    0.00292765     0.0054938     0.0054938     0.0054938     0.00533376     0.00524535     0.00539263
842    0.00314284     0.00600922     0.00600922     0.00600922     0.00577633     0.00564721     0.00586221
846    0.00289261     0.00562445     0.00562445     0.00562445     0.00535805     0.00521042     0.00545627
850    0.00267742     0.00528894     0.00528894     0.00528894     0.00498209     0.00481186     0.00509532
854    0.00274748     0.00550767     0.00550767     0.00550767     0.00515833     0.00496402     0.00528747
858    0.0024322     0.00494473     0.00494473     0.00494473     0.00457757     0.00437246     0.00471368
862    0.00246222     0.00507125     0.00507125     0.00507125     0.00465839     0.00442644     0.00481203
866    0.00223202     0.00464923     0.00464923     0.00464923     0.0042383     0.0040067     0.00439154
870    0.00208689     0.0043924     0.0043924     0.0043924     0.00397024     0.00373163     0.00412797
874    0.00201182     0.00427399     0.00427399     0.00427399     0.00381517     0.00355513     0.0039869
878    0.00174658     0.00374248     0.00374248     0.00374248     0.00330969     0.0030638     0.00347197
882    0.00191673     0.00414109     0.00414109     0.00414109     0.00364289     0.00335909     0.00383001
886    0.00178661     0.00389021     0.00389021     0.00389021     0.00338254     0.00309274     0.00357349
890    0.00169653     0.00372126     0.00372126     0.00372126     0.00321154     0.00291949     0.00340373
894    0.00175659     0.00388151     0.00388151     0.00388151     0.0033139     0.00298716     0.00352856
898    0.00158643     0.00352836     0.00352836     0.00352836     0.00301157     0.00271252     0.00320767
902    0.00182165     0.00407712     0.00407712     0.00407712     0.00345567     0.00309469     0.00369208
906    0.00150636     0.00338958     0.00338958     0.00338958     0.0028373     0.00251628     0.00304749
910    0.00161146     0.00364532     0.00364532     0.00364532     0.00302083     0.00265729     0.00325876
914    0.00137124     0.00311854     0.00311854     0.00311854     0.00257401     0.00225621     0.00278184
918    0.00136123     0.00311215     0.00311215     0.00311215     0.00255074     0.00222172     0.0027656
922    0.00125613     0.00288581     0.00288581     0.00288581     0.0023254     0.00199513     0.00254062
926    0.00134622     0.00310611     0.00310611     0.00310611     0.00248256     0.00211386     0.00272255
930    0.0013312     0.00308444     0.00308444     0.00308444     0.00247571     0.00211467     0.00271046
934    0.00111601     0.00259753     0.00259753     0.00259753     0.00205534     0.00173284     0.00226482
938    0.00120609     0.00281966     0.00281966     0.00281966     0.00223665     0.00188895     0.00246231
942    0.001111     0.00260838     0.00260838     0.00260838     0.00202468     0.00167562     0.00225103
946    0.000935846     0.00220569     0.00220569     0.00220569     0.00168157     0.00136748     0.0018851
950    0.00109099     0.00258113     0.00258113     0.00258113     0.00200356     0.00165644     0.00222825
954    0.00109599     0.00260389     0.00260389     0.00260389     0.00199466     0.00162699     0.0022323
958    0.00104594     0.00249492     0.00249492     0.00249492     0.00190523     0.00154769     0.0021359
962    0.000915827     0.00219463     0.00219463     0.00219463     0.0016586     0.00133158     0.00186908
966    0.000925837     0.00222838     0.00222838     0.00222838     0.00166121     0.00131399     0.00188443
970    0.000955864     0.00231106     0.00231106     0.00231106     0.00170629     0.00133463     0.00194488
974    0.000870787     0.002114     0.002114     0.002114     0.00159114     0.00126874     0.00179784
978    0.000865782     0.00211087     0.00211087     0.00211087     0.00157154     0.00123774     0.00178525
982    0.000775701     0.00189963     0.00189963     0.00189963     0.00140221     0.00109317     0.00159982
986    0.000715647     0.00176039     0.00176039     0.00176039     0.00128389     0.000987006     0.00147352
990    0.000760687     0.00187967     0.00187967     0.00187967     0.00136518     0.00104381     0.00157026
994    0.000695629     0.00172727     0.00172727     0.00172727     0.00124522     0.000943262     0.00143773
998    0.000695629     0.00173597     0.00173597     0.00173597     0.00123662     0.000922874     0.0014364
1002    0.000740669     0.00185801     0.00185801     0.00185801     0.00133287     0.00100158     0.00154352
1006    0.000625565     0.00157734     0.00157734     0.00157734     0.00111505     0.000822424     0.00130087
1010    0.000610552     0.0015475     0.0015475     0.0015475     0.00109617     0.00080962     0.00127793
1014    0.000580525     0.00147925     0.00147925     0.00147925     0.00104207     0.000763695     0.00121846
1018    0.000530479     0.00135947     0.00135947     0.00135947     0.000943201     0.000677158     0.00111153
1022    0.000535484     0.00138018     0.00138018     0.00138018     0.000942761     0.000661939     0.00112014
1026    0.000560506     0.00145286     0.00145286     0.00145286     0.0010057     0.000717643     0.00118741
1030    0.00052047     0.00135714     0.00135714     0.00135714     0.000907295     0.000616448     0.00109051
1034    0.000430389     0.00112879     0.00112879     0.00112879     0.000761938     0.000523926     0.00091166
1038    0.000440398     0.00116151     0.00116151     0.00116151     0.000771154     0.000516973     0.000930818
1042    0.000470425     0.00124876     0.00124876     0.00124876     0.000825511     0.000548563     0.000999143
1046    0.000445402     0.00118963     0.00118963     0.00118963     0.000809501     0.000559798     0.000965823
1050    0.000320289     0.000860877     0.000860877     0.000860877     0.000562277     0.000365377     0.000685358
1054    0.000460416     0.0012453     0.0012453     0.0012453     0.000804092     0.000512193     0.000986315
1058    0.000405366     0.00110381     0.00110381     0.00110381     0.000693856     0.000421551     0.00086358
1062    0.000355321     0.00097351     0.00097351     0.00097351     0.000590079     0.000334077     0.000749321
1066    0.000445402     0.00122867     0.00122867     0.00122867     0.000779362     0.000478173     0.000966412
1070    0.000385348     0.00106987     0.00106987     0.00106987     0.000718253     0.000481592     0.000864987
1074    0.000375339     0.00104906     0.00104906     0.00104906     0.000691342     0.000449615     0.000840974
1078    0.000385348     0.00108427     0.00108427     0.00108427     0.000681948     0.000409025     0.000850618
1082    0.00031028     0.00087879     0.00087879     0.00087879     0.000572381     0.000363405     0.000701254
1086    0.000360326     0.00102813     0.00102813     0.00102813     0.00063743     0.000369819     0.000802181
1090    0.000280253     0.000804999     0.000804999     0.000804999     0.000467491     0.000235401     0.000610147
1094    0.000300271     0.000868165     0.000868165     0.000868165     0.000558683     0.000345087     0.000689772
1098    0.000370335     0.00107885     0.00107885     0.00107885     0.000673343     0.000392159     0.000845557
1102    0.000315285     0.000924896     0.000924896     0.000924896     0.000591044     0.000358243     0.000733291
1106    0.000285258     0.000842468     0.000842468     0.000842468     0.000535235     0.000320128     0.000666465
1110    0.000270244     0.000803883     0.000803883     0.000803883     0.000497117     0.000281407     0.000628482
1114    0.000320289     0.000960113     0.000960113     0.000960113     0.000616334     0.000373389     0.000763969
1118    0.000255231     0.000770363     0.000770363     0.000770363     0.000493321     0.000296852     0.000612531
1122    0.000185167     0.000562678     0.000562678     0.000562678     0.000348465     0.000195702     0.000440945
1126    0.00026524     0.000812324     0.000812324     0.000812324     0.000494776     0.000267219     0.000632248
1130    0.000190172     0.000586275     0.000586275     0.000586275     0.000349419     0.000179093     0.00045217
1134    0.000285258     0.000885913     0.000885913     0.000885913     0.000558934     0.000322787     0.000701142
1138    0.00026524     0.000829347     0.000829347     0.000829347     0.000478199     0.000223432     0.000631317
1142    0.000250226     0.00078826     0.00078826     0.00078826     0.000472739     0.000242501     0.000610772
1146    0.000300271     0.000953324     0.000953324     0.000953324     0.000574395     0.000296626     0.000740589
1150    0.000170154     0.000544273     0.000544273     0.000544273     0.000328345     0.000169327     0.000423296
1154    0.000225203     0.000725384     0.000725384     0.000725384     0.00042877     0.000209514     0.00055948
1158    0.00026524     0.000860894     0.000860894     0.000860894     0.00053404     0.000291326     0.000678457
1162    0.000175158     0.000572762     0.000572762     0.000572762     0.000319128     0.000129682     0.000431564
1166    0.000260235     0.000856699     0.000856699     0.000856699     0.000493117     0.00022046     0.000654659
1170    0.000200181     0.000664131     0.000664131     0.000664131     0.000361491     0.000133353     0.000496351
1174    0.000225203     0.000752943     0.000752943     0.000752943     0.000449456     0.000219716     0.000585015
1178    0.000140127     0.000471842     0.000471842     0.000471842     0.000276448     0.000127933     0.000363926
1182    0.000135122     0.000458023     0.000458023     0.000458023     0.000267055     0.000121057     0.00035283
1186    0.000165149     0.000564109     0.000564109     0.000564109     0.000330018     0.000150286     0.000435404
1190    0.000145131     0.000499858     0.000499858     0.000499858     0.000302095     0.000149486     0.000391381
1194    0.000190172     0.000659736     0.000659736     0.000659736     0.00038583     0.000173438     0.000509829
1198    0.000145131     0.000506695     0.000506695     0.000506695     0.000292748     0.000126291     0.000389784
1202    0.000195176     0.000687033     0.000687033     0.000687033     0.000375737     0.000132116     0.000517381
1206    0.000145131     0.000514756     0.000514756     0.000514756     0.000295761     0.000123539     0.000395678
1210    0.000135122     0.000482381     0.000482381     0.000482381     0.000287964     0.000134492     0.00037685
1214    0.000140127     0.000504071     0.000504071     0.000504071     0.000263849     7.34749e-05     0.000373909
1218    0.00015514     0.000562415     0.000562415     0.000562415     0.000333402     0.000151026     0.000438611
1222    0.000140127     0.000511387     0.000511387     0.000511387     0.000303003     0.000136077     0.000399039
1226    9.50859e-05     0.000349667     0.000349667     0.000349667     0.000182009     4.71372e-05     0.000259457
1230    0.000145131     0.000537529     0.000537529     0.000537529     0.000316543     0.000137986     0.00041887
1234    0.000115104     0.000429476     0.000429476     0.000429476     0.000252198     0.000108373     0.000334466
1238    0.000135122     0.000507959     0.000507959     0.000507959     0.000297411     0.000125761     0.000395372
1242    0.000130118     0.000492921     0.000492921     0.000492921     0.000275442     9.71268e-05     0.000376951
1246    0.000145131     0.000553409     0.000553409     0.000553409     0.000285154     6.41212e-05     0.000410688
1250    0.00010009     0.000384415     0.000384415     0.000384415     0.000211031     6.76085e-05     0.000292342
1254    5.50497e-05     0.000213216     0.000213216     0.000213216     0.000111032     2.60574e-05     0.00015909
1258    0.000110099     0.000429137     0.000429137     0.000429137     0.000210661     2.83367e-05     0.000313603
1262    9.50859e-05     0.000373417     0.000373417     0.000373417     0.000215246     8.24655e-05     0.000290007
1266    0.000105095     0.00041566     0.00041566     0.00041566     0.000226379     6.66498e-05     0.000316102
1270    8.00723e-05     0.000318858     0.000318858     0.000318858     0.000183039     6.80216e-05     0.00024754
1274    0.000125113     0.000501721     0.000501721     0.000501721     0.000287348     0.000105052     0.000389378
1278    0.000125113     0.000504909     0.000504909     0.000504909     0.000275937     8.02946e-05     0.000385192
1282    8.50769e-05     0.000346303     0.000346303     0.000346303     0.000197717     7.0001e-05     0.000268834
1286    9.00814e-05     0.000369133     0.000369133     0.000369133     0.000210033     7.26482e-05     0.00028637
1290    7.00633e-05     0.000289237     0.000289237     0.000289237     0.000151345     3.17422e-05     0.000217667
1294    0.00010009     0.000415831     0.000415831     0.000415831     0.000235985     7.94887e-05     0.000322635
1298    9.00814e-05     0.00037742     0.00037742     0.00037742     0.000200291     4.53164e-05     0.000285871
1302    8.00723e-05     0.000337417     0.000337417     0.000337417     0.00019027     6.07539e-05     0.000261583
1306    8.00723e-05     0.000339867     0.000339867     0.000339867     0.000191521     6.04497e-05     0.000263558
1310    8.50769e-05     0.000363671     0.000363671     0.000363671     0.000178193     1.34743e-05     0.000268503
1314    6.50588e-05     0.000280401     0.000280401     0.000280401     0.000157041     4.68891e-05     0.000217275
1318    7.00633e-05     0.000303546     0.000303546     0.000303546     0.000143039     -8.16219e-07     0.000221559
1322    9.00814e-05     0.000393284     0.000393284     0.000393284     0.000219551     6.29026e-05     0.000304807
1326    9.50859e-05     0.000418053     0.000418053     0.000418053     0.000233002     6.53485e-05     0.000324035
1330    7.00633e-05     0.000309956     0.000309956     0.000309956     0.000172363     4.7223e-05     0.000240184
1334    7.00633e-05     0.000312111     0.000312111     0.000312111     0.000173125     4.61704e-05     0.000241783
1338    6.00543e-05     0.000269402     0.000269402     0.000269402     0.000149368     3.91471e-05     0.000208821
1342    4.00362e-05     0.000181008     0.000181008     0.000181008     9.99804e-05     2.5129e-05     0.00014024
1346    6.00543e-05     0.000273276     0.000273276     0.000273276     0.000150784     3.69932e-05     0.000211818
1350    8.50769e-05     0.000389823     0.000389823     0.000389823     0.000201268     2.54296e-05     0.000295401
1354    9.00814e-05     0.000415482     0.000415482     0.000415482     0.000215019     2.73792e-05     0.000315283
1358    5.00452e-05     0.000232202     0.000232202     0.000232202     0.000113974     2.73699e-06     0.000173259
1362    7.00633e-05     0.000327315     0.000327315     0.000327315     0.000165545     1.24083e-05     0.000246916
1366    4.50407e-05     0.000212019     0.000212019     0.000212019     0.000116064     2.473e-05     0.00016446
1370    3.50317e-05     0.000165886     0.000165886     0.000165886     7.7172e-05     -7.5921e-06     0.000122003
1374    5.50497e-05     0.000262699     0.000262699     0.000262699     0.000116159     -2.45248e-05     0.00019039
1378    8.50769e-05     0.000408412     0.000408412     0.000408412     0.000194683     -1.13965e-05     0.000303179
1382    7.00633e-05     0.000338703     0.000338703     0.000338703     0.000183853     3.3624e-05     0.000262699
1386    6.50588e-05     0.000316472     0.000316472     0.000316472     0.000171818     3.06834e-05     0.000245681
1390    5.50497e-05     0.000269516     0.000269516     0.000269516     0.000132269     -2.04128e-06     0.000202453
1394    7.50678e-05     0.000369789     0.000369789     0.000369789     0.000185943     5.17319e-06     0.000280175
1398    5.00452e-05     0.000248315     0.000248315     0.000248315     0.000120366     -6.07202e-06     0.00018611
1402    5.00452e-05     0.000249824     0.000249824     0.000249824     0.000134595     2.00254e-05     0.000193982
1406    7.00633e-05     0.000352026     0.000352026     0.000352026     0.000189594     2.73652e-05     0.000273489
1410    5.00452e-05     0.000253153     0.000253153     0.000253153     0.00013614     1.86316e-05     0.000196738
1414    4.00362e-05     0.000203724     0.000203724     0.000203724     0.000109419     1.44077e-05     0.000158333
1418    3.00271e-05     0.000153796     0.000153796     0.000153796     8.2388e-05     1.00513e-05     0.000119523
1422    2.50226e-05     0.000129108     0.000129108     0.000129108     5.49893e-05     -2.05512e-05     9.36495e-05
1426    3.00271e-05     0.000155923     0.000155923     0.000155923     6.92123e-05     -1.96222e-05     0.000114552
1430    3.00271e-05     0.000156655     0.000156655     0.000156655     8.35749e-05     8.55187e-06     0.000121824
1434    6.50588e-05     0.000342114     0.000342114     0.000342114     0.000168348     -1.12817e-05     0.000259602
1438    3.50317e-05     0.00018521     0.00018521     0.00018521     9.85631e-05     8.59577e-06     0.000144162
1442    2.50226e-05     0.00013317     0.00013317     0.00013317     7.08751e-05     5.79183e-06     0.000103756
1446    2.00181e-05     0.000107164     0.000107164     0.000107164     5.6861e-05     4.05735e-06     8.34715e-05
1450    2.50226e-05     0.000134673     0.000134673     0.000134673     7.13719e-05     4.73838e-06     0.000104902
1454    2.50226e-05     0.000135744     0.000135744     0.000135744     7.18857e-05     4.16316e-06     0.000105831
1458    4.50407e-05     0.000245771     0.000245771     0.000245771     0.000130144     7.05684e-06     0.000191717
1462    3.50317e-05     0.000192377     0.000192377     0.000192377     0.000101578     4.31829e-06     0.000150068
1466    4.00362e-05     0.000221048     0.000221048     0.000221048     0.000102337     -2.54437e-05     0.000165879
1470    3.00271e-05     0.000166973     0.000166973     0.000166973     8.79342e-05     2.3851e-06     0.000130352
1474    1.50136e-05     8.39422e-05     8.39422e-05     8.39422e-05     4.41803e-05     9.63264e-07     6.55606e-05
1478    2.00181e-05     0.000112733     0.000112733     0.000112733     4.50682e-05     -2.87851e-05     8.15221e-05
1482    3.50317e-05     0.000198358     0.000198358     0.000198358     8.99853e-05     -2.90434e-05     0.000148541
1486    3.50317e-05     0.000199319     0.000199319     0.000199319     9.04012e-05     -2.97875e-05     0.00014938
1490    3.50317e-05     0.000200261     0.000200261     0.000200261     0.000105098     -1.70031e-07     0.000156688
1494    4.00362e-05     0.000230722     0.000230722     0.000230722     0.000120729     -1.99098e-06     0.000180592
1498    1.50136e-05     8.70415e-05     8.70415e-05     8.70415e-05     4.54696e-05     -1.05782e-06     6.81271e-05
1502    2.50226e-05     0.000145834     0.000145834     0.000145834     7.62793e-05     -2.058e-06     0.000114297
1506    3.00271e-05     0.000176278     0.000176278     0.000176278     9.20556e-05     -3.39706e-06     0.000138224
1510    3.50317e-05     0.000206574     0.000206574     0.000206574     0.000107859     -4.22215e-06     0.000162015
1514    3.00271e-05     0.000178152     0.000178152     0.000178152     7.85945e-05     -3.50571e-05     0.000133347
1518    5.00452e-06     2.98049e-05     2.98049e-05     2.98049e-05     1.12628e-06     -3.17899e-05     1.69364e-05
1522    2.00181e-05     0.000120353     0.000120353     0.000120353     6.27163e-05     -3.85816e-06     9.45809e-05
1526    2.00181e-05     0.000120778     0.000120778     0.000120778     6.28612e-05     -4.25011e-06     9.49264e-05
1530    5.50497e-05     0.000334379     0.000334379     0.000334379     0.000144704     -7.65268e-05     0.000250024
1534    4.00362e-05     0.000244666     0.000244666     0.000244666     0.00012682     -1.13568e-05     0.000192411
1538    3.00271e-05     0.000184328     0.000184328     0.000184328     9.55282e-05     -8.9991e-06     0.00014504
1542    2.50226e-05     0.000154574     0.000154574     0.000154574     8.00517e-05     -8.22753e-06     0.000121719
1546    2.50226e-05     0.000155523     0.000155523     0.000155523     6.58965e-05     -4.09478e-05     0.000116149
1550    2.50226e-05     0.00015638     0.00015638     0.00015638     6.63671e-05     -4.139e-05     0.00011693
1554    4.00362e-05     0.000251629     0.000251629     0.000251629     0.000115583     -4.78553e-05     0.000192122
1558    2.50226e-05     0.000158083     0.000158083     0.000158083     8.16161e-05     -1.06968e-05     0.000124729
1562    2.00181e-05     0.000127191     0.000127191     0.000127191     5.11829e-05     -4.11607e-05     9.41553e-05
1566    1.0009e-05     6.3933e-05     6.3933e-05     6.3933e-05     1.8365e-05     -3.73462e-05     4.41989e-05
1570    2.50226e-05     0.000160725     0.000160725     0.000160725     6.82432e-05     -4.50566e-05     0.000120721
1574    5.50497e-05     0.000355556     0.000355556     0.000355556     0.000183305     -2.86152e-05     0.000281227
1578    2.00181e-05     0.000129958     0.000129958     0.000129958     6.68839e-05     -1.12121e-05     0.000102837
1582    1.0009e-05     6.54236e-05     6.54236e-05     6.54236e-05     3.36836e-05     -5.86156e-06     5.18258e-05
1586    2.00181e-05     0.000131505     0.000131505     0.000131505     6.76064e-05     -1.25108e-05     0.000104228
1590    1.50136e-05     9.92031e-05     9.92031e-05     9.92031e-05     5.10096e-05     -9.6699e-06     7.86801e-05
1594    2.00181e-05     0.00013303     0.00013303     0.00013303     6.83715e-05     -1.33378e-05     0.000105553
1598    3.00271e-05     0.000200472     0.000200472     0.000200472     0.000102863     -2.10718e-05     0.000159105
1602    2.00181e-05     0.000134451     0.000134451     0.000134451     5.44419e-05     -4.7784e-05     0.000100666
1606    2.00181e-05     0.000135035     0.000135035     0.000135035     6.93196e-05     -1.49065e-05     0.000107337
1610    2.50226e-05     0.00016983     0.00016983     0.00016983     8.72096e-05     -1.92805e-05     0.000135121
1614    2.00181e-05     0.000136542     0.000136542     0.000136542     7.01324e-05     -1.59212e-05     0.00010873
1618    1.0009e-05     6.8597e-05     6.8597e-05     6.8597e-05     3.51655e-05     -8.35848e-06     5.46341e-05
1622    1.50136e-05     0.000103408     0.000103408     0.000103408     3.8241e-05     -4.71382e-05     7.62892e-05
1626    0     0     0     0     0     0     0
1630    5.00452e-06     3.48863e-05     3.48863e-05     3.48863e-05     1.78702e-05     -4.70166e-06     2.78572e-05
1634    1.0009e-05     7.00533e-05     7.00533e-05     7.00533e-05     3.58842e-05     -9.44115e-06     5.59385e-05
1638    1.50136e-05     0.000105764     0.000105764     0.000105764     5.40331e-05     -1.50246e-05     8.44729e-05
1642    1.50136e-05     0.000106331     0.000106331     0.000106331     5.43528e-05     -1.54646e-05     8.50168e-05
1646    5.00452e-06     3.56327e-05     3.56327e-05     3.56327e-05     -1.11463e-05     -7.42535e-05     1.64991e-05
1650    2.00181e-05     0.000143152     0.000143152     0.000143152     7.31846e-05     -2.16857e-05     0.00011462
1654    3.00271e-05     0.000215813     0.000215813     0.000215813     0.000110403     -3.31199e-05     0.000172934
1658    1.0009e-05     7.23519e-05     7.23519e-05     7.23519e-05     2.22682e-05     -4.62792e-05     5.20422e-05
1662    4.00362e-05     0.000290887     0.000290887     0.000290887     0.000148973     -4.64793e-05     0.000233552
1666    1.0009e-05     7.31209e-05     7.31209e-05     7.31209e-05     3.73729e-05     -1.21648e-05     5.87325e-05
1670    5.00452e-06     3.67127e-05     3.67127e-05     3.67127e-05     1.87643e-05     -6.10775e-06     2.94886e-05
1674    1.50136e-05     0.000110733     0.000110733     0.000110733     5.65491e-05     -1.90145e-05     8.90054e-05
1678    1.0009e-05     7.42402e-05     7.42402e-05     7.42402e-05     3.79272e-05     -1.30317e-05     5.97335e-05
1682    1.0009e-05     7.46611e-05     7.46611e-05     7.46611e-05     3.81043e-05     -1.35198e-05     6.01117e-05
1686    2.00181e-05     0.00014981     0.00014981     0.00014981     7.64608e-05     -2.74483e-05     0.000120673
1690    1.0009e-05     7.5196e-05     7.5196e-05     7.5196e-05     3.83803e-05     -1.39378e-05     6.05987e-05
1694    1.0009e-05     7.56532e-05     7.56532e-05     7.56532e-05     3.86318e-05     -1.44706e-05     6.1058e-05
1698    1.50136e-05     0.000114099     0.000114099     0.000114099     5.82934e-05     -2.20033e-05     9.21406e-05
1702    5.00452e-06     3.81468e-05     3.81468e-05     3.81468e-05     -9.96588e-06     -7.96237e-05     1.92872e-05
1706    1.0009e-05     7.67803e-05     7.67803e-05     7.67803e-05     3.91493e-05     -1.55057e-05     6.20574e-05
1710    5.00452e-06     3.86528e-05     3.86528e-05     3.86528e-05     5.02028e-06     -4.41548e-05     2.55477e-05
1714    5.00452e-06     3.88106e-05     3.88106e-05     3.88106e-05     1.98028e-05     -8.06515e-06     3.14166e-05
1718    1.50136e-05     0.000116945     0.000116945     0.000116945     5.97601e-05     -2.46028e-05     9.47848e-05
1722    1.50136e-05     0.000117501     0.000117501     0.000117501     6.01053e-05     -2.51013e-05     9.53436e-05
1726    1.0009e-05     7.86541e-05     7.86541e-05     7.86541e-05     4.02125e-05     -1.70354e-05     6.38429e-05
1730    1.50136e-05     0.000118605     0.000118605     0.000118605     6.06181e-05     -2.63702e-05     9.63634e-05
1734    2.00181e-05     0.000159084     0.000159084     0.000159084     8.13283e-05     -3.59237e-05     0.000129357
1738    5.00452e-06     3.99315e-05     3.99315e-05     3.99315e-05     2.04172e-05     -9.10022e-06     3.24853e-05
1742    5.00452e-06     4.01073e-05     4.01073e-05     4.01073e-05     2.05723e-05     -9.16415e-06     3.26821e-05
1746    5.00452e-06     4.02985e-05     4.02985e-05     4.02985e-05     2.06051e-05     -9.56107e-06     3.2842e-05
1750    1.0009e-05     8.09643e-05     8.09643e-05     8.09643e-05     4.14423e-05     -1.92853e-05     6.60294e-05
1754    1.0009e-05     8.14957e-05     8.14957e-05     8.14957e-05     2.71201e-05     -5.68813e-05     6.10172e-05
1758    0     0     0     0     0     0     0
1762    0     0     0     0     0     0     0
1766    5.00452e-06     4.1354e-05     4.1354e-05     4.1354e-05     2.11502e-05     -1.05788e-05     3.38231e-05
1770    0     0     0     0     0     0     0
1774    1.50136e-05     0.000125009     0.000125009     0.000125009     6.40485e-05     -3.26876e-05     0.000102434
1778    1.0009e-05     8.36794e-05     8.36794e-05     8.36794e-05     4.28762e-05     -2.20083e-05     6.85889e-05
1782    1.0009e-05     8.40309e-05     8.40309e-05     8.40309e-05     4.31697e-05     -2.22058e-05     6.89785e-05
1786    2.00181e-05     0.000168859     0.000168859     0.000168859     8.65949e-05     -4.56412e-05     0.000138644
1790    1.0009e-05     8.49021e-05     8.49021e-05     8.49021e-05     2.90133e-05     -6.13815e-05     6.44545e-05
1794    1.0009e-05     8.5327e-05     8.5327e-05     8.5327e-05     4.3883e-05     -2.3468e-05     7.02099e-05
1798    1.0009e-05     8.5495e-05     8.5495e-05     8.5495e-05     4.39954e-05     -2.36564e-05     7.03878e-05
1802    5.00452e-06     4.30852e-05     4.30852e-05     4.30852e-05     2.21317e-05     -1.22383e-05     3.54873e-05
1806    1.0009e-05     8.63588e-05     8.63588e-05     8.63588e-05     2.98575e-05     -6.34081e-05     6.59524e-05
1810    1.0009e-05     8.6801e-05     8.6801e-05     8.6801e-05     4.46457e-05     -2.51532e-05     7.1606e-05
1814    0     0     0     0     0     0     0
1818    1.0009e-05     8.7607e-05     8.7607e-05     8.7607e-05     4.5037e-05     -2.61098e-05     7.23538e-05
1822    5.00452e-06     4.39024e-05     4.39024e-05     4.39024e-05     8.03875e-06     -5.22674e-05     3.11026e-05
1826    5.00452e-06     4.42548e-05     4.42548e-05     4.42548e-05     2.28202e-05     -1.3445e-05     3.66353e-05
1830    1.50136e-05     0.000133112     0.000133112     0.000133112     6.8658e-05     -4.08433e-05     0.000110261
1834    0     0     0     0     0     0     0
1838    1.0009e-05     8.96331e-05     8.96331e-05     8.96331e-05     4.63077e-05     -2.79007e-05     7.4355e-05
1842    2.00181e-05     0.000179771     0.000179771     0.000179771     9.27659e-05     -5.717e-05     0.000149212
1846    5.00452e-06     4.50895e-05     4.50895e-05     4.50895e-05     8.82223e-06     -5.38324e-05     3.23714e-05
1850    5.00452e-06     4.53031e-05     4.53031e-05     4.53031e-05     2.34912e-05     -1.43319e-05     3.76726e-05
1854    5.00452e-06     4.55172e-05     4.55172e-05     4.55172e-05     2.35224e-05     -1.48472e-05     3.78535e-05
1858    5.00452e-06     4.58105e-05     4.58105e-05     4.58105e-05     2.37355e-05     -1.5015e-05     3.81493e-05
1862    1.0009e-05     9.20154e-05     9.20154e-05     9.20154e-05     4.7727e-05     -3.04935e-05     7.67067e-05
1866    0     0     0     0     0     0     0
1870    1.0009e-05     9.25136e-05     9.25136e-05     9.25136e-05     4.79477e-05     -3.1243e-05     7.71704e-05
1874    5.00452e-06     4.66171e-05     4.66171e-05     4.66171e-05     2.42511e-05     -1.59731e-05     3.89782e-05
1878    5.00452e-06     4.67141e-05     4.67141e-05     4.67141e-05     2.43016e-05     -1.60063e-05     3.90593e-05
1882    0     0     0     0     0     0     0
1886    0     0     0     0     0     0     0
1890    2.00181e-05     0.000189158     0.000189158     0.000189158     8.39379e-05     -0.000107862     0.000153538
1894    5.00452e-06     4.7479e-05     4.7479e-05     4.7479e-05     2.47144e-05     -1.69792e-05     3.97968e-05
1898    0     0     0     0     0     0     0
1902    5.00452e-06     4.78694e-05     4.78694e-05     4.78694e-05     2.49852e-05     -1.74331e-05     4.02081e-05
1906    0     0     0     0     0     0     0
1910    0     0     0     0     0     0     0
1914    5.00452e-06     4.8446e-05     4.8446e-05     4.8446e-05     2.53459e-05     -1.79866e-05     4.07741e-05
1918    1.0009e-05     9.74432e-05     9.74432e-05     9.74432e-05     5.10376e-05     -3.65298e-05     8.20929e-05
1922    5.00452e-06     4.88457e-05     4.88457e-05     4.88457e-05     2.56138e-05     -1.84862e-05     4.11916e-05
1926    5.00452e-06     4.90593e-05     4.90593e-05     4.90593e-05     2.57259e-05     -1.85671e-05     4.13717e-05
1930    5.00452e-06     4.9323e-05     4.9323e-05     4.9323e-05     2.59245e-05     -1.90201e-05     4.16751e-05
1934    0     0     0     0     0     0     0
1938    5.00452e-06     4.96265e-05     4.96265e-05     4.96265e-05     2.61221e-05     -1.92929e-05     4.19746e-05
1942    0     0     0     0     0     0     0
1946    5.00452e-06     5.00462e-05     5.00462e-05     5.00462e-05     2.63592e-05     -1.96792e-05     4.23653e-05
1950    0     0     0     0     0     0     0
1954    0     0     0     0     0     0     0
1958    5.00452e-06     5.06241e-05     5.06241e-05     5.06241e-05     2.67635e-05     -2.04332e-05     4.29786e-05
1962    0     0     0     0     0     0     0
1966    0     0     0     0     0     0     0
1970    5.00452e-06     5.13039e-05     5.13039e-05     5.13039e-05     2.71374e-05     -2.12202e-05     4.36217e-05
1974    0     0     0     0     0     0     0
1978    5.00452e-06     5.172e-05     5.172e-05     5.172e-05     1.33587e-05     -6.4293e-05     3.96217e-05
1982    1.50136e-05     0.000155734     0.000155734     0.000155734     8.28383e-05     -6.5571e-05     0.000132835
1986    0     0     0     0     0     0     0
1990    0     0     0     0     0     0     0
1994    0     0     0     0     0     0     0
1998    5.00452e-06     5.27866e-05     5.27866e-05     5.27866e-05     2.80554e-05     -2.28732e-05     4.50786e-05
2002    0     0     0     0     0     0     0
2006    5.00452e-06     5.31651e-05     5.31651e-05     5.31651e-05     5.31651e-05     5.31651e-05     5.31651e-05
2010    0     0     0     0     0     0     0
2014    1.0009e-05     0.000106965     0.000106965     0.000106965     0.000106965     0.000106965     0.000106965
2018    1.0009e-05     0.000107543     0.000107543     0.000107543     0.000107543     0.000107543     0.000107543
2022    0     0     0     0     0     0     0
2026    5.00452e-06     5.42451e-05     5.42451e-05     5.42451e-05     5.42451e-05     5.42451e-05     5.42451e-05
2030    5.00452e-06     5.44179e-05     5.44179e-05     5.44179e-05     5.44179e-05     5.44179e-05     5.44179e-05
2034    5.00452e-06     5.46434e-05     5.46434e-05     5.46434e-05     5.46434e-05     5.46434e-05     5.46434e-05
2038    0     0     0     0     0     0     0
2042    0     0     0     0     0     0     0
2046    0     0     0     0     0     0     0
2050    5.00452e-06     5.54615e-05     5.54615e-05     5.54615e-05     5.54615e-05     5.54615e-05     5.54615e-05
2054    1.0009e-05     0.000111248     0.000111248     0.000111248     0.000111248     0.000111248     0.000111248
2058    0     0     0     0     0     0     0
2062    0     0     0     0     0     0     0
2066    0     0     0     0     0     0     0
2070    1.0009e-05     0.000112798     0.000112798     0.000112798     0.000112798     0.000112798     0.000112798
2074    1.50136e-05     0.000169929     0.000169929     0.000169929     0.000169929     0.000169929     0.000169929
2078    0     0     0     0     0     0     0
2082    0     0     0     0     0     0     0
2086    5.00452e-06     5.71663e-05     5.71663e-05     5.71663e-05     5.71663e-05     5.71663e-05     5.71663e-05
2090    0     0     0     0     0     0     0
2094    0     0     0     0     0     0     0
2098    0     0     0     0     0     0     0
2102    0     0     0     0     0     0     0
2106    0     0     0     0     0     0     0
2110    0     0     0     0     0     0     0
2114    5.00452e-06     5.86735e-05     5.86735e-05     5.86735e-05     5.86735e-05     5.86735e-05     5.86735e-05
2118    0     0     0     0     0     0     0
2122    0     0     0     0     0     0     0
2126    5.00452e-06     5.93373e-05     5.93373e-05     5.93373e-05     5.93373e-05     5.93373e-05     5.93373e-05
2130    0     0     0     0     0     0     0
2134    0     0     0     0     0     0     0
2138    0     0     0     0     0     0     0
2142    1.0009e-05     0.000120329     0.000120329     0.000120329     0.000120329     0.000120329     0.000120329
2146    5.00452e-06     6.03858e-05     6.03858e-05     6.03858e-05     6.03858e-05     6.03858e-05     6.03858e-05
2150    1.0009e-05     0.000121239     0.000121239     0.000121239     0.000121239     0.000121239     0.000121239
2154    0     0     0     0     0     0     0
2158    5.00452e-06     6.09008e-05     6.09008e-05     6.09008e-05     6.09008e-05     6.09008e-05     6.09008e-05
2162    0     0     0     0     0     0     0
2166    0     0     0     0     0     0     0
2170    0     0     0     0     0     0     0
2174    0     0     0     0     0     0     0
2178    1.0009e-05     0.000124162     0.000124162     0.000124162     0.000124162     0.000124162     0.000124162
2182    0     0     0     0     0     0     0
2186    0     0     0     0     0     0     0
2190    0     0     0     0     0     0     0
2194    0     0     0     0     0     0     0
2198    0     0     0     0     0     0     0
2202    0     0     0     0     0     0     0
2206    0     0     0     0     0     0     0
2210    0     0     0     0     0     0     0
2214    0     0     0     0     0     0     0
2218    0     0     0     0     0     0     0
2222    5.00452e-06     6.43064e-05     6.43064e-05     6.43064e-05     6.43064e-05     6.43064e-05     6.43064e-05
2226    5.00452e-06     6.44526e-05     6.44526e-05     6.44526e-05     6.44526e-05     6.44526e-05     6.44526e-05
2230    0     0     0     0     0     0     0
2234    0     0     0     0     0     0     0
2238    1.0009e-05     0.00013027     0.00013027     0.00013027     0.00013027     0.00013027     0.00013027
2242    0     0     0     0     0     0     0
2246    5.00452e-06     6.5584e-05     6.5584e-05     6.5584e-05     6.5584e-05     6.5584e-05     6.5584e-05
2250    0     0     0     0     0     0     0
2254    5.00452e-06     6.59399e-05     6.59399e-05     6.59399e-05     6.59399e-05     6.59399e-05     6.59399e-05
2258    0     0     0     0     0     0     0
2262    1.0009e-05     0.000132829     0.000132829     0.000132829     0.000132829     0.000132829     0.000132829
2266    0     0     0     0     0     0     0
2270    0     0     0     0     0     0     0
2274    0     0     0     0     0     0     0
2278    0     0     0     0     0     0     0
2282    0     0     0     0     0     0     0
2286    0     0     0     0     0     0     0
2290    5.00452e-06     6.7911e-05     6.7911e-05     6.7911e-05     6.7911e-05     6.7911e-05     6.7911e-05
2294    0     0     0     0     0     0     0
2298    0     0     0     0     0     0     0
2302    0     0     0     0     0     0     0
2306    0     0     0     0     0     0     0
2310    0     0     0     0     0     0     0
2314    0     0     0     0     0     0     0
2318    0     0     0     0     0     0     0
2322    0     0     0     0     0     0     0
2326    0     0     0     0     0     0     0
2330    0     0     0     0     0     0     0
2334    0     0     0     0     0     0     0
2338    5.00452e-06     7.04281e-05     7.04281e-05     7.04281e-05     7.04281e-05     7.04281e-05     7.04281e-05
2342    0     0     0     0     0     0     0
2346    0     0     0     0     0     0     0
2350    0     0     0     0     0     0     0
2354    0     0     0     0     0     0     0
2358    0     0     0     0     0     0     0
2362    0     0     0     0     0     0     0
2366    0     0     0     0     0     0     0
2370    0     0     0     0     0     0     0
2374    0     0     0     0     0     0     0
2378    5.00452e-06     7.26674e-05     7.26674e-05     7.26674e-05     7.26674e-05     7.26674e-05     7.26674e-05
2382    0     0     0     0     0     0     0
2386    0     0     0     0     0     0     0
2390    5.00452e-06     7.33339e-05     7.33339e-05     7.33339e-05     7.33339e-05     7.33339e-05     7.33339e-05
2394    0     0     0     0     0     0     0
2398    0     0     0     0     0     0     0
2402    0     0     0     0     0     0     0
2406    0     0     0     0     0     0     0
2410    5.00452e-06     7.43598e-05     7.43598e-05     7.43598e-05     7.43598e-05     7.43598e-05     7.43598e-05
2414    0     0     0     0     0     0     0
2418    0     0     0     0     0     0     0
2422    5.00452e-06     7.4978e-05     7.4978e-05     7.4978e-05     7.4978e-05     7.4978e-05     7.4978e-05
2426    0     0     0     0     0     0     0
2430    5.00452e-06     7.53347e-05     7.53347e-05     7.53347e-05     7.53347e-05     7.53347e-05     7.53347e-05
2434    0     0     0     0     0     0     0
2438    0     0     0     0     0     0     0
2442    0     0     0     0     0     0     0
2446    0     0     0     0     0     0     0
2450    0     0     0     0     0     0     0
2454    0     0     0     0     0     0     0
2458    0     0     0     0     0     0     0
2462    1.0009e-05     0.000154213     0.000154213     0.000154213     0.000154213     0.000154213     0.000154213
2466    0     0     0     0     0     0     0
2470    0     0     0     0     0     0     0
2474    0     0     0     0     0     0     0
2478    0     0     0     0     0     0     0
2482    0     0     0     0     0     0     0
2486    0     0     0     0     0     0     0
2490    0     0     0     0     0     0     0
2494    0     0     0     0     0     0     0
2498    0     0     0     0     0     0     0
2502    0     0     0     0     0     0     0
2506    0     0     0     0     0     0     0
2510    0     0     0     0     0     0     0
2514    0     0     0     0     0     0     0
2518    0     0     0     0     0     0     0
2522    0     0     0     0     0     0     0
2526    5.00452e-06     8.0575e-05     8.0575e-05     8.0575e-05     8.0575e-05     8.0575e-05     8.0575e-05
2530    0     0     0     0     0     0     0
2534    0     0     0     0     0     0     0
2538    0     0     0     0     0     0     0
2542    0     0     0     0     0     0     0
2546    0     0     0     0     0     0     0
2550    0     0     0     0     0     0     0
2554    0     0     0     0     0     0     0
2558    0     0     0     0     0     0     0
2562    0     0     0     0     0     0     0
2566    0     0     0     0     0     0     0
2570    0     0     0     0     0     0     0
2574    0     0     0     0     0     0     0
2578    0     0     0     0     0     0     0
2582    5.00452e-06     8.36141e-05     8.36141e-05     8.36141e-05     8.36141e-05     8.36141e-05     8.36141e-05
2586    0     0     0     0     0     0     0
2590    0     0     0     0     0     0     0
2594    0     0     0     0     0     0     0
2598    0     0     0     0     0     0     0
2602    0     0     0     0     0     0     0
2606    0     0     0     0     0     0     0
2610    0     0     0     0     0     0     0
2614    0     0     0     0     0     0     0
2618    0     0     0     0     0     0     0
2622    0     0     0     0     0     0     0
2626    0     0     0     0     0     0     0
2630    0     0     0     0     0     0     0
2634    0     0     0     0     0     0     0
2638    0     0     0     0     0     0     0
2642    0     0     0     0     0     0     0
2646    0     0     0     0     0     0     0
2650    0     0     0     0     0     0     0
2654    0     0     0     0     0     0     0
2658    0     0     0     0     0     0     0
2662    0     0     0     0     0     0     0
2666    5.00452e-06     8.83386e-05     8.83386e-05     8.83386e-05     8.83386e-05     8.83386e-05     8.83386e-05
2670    0     0     0     0     0     0     0
2674    5.00452e-06     8.87738e-05     8.87738e-05     8.87738e-05     8.87738e-05     8.87738e-05     8.87738e-05
2678    0     0     0     0     0     0     0
2682    0     0     0     0     0     0     0
2686    0     0     0     0     0     0     0
2690    0     0     0     0     0     0     0
2694    0     0     0     0     0     0     0
2698    0     0     0     0     0     0     0
2702    0     0     0     0     0     0     0
2706    0     0     0     0     0     0     0
2710    0     0     0     0     0     0     0
2714    0     0     0     0     0     0     0
2718    0     0     0     0     0     0     0
2722    0     0     0     0     0     0     0
2726    0     0     0     0     0     0     0
2730    0     0     0     0     0     0     0
2734    0     0     0     0     0     0     0
2738    0     0     0     0     0     0     0
2742    0     0     0     0     0     0     0
2746    0     0     0     0     0     0     0
2750    0     0     0     0     0     0     0
2754    0     0     0     0     0     0     0
2758    0     0     0     0     0     0     0
2762    0     0     0     0     0     0     0
2766    0     0     0     0     0     0     0
2770    0     0     0     0     0     0     0
2774    0     0     0     0     0     0     0
2778    0     0     0     0     0     0     0
2782    0     0     0     0     0     0     0
2786    0     0     0     0     0     0     0
2790    0     0     0     0     0     0     0
2794    0     0     0     0     0     0     0
2798    0     0     0     0     0     0     0
2802    0     0     0     0     0     0     0
2806    0     0     0     0     0     0     0
2810    0     0     0     0     0     0     0
2814    0     0     0     0     0     0     0
2818    0     0     0     0     0     0     0
2822    0     0     0     0     0     0     0
2826    0     0     0     0     0     0     0
2830    0     0     0     0     0     0     0
2834    0     0     0     0     0     0     0
2838    0     0     0     0     0     0     0
2842    0     0     0     0     0     0     0
2846    0     0     0     0     0     0     0
2850    0     0     0     0     0     0     0
2854    0     0     0     0     0     0     0
2858    0     0     0     0     0     0     0
2862    0     0     0     0     0     0     0
2866    0     0     0     0     0     0     0
2870    0     0     0     0     0     0     0
2874    0     0     0     0     0     0     0
2878    0     0     0     0     0     0     0
2882    0     0     0     0     0     0     0
2886    0     0     0     0     0     0     0
2890    5.00452e-06     0.000100701     0.000100701     0.000100701     0.000100701     0.000100701     0.000100701
2894    0     0     0     0     0     0     0
2898    0     0     0     0     0     0     0
2902    0     0     0     0     0     0     0
2906    0     0     0     0     0     0     0
2910    0     0     0     0     0     0     0
2914    0     0     0     0     0     0     0
2918    0     0     0     0     0     0     0
2922    0     0     0     0     0     0     0
2926    0     0     0     0     0     0     0
2930    0     0     0     0     0     0     0
2934    0     0     0     0     0     0     0
2938    0     0     0     0     0     0     0
2942    0     0     0     0     0     0     0
2946    0     0     0     0     0     0     0
2950    0     0     0     0     0     0     0
2954    0     0     0     0     0     0     0
2958    0     0     0     0     0     0     0
2962    0     0     0     0     0     0     0
2966    0     0     0     0     0     0     0
2970    0     0     0     0     0     0     0
2974    0     0     0     0     0     0     0
2978    0     0     0     0     0     0     0
2982    0     0     0     0     0     0     0
2986    0     0     0     0     0     0     0
2990    0     0     0     0     0     0     0
2994    0     0     0     0     0     0     0
2998    0     0     0     0     0     0     0
3002    0     0     0     0     0     0     0
3006    0     0     0     0     0     0     0
3010    0     0     0     0     0     0     0
3014    0     0     0     0     0     0     0
3018    0     0     0     0     0     0     0
3022    0     0     0     0     0     0     0
3026    0     0     0     0     0     0     0
3030    0     0     0     0     0     0     0
3034    0     0     0     0     0     0     0
3038    0     0     0     0     0     0     0
3042    0     0     0     0     0     0     0
3046    0     0     0     0     0     0     0
3050    0     0     0     0     0     0     0
3054    0     0     0     0     0     0     0
3058    0     0     0     0     0     0     0
3062    5.00452e-06     0.000110394     0.000110394     0.000110394     0.000110394     0.000110394     0.000110394
3066    0     0     0     0     0     0     0
3070    0     0     0     0     0     0     0
3074    0     0     0     0     0     0     0
3078    0     0     0     0     0     0     0
3082    0     0     0     0     0     0     0
3086    0     0     0     0     0     0     0
3090    0     0     0     0     0     0     0
3094    0     0     0     0     0     0     0
3098    0     0     0     0     0     0     0
3102    0     0     0     0     0     0     0
3106    0     0     0     0     0     0     0
3110    0     0     0     0     0     0     0
3114    0     0     0     0     0     0     0
3118    0     0     0     0     0     0     0
3122    0     0     0     0     0     0     0
3126    0     0     0     0     0     0     0
3130    0     0     0     0     0     0     0
3134    0     0     0     0     0     0     0
3138    0     0     0     0     0     0     0
3142    0     0     0     0     0     0     0
3146    0     0     0     0     0     0     0
3150    0     0     0     0     0     0     0
3154    0     0     0     0     0     0     0
3158    0     0     0     0     0     0     0
3162    0     0     0     0     0     0     0
3166    0     0     0     0     0     0     0
3170    0     0     0     0     0     0     0
3174    0     0     0     0     0     0     0
3178    0     0     0     0     0     0     0
3182    0     0     0     0     0     0     0
3186    0     0     0     0     0     0     0
3190    0     0     0     0     0     0     0
3194    0     0     0     0     0     0     0
3198    0     0     0     0     0     0     0
3202    0     0     0     0     0     0     0
3206    0     0     0     0     0     0     0
3210    0     0     0     0     0     0     0
3214    0     0     0     0     0     0     0
3218    0     0     0     0     0     0     0
3222    0     0     0     0     0     0     0
3226    0     0     0     0     0     0     0
3230    0     0     0     0     0     0     0
3234    0     0     0     0     0     0     0
3238    0     0     0     0     0     0     0
3242    0     0     0     0     0     0     0
3246    0     0     0     0     0     0     0
3250    0     0     0     0     0     0     0
3254    0     0     0     0     0     0     0
3258    0     0     0     0     0     0     0
3262    0     0     0     0     0     0     0
3266    0     0     0     0     0     0     0
3270    0     0     0     0     0     0     0
3274    0     0     0     0     0     0     0
3278    0     0     0     0     0     0     0
3282    0     0     0     0     0     0     0
3286    0     0     0     0     0     0     0
3290    0     0     0     0     0     0     0
3294    0     0     0     0     0     0     0
3298    0     0     0     0     0     0     0
3302    0     0     0     0     0     0     0
3306    0     0     0     0     0     0     0
3310    0     0     0     0     0     0     0
3314    0     0     0     0     0     0     0
3318    0     0     0     0     0     0     0
3322    0     0     0     0     0     0     0
3326    0     0     0     0     0     0     0
3330    0     0     0     0     0     0     0
3334    0     0     0     0     0     0     0
3338    0     0     0     0     0     0     0
3342    0     0     0     0     0     0     0
3346    0     0     0     0     0     0     0
3350    0     0     0     0     0     0     0
3354    0     0     0     0     0     0     0
3358    0     0     0     0     0     0     0
3362    0     0     0     0     0     0     0
3366    0     0     0     0     0     0     0
3370    0     0     0     0     0     0     0
3374    0     0     0     0     0     0     0
3378    0     0     0     0     0     0     0
3382    0     0     0     0     0     0     0
3386    0     0     0     0     0     0     0
3390    0     0     0     0     0     0     0
3394    0     0     0     0     0     0     0
3398    0     0     0     0     0     0     0
3402    0     0     0     0     0     0     0
3406    0     0     0     0     0     0     0
3410    0     0     0     0     0     0     0
3414    0     0     0     0     0     0     0
3418    0     0     0     0     0     0     0
3422    0     0     0     0     0     0     0
3426    0     0     0     0     0     0     0
3430    0     0     0     0     0     0     0
3434    0     0     0     0     0     0     0
3438    0     0     0     0     0     0     0
3442    0     0     0     0     0     0     0
3446    0     0     0     0     0     0     0
3450    0     0     0     0     0     0     0
3454    5.00452e-06     0.000132544     0.000132544     0.000132544     0.000132544     0.000132544     0.000132544
3458    0     0     0     0     0     0     0
3462    0     0     0     0     0     0     0
3466    0     0     0     0     0     0     0
3470    0     0     0     0     0     0     0
3474    0     0     0     0     0     0     0
3478    0     0     0     0     0     0     0
3482    0     0     0     0     0     0     0
3486    0     0     0     0     0     0     0
3490    0     0     0     0     0     0     0
3494    0     0     0     0     0     0     0
3498    0     0     0     0     0     0     0
3502    0     0     0     0     0     0     0
3506    0     0     0     0     0     0     0
3510    0     0     0     0     0     0     0
3514    0     0     0     0     0     0     0
3518    0     0     0     0     0     0     0
3522    0     0     0     0     0     0     0
3526    0     0     0     0     0     0     0
3530    0     0     0     0     0     0     0
3534    0     0     0     0     0     0     0
3538    0     0     0     0     0     0     0
3542    0     0     0     0     0     0     0
3546    0     0     0     0     0     0     0
3550    0     0     0     0     0     0     0
3554    0     0     0     0     0     0     0
3558    0     0     0     0     0     0     0
3562    0     0     0     0     0     0     0
3566    0     0     0     0     0     0     0
3570    0     0     0     0     0     0     0
3574    0     0     0     0     0     0     0
3578    0     0     0     0     0     0     0
3582    0     0     0     0     0     0     0
3586    0     0     0     0     0     0     0
3590    0     0     0     0     0     0     0
3594    0     0     0     0     0     0     0
3598    0     0     0     0     0     0     0
3602    0     0     0     0     0     0     0
3606    0     0     0     0     0     0     0
3610    0     0     0     0     0     0     0
3614    0     0     0     0     0     0     0
3618    0     0     0     0     0     0     0
3622    0     0     0     0     0     0     0
3626    0     0     0     0     0     0     0
3630    0     0     0     0     0     0     0
3634    0     0     0     0     0     0     0
3638    0     0     0     0     0     0     0
3642    0     0     0     0     0     0     0
3646    0     0     0     0     0     0     0
3650    0     0     0     0     0     0     0
3654    0     0     0     0     0     0     0
3658    0     0     0     0     0     0     0
3662    0     0     0     0     0     0     0
3666    5.00452e-06     0.000144728     0.000144728     0.000144728     0.000144728     0.000144728     0.000144728
3670    0     0     0     0     0     0     0
3674    0     0     0     0     0     0     0
3678    0     0     0     0     0     0     0
3682    0     0     0     0     0     0     0
3686    0     0     0     0     0     0     0
3690    0     0     0     0     0     0     0
3694    0     0     0     0     0     0     0
3698    0     0     0     0     0     0     0
3702    0     0     0     0     0     0     0
3706    0     0     0     0     0     0     0
3710    0     0     0     0     0     0     0
3714    0     0     0     0     0     0     0
3718    0     0     0     0     0     0     0
3722    0     0     0     0     0     0     0
3726    0     0     0     0     0     0     0
3730    0     0     0     0     0     0     0
3734    0     0     0     0     0     0     0
3738    0     0     0     0     0     0     0
3742    0     0     0     0     0     0     0
3746    0     0     0     0     0     0     0
3750    0     0     0     0     0     0     0
3754    0     0     0     0     0     0     0
3758    0     0     0     0     0     0     0
3762    0     0     0     0     0     0     0
3766    0     0     0     0     0     0     0
3770    0     0     0     0     0     0     0
3774    0     0     0     0     0     0     0
3778    0     0     0     0     0     0     0
3782    0     0     0     0     0     0     0
3786    0     0     0     0     0     0     0
3790    0     0     0     0     0     0     0
3794    0     0     0     0     0     0     0
3798    0     0     0     0     0     0     0
3802    0     0     0     0     0     0     0
3806    0     0     0     0     0     0     0
3810    0     0     0     0     0     0     0
3814    0     0     0     0     0     0     0
3818    0     0     0     0     0     0     0
3822    0     0     0     0     0     0     0
3826    0     0     0     0     0     0     0
3830    0     0     0     0     0     0     0
3834    0     0     0     0     0     0     0
3838    0     0     0     0     0     0     0
3842    0     0     0     0     0     0     0
3846    0     0     0     0     0     0     0
3850    0     0     0     0     0     0     0
3854    0     0     0     0     0     0     0
3858    0     0     0     0     0     0     0
3862    0     0     0     0     0     0     0
3866    0     0     0     0     0     0     0
3870    0     0     0     0     0     0     0
3874    0     0     0     0     0     0     0
3878    0     0     0     0     0     0     0
3882    0     0     0     0     0     0     0
3886    0     0     0     0     0     0     0
3890    0     0     0     0     0     0     0
3894    0     0     0     0     0     0     0
3898    0     0     0     0     0     0     0
3902    0     0     0     0     0     0     0
3906    0     0     0     0     0     0     0
3910    0     0     0     0     0     0     0
3914    0     0     0     0     0     0     0
3918    0     0     0     0     0     0     0
3922    0     0     0     0     0     0     0
3926    0     0     0     0     0     0     0
3930    0     0     0     0     0     0     0
3934    0     0     0     0     0     0     0
3938    0     0     0     0     0     0     0
3942    0     0     0     0     0     0     0
3946    0     0     0     0     0     0     0
3950    0     0     0     0     0     0     0
3954    0     0     0     0     0     0     0
3958    0     0     0     0     0     0     0
3962    0     0     0     0     0     0     0
3966    0     0     0     0     0     0     0
3970    0     0     0     0     0     0     0
3974    0     0     0     0     0     0     0
3978    0     0     0     0     0     0     0
3982    0     0     0     0     0     0     0
3986    0     0     0     0     0     0     0
3990    0     0     0     0     0     0     0
3994    0     0     0     0     0     0     0
3998    0     0     0     0     0     0     0
