1     0     0     0     0
3     0     0     0     0
5     0     0     0     0
7     0     0     0     0
9     0     0     0     0
11     0     0     0     0
13     0     0     0     0
15     0     0     0     0
17     0     0     0     0
19     0     0     0     0
21     0     0     0     0
23     0     0     0     0
25     0     0     0     0
27     0     0     0     0
29     0     0     0     0
31     0     0     0     0
33     0     0     0     0
35     0     0     0     0
37     0     0     0     0
39     0     0     0     0
41     0     0     0     0
43     0     0     0     0
45     0     0     0     0
47     0     0     0     0
49     0.000269545     1.40201e-09     1.4018e-09     1.40223e-09
51     0.000303239     1.62191e-09     1.62166e-09     1.62216e-09
53     0.000286392     1.57916e-09     1.57891e-09     1.5794e-09
55     0.000219006     1.24267e-09     1.24248e-09     1.24286e-09
57     0.000353778     2.06334e-09     2.06302e-09     2.06366e-09
59     0.000336932     2.02054e-09     2.02023e-09     2.02085e-09
61     0.000303239     1.88661e-09     1.88632e-09     1.8869e-09
63     0.000404318     2.59102e-09     2.59062e-09     2.59142e-09
65     0.000286392     1.89188e-09     1.89158e-09     1.89217e-09
67     0.000320085     2.1854e-09     2.18506e-09     2.18574e-09
69     0.000286392     2.01508e-09     2.01477e-09     2.0154e-09
71     0.000404318     2.93854e-09     2.93809e-09     2.939e-09
73     0.000454858     3.43758e-09     3.43705e-09     3.43811e-09
75     0.000336932     2.63706e-09     2.63665e-09     2.63746e-09
77     0.000303239     2.46316e-09     2.46278e-09     2.46355e-09
79     0.000522244     4.40012e-09     4.39944e-09     4.40081e-09
81     0.000606477     5.30864e-09     5.30782e-09     5.30946e-09
83     0.000454858     4.14795e-09     4.1473e-09     4.14859e-09
85     0.000707557     6.71294e-09     6.7119e-09     6.71398e-09
87     0.000421165     4.14774e-09     4.14709e-09     4.14838e-09
89     0.000505398     5.1877e-09     5.1869e-09     5.18851e-09
91     0.000471704     5.07047e-09     5.06968e-09     5.07125e-09
93     0.000539091     6.04487e-09     6.04394e-09     6.04581e-09
95     0.000522244     6.10648e-09     6.10553e-09     6.10743e-09
97     0.000572784     6.99621e-09     6.99512e-09     6.99729e-09
99     0.000926562     1.18283e-08     1.18264e-08     1.18301e-08
101     0.000943409     1.25957e-08     1.25937e-08     1.25976e-08
103     0.000589631     8.21982e-09     8.21855e-09     8.2211e-09
105     0.000522244     7.58884e-09     7.58767e-09     7.59002e-09
107     0.000539091     8.21575e-09     8.21448e-09     8.21703e-09
109     0.00079179     1.27311e-08     1.27291e-08     1.2733e-08
111     0.000657017     1.11235e-08     1.11218e-08     1.11252e-08
113     0.00069071     1.22871e-08     1.22852e-08     1.2289e-08
115     0.000825483     1.55529e-08     1.55505e-08     1.55553e-08
117     0.000606477     1.21221e-08     1.21202e-08     1.2124e-08
119     0.000774943     1.65383e-08     1.65357e-08     1.65408e-08
121     0.00079179     1.81668e-08     1.8164e-08     1.81696e-08
123     0.000859176     2.11451e-08     2.11418e-08     2.11484e-08
125     0.000657017     1.75292e-08     1.75265e-08     1.75319e-08
127     0.000808636     2.36689e-08     2.36652e-08     2.36725e-08
129     0.000960256     3.06556e-08     3.06508e-08     3.06603e-08
131     0.000909716     3.19974e-08     3.19924e-08     3.20023e-08
133     0.000960256     3.76108e-08     3.7605e-08     3.76166e-08
135     0.000876023     3.88056e-08     3.87995e-08     3.88116e-08
137     0.000977102     4.85117e-08     4.85042e-08     4.85192e-08
139     0.000909716     5.14831e-08     5.14751e-08     5.1491e-08
141     0.00134773     8.70349e-08     8.70214e-08     8.70484e-08
143     0.00111187     8.36383e-08     8.36253e-08     8.36513e-08
145     0.000993949     8.77564e-08     8.77428e-08     8.777e-08
147     0.000892869     9.32123e-08     9.31978e-08     9.32267e-08
149     0.000960256     1.20127e-07     1.20109e-07     1.20146e-07
151     0.000943409     1.44959e-07     1.44936e-07     1.44981e-07
153     0.00116241     2.2839e-07     2.28355e-07     2.28426e-07
155     0.00129719     3.26914e-07     3.26863e-07     3.26964e-07
157     0.0010108     3.47403e-07     3.47349e-07     3.47457e-07
159     0.00138142     7.15427e-07     7.15316e-07     7.15538e-07
161     0.00119611     1.14551e-06     1.14533e-06     1.14569e-06
163     0.00109503     1.70091e-06     1.70064e-06     1.70117e-06
165     0.000859176     1.85874e-06     1.85845e-06     1.85903e-06
167     0.00106134     2.86415e-06     2.86371e-06     2.8646e-06
169     0.00134773     4.28531e-06     4.28464e-06     4.28597e-06
171     0.00149935     5.53313e-06     5.53227e-06     5.53399e-06
173     0.00138142     5.76136e-06     5.76047e-06     5.76225e-06
175     0.0010108     4.65851e-06     4.65779e-06     4.65924e-06
177     0.00131403     6.72758e-06     6.72654e-06     6.72862e-06
179     0.00111187     6.34525e-06     6.34426e-06     6.34623e-06
181     0.00166781     1.07411e-05     1.07395e-05     1.07428e-05
183     0.00141511     1.02568e-05     1.02552e-05     1.02583e-05
185     0.00141511     1.16169e-05     1.16151e-05     1.16187e-05
187     0.00165097     1.49812e-05     1.49789e-05     1.49835e-05
189     0.00149935     1.49986e-05     1.49963e-05     1.50009e-05
191     0.00166781     1.82696e-05     1.82668e-05     1.82725e-05
193     0.00143196     1.70199e-05     1.70173e-05     1.70226e-05
195     0.00156673     2.00805e-05     2.00774e-05     2.00836e-05
197     0.00176889     2.44106e-05     2.44068e-05     2.44144e-05
199     0.00165097     2.43127e-05     2.43089e-05     2.43164e-05
201     0.00151619     2.37733e-05     2.37696e-05     2.3777e-05
203     0.00188682     3.15969e-05     3.1592e-05     3.16018e-05
205     0.00171835     3.0551e-05     3.05462e-05     3.05557e-05
207     0.00160043     3.01857e-05     3.01811e-05     3.01904e-05
209     0.00154989     3.09656e-05     3.09608e-05     3.09704e-05
211     0.00193736     4.11589e-05     4.11525e-05     4.11652e-05
213     0.00197105     4.42728e-05     4.42659e-05     4.42796e-05
215     0.00166781     3.95846e-05     3.95784e-05     3.95907e-05
217     0.00193736     4.84156e-05     4.84081e-05     4.84231e-05
219     0.00197105     5.18482e-05     5.18402e-05     5.18562e-05
221     0.00210582     5.82783e-05     5.82693e-05     5.82874e-05
223     0.00210582     6.12478e-05     6.12383e-05     6.12573e-05
225     0.00254383     7.76974e-05     7.76854e-05     7.77095e-05
227     0.00212267     6.81219e-05     6.81113e-05     6.81324e-05
229     0.0019879     6.67368e-05     6.67264e-05     6.67471e-05
231     0.00267861     9.44489e-05     9.44343e-05     9.44635e-05
233     0.00247645     9.14977e-05     9.14835e-05     9.15119e-05
235     0.00229114     8.87527e-05     8.8739e-05     8.87665e-05
237     0.00256068     0.000103901     0.000103885     0.000103917
239     0.00193736     8.20992e-05     8.20865e-05     8.21119e-05
241     0.00256068     0.000113656     0.000113638     0.000113674
243     0.00227429     0.000105408     0.000105391     0.000105424
245     0.00230798     0.000111639     0.000111621     0.000111656
247     0.00266176     0.000134146     0.000134125     0.000134167
249     0.002965     0.000155952     0.000155928     0.000155976
251     0.00279653     0.000153289     0.000153265     0.000153313
253     0.00303239     0.000173173     0.000173146     0.000173199
255     0.00244276     0.000145244     0.000145222     0.000145267
257     0.00283023     0.000175432     0.000175404     0.000175459
259     0.00357148     0.000230294     0.000230258     0.00023033
261     0.00291446     0.000195426     0.000195395     0.000195456
263     0.00293131     0.000204314     0.000204282     0.000204345
265     0.00291446     0.000211487     0.000211455     0.00021152
267     0.00309977     0.000233758     0.000233722     0.000233795
269     0.00341986     0.000267536     0.000267494     0.000267577
271     0.00320085     0.000259969     0.000259929     0.00026001
273     0.00335247     0.000282567     0.000282523     0.000282611
275     0.00363886     0.000318418     0.000318368     0.000318467
277     0.00338616     0.000306961     0.000306913     0.000307009
279     0.00373994     0.000352117     0.000352062     0.000352172
281     0.00392526     0.00038282     0.00038276     0.000382879
283     0.00373994     0.000377457     0.000377399     0.000377516
285     0.00404318     0.000423644     0.000423579     0.00042371
287     0.00421165     0.000456137     0.000456066     0.000456208
289     0.00389156     0.000436177     0.000436109     0.000436245
291     0.00441381     0.000512209     0.000512129     0.000512288
293     0.00449804     0.000539657     0.000539574     0.000539741
295     0.00453173     0.000562365     0.000562278     0.000562452
297     0.00510452     0.000654922     0.00065482     0.000655023
299     0.0047002     0.000622932     0.000622835     0.000623028
301     0.00515506     0.000705927     0.000705817     0.000706036
303     0.00508767     0.000719553     0.000719441     0.000719664
305     0.0052056     0.000760875     0.000760757     0.000760993
307     0.00525614     0.000793536     0.000793413     0.000793659
309     0.0056773     0.00088456     0.000884423     0.000884698
311     0.00584577     0.000938909     0.000938764     0.000939055
313     0.00572784     0.000949794     0.000949647     0.000949941
315     0.00660386     0.00112845     0.00112828     0.00112863
317     0.00677233     0.00119466     0.00119447     0.00119484
319     0.0064354     0.00117077     0.00117058     0.00117095
321     0.00675548     0.00126572     0.00126552     0.00126592
323     0.00677233     0.00130674     0.00130654     0.00130694
325     0.00761466     0.00151272     0.00151248     0.00151295
327     0.00786736     0.00160896     0.00160871     0.00160921
329     0.00773258     0.00162755     0.00162729     0.0016278
331     0.00849068     0.00183947     0.00183919     0.00183976
333     0.00795159     0.00177241     0.00177213     0.00177268
335     0.009114     0.00208912     0.0020888     0.00208945
337     0.0098721     0.00232892     0.00232856     0.00232928
339     0.00956886     0.00232092     0.00232056     0.00232128
341     0.00990579     0.00247153     0.00247115     0.00247191
343     0.0113546     0.00291473     0.00291428     0.00291518
345     0.0112872     0.00298147     0.002981     0.00298193
347     0.0119779     0.00326269     0.00326218     0.00326319
349     0.0136626     0.00383956     0.00383897     0.00384016
351     0.0116578     0.00339206     0.00339155     0.00339256
353     0.0135447     0.00408019     0.00407962     0.00408075
355     0.0139995     0.00437374     0.00437314     0.00437434
357     0.014168     0.00459101     0.00459039     0.00459163
359     0.0162064     0.00544289     0.00544217     0.00544361
361     0.0160548     0.00558656     0.00558583     0.00558729
363     0.01592     0.00573554     0.00573481     0.00573626
365     0.0184302     0.00687159     0.00687074     0.00687244
367     0.0186155     0.00717515     0.00717429     0.00717602
369     0.0208392     0.00832012     0.00831917     0.00832107
371     0.0222543     0.00918745     0.00918644     0.00918845
373     0.0232988     0.00995072     0.00994968     0.00995175
375     0.0251351     0.0111134     0.0111123     0.0111145
377     0.0259101     0.0118557     0.0118547     0.0118568
379     0.0278811     0.0131927     0.0131917     0.0131938
381     0.0311156     0.0152353     0.0152343     0.0152363
383     0.0325308     0.0164645     0.0164637     0.0164653
385     0.037113     0.0194098     0.0194091     0.0194105
387     0.0376858     0.0203625     0.0203622     0.0203627
389     0.0412236     0.0230191     0.0230194     0.0230188
391     0.0451657     0.0260552     0.0260562     0.0260541
393     0.0494616     0.0294892     0.0294917     0.0294868
395     0.0532858     0.0328486     0.0328527     0.0328444
397     0.0586261     0.0373855     0.0373923     0.0373788
399     0.0670494     0.0442521     0.0442637     0.0442406
401     0.0740576     0.0506248     0.0506425     0.0506072
403     0.0799539     0.0566789     0.0567046     0.0566532
405     0.0874169     0.0643047     0.0643439     0.0642654
407     0.0991422     0.0757928     0.0758523     0.0757334
409     0.111845     0.0889636     0.0890516     0.0888756
411     0.117303     0.0971357     0.0972603     0.0970111
413     0.131622     0.113604     0.113785     0.113422
415     0.146245     0.131572     0.131827     0.131318
417     0.154567     0.144897     0.14524     0.144555
419     0.160733     0.156761     0.157191     0.156331
421     0.169392     0.17129     0.171812     0.170768
423     0.171785     0.179355     0.179944     0.178766
425     0.168095     0.180164     0.180765     0.179564
427     0.16513     0.180597     0.179961     0.181234
429     0.157465     0.174734     0.17417     0.175299
431     0.144409     0.161831     0.161369     0.162292
433     0.132212     0.149202     0.148837     0.149567
435     0.122525     0.139002     0.138722     0.139281
437     0.111036     0.126591     0.126384     0.126798
439     0.099496     0.114047     0.113895     0.1142
441     0.0873833     0.100802     0.100694     0.10091
443     0.0791621     0.092021     0.0919418     0.0921003
445     0.0704187     0.0825828     0.0825239     0.0826418
447     0.0636464     0.0754068     0.0753626     0.075451
449     0.0549367     0.0658308     0.0657986     0.065863
451     0.0521233     0.0632241     0.0631975     0.0632508
453     0.0462607     0.056861     0.0568404     0.0568817
455     0.0421502     0.0525378     0.052521     0.0525545
457     0.0385281     0.0487206     0.0487065     0.0487346
459     0.0350072     0.0449444     0.0449327     0.0449562
461     0.0314189     0.0409847     0.0409748     0.0409945
463     0.0292962     0.038847     0.0388383     0.0388558
465     0.0261459     0.0352394     0.0352319     0.0352468
467     0.0244781     0.0335521     0.0335454     0.0335588
469     0.0223217     0.0311146     0.0311086     0.0311207
471     0.0203001     0.0287941     0.0287887     0.0287994
473     0.019323     0.0278611     0.0278561     0.0278662
475     0.018666     0.0273879     0.027383     0.0273927
477     0.0160548     0.0239679     0.0239637     0.0239721
479     0.0148924     0.0226142     0.0226103     0.022618
481     0.0131403     0.0203079     0.0203045     0.0203113
483     0.014168     0.0222707     0.022267     0.0222744
485     0.0124328     0.0198899     0.0198866     0.0198932
487     0.0121632     0.0198009     0.0197977     0.0198042
489     0.0112367     0.0186112     0.0186082     0.0186143
491     0.010866     0.0183069     0.018304     0.0183099
493     0.0105628     0.0181093     0.0181064     0.0181122
495     0.00899608     0.015688     0.0156855     0.0156904
497     0.009114     0.0161678     0.0161653     0.0161704
499     0.00812006     0.0146435     0.0146412     0.0146458
501     0.00849068     0.0155743     0.0155719     0.0155768
503     0.00727773     0.0135811     0.013579     0.0135832
505     0.00712611     0.0135218     0.0135197     0.0135239
507     0.00673864     0.0130042     0.0130022     0.0130062
509     0.00641855     0.0125918     0.0125899     0.0125938
511     0.00581207     0.0115911     0.0115893     0.0115929
513     0.00581207     0.01179     0.0117882     0.0117919
515     0.00554253     0.0114342     0.0114325     0.011436
517     0.00510452     0.010709     0.0107073     0.0107107
519     0.00508767     0.0108432     0.0108415     0.0108449
521     0.00513821     0.0111364     0.0111346     0.0111381
523     0.00454858     0.010019     0.0100175     0.0100206
525     0.00431273     0.00965396     0.00965247     0.00965546
527     0.00416111     0.00946313     0.00946166     0.0094646
529     0.00417795     0.00965168     0.00965018     0.00965317
531     0.00387472     0.00909909     0.00909768     0.0091005
533     0.00385787     0.00919673     0.00919531     0.00919816
535     0.00308293     0.0074677     0.00746654     0.00746886
537     0.00316716     0.00778803     0.00778683     0.00778924
539     0.0034367     0.00858756     0.00858623     0.00858889
541     0.002965     0.00752229     0.00752112     0.00752345
543     0.00338616     0.00871873     0.00871738     0.00872008
545     0.00301554     0.00788895     0.00788773     0.00789017
547     0.00261122     0.00694076     0.00693968     0.00694183
549     0.00272915     0.00736204     0.0073609     0.00736318
551     0.00279653     0.00766835     0.00766716     0.00766954
553     0.00266176     0.00741306     0.00741191     0.00741421
555     0.00264491     0.00748119     0.00748003     0.00748235
557     0.00230798     0.00662686     0.00662583     0.00662788
559     0.00222375     0.00648041     0.00647941     0.00648142
561     0.00219006     0.00647122     0.00647021     0.00647222
563     0.00176889     0.00530173     0.00530091     0.00530255
565     0.00202159     0.00614244     0.00614149     0.00614339
567     0.00225744     0.0069532     0.00695212     0.00695427
569     0.00192051     0.00599547     0.00599454     0.0059964
571     0.00219006     0.00693789     0.00693681     0.00693896
573     0.00168466     0.00541364     0.0054128     0.00541448
575     0.00178574     0.00582739     0.00582648     0.00582829
577     0.0017352     0.00574614     0.00574525     0.00574703
579     0.00181943     0.00611382     0.00611288     0.00611477
581     0.00156673     0.00534047     0.00533964     0.00534129
583     0.00138142     0.00477165     0.00477091     0.00477239
585     0.00153304     0.00537001     0.00536918     0.00537084
587     0.00149935     0.00532292     0.0053221     0.00532375
589     0.00156673     0.00564303     0.00564215     0.0056439
591     0.00134773     0.00492575     0.00492499     0.00492651
593     0.00151619     0.0056295     0.00562863     0.00563037
595     0.00134773     0.0050839     0.00508311     0.00508469
597     0.00119611     0.00457293     0.00457222     0.00457364
599     0.00128034     0.00497614     0.00497536     0.00497691
601     0.00111187     0.00438193     0.00438125     0.00438261
603     0.000960256     0.00383297     0.00383238     0.00383357
605     0.00141511     0.00571704     0.00571615     0.00571793
607     0.0010108     0.00414042     0.00413978     0.00414106
609     0.0010108     0.00419258     0.00419193     0.00419323
611     0.000758097     0.00318451     0.00318402     0.00318501
613     0.000926562     0.0039448     0.00394419     0.00394542
615     0.000943409     0.00407079     0.00407016     0.00407142
617     0.000892869     0.00390661     0.003906     0.00390721
619     0.000943409     0.0041893     0.00418865     0.00418995
621     0.00102764     0.00461868     0.00461796     0.00461939
623     0.000825483     0.00376553     0.00376495     0.00376611
625     0.00079179     0.00366111     0.00366055     0.00366168
627     0.000657017     0.00307617     0.0030757     0.00307665
629     0.000892869     0.004236     0.00423534     0.00423665
631     0.000724403     0.00347751     0.00347697     0.00347805
633     0.00079179     0.0038525     0.0038519     0.0038531
635     0.00064017     0.00315095     0.00315046     0.00315144
637     0.00074125     0.00369482     0.00369425     0.0036954
639     0.000842329     0.00425264     0.00425198     0.0042533
641     0.00064017     0.00327662     0.00327612     0.00327713
643     0.000758097     0.00393422     0.00393361     0.00393483
645     0.000825483     0.00434039     0.00433972     0.00434107
647     0.000724403     0.00386077     0.00386017     0.00386137
649     0.000673864     0.0036414     0.00364083     0.00364196
651     0.000606477     0.00332316     0.00332264     0.00332367
653     0.00069071     0.00383162     0.00383103     0.00383221
655     0.000657017     0.00369221     0.00369163     0.00369278
657     0.000488551     0.00278589     0.00278546     0.00278632
659     0.000673864     0.00388731     0.0038867     0.00388791
661     0.000572784     0.00334414     0.00334362     0.00334465
663     0.000606477     0.0035855     0.00358495     0.00358606
665     0.000758097     0.00454068     0.00453997     0.00454138
667     0.000572784     0.00346865     0.00346811     0.00346918
669     0.000404318     0.00248095     0.00248057     0.00248134
671     0.000471704     0.00292829     0.00292783     0.00292874
673     0.000572784     0.00360019     0.00359963     0.00360075
675     0.000589631     0.00375691     0.00375633     0.0037575
677     0.000404318     0.00260576     0.00260536     0.00260617
679     0.000488551     0.00318535     0.00318486     0.00318584
681     0.000606477     0.00399836     0.00399774     0.00399898
683     0.000303239     0.00202283     0.00202252     0.00202315
685     0.000370625     0.00249678     0.00249639     0.00249716
687     0.000370625     0.00252912     0.00252872     0.00252951
689     0.000235852     0.00162819     0.00162794     0.00162844
691     0.000438011     0.00306063     0.00306016     0.00306111
693     0.000387472     0.0027399     0.00273947     0.00274032
695     0.000421165     0.00301565     0.00301518     0.00301612
697     0.000421165     0.00305436     0.00305389     0.00305483
699     0.000269545     0.00197566     0.00197536     0.00197597
701     0.000286392     0.00212582     0.00212549     0.00212614
703     0.000320085     0.00240246     0.00240209     0.00240284
705     0.000336932     0.00255906     0.00255866     0.00255945
707     0.000336932     0.00258825     0.00258785     0.00258865
709     0.000353778     0.00274698     0.00274656     0.00274741
711     0.000387472     0.0030489     0.00304843     0.00304937
713     0.000336932     0.00268602     0.00268561     0.00268644
715     0.000387472     0.00312924     0.00312875     0.00312972
717     0.000336932     0.00274914     0.00274871     0.00274956
719     0.000387472     0.00320135     0.00320086     0.00320185
721     0.000252699     0.00211416     0.00211384     0.00211449
723     0.000404318     0.00341998     0.00341945     0.00342051
725     0.000202159     0.00172624     0.00172597     0.0017265
727     0.000185312     0.00160061     0.00160036     0.00160086
729     0.000252699     0.00220724     0.0022069     0.00220758
731     0.000185312     0.00163604     0.00163578     0.00163629
733     0.000219006     0.0019551     0.0019548     0.0019554
735     0.000353778     0.00318931     0.00318882     0.00318981
737     0.000219006     0.00199997     0.00199966     0.00200028
739     0.000303239     0.00279978     0.00279935     0.00280022
741     0.000404318     0.00377742     0.00377684     0.00377801
743     0.000303239     0.00286601     0.00286557     0.00286646
745     0.000303239     0.00289998     0.00289953     0.00290043
747     0.000269545     0.00260949     0.00260908     0.00260989
749     0.000185312     0.00181769     0.00181741     0.00181797
751     0.000185312     0.00183308     0.00183279     0.00183336
753     0.000387472     0.003878     0.0038774     0.0038786
755     0.000185312     0.00187407     0.00187378     0.00187436
757     0.00010108     0.00103046     0.0010303     0.00103062
759     0.000235852     0.00243509     0.00243471     0.00243547
761     0.000219006     0.00228213     0.00228178     0.00228249
763     0.000235852     0.00248708     0.0024867     0.00248747
765     0.000151619     0.00161808     0.00161783     0.00161833
767     5.05398e-05     0.000544402     0.000544317     0.000544486
769     0.000117926     0.00128875     0.00128855     0.00128895
771     0.000269545     0.00297429     0.00297383     0.00297475
773     0.000219006     0.00244356     0.00244318     0.00244394
775     0.000202159     0.00227697     0.00227662     0.00227732
777     0.000252699     0.0028831     0.00288266     0.00288355
779     0.000151619     0.00174966     0.00174939     0.00174993
781     0.000185312     0.00216187     0.00216154     0.00216221
783     0.000185312     0.00218602     0.00218568     0.00218636
785     0.000168466     0.00200673     0.00200642     0.00200704
787     0.000185312     0.00223115     0.00223081     0.0022315
789     0.000151619     0.00184245     0.00184216     0.00184273
791     0.000219006     0.00268822     0.0026878     0.00268863
793     0.000117926     0.00146136     0.00146113     0.00146159
795     0.000202159     0.00253393     0.00253353     0.00253432
797     0.000286392     0.00362863     0.00362807     0.00362919
799     0.000202159     0.00259055     0.00259015     0.00259095
801     0.000134773     0.00174772     0.00174745     0.00174799
803     0     0     0     0
805     0     0     0     0
807     0     0     0     0
809     0     0     0     0
811     0     0     0     0
813     0     0     0     0
815     0     0     0     0
817     0     0     0     0
819     0     0     0     0
821     0     0     0     0
823     0     0     0     0
825     0     0     0     0
827     0     0     0     0
829     0     0     0     0
831     0     0     0     0
833     0     0     0     0
835     0     0     0     0
837     0     0     0     0
839     0     0     0     0
841     0     0     0     0
843     0     0     0     0
845     0     0     0     0
847     0     0     0     0
849     0     0     0     0
851     0     0     0     0
853     0     0     0     0
855     0     0     0     0
857     0     0     0     0
859     0     0     0     0
861     0     0     0     0
863     0     0     0     0
865     0     0     0     0
867     0     0     0     0
869     0     0     0     0
871     0     0     0     0
873     0     0     0     0
875     0     0     0     0
877     0     0     0     0
879     0     0     0     0
881     0     0     0     0
883     0     0     0     0
885     0     0     0     0
887     0     0     0     0
889     0     0     0     0
891     0     0     0     0
893     0     0     0     0
895     0     0     0     0
897     0     0     0     0
899     0     0     0     0
901     0     0     0     0
903     0     0     0     0
905     0     0     0     0
907     0     0     0     0
909     0     0     0     0
911     0     0     0     0
913     0     0     0     0
915     0     0     0     0
917     0     0     0     0
919     0     0     0     0
921     0     0     0     0
923     0     0     0     0
925     0     0     0     0
927     0     0     0     0
929     0     0     0     0
931     0     0     0     0
933     0     0     0     0
935     0     0     0     0
937     0     0     0     0
939     0     0     0     0
941     0     0     0     0
943     0     0     0     0
945     0     0     0     0
947     0     0     0     0
949     0     0     0     0
951     0     0     0     0
953     0     0     0     0
955     0     0     0     0
957     0     0     0     0
959     0     0     0     0
961     0     0     0     0
963     0     0     0     0
965     0     0     0     0
967     0     0     0     0
969     0     0     0     0
971     0     0     0     0
973     0     0     0     0
975     0     0     0     0
977     0     0     0     0
979     0     0     0     0
981     0     0     0     0
983     0     0     0     0
985     0     0     0     0
987     0     0     0     0
989     0     0     0     0
991     0     0     0     0
993     0     0     0     0
995     0     0     0     0
997     0     0     0     0
999     0     0     0     0
1001     0     0     0     0
1003     0     0     0     0
1005     0     0     0     0
1007     0     0     0     0
1009     0     0     0     0
1011     0     0     0     0
1013     0     0     0     0
1015     0     0     0     0
1017     0     0     0     0
1019     0     0     0     0
1021     0     0     0     0
1023     0     0     0     0
1025     0     0     0     0
1027     0     0     0     0
1029     0     0     0     0
1031     0     0     0     0
1033     0     0     0     0
1035     0     0     0     0
1037     0     0     0     0
1039     0     0     0     0
1041     0     0     0     0
1043     0     0     0     0
1045     0     0     0     0
1047     0     0     0     0
1049     0     0     0     0
1051     0     0     0     0
1053     0     0     0     0
1055     0     0     0     0
1057     0     0     0     0
1059     0     0     0     0
1061     0     0     0     0
1063     0     0     0     0
1065     0     0     0     0
1067     0     0     0     0
1069     0     0     0     0
1071     0     0     0     0
1073     0     0     0     0
1075     0     0     0     0
1077     0     0     0     0
1079     0     0     0     0
1081     0     0     0     0
1083     0     0     0     0
1085     0     0     0     0
1087     0     0     0     0
1089     0     0     0     0
1091     0     0     0     0
1093     0     0     0     0
1095     0     0     0     0
1097     0     0     0     0
1099     0     0     0     0
1101     0     0     0     0
1103     0     0     0     0
1105     0     0     0     0
1107     0     0     0     0
1109     0     0     0     0
1111     0     0     0     0
1113     0     0     0     0
1115     0     0     0     0
1117     0     0     0     0
1119     0     0     0     0
1121     0     0     0     0
1123     0     0     0     0
1125     0     0     0     0
1127     0     0     0     0
1129     0     0     0     0
1131     0     0     0     0
1133     0     0     0     0
1135     0     0     0     0
1137     0     0     0     0
1139     0     0     0     0
1141     0     0     0     0
1143     0     0     0     0
1145     0     0     0     0
1147     0     0     0     0
1149     0     0     0     0
1151     0     0     0     0
1153     0     0     0     0
1155     0     0     0     0
1157     0     0     0     0
1159     0     0     0     0
1161     0     0     0     0
1163     0     0     0     0
1165     0     0     0     0
1167     0     0     0     0
1169     0     0     0     0
1171     0     0     0     0
1173     0     0     0     0
1175     0     0     0     0
1177     0     0     0     0
1179     0     0     0     0
1181     0     0     0     0
1183     0     0     0     0
1185     0     0     0     0
1187     0     0     0     0
1189     0     0     0     0
1191     0     0     0     0
1193     0     0     0     0
1195     0     0     0     0
1197     0     0     0     0
1199     0     0     0     0
1201     0     0     0     0
1203     0     0     0     0
1205     0     0     0     0
1207     0     0     0     0
1209     0     0     0     0
1211     0     0     0     0
1213     0     0     0     0
1215     0     0     0     0
1217     0     0     0     0
1219     0     0     0     0
1221     0     0     0     0
1223     0     0     0     0
1225     0     0     0     0
1227     0     0     0     0
1229     0     0     0     0
1231     0     0     0     0
1233     0     0     0     0
1235     0     0     0     0
1237     0     0     0     0
1239     0     0     0     0
1241     0     0     0     0
1243     0     0     0     0
1245     0     0     0     0
1247     0     0     0     0
1249     0     0     0     0
1251     0     0     0     0
1253     0     0     0     0
1255     0     0     0     0
1257     0     0     0     0
1259     0     0     0     0
1261     0     0     0     0
1263     0     0     0     0
1265     0     0     0     0
1267     0     0     0     0
1269     0     0     0     0
1271     0     0     0     0
1273     0     0     0     0
1275     0     0     0     0
1277     0     0     0     0
1279     0     0     0     0
1281     0     0     0     0
1283     0     0     0     0
1285     0     0     0     0
1287     0     0     0     0
1289     0     0     0     0
1291     0     0     0     0
1293     0     0     0     0
1295     0     0     0     0
1297     0     0     0     0
1299     0     0     0     0
1301     0     0     0     0
1303     0     0     0     0
1305     0     0     0     0
1307     0     0     0     0
1309     0     0     0     0
1311     0     0     0     0
1313     0     0     0     0
1315     0     0     0     0
1317     0     0     0     0
1319     0     0     0     0
1321     0     0     0     0
1323     0     0     0     0
1325     0     0     0     0
1327     0     0     0     0
1329     0     0     0     0
1331     0     0     0     0
1333     0     0     0     0
1335     0     0     0     0
1337     0     0     0     0
1339     0     0     0     0
1341     0     0     0     0
1343     0     0     0     0
1345     0     0     0     0
1347     0     0     0     0
1349     0     0     0     0
1351     0     0     0     0
1353     0     0     0     0
1355     0     0     0     0
1357     0     0     0     0
1359     0     0     0     0
1361     0     0     0     0
1363     0     0     0     0
1365     0     0     0     0
1367     0     0     0     0
1369     0     0     0     0
1371     0     0     0     0
1373     0     0     0     0
1375     0     0     0     0
1377     0     0     0     0
1379     0     0     0     0
1381     0     0     0     0
1383     0     0     0     0
1385     0     0     0     0
1387     0     0     0     0
1389     0     0     0     0
1391     0     0     0     0
1393     0     0     0     0
1395     0     0     0     0
1397     0     0     0     0
1399     0     0     0     0
1401     0     0     0     0
1403     0     0     0     0
1405     0     0     0     0
1407     0     0     0     0
1409     0     0     0     0
1411     0     0     0     0
1413     0     0     0     0
1415     0     0     0     0
1417     0     0     0     0
1419     0     0     0     0
1421     0     0     0     0
1423     0     0     0     0
1425     0     0     0     0
1427     0     0     0     0
1429     0     0     0     0
1431     0     0     0     0
1433     0     0     0     0
1435     0     0     0     0
1437     0     0     0     0
1439     0     0     0     0
1441     0     0     0     0
1443     0     0     0     0
1445     0     0     0     0
1447     0     0     0     0
1449     0     0     0     0
1451     0     0     0     0
1453     0     0     0     0
1455     0     0     0     0
1457     0     0     0     0
1459     0     0     0     0
1461     0     0     0     0
1463     0     0     0     0
1465     0     0     0     0
1467     0     0     0     0
1469     0     0     0     0
1471     0     0     0     0
1473     0     0     0     0
1475     0     0     0     0
1477     0     0     0     0
1479     0     0     0     0
1481     0     0     0     0
1483     0     0     0     0
1485     0     0     0     0
1487     0     0     0     0
1489     0     0     0     0
1491     0     0     0     0
1493     0     0     0     0
1495     0     0     0     0
1497     0     0     0     0
1499     0     0     0     0
1501     0     0     0     0
1503     0     0     0     0
1505     0     0     0     0
1507     0     0     0     0
1509     0     0     0     0
1511     0     0     0     0
1513     0     0     0     0
1515     0     0     0     0
1517     0     0     0     0
1519     0     0     0     0
1521     0     0     0     0
1523     0     0     0     0
1525     0     0     0     0
1527     0     0     0     0
1529     0     0     0     0
1531     0     0     0     0
1533     0     0     0     0
1535     0     0     0     0
1537     0     0     0     0
1539     0     0     0     0
1541     0     0     0     0
1543     0     0     0     0
1545     0     0     0     0
1547     0     0     0     0
1549     0     0     0     0
1551     0     0     0     0
1553     0     0     0     0
1555     0     0     0     0
1557     0     0     0     0
1559     0     0     0     0
1561     0     0     0     0
1563     0     0     0     0
1565     0     0     0     0
1567     0     0     0     0
1569     0     0     0     0
1571     0     0     0     0
1573     0     0     0     0
1575     0     0     0     0
1577     0     0     0     0
1579     0     0     0     0
1581     0     0     0     0
1583     0     0     0     0
1585     0     0     0     0
1587     0     0     0     0
1589     0     0     0     0
1591     0     0     0     0
1593     0     0     0     0
1595     0     0     0     0
1597     0     0     0     0
1599     0     0     0     0
1601     0     0     0     0
1603     0     0     0     0
1605     0     0     0     0
1607     0     0     0     0
1609     0     0     0     0
1611     0     0     0     0
1613     0     0     0     0
1615     0     0     0     0
1617     0     0     0     0
1619     0     0     0     0
1621     0     0     0     0
1623     0     0     0     0
1625     0     0     0     0
1627     0     0     0     0
1629     0     0     0     0
1631     0     0     0     0
1633     0     0     0     0
1635     0     0     0     0
1637     0     0     0     0
1639     0     0     0     0
1641     0     0     0     0
1643     0     0     0     0
1645     0     0     0     0
1647     0     0     0     0
1649     0     0     0     0
1651     0     0     0     0
1653     0     0     0     0
1655     0     0     0     0
1657     0     0     0     0
1659     0     0     0     0
1661     0     0     0     0
1663     0     0     0     0
1665     0     0     0     0
1667     0     0     0     0
1669     0     0     0     0
1671     0     0     0     0
1673     0     0     0     0
1675     0     0     0     0
1677     0     0     0     0
1679     0     0     0     0
1681     0     0     0     0
1683     0     0     0     0
1685     0     0     0     0
1687     0     0     0     0
1689     0     0     0     0
1691     0     0     0     0
1693     0     0     0     0
1695     0     0     0     0
1697     0     0     0     0
1699     0     0     0     0
1701     0     0     0     0
1703     0     0     0     0
1705     0     0     0     0
1707     0     0     0     0
1709     0     0     0     0
1711     0     0     0     0
1713     0     0     0     0
1715     0     0     0     0
1717     0     0     0     0
1719     0     0     0     0
1721     0     0     0     0
1723     0     0     0     0
1725     0     0     0     0
1727     0     0     0     0
1729     0     0     0     0
1731     0     0     0     0
1733     0     0     0     0
1735     0     0     0     0
1737     0     0     0     0
1739     0     0     0     0
1741     0     0     0     0
1743     0     0     0     0
1745     0     0     0     0
1747     0     0     0     0
1749     0     0     0     0
1751     0     0     0     0
1753     0     0     0     0
1755     0     0     0     0
1757     0     0     0     0
1759     0     0     0     0
1761     0     0     0     0
1763     0     0     0     0
1765     0     0     0     0
1767     0     0     0     0
1769     0     0     0     0
1771     0     0     0     0
1773     0     0     0     0
1775     0     0     0     0
1777     0     0     0     0
1779     0     0     0     0
1781     0     0     0     0
1783     0     0     0     0
1785     0     0     0     0
1787     0     0     0     0
1789     0     0     0     0
1791     0     0     0     0
1793     0     0     0     0
1795     0     0     0     0
1797     0     0     0     0
1799     0     0     0     0
1801     0     0     0     0
1803     0     0     0     0
1805     0     0     0     0
1807     0     0     0     0
1809     0     0     0     0
1811     0     0     0     0
1813     0     0     0     0
1815     0     0     0     0
1817     0     0     0     0
1819     0     0     0     0
1821     0     0     0     0
1823     0     0     0     0
1825     0     0     0     0
1827     0     0     0     0
1829     0     0     0     0
1831     0     0     0     0
1833     0     0     0     0
1835     0     0     0     0
1837     0     0     0     0
1839     0     0     0     0
1841     0     0     0     0
1843     0     0     0     0
1845     0     0     0     0
1847     0     0     0     0
1849     0     0     0     0
1851     0     0     0     0
1853     0     0     0     0
1855     0     0     0     0
1857     0     0     0     0
1859     0     0     0     0
1861     0     0     0     0
1863     0     0     0     0
1865     0     0     0     0
1867     0     0     0     0
1869     0     0     0     0
1871     0     0     0     0
1873     0     0     0     0
1875     0     0     0     0
1877     0     0     0     0
1879     0     0     0     0
1881     0     0     0     0
1883     0     0     0     0
1885     0     0     0     0
1887     0     0     0     0
1889     0     0     0     0
1891     0     0     0     0
1893     0     0     0     0
1895     0     0     0     0
1897     0     0     0     0
1899     0     0     0     0
1901     0     0     0     0
1903     0     0     0     0
1905     0     0     0     0
1907     0     0     0     0
1909     0     0     0     0
1911     0     0     0     0
1913     0     0     0     0
1915     0     0     0     0
1917     0     0     0     0
1919     0     0     0     0
1921     0     0     0     0
1923     0     0     0     0
1925     0     0     0     0
1927     0     0     0     0
1929     0     0     0     0
1931     0     0     0     0
1933     0     0     0     0
1935     0     0     0     0
1937     0     0     0     0
1939     0     0     0     0
1941     0     0     0     0
1943     0     0     0     0
1945     0     0     0     0
1947     0     0     0     0
1949     0     0     0     0
1951     0     0     0     0
1953     0     0     0     0
1955     0     0     0     0
1957     0     0     0     0
1959     0     0     0     0
1961     0     0     0     0
1963     0     0     0     0
1965     0     0     0     0
1967     0     0     0     0
1969     0     0     0     0
1971     0     0     0     0
1973     0     0     0     0
1975     0     0     0     0
1977     0     0     0     0
1979     0     0     0     0
1981     0     0     0     0
1983     0     0     0     0
1985     0     0     0     0
1987     0     0     0     0
1989     0     0     0     0
1991     0     0     0     0
1993     0     0     0     0
1995     0     0     0     0
1997     0     0     0     0
1999     0     0     0     0
2001     0     0     0     0
2003     0     0     0     0
2005     0     0     0     0
2007     0     0     0     0
2009     0     0     0     0
2011     0     0     0     0
2013     0     0     0     0
2015     0     0     0     0
2017     0     0     0     0
2019     0     0     0     0
2021     0     0     0     0
2023     0     0     0     0
2025     0     0     0     0
2027     0     0     0     0
2029     0     0     0     0
2031     0     0     0     0
2033     0     0     0     0
2035     0     0     0     0
2037     0     0     0     0
2039     0     0     0     0
2041     0     0     0     0
2043     0     0     0     0
2045     0     0     0     0
2047     0     0     0     0
2049     0     0     0     0
2051     0     0     0     0
2053     0     0     0     0
2055     0     0     0     0
2057     0     0     0     0
2059     0     0     0     0
2061     0     0     0     0
2063     0     0     0     0
2065     0     0     0     0
2067     0     0     0     0
2069     0     0     0     0
2071     0     0     0     0
2073     0     0     0     0
2075     0     0     0     0
2077     0     0     0     0
2079     0     0     0     0
2081     0     0     0     0
2083     0     0     0     0
2085     0     0     0     0
2087     0     0     0     0
2089     0     0     0     0
2091     0     0     0     0
2093     0     0     0     0
2095     0     0     0     0
2097     0     0     0     0
2099     0     0     0     0
2101     0     0     0     0
2103     0     0     0     0
2105     0     0     0     0
2107     0     0     0     0
2109     0     0     0     0
2111     0     0     0     0
2113     0     0     0     0
2115     0     0     0     0
2117     0     0     0     0
2119     0     0     0     0
2121     0     0     0     0
2123     0     0     0     0
2125     0     0     0     0
2127     0     0     0     0
2129     0     0     0     0
2131     0     0     0     0
2133     0     0     0     0
2135     0     0     0     0
2137     0     0     0     0
2139     0     0     0     0
2141     0     0     0     0
2143     0     0     0     0
2145     0     0     0     0
2147     0     0     0     0
2149     0     0     0     0
2151     0     0     0     0
2153     0     0     0     0
2155     0     0     0     0
2157     0     0     0     0
2159     0     0     0     0
2161     0     0     0     0
2163     0     0     0     0
2165     0     0     0     0
2167     0     0     0     0
2169     0     0     0     0
2171     0     0     0     0
2173     0     0     0     0
2175     0     0     0     0
2177     0     0     0     0
2179     0     0     0     0
2181     0     0     0     0
2183     0     0     0     0
2185     0     0     0     0
2187     0     0     0     0
2189     0     0     0     0
2191     0     0     0     0
2193     0     0     0     0
2195     0     0     0     0
2197     0     0     0     0
2199     0     0     0     0
2201     0     0     0     0
2203     0     0     0     0
2205     0     0     0     0
2207     0     0     0     0
2209     0     0     0     0
2211     0     0     0     0
2213     0     0     0     0
2215     0     0     0     0
2217     0     0     0     0
2219     0     0     0     0
2221     0     0     0     0
2223     0     0     0     0
2225     0     0     0     0
2227     0     0     0     0
2229     0     0     0     0
2231     0     0     0     0
2233     0     0     0     0
2235     0     0     0     0
2237     0     0     0     0
2239     0     0     0     0
2241     0     0     0     0
2243     0     0     0     0
2245     0     0     0     0
2247     0     0     0     0
2249     0     0     0     0
2251     0     0     0     0
2253     0     0     0     0
2255     0     0     0     0
2257     0     0     0     0
2259     0     0     0     0
2261     0     0     0     0
2263     0     0     0     0
2265     0     0     0     0
2267     0     0     0     0
2269     0     0     0     0
2271     0     0     0     0
2273     0     0     0     0
2275     0     0     0     0
2277     0     0     0     0
2279     0     0     0     0
2281     0     0     0     0
2283     0     0     0     0
2285     0     0     0     0
2287     0     0     0     0
2289     0     0     0     0
2291     0     0     0     0
2293     0     0     0     0
2295     0     0     0     0
2297     0     0     0     0
2299     0     0     0     0
2301     0     0     0     0
2303     0     0     0     0
2305     0     0     0     0
2307     0     0     0     0
2309     0     0     0     0
2311     0     0     0     0
2313     0     0     0     0
2315     0     0     0     0
2317     0     0     0     0
2319     0     0     0     0
2321     0     0     0     0
2323     0     0     0     0
2325     0     0     0     0
2327     0     0     0     0
2329     0     0     0     0
2331     0     0     0     0
2333     0     0     0     0
2335     0     0     0     0
2337     0     0     0     0
2339     0     0     0     0
2341     0     0     0     0
2343     0     0     0     0
2345     0     0     0     0
2347     0     0     0     0
2349     0     0     0     0
2351     0     0     0     0
2353     0     0     0     0
2355     0     0     0     0
2357     0     0     0     0
2359     0     0     0     0
2361     0     0     0     0
2363     0     0     0     0
2365     0     0     0     0
2367     0     0     0     0
2369     0     0     0     0
2371     0     0     0     0
2373     0     0     0     0
2375     0     0     0     0
2377     0     0     0     0
2379     0     0     0     0
2381     0     0     0     0
2383     0     0     0     0
2385     0     0     0     0
2387     0     0     0     0
2389     0     0     0     0
2391     0     0     0     0
2393     0     0     0     0
2395     0     0     0     0
2397     0     0     0     0
2399     0     0     0     0
2401     0     0     0     0
2403     0     0     0     0
2405     0     0     0     0
2407     0     0     0     0
2409     0     0     0     0
2411     0     0     0     0
2413     0     0     0     0
2415     0     0     0     0
2417     0     0     0     0
2419     0     0     0     0
2421     0     0     0     0
2423     0     0     0     0
2425     0     0     0     0
2427     0     0     0     0
2429     0     0     0     0
2431     0     0     0     0
2433     0     0     0     0
2435     0     0     0     0
2437     0     0     0     0
2439     0     0     0     0
2441     0     0     0     0
2443     0     0     0     0
2445     0     0     0     0
2447     0     0     0     0
2449     0     0     0     0
2451     0     0     0     0
2453     0     0     0     0
2455     0     0     0     0
2457     0     0     0     0
2459     0     0     0     0
2461     0     0     0     0
2463     0     0     0     0
2465     0     0     0     0
2467     0     0     0     0
2469     0     0     0     0
2471     0     0     0     0
2473     0     0     0     0
2475     0     0     0     0
2477     0     0     0     0
2479     0     0     0     0
2481     0     0     0     0
2483     0     0     0     0
2485     0     0     0     0
2487     0     0     0     0
2489     0     0     0     0
2491     0     0     0     0
2493     0     0     0     0
2495     0     0     0     0
2497     0     0     0     0
2499     0     0     0     0
2501     0     0     0     0
2503     0     0     0     0
2505     0     0     0     0
2507     0     0     0     0
2509     0     0     0     0
2511     0     0     0     0
2513     0     0     0     0
2515     0     0     0     0
2517     0     0     0     0
2519     0     0     0     0
2521     0     0     0     0
2523     0     0     0     0
2525     0     0     0     0
2527     0     0     0     0
2529     0     0     0     0
2531     0     0     0     0
2533     0     0     0     0
2535     0     0     0     0
2537     0     0     0     0
2539     0     0     0     0
2541     0     0     0     0
2543     0     0     0     0
2545     0     0     0     0
2547     0     0     0     0
2549     0     0     0     0
2551     0     0     0     0
2553     0     0     0     0
2555     0     0     0     0
2557     0     0     0     0
2559     0     0     0     0
2561     0     0     0     0
2563     0     0     0     0
2565     0     0     0     0
2567     0     0     0     0
2569     0     0     0     0
2571     0     0     0     0
2573     0     0     0     0
2575     0     0     0     0
2577     0     0     0     0
2579     0     0     0     0
2581     0     0     0     0
2583     0     0     0     0
2585     0     0     0     0
2587     0     0     0     0
2589     0     0     0     0
2591     0     0     0     0
2593     0     0     0     0
2595     0     0     0     0
2597     0     0     0     0
2599     0     0     0     0
2601     0     0     0     0
2603     0     0     0     0
2605     0     0     0     0
2607     0     0     0     0
2609     0     0     0     0
2611     0     0     0     0
2613     0     0     0     0
2615     0     0     0     0
2617     0     0     0     0
2619     0     0     0     0
2621     0     0     0     0
2623     0     0     0     0
2625     0     0     0     0
2627     0     0     0     0
2629     0     0     0     0
2631     0     0     0     0
2633     0     0     0     0
2635     0     0     0     0
2637     0     0     0     0
2639     0     0     0     0
2641     0     0     0     0
2643     0     0     0     0
2645     0     0     0     0
2647     0     0     0     0
2649     0     0     0     0
2651     0     0     0     0
2653     0     0     0     0
2655     0     0     0     0
2657     0     0     0     0
2659     0     0     0     0
2661     0     0     0     0
2663     0     0     0     0
2665     0     0     0     0
2667     0     0     0     0
2669     0     0     0     0
2671     0     0     0     0
2673     0     0     0     0
2675     0     0     0     0
2677     0     0     0     0
2679     0     0     0     0
2681     0     0     0     0
2683     0     0     0     0
2685     0     0     0     0
2687     0     0     0     0
2689     0     0     0     0
2691     0     0     0     0
2693     0     0     0     0
2695     0     0     0     0
2697     0     0     0     0
2699     0     0     0     0
2701     0     0     0     0
2703     0     0     0     0
2705     0     0     0     0
2707     0     0     0     0
2709     0     0     0     0
2711     0     0     0     0
2713     0     0     0     0
2715     0     0     0     0
2717     0     0     0     0
2719     0     0     0     0
2721     0     0     0     0
2723     0     0     0     0
2725     0     0     0     0
2727     0     0     0     0
2729     0     0     0     0
2731     0     0     0     0
2733     0     0     0     0
2735     0     0     0     0
2737     0     0     0     0
2739     0     0     0     0
2741     0     0     0     0
2743     0     0     0     0
2745     0     0     0     0
2747     0     0     0     0
2749     0     0     0     0
2751     0     0     0     0
2753     0     0     0     0
2755     0     0     0     0
2757     0     0     0     0
2759     0     0     0     0
2761     0     0     0     0
2763     0     0     0     0
2765     0     0     0     0
2767     0     0     0     0
2769     0     0     0     0
2771     0     0     0     0
2773     0     0     0     0
2775     0     0     0     0
2777     0     0     0     0
2779     0     0     0     0
2781     0     0     0     0
2783     0     0     0     0
2785     0     0     0     0
2787     0     0     0     0
2789     0     0     0     0
2791     0     0     0     0
2793     0     0     0     0
2795     0     0     0     0
2797     0     0     0     0
2799     0     0     0     0
2801     0     0     0     0
2803     0     0     0     0
2805     0     0     0     0
2807     0     0     0     0
2809     0     0     0     0
2811     0     0     0     0
2813     0     0     0     0
2815     0     0     0     0
2817     0     0     0     0
2819     0     0     0     0
2821     0     0     0     0
2823     0     0     0     0
2825     0     0     0     0
2827     0     0     0     0
2829     0     0     0     0
2831     0     0     0     0
2833     0     0     0     0
2835     0     0     0     0
2837     0     0     0     0
2839     0     0     0     0
2841     0     0     0     0
2843     0     0     0     0
2845     0     0     0     0
2847     0     0     0     0
2849     0     0     0     0
2851     0     0     0     0
2853     0     0     0     0
2855     0     0     0     0
2857     0     0     0     0
2859     0     0     0     0
2861     0     0     0     0
2863     0     0     0     0
2865     0     0     0     0
2867     0     0     0     0
2869     0     0     0     0
2871     0     0     0     0
2873     0     0     0     0
2875     0     0     0     0
2877     0     0     0     0
2879     0     0     0     0
2881     0     0     0     0
2883     0     0     0     0
2885     0     0     0     0
2887     0     0     0     0
2889     0     0     0     0
2891     0     0     0     0
2893     0     0     0     0
2895     0     0     0     0
2897     0     0     0     0
2899     0     0     0     0
2901     0     0     0     0
2903     0     0     0     0
2905     0     0     0     0
2907     0     0     0     0
2909     0     0     0     0
2911     0     0     0     0
2913     0     0     0     0
2915     0     0     0     0
2917     0     0     0     0
2919     0     0     0     0
2921     0     0     0     0
2923     0     0     0     0
2925     0     0     0     0
2927     0     0     0     0
2929     0     0     0     0
2931     0     0     0     0
2933     0     0     0     0
2935     0     0     0     0
2937     0     0     0     0
2939     0     0     0     0
2941     0     0     0     0
2943     0     0     0     0
2945     0     0     0     0
2947     0     0     0     0
2949     0     0     0     0
2951     0     0     0     0
2953     0     0     0     0
2955     0     0     0     0
2957     0     0     0     0
2959     0     0     0     0
2961     0     0     0     0
2963     0     0     0     0
2965     0     0     0     0
2967     0     0     0     0
2969     0     0     0     0
2971     0     0     0     0
2973     0     0     0     0
2975     0     0     0     0
2977     0     0     0     0
2979     0     0     0     0
2981     0     0     0     0
2983     0     0     0     0
2985     0     0     0     0
2987     0     0     0     0
2989     0     0     0     0
2991     0     0     0     0
2993     0     0     0     0
2995     0     0     0     0
2997     0     0     0     0
2999     0     0     0     0
3001     0     0     0     0
3003     0     0     0     0
3005     0     0     0     0
3007     0     0     0     0
3009     0     0     0     0
3011     0     0     0     0
3013     0     0     0     0
3015     0     0     0     0
3017     0     0     0     0
3019     0     0     0     0
3021     0     0     0     0
3023     0     0     0     0
3025     0     0     0     0
3027     0     0     0     0
3029     0     0     0     0
3031     0     0     0     0
3033     0     0     0     0
3035     0     0     0     0
3037     0     0     0     0
3039     0     0     0     0
3041     0     0     0     0
3043     0     0     0     0
3045     0     0     0     0
3047     0     0     0     0
3049     0     0     0     0
3051     0     0     0     0
3053     0     0     0     0
3055     0     0     0     0
3057     0     0     0     0
3059     0     0     0     0
3061     0     0     0     0
3063     0     0     0     0
3065     0     0     0     0
3067     0     0     0     0
3069     0     0     0     0
3071     0     0     0     0
3073     0     0     0     0
3075     0     0     0     0
3077     0     0     0     0
3079     0     0     0     0
3081     0     0     0     0
3083     0     0     0     0
3085     0     0     0     0
3087     0     0     0     0
3089     0     0     0     0
3091     0     0     0     0
3093     0     0     0     0
3095     0     0     0     0
3097     0     0     0     0
3099     0     0     0     0
3101     0     0     0     0
3103     0     0     0     0
3105     0     0     0     0
3107     0     0     0     0
3109     0     0     0     0
3111     0     0     0     0
3113     0     0     0     0
3115     0     0     0     0
3117     0     0     0     0
3119     0     0     0     0
3121     0     0     0     0
3123     0     0     0     0
3125     0     0     0     0
3127     0     0     0     0
3129     0     0     0     0
3131     0     0     0     0
3133     0     0     0     0
3135     0     0     0     0
3137     0     0     0     0
3139     0     0     0     0
3141     0     0     0     0
3143     0     0     0     0
3145     0     0     0     0
3147     0     0     0     0
3149     0     0     0     0
3151     0     0     0     0
3153     0     0     0     0
3155     0     0     0     0
3157     0     0     0     0
3159     0     0     0     0
3161     0     0     0     0
3163     0     0     0     0
3165     0     0     0     0
3167     0     0     0     0
3169     0     0     0     0
3171     0     0     0     0
3173     0     0     0     0
3175     0     0     0     0
3177     0     0     0     0
3179     0     0     0     0
3181     0     0     0     0
3183     0     0     0     0
3185     0     0     0     0
3187     0     0     0     0
3189     0     0     0     0
3191     0     0     0     0
3193     0     0     0     0
3195     0     0     0     0
3197     0     0     0     0
3199     0     0     0     0
3201     0     0     0     0
3203     0     0     0     0
3205     0     0     0     0
3207     0     0     0     0
3209     0     0     0     0
3211     0     0     0     0
3213     0     0     0     0
3215     0     0     0     0
3217     0     0     0     0
3219     0     0     0     0
3221     0     0     0     0
3223     0     0     0     0
3225     0     0     0     0
3227     0     0     0     0
3229     0     0     0     0
3231     0     0     0     0
3233     0     0     0     0
3235     0     0     0     0
3237     0     0     0     0
3239     0     0     0     0
3241     0     0     0     0
3243     0     0     0     0
3245     0     0     0     0
3247     0     0     0     0
3249     0     0     0     0
3251     0     0     0     0
3253     0     0     0     0
3255     0     0     0     0
3257     0     0     0     0
3259     0     0     0     0
3261     0     0     0     0
3263     0     0     0     0
3265     0     0     0     0
3267     0     0     0     0
3269     0     0     0     0
3271     0     0     0     0
3273     0     0     0     0
3275     0     0     0     0
3277     0     0     0     0
3279     0     0     0     0
3281     0     0     0     0
3283     0     0     0     0
3285     0     0     0     0
3287     0     0     0     0
3289     0     0     0     0
3291     0     0     0     0
3293     0     0     0     0
3295     0     0     0     0
3297     0     0     0     0
3299     0     0     0     0
3301     0     0     0     0
3303     0     0     0     0
3305     0     0     0     0
3307     0     0     0     0
3309     0     0     0     0
3311     0     0     0     0
3313     0     0     0     0
3315     0     0     0     0
3317     0     0     0     0
3319     0     0     0     0
3321     0     0     0     0
3323     0     0     0     0
3325     0     0     0     0
3327     0     0     0     0
3329     0     0     0     0
3331     0     0     0     0
3333     0     0     0     0
3335     0     0     0     0
3337     0     0     0     0
3339     0     0     0     0
3341     0     0     0     0
3343     0     0     0     0
3345     0     0     0     0
3347     0     0     0     0
3349     0     0     0     0
3351     0     0     0     0
3353     0     0     0     0
3355     0     0     0     0
3357     0     0     0     0
3359     0     0     0     0
3361     0     0     0     0
3363     0     0     0     0
3365     0     0     0     0
3367     0     0     0     0
3369     0     0     0     0
3371     0     0     0     0
3373     0     0     0     0
3375     0     0     0     0
3377     0     0     0     0
3379     0     0     0     0
3381     0     0     0     0
3383     0     0     0     0
3385     0     0     0     0
3387     0     0     0     0
3389     0     0     0     0
3391     0     0     0     0
3393     0     0     0     0
3395     0     0     0     0
3397     0     0     0     0
3399     0     0     0     0
3401     0     0     0     0
3403     0     0     0     0
3405     0     0     0     0
3407     0     0     0     0
3409     0     0     0     0
3411     0     0     0     0
3413     0     0     0     0
3415     0     0     0     0
3417     0     0     0     0
3419     0     0     0     0
3421     0     0     0     0
3423     0     0     0     0
3425     0     0     0     0
3427     0     0     0     0
3429     0     0     0     0
3431     0     0     0     0
3433     0     0     0     0
3435     0     0     0     0
3437     0     0     0     0
3439     0     0     0     0
3441     0     0     0     0
3443     0     0     0     0
3445     0     0     0     0
3447     0     0     0     0
3449     0     0     0     0
3451     0     0     0     0
3453     0     0     0     0
3455     0     0     0     0
3457     0     0     0     0
3459     0     0     0     0
3461     0     0     0     0
3463     0     0     0     0
3465     0     0     0     0
3467     0     0     0     0
3469     0     0     0     0
3471     0     0     0     0
3473     0     0     0     0
3475     0     0     0     0
3477     0     0     0     0
3479     0     0     0     0
3481     0     0     0     0
3483     0     0     0     0
3485     0     0     0     0
3487     0     0     0     0
3489     0     0     0     0
3491     0     0     0     0
3493     0     0     0     0
3495     0     0     0     0
3497     0     0     0     0
3499     0     0     0     0
3501     0     0     0     0
3503     0     0     0     0
3505     0     0     0     0
3507     0     0     0     0
3509     0     0     0     0
3511     0     0     0     0
3513     0     0     0     0
3515     0     0     0     0
3517     0     0     0     0
3519     0     0     0     0
3521     0     0     0     0
3523     0     0     0     0
3525     0     0     0     0
3527     0     0     0     0
3529     0     0     0     0
3531     0     0     0     0
3533     0     0     0     0
3535     0     0     0     0
3537     0     0     0     0
3539     0     0     0     0
3541     0     0     0     0
3543     0     0     0     0
3545     0     0     0     0
3547     0     0     0     0
3549     0     0     0     0
3551     0     0     0     0
3553     0     0     0     0
3555     0     0     0     0
3557     0     0     0     0
3559     0     0     0     0
3561     0     0     0     0
3563     0     0     0     0
3565     0     0     0     0
3567     0     0     0     0
3569     0     0     0     0
3571     0     0     0     0
3573     0     0     0     0
3575     0     0     0     0
3577     0     0     0     0
3579     0     0     0     0
3581     0     0     0     0
3583     0     0     0     0
3585     0     0     0     0
3587     0     0     0     0
3589     0     0     0     0
3591     0     0     0     0
3593     0     0     0     0
3595     0     0     0     0
3597     0     0     0     0
3599     0     0     0     0
3601     0     0     0     0
3603     0     0     0     0
3605     0     0     0     0
3607     0     0     0     0
3609     0     0     0     0
3611     0     0     0     0
3613     0     0     0     0
3615     0     0     0     0
3617     0     0     0     0
3619     0     0     0     0
3621     0     0     0     0
3623     0     0     0     0
3625     0     0     0     0
3627     0     0     0     0
3629     0     0     0     0
3631     0     0     0     0
3633     0     0     0     0
3635     0     0     0     0
3637     0     0     0     0
3639     0     0     0     0
3641     0     0     0     0
3643     0     0     0     0
3645     0     0     0     0
3647     0     0     0     0
3649     0     0     0     0
3651     0     0     0     0
3653     0     0     0     0
3655     0     0     0     0
3657     0     0     0     0
3659     0     0     0     0
3661     0     0     0     0
3663     0     0     0     0
3665     0     0     0     0
3667     0     0     0     0
3669     0     0     0     0
3671     0     0     0     0
3673     0     0     0     0
3675     0     0     0     0
3677     0     0     0     0
3679     0     0     0     0
3681     0     0     0     0
3683     0     0     0     0
3685     0     0     0     0
3687     0     0     0     0
3689     0     0     0     0
3691     0     0     0     0
3693     0     0     0     0
3695     0     0     0     0
3697     0     0     0     0
3699     0     0     0     0
3701     0     0     0     0
3703     0     0     0     0
3705     0     0     0     0
3707     0     0     0     0
3709     0     0     0     0
3711     0     0     0     0
3713     0     0     0     0
3715     0     0     0     0
3717     0     0     0     0
3719     0     0     0     0
3721     0     0     0     0
3723     0     0     0     0
3725     0     0     0     0
3727     0     0     0     0
3729     0     0     0     0
3731     0     0     0     0
3733     0     0     0     0
3735     0     0     0     0
3737     0     0     0     0
3739     0     0     0     0
3741     0     0     0     0
3743     0     0     0     0
3745     0     0     0     0
3747     0     0     0     0
3749     0     0     0     0
3751     0     0     0     0
3753     0     0     0     0
3755     0     0     0     0
3757     0     0     0     0
3759     0     0     0     0
3761     0     0     0     0
3763     0     0     0     0
3765     0     0     0     0
3767     0     0     0     0
3769     0     0     0     0
3771     0     0     0     0
3773     0     0     0     0
3775     0     0     0     0
3777     0     0     0     0
3779     0     0     0     0
3781     0     0     0     0
3783     0     0     0     0
3785     0     0     0     0
3787     0     0     0     0
3789     0     0     0     0
3791     0     0     0     0
3793     0     0     0     0
3795     0     0     0     0
3797     0     0     0     0
3799     0     0     0     0
3801     0     0     0     0
3803     0     0     0     0
3805     0     0     0     0
3807     0     0     0     0
3809     0     0     0     0
3811     0     0     0     0
3813     0     0     0     0
3815     0     0     0     0
3817     0     0     0     0
3819     0     0     0     0
3821     0     0     0     0
3823     0     0     0     0
3825     0     0     0     0
3827     0     0     0     0
3829     0     0     0     0
3831     0     0     0     0
3833     0     0     0     0
3835     0     0     0     0
3837     0     0     0     0
3839     0     0     0     0
3841     0     0     0     0
3843     0     0     0     0
3845     0     0     0     0
3847     0     0     0     0
3849     0     0     0     0
3851     0     0     0     0
3853     0     0     0     0
3855     0     0     0     0
3857     0     0     0     0
3859     0     0     0     0
3861     0     0     0     0
3863     0     0     0     0
3865     0     0     0     0
3867     0     0     0     0
3869     0     0     0     0
3871     0     0     0     0
3873     0     0     0     0
3875     0     0     0     0
3877     0     0     0     0
3879     0     0     0     0
3881     0     0     0     0
3883     0     0     0     0
3885     0     0     0     0
3887     0     0     0     0
3889     0     0     0     0
3891     0     0     0     0
3893     0     0     0     0
3895     0     0     0     0
3897     0     0     0     0
3899     0     0     0     0
3901     0     0     0     0
3903     0     0     0     0
3905     0     0     0     0
3907     0     0     0     0
3909     0     0     0     0
3911     0     0     0     0
3913     0     0     0     0
3915     0     0     0     0
3917     0     0     0     0
3919     0     0     0     0
3921     0     0     0     0
3923     0     0     0     0
3925     0     0     0     0
3927     0     0     0     0
3929     0     0     0     0
3931     0     0     0     0
3933     0     0     0     0
3935     0     0     0     0
3937     0     0     0     0
3939     0     0     0     0
3941     0     0     0     0
3943     0     0     0     0
3945     0     0     0     0
3947     0     0     0     0
3949     0     0     0     0
3951     0     0     0     0
3953     0     0     0     0
3955     0     0     0     0
3957     0     0     0     0
3959     0     0     0     0
3961     0     0     0     0
3963     0     0     0     0
3965     0     0     0     0
3967     0     0     0     0
3969     0     0     0     0
3971     0     0     0     0
3973     0     0     0     0
3975     0     0     0     0
3977     0     0     0     0
3979     0     0     0     0
3981     0     0     0     0
3983     0     0     0     0
3985     0     0     0     0
3987     0     0     0     0
3989     0     0     0     0
3991     0     0     0     0
3993     0     0     0     0
3995     0     0     0     0
3997     0     0     0     0
3999     0     0     0     0
4001     0     0     0     0
4003     0     0     0     0
4005     0     0     0     0
4007     0     0     0     0
4009     0     0     0     0
4011     0     0     0     0
4013     0     0     0     0
4015     0     0     0     0
4017     0     0     0     0
4019     0     0     0     0
4021     0     0     0     0
4023     0     0     0     0
4025     0     0     0     0
4027     0     0     0     0
4029     0     0     0     0
4031     0     0     0     0
4033     0     0     0     0
4035     0     0     0     0
4037     0     0     0     0
4039     0     0     0     0
4041     0     0     0     0
4043     0     0     0     0
4045     0     0     0     0
4047     0     0     0     0
4049     0     0     0     0
4051     0     0     0     0
4053     0     0     0     0
4055     0     0     0     0
4057     0     0     0     0
4059     0     0     0     0
4061     0     0     0     0
4063     0     0     0     0
4065     0     0     0     0
4067     0     0     0     0
4069     0     0     0     0
4071     0     0     0     0
4073     0     0     0     0
4075     0     0     0     0
4077     0     0     0     0
4079     0     0     0     0
4081     0     0     0     0
4083     0     0     0     0
4085     0     0     0     0
4087     0     0     0     0
4089     0     0     0     0
4091     0     0     0     0
4093     0     0     0     0
4095     0     0     0     0
4097     0     0     0     0
4099     0     0     0     0
4101     0     0     0     0
4103     0     0     0     0
4105     0     0     0     0
4107     0     0     0     0
4109     0     0     0     0
4111     0     0     0     0
4113     0     0     0     0
4115     0     0     0     0
4117     0     0     0     0
4119     0     0     0     0
4121     0     0     0     0
4123     0     0     0     0
4125     0     0     0     0
4127     0     0     0     0
4129     0     0     0     0
4131     0     0     0     0
4133     0     0     0     0
4135     0     0     0     0
4137     0     0     0     0
4139     0     0     0     0
4141     0     0     0     0
4143     0     0     0     0
4145     0     0     0     0
4147     0     0     0     0
4149     0     0     0     0
4151     0     0     0     0
4153     0     0     0     0
4155     0     0     0     0
4157     0     0     0     0
4159     0     0     0     0
4161     0     0     0     0
4163     0     0     0     0
4165     0     0     0     0
4167     0     0     0     0
4169     0     0     0     0
4171     0     0     0     0
4173     0     0     0     0
4175     0     0     0     0
4177     0     0     0     0
4179     0     0     0     0
4181     0     0     0     0
4183     0     0     0     0
4185     0     0     0     0
4187     0     0     0     0
4189     0     0     0     0
4191     0     0     0     0
4193     0     0     0     0
4195     0     0     0     0
4197     0     0     0     0
4199     0     0     0     0
4201     0     0     0     0
4203     0     0     0     0
4205     0     0     0     0
4207     0     0     0     0
4209     0     0     0     0
4211     0     0     0     0
4213     0     0     0     0
4215     0     0     0     0
4217     0     0     0     0
4219     0     0     0     0
4221     0     0     0     0
4223     0     0     0     0
4225     0     0     0     0
4227     0     0     0     0
4229     0     0     0     0
4231     0     0     0     0
4233     0     0     0     0
4235     0     0     0     0
4237     0     0     0     0
4239     0     0     0     0
4241     0     0     0     0
4243     0     0     0     0
4245     0     0     0     0
4247     0     0     0     0
4249     0     0     0     0
4251     0     0     0     0
4253     0     0     0     0
4255     0     0     0     0
4257     0     0     0     0
4259     0     0     0     0
4261     0     0     0     0
4263     0     0     0     0
4265     0     0     0     0
4267     0     0     0     0
4269     0     0     0     0
4271     0     0     0     0
4273     0     0     0     0
4275     0     0     0     0
4277     0     0     0     0
4279     0     0     0     0
4281     0     0     0     0
4283     0     0     0     0
4285     0     0     0     0
4287     0     0     0     0
4289     0     0     0     0
4291     0     0     0     0
4293     0     0     0     0
4295     0     0     0     0
4297     0     0     0     0
4299     0     0     0     0
4301     0     0     0     0
4303     0     0     0     0
4305     0     0     0     0
4307     0     0     0     0
4309     0     0     0     0
4311     0     0     0     0
4313     0     0     0     0
4315     0     0     0     0
4317     0     0     0     0
4319     0     0     0     0
4321     0     0     0     0
4323     0     0     0     0
4325     0     0     0     0
4327     0     0     0     0
4329     0     0     0     0
4331     0     0     0     0
4333     0     0     0     0
4335     0     0     0     0
4337     0     0     0     0
4339     0     0     0     0
4341     0     0     0     0
4343     0     0     0     0
4345     0     0     0     0
4347     0     0     0     0
4349     0     0     0     0
4351     0     0     0     0
4353     0     0     0     0
4355     0     0     0     0
4357     0     0     0     0
4359     0     0     0     0
4361     0     0     0     0
4363     0     0     0     0
4365     0     0     0     0
4367     0     0     0     0
4369     0     0     0     0
4371     0     0     0     0
4373     0     0     0     0
4375     0     0     0     0
4377     0     0     0     0
4379     0     0     0     0
4381     0     0     0     0
4383     0     0     0     0
4385     0     0     0     0
4387     0     0     0     0
4389     0     0     0     0
4391     0     0     0     0
4393     0     0     0     0
4395     0     0     0     0
4397     0     0     0     0
4399     0     0     0     0
4401     0     0     0     0
4403     0     0     0     0
4405     0     0     0     0
4407     0     0     0     0
4409     0     0     0     0
4411     0     0     0     0
4413     0     0     0     0
4415     0     0     0     0
4417     0     0     0     0
4419     0     0     0     0
4421     0     0     0     0
4423     0     0     0     0
4425     0     0     0     0
4427     0     0     0     0
4429     0     0     0     0
4431     0     0     0     0
4433     0     0     0     0
4435     0     0     0     0
4437     0     0     0     0
4439     0     0     0     0
4441     0     0     0     0
4443     0     0     0     0
4445     0     0     0     0
4447     0     0     0     0
4449     0     0     0     0
4451     0     0     0     0
4453     0     0     0     0
4455     0     0     0     0
4457     0     0     0     0
4459     0     0     0     0
4461     0     0     0     0
4463     0     0     0     0
4465     0     0     0     0
4467     0     0     0     0
4469     0     0     0     0
4471     0     0     0     0
4473     0     0     0     0
4475     0     0     0     0
4477     0     0     0     0
4479     0     0     0     0
4481     0     0     0     0
4483     0     0     0     0
4485     0     0     0     0
4487     0     0     0     0
4489     0     0     0     0
4491     0     0     0     0
4493     0     0     0     0
4495     0     0     0     0
4497     0     0     0     0
4499     0     0     0     0
4501     0     0     0     0
4503     0     0     0     0
4505     0     0     0     0
4507     0     0     0     0
4509     0     0     0     0
4511     0     0     0     0
4513     0     0     0     0
4515     0     0     0     0
4517     0     0     0     0
4519     0     0     0     0
4521     0     0     0     0
4523     0     0     0     0
4525     0     0     0     0
4527     0     0     0     0
4529     0     0     0     0
4531     0     0     0     0
4533     0     0     0     0
4535     0     0     0     0
4537     0     0     0     0
4539     0     0     0     0
4541     0     0     0     0
4543     0     0     0     0
4545     0     0     0     0
4547     0     0     0     0
4549     0     0     0     0
4551     0     0     0     0
4553     0     0     0     0
4555     0     0     0     0
4557     0     0     0     0
4559     0     0     0     0
4561     0     0     0     0
4563     0     0     0     0
4565     0     0     0     0
4567     0     0     0     0
4569     0     0     0     0
4571     0     0     0     0
4573     0     0     0     0
4575     0     0     0     0
4577     0     0     0     0
4579     0     0     0     0
4581     0     0     0     0
4583     0     0     0     0
4585     0     0     0     0
4587     0     0     0     0
4589     0     0     0     0
4591     0     0     0     0
4593     0     0     0     0
4595     0     0     0     0
4597     0     0     0     0
4599     0     0     0     0
4601     0     0     0     0
4603     0     0     0     0
4605     0     0     0     0
4607     0     0     0     0
4609     0     0     0     0
4611     0     0     0     0
4613     0     0     0     0
4615     0     0     0     0
4617     0     0     0     0
4619     0     0     0     0
4621     0     0     0     0
4623     0     0     0     0
4625     0     0     0     0
4627     0     0     0     0
4629     0     0     0     0
4631     0     0     0     0
4633     0     0     0     0
4635     0     0     0     0
4637     0     0     0     0
4639     0     0     0     0
4641     0     0     0     0
4643     0     0     0     0
4645     0     0     0     0
4647     0     0     0     0
4649     0     0     0     0
4651     0     0     0     0
4653     0     0     0     0
4655     0     0     0     0
4657     0     0     0     0
4659     0     0     0     0
4661     0     0     0     0
4663     0     0     0     0
4665     0     0     0     0
4667     0     0     0     0
4669     0     0     0     0
4671     0     0     0     0
4673     0     0     0     0
4675     0     0     0     0
4677     0     0     0     0
4679     0     0     0     0
4681     0     0     0     0
4683     0     0     0     0
4685     0     0     0     0
4687     0     0     0     0
4689     0     0     0     0
4691     0     0     0     0
4693     0     0     0     0
4695     0     0     0     0
4697     0     0     0     0
4699     0     0     0     0
4701     0     0     0     0
4703     0     0     0     0
4705     0     0     0     0
4707     0     0     0     0
4709     0     0     0     0
4711     0     0     0     0
4713     0     0     0     0
4715     0     0     0     0
4717     0     0     0     0
4719     0     0     0     0
4721     0     0     0     0
4723     0     0     0     0
4725     0     0     0     0
4727     0     0     0     0
4729     0     0     0     0
4731     0     0     0     0
4733     0     0     0     0
4735     0     0     0     0
4737     0     0     0     0
4739     0     0     0     0
4741     0     0     0     0
4743     0     0     0     0
4745     0     0     0     0
4747     0     0     0     0
4749     0     0     0     0
4751     0     0     0     0
4753     0     0     0     0
4755     0     0     0     0
4757     0     0     0     0
4759     0     0     0     0
4761     0     0     0     0
4763     0     0     0     0
4765     0     0     0     0
4767     0     0     0     0
4769     0     0     0     0
4771     0     0     0     0
4773     0     0     0     0
4775     0     0     0     0
4777     0     0     0     0
4779     0     0     0     0
4781     0     0     0     0
4783     0     0     0     0
4785     0     0     0     0
4787     0     0     0     0
4789     0     0     0     0
4791     0     0     0     0
4793     0     0     0     0
4795     0     0     0     0
4797     0     0     0     0
4799     0     0     0     0
4801     0     0     0     0
4803     0     0     0     0
4805     0     0     0     0
4807     0     0     0     0
4809     0     0     0     0
4811     0     0     0     0
4813     0     0     0     0
4815     0     0     0     0
4817     0     0     0     0
4819     0     0     0     0
4821     0     0     0     0
4823     0     0     0     0
4825     0     0     0     0
4827     0     0     0     0
4829     0     0     0     0
4831     0     0     0     0
4833     0     0     0     0
4835     0     0     0     0
4837     0     0     0     0
4839     0     0     0     0
4841     0     0     0     0
4843     0     0     0     0
4845     0     0     0     0
4847     0     0     0     0
4849     0     0     0     0
4851     0     0     0     0
4853     0     0     0     0
4855     0     0     0     0
4857     0     0     0     0
4859     0     0     0     0
4861     0     0     0     0
4863     0     0     0     0
4865     0     0     0     0
4867     0     0     0     0
4869     0     0     0     0
4871     0     0     0     0
4873     0     0     0     0
4875     0     0     0     0
4877     0     0     0     0
4879     0     0     0     0
4881     0     0     0     0
4883     0     0     0     0
4885     0     0     0     0
4887     0     0     0     0
4889     0     0     0     0
4891     0     0     0     0
4893     0     0     0     0
4895     0     0     0     0
4897     0     0     0     0
4899     0     0     0     0
4901     0     0     0     0
4903     0     0     0     0
4905     0     0     0     0
4907     0     0     0     0
4909     0     0     0     0
4911     0     0     0     0
4913     0     0     0     0
4915     0     0     0     0
4917     0     0     0     0
4919     0     0     0     0
4921     0     0     0     0
4923     0     0     0     0
4925     0     0     0     0
4927     0     0     0     0
4929     0     0     0     0
4931     0     0     0     0
4933     0     0     0     0
4935     0     0     0     0
4937     0     0     0     0
4939     0     0     0     0
4941     0     0     0     0
4943     0     0     0     0
4945     0     0     0     0
4947     0     0     0     0
4949     0     0     0     0
4951     0     0     0     0
4953     0     0     0     0
4955     0     0     0     0
4957     0     0     0     0
4959     0     0     0     0
4961     0     0     0     0
4963     0     0     0     0
4965     0     0     0     0
4967     0     0     0     0
4969     0     0     0     0
4971     0     0     0     0
4973     0     0     0     0
4975     0     0     0     0
4977     0     0     0     0
4979     0     0     0     0
4981     0     0     0     0
4983     0     0     0     0
4985     0     0     0     0
4987     0     0     0     0
4989     0     0     0     0
4991     0     0     0     0
4993     0     0     0     0
4995     0     0     0     0
4997     0     0     0     0
4999     0     0     0     0
