2     0     0     0     0     0     0     0
6     5.73948e-06     1.24442e-12     1.24427e-12     1.2445e-12     1.38962e-12     1.53408e-12     1.31974e-12
10     2.29579e-05     7.54001e-12     7.53907e-12     7.54047e-12     8.41978e-12     9.2951e-12     7.99639e-12
14     5.73948e-05     2.48613e-11     2.48581e-11     2.48628e-11     2.77621e-11     3.06482e-11     2.63661e-11
18     6.31342e-05     3.29066e-11     3.29025e-11     3.29086e-11     3.67462e-11     4.05663e-11     3.48984e-11
22     4.01763e-05     2.44216e-11     2.44186e-11     2.44231e-11     2.72711e-11     3.01062e-11     2.58998e-11
26     9.75711e-05     6.78286e-11     6.78201e-11     6.78327e-11     7.57429e-11     8.3617e-11     7.19341e-11
30     0.000166445     1.25743e-10     1.25727e-10     1.25751e-10     1.40415e-10     1.55012e-10     1.33354e-10
34     0.000200882     1.63252e-10     1.63232e-10     1.63262e-10     1.823e-10     2.01252e-10     1.73133e-10
38     0.000143487     1.25804e-10     1.25789e-10     1.25812e-10     1.40483e-10     1.55088e-10     1.33419e-10
42     0.000195142     1.8002e-10     1.79997e-10     1.8003e-10     2.01024e-10     2.21922e-10     1.90916e-10
46     0.000195142     1.91763e-10     1.91739e-10     1.91774e-10     2.14138e-10     2.36399e-10     2.0337e-10
50     0.000286974     2.98962e-10     2.98925e-10     2.9898e-10     3.33845e-10     3.68552e-10     3.17058e-10
54     0.000373066     4.11699e-10     4.11647e-10     4.11724e-10     4.59736e-10     5.0753e-10     4.36618e-10
58     0.000373066     4.37455e-10     4.374e-10     4.37481e-10     4.88497e-10     5.39281e-10     4.63933e-10
62     0.00032715     4.06905e-10     4.06854e-10     4.06929e-10     4.54382e-10     5.0162e-10     4.31534e-10
66     0.000407503     5.38131e-10     5.38063e-10     5.38163e-10     6.0092e-10     6.63391e-10     5.70702e-10
70     0.000424721     5.98054e-10     5.97979e-10     5.9809e-10     6.67835e-10     7.37263e-10     6.34253e-10
74     0.000476376     7.20856e-10     7.20765e-10     7.209e-10     8.04965e-10     8.88649e-10     7.64488e-10
78     0.0004362     7.10125e-10     7.10035e-10     7.10167e-10     7.92982e-10     8.7542e-10     7.53106e-10
82     0.000602645     1.05818e-09     1.05804e-09     1.05824e-09     1.18164e-09     1.30449e-09     1.12223e-09
86     0.000522292     9.9847e-10     9.98345e-10     9.98531e-10     1.11497e-09     1.23088e-09     1.0589e-09
90     0.000568208     1.1756e-09     1.17546e-09     1.17568e-09     1.31277e-09     1.44925e-09     1.24676e-09
94     0.000568208     1.27897e-09     1.27881e-09     1.27905e-09     1.4282e-09     1.57668e-09     1.35638e-09
98     0.000648561     1.59872e-09     1.59851e-09     1.59881e-09     1.78525e-09     1.97085e-09     1.69548e-09
102     0.000637082     1.71086e-09     1.71065e-09     1.71097e-09     1.91049e-09     2.1091e-09     1.81442e-09
106     0.000751871     2.20523e-09     2.20495e-09     2.20536e-09     2.46253e-09     2.71853e-09     2.3387e-09
110     0.0006543     2.12384e-09     2.12357e-09     2.12397e-09     2.37165e-09     2.6182e-09     2.25239e-09
114     0.000815006     2.95801e-09     2.95764e-09     2.95819e-09     3.30315e-09     3.64654e-09     3.13705e-09
118     0.000780569     3.17653e-09     3.17613e-09     3.17672e-09     3.54716e-09     3.91593e-09     3.36879e-09
122     0.000792048     3.72454e-09     3.72408e-09     3.72477e-09     4.15912e-09     4.5915e-09     3.94998e-09
126     0.000815006     4.46219e-09     4.46163e-09     4.46246e-09     4.98284e-09     5.50085e-09     4.73228e-09
130     0.000906837     6.02867e-09     6.02791e-09     6.02903e-09     6.73209e-09     7.43196e-09     6.39357e-09
134     0.00110772     9.08347e-09     9.08233e-09     9.08402e-09     1.01433e-08     1.11978e-08     9.63327e-09
138     0.00105032     1.09206e-08     1.09192e-08     1.09212e-08     1.21948e-08     1.34625e-08     1.15816e-08
142     0.000883879     1.21321e-08     1.21306e-08     1.21328e-08     1.35477e-08     1.49561e-08     1.28664e-08
146     0.00105606     2.01823e-08     2.01798e-08     2.01835e-08     2.25372e-08     2.48801e-08     2.14039e-08
150     0.00104458     2.89687e-08     2.89651e-08     2.89705e-08     3.23488e-08     3.57117e-08     3.07221e-08
154     0.000935535     4.13818e-08     4.13766e-08     4.13843e-08     4.62102e-08     5.10142e-08     4.38865e-08
158     0.00117085     1.04447e-07     1.04434e-07     1.04454e-07     1.16634e-07     1.28759e-07     1.10769e-07
162     0.00113068     2.80362e-07     2.80327e-07     2.80379e-07     3.13075e-07     3.45622e-07     2.97332e-07
166     0.0010905     5.26631e-07     5.26565e-07     5.26663e-07     5.88078e-07     6.49214e-07     5.58506e-07
170     0.00121677     8.24728e-07     8.24625e-07     8.24778e-07     9.20958e-07     1.0167e-06     8.74647e-07
174     0.00127416     1.10626e-06     1.10612e-06     1.10633e-06     1.23534e-06     1.36377e-06     1.17322e-06
178     0.00121103     1.29971e-06     1.29954e-06     1.29979e-06     1.45136e-06     1.60224e-06     1.37838e-06
182     0.00129712     1.74368e-06     1.74346e-06     1.74378e-06     1.94713e-06     2.14955e-06     1.84922e-06
186     0.00121103     2.06816e-06     2.0679e-06     2.06828e-06     2.30947e-06     2.54956e-06     2.19334e-06
190     0.00146931     3.03021e-06     3.02983e-06     3.03039e-06     3.38377e-06     3.73555e-06     3.21362e-06
194     0.00130286     3.17149e-06     3.17109e-06     3.17168e-06     3.54154e-06     3.90971e-06     3.36345e-06
198     0.00144635     4.04483e-06     4.04432e-06     4.04508e-06     4.51678e-06     4.98634e-06     4.28965e-06
202     0.00127416     4.0875e-06     4.08698e-06     4.08774e-06     4.56442e-06     5.03894e-06     4.3349e-06
206     0.00151522     5.46433e-06     5.46369e-06     5.46461e-06     6.1019e-06     6.73632e-06     5.79502e-06
210     0.00153244     6.24718e-06     6.24647e-06     6.24749e-06     6.98823e-06     7.72037e-06     6.63342e-06
214     0.00154392     7.03867e-06     7.03786e-06     7.03901e-06     7.8868e-06     8.71913e-06     7.48274e-06
218     0.00173906     8.78187e-06     8.78086e-06     8.78229e-06     9.84012e-06     1.08787e-05     9.33595e-06
222     0.00146357     8.18748e-06     8.18655e-06     8.18787e-06     9.1782e-06     1.01488e-05     8.70679e-06
226     0.00160131     9.89941e-06     9.89828e-06     9.89989e-06     1.10987e-05     1.2273e-05     1.05282e-05
230     0.00182515     1.23961e-05     1.23947e-05     1.23967e-05     1.38997e-05     1.53713e-05     1.31848e-05
234     0.00185959     1.39178e-05     1.39162e-05     1.39184e-05     1.56087e-05     1.72625e-05     1.48051e-05
238     0.00183663     1.50264e-05     1.50247e-05     1.50271e-05     1.6855e-05     1.86423e-05     1.59864e-05
242     0.00189977     1.70133e-05     1.70114e-05     1.70141e-05     1.90905e-05     2.1118e-05     1.81047e-05
246     0.00185959     1.81085e-05     1.81065e-05     1.81094e-05     2.03241e-05     2.24847e-05     1.92733e-05
250     0.00190551     2.02172e-05     2.02149e-05     2.02182e-05     2.2696e-05     2.51112e-05     2.15211e-05
254     0.00189977     2.185e-05     2.18476e-05     2.18511e-05     2.4533e-05     2.71454e-05     2.32619e-05
258     0.00210065     2.61516e-05     2.61486e-05     2.61528e-05     2.93649e-05     3.24928e-05     2.7843e-05
262     0.00218674     2.95365e-05     2.95331e-05     2.95379e-05     3.31872e-05     3.67319e-05     3.14612e-05
266     0.00204899     2.98949e-05     2.98916e-05     2.98963e-05     3.35936e-05     3.71834e-05     3.18455e-05
270     0.00216952     3.41889e-05     3.41851e-05     3.41905e-05     3.8431e-05     4.25434e-05     3.64276e-05
274     0.00220396     3.73929e-05     3.73887e-05     3.73947e-05     4.20488e-05     4.6556e-05     3.98522e-05
278     0.00229579     4.1919e-05     4.19143e-05     4.1921e-05     4.71548e-05     5.22171e-05     4.46868e-05
282     0.0022384     4.38642e-05     4.38594e-05     4.38662e-05     4.93474e-05     5.46471e-05     4.67634e-05
286     0.00250241     5.26488e-05     5.2643e-05     5.26512e-05     5.92674e-05     6.56493e-05     5.61536e-05
290     0.00262868     5.92062e-05     5.91996e-05     5.92089e-05     6.66809e-05     7.38757e-05     6.31687e-05
294     0.00235319     5.67546e-05     5.67484e-05     5.67572e-05     6.39456e-05     7.08574e-05     6.05701e-05
298     0.00265164     6.82902e-05     6.82826e-05     6.82932e-05     7.69621e-05     8.52905e-05     7.28937e-05
302     0.00275495     7.56379e-05     7.56296e-05     7.56412e-05     8.53008e-05     9.45587e-05     8.0775e-05
306     0.00238762     7.0058e-05     7.00503e-05     7.0061e-05     7.90547e-05     8.76559e-05     7.48474e-05
310     0.00257702     8.05386e-05     8.05299e-05     8.05421e-05     9.0943e-05     0.000100865     8.6086e-05
314     0.00272625     9.05833e-05     9.05735e-05     9.05871e-05     0.000102348     0.000113542     9.68643e-05
318     0.0030247     0.000106849     0.000106837     0.000106853     0.000120785     0.000134023     0.000114297
322     0.00290991     0.000109317     0.000109305     0.000109321     0.00012369     0.000137298     0.000117014
326     0.00294435     0.000117222     0.00011721     0.000117227     0.000132744     0.000147397     0.00012555
330     0.00318541     0.000134232     0.000134218     0.000134237     0.000152117     0.000168957     0.000143843
334     0.00313949     0.000139997     0.000139982     0.000140002     0.000158783     0.000176416     0.000150112
338     0.00313949     0.000147999     0.000147984     0.000148005     0.000168044     0.00018678     0.000158819
342     0.0034896     0.000174235     0.000174217     0.000174241     0.000198083     0.000220263     0.000187147
346     0.00356421     0.000188605     0.000188586     0.000188611     0.000214804     0.000238997     0.000202853
350     0.00366179     0.000206317     0.000206297     0.000206323     0.000235381     0.000262058     0.00022218
354     0.00362735     0.000218903     0.000218882     0.00021891     0.000250158     0.000278696     0.000236014
358     0.00365605     0.000236963     0.000236941     0.00023697     0.000271272     0.00030244     0.000255799
362     0.00351256     0.000244101     0.000244079     0.000244107     0.000280096     0.000312592     0.00026393
366     0.00382249     0.000283914     0.000283889     0.000283921     0.000326393     0.000364548     0.000307382
370     0.00435626     0.000344957     0.000344927     0.000344964     0.000397517     0.000444421     0.000374096
374     0.00409225     0.000346164     0.000346134     0.00034617     0.000399897     0.000447543     0.000376055
378     0.00446531     0.000403697     0.000403664     0.000403704     0.000467089     0.000523103     0.000439026
382     0.00433904     0.000417896     0.000417862     0.000417902     0.000485192     0.000544178     0.000455558
386     0.00442514     0.000452771     0.000452736     0.000452776     0.000527041     0.000591766     0.000494458
390     0.00488429     0.00053012     0.000530079     0.000530125     0.000618597     0.000695296     0.000579915
394     0.00445957     0.000511933     0.000511895     0.000511937     0.000598794     0.000673718     0.000560942
398     0.00473507     0.000574881     0.000574839     0.000574884     0.000674183     0.000759379     0.00063106
402     0.00526884     0.000675576     0.00067553     0.000675578     0.000795066     0.00089689     0.000743401
406     0.0052057     0.000705068     0.000705021     0.000705068     0.000832226     0.000939999     0.000777434
410     0.00524014     0.000747607     0.000747559     0.000747604     0.000884942     0.00100075     0.000825954
414     0.00596332     0.000895833     0.000895777     0.000895828     0.00106348     0.00120413     0.000991699
418     0.00614698     0.000971692     0.000971634     0.000971685     0.00115708     0.00131181     0.00107796
422     0.00569356     0.000945111     0.000945059     0.000945099     0.00113018     0.00128365     0.00105152
426     0.0062962     0.00109667     0.00109661     0.00109665     0.00131607     0.00149705     0.00122311
430     0.00667501     0.0012182     0.00121814     0.00121817     0.00146699     0.00167117     0.00136191
434     0.00683572     0.00130861     0.00130855     0.00130858     0.00158167     0.00180457     0.00146672
438     0.0067324     0.00135015     0.00135009     0.00135011     0.00163747     0.00187089     0.00151687
442     0.00689885     0.00144907     0.00144902     0.00144903     0.00176641     0.00202261     0.00163371
446     0.00736375     0.00161759     0.00161754     0.00161753     0.00197942     0.00227038     0.00182846
450     0.00800083     0.00183617     0.00183612     0.00183609     0.00225626     0.00259258     0.00208144
454     0.00817301     0.00195838     0.00195834     0.0019583     0.00241614     0.00278101     0.00222612
458     0.00864365     0.00216257     0.00216253     0.00216246     0.00267833     0.00308769     0.00246478
462     0.00844277     0.00220441     0.00220439     0.00220427     0.00274431     0.00317019     0.0025216
466     0.00910281     0.00248027     0.00248027     0.00248011     0.00310124     0.00358847     0.00284592
470     0.0103425     0.00293806     0.00293807     0.00293784     0.00368906     0.00427554     0.00338117
474     0.0102507     0.00303364     0.00303368     0.0030334     0.00382518     0.00444063     0.00350151
478     0.0104286     0.00321492     0.00321499     0.00321464     0.00406989     0.00473224     0.00372099
482     0.0115249     0.00370096     0.00370109     0.00370057     0.00470988     0.00548857     0.00429894
486     0.0113871     0.00380986     0.00381004     0.00380942     0.00486922     0.00568462     0.00443834
490     0.0122997     0.0042842     0.00428445     0.00428366     0.00549619     0.00642674     0.00500386
494     0.0131319     0.0047637     0.00476404     0.00476304     0.00613363     0.00718275     0.00557786
498     0.0132467     0.00499751     0.00499793     0.00499675     0.00645521     0.00756888     0.00586457
502     0.014584     0.00572684     0.00572747     0.00572584     0.00743135     0.00872974     0.00674179
506     0.0153818     0.00628337     0.00628418     0.00628216     0.00817396     0.00961273     0.00740924
510     0.0165182     0.00702668     0.00702773     0.00702518     0.00916199     0.0107863     0.00829813
514     0.0171094     0.00757535     0.00757664     0.00757358     0.009895     0.0116597     0.00895611
518     0.0184582     0.00851537     0.00851703     0.00851318     0.0111379     0.0131341     0.0100756
522     0.0187853     0.00902395     0.0090261     0.00902127     0.0118125     0.0139379     0.0106814
526     0.0198528     0.00992898     0.00993168     0.00992572     0.0129947     0.0153336     0.0117498
530     0.02181     0.0113655     0.011369     0.0113613     0.0148691     0.0175447     0.0134451
534     0.023308     0.0126484     0.0126529     0.0126433     0.0165292     0.0194967     0.0149501
538     0.0242493     0.0137114     0.0137168     0.0137053     0.017875     0.0210662     0.0161779
542     0.0255981     0.0150951     0.0151023     0.0150874     0.0196047     0.0230742     0.0177611
546     0.0280316     0.0172469     0.0172561     0.0172371     0.0223162     0.0262315     0.0202376
550     0.028485     0.0183023     0.0183133     0.0182909     0.0235731     0.0276644     0.0214041
554     0.0306258     0.0205699     0.0205838     0.0205558     0.026351     0.0308657     0.0239617
558     0.0315442     0.0221419     0.0221585     0.0221253     0.0281958     0.0329566     0.0256815
562     0.0333406     0.0244294     0.0244508     0.0244084     0.0308294     0.0359181     0.0281504
566     0.0346435     0.0264781     0.0265038     0.0264533     0.0331522     0.0385106     0.0303391
570     0.0353953     0.0282232     0.0282533     0.0281947     0.0350506     0.0405892     0.0321519
574     0.0376567     0.0313804     0.0314167     0.0313464     0.038633     0.0445851     0.0355289
578     0.0386898     0.033668     0.0337099     0.0336292     0.0410682     0.0472203     0.0378727
582     0.0384774     0.0348854     0.0349332     0.0348419     0.0419906     0.0480193     0.038879
586     0.0394015     0.0371292     0.0371824     0.0370814     0.0442288     0.0503584     0.0410825
590     0.038839     0.038007     0.0380629     0.037957     0.0447928     0.0507672     0.0417454
594     0.0385578     0.0391508     0.0392089     0.039099     0.0456445     0.0514877     0.0426852
598     0.0367097     0.0385402     0.0385972     0.0384896     0.0444406     0.0498823     0.0417068
602     0.0358717     0.0387313     0.0386748     0.038794     0.0439979     0.0482334     0.0421921
606     0.0347009     0.0383037     0.0382505     0.0383625     0.0430278     0.0473474     0.041041
610     0.0340466     0.0382913     0.0382411     0.0383463     0.0425364     0.0467404     0.0405608
614     0.0328183     0.0375681     0.0375224     0.0376177     0.0412638     0.045134     0.0394578
618     0.0292484     0.0340153     0.0339772     0.034056     0.0369516     0.040197     0.0354632
622     0.0282669     0.0333309     0.0332981     0.0333652     0.0356773     0.0385211     0.0344093
626     0.0268607     0.0320406     0.0320123     0.0320696     0.033941     0.036449     0.0328498
630     0.0252193     0.0303819     0.0303581     0.0304058     0.0318384     0.0339961     0.0309286
634     0.0231817     0.028177     0.0281574     0.0281962     0.0292268     0.0310349     0.0284922
638     0.0209491     0.0257012     0.0256855     0.0257162     0.0263868     0.027861     0.0258159
642     0.0198127     0.0245625     0.0245498     0.0245743     0.0248946     0.0260934     0.0244679
646     0.0185672     0.0232929     0.0232822     0.0233025     0.0233935     0.0243903     0.0230683
650     0.0175571     0.0223118     0.0223027     0.0223197     0.0221868     0.0229969     0.0219575
654     0.015973     0.0205593     0.0205519     0.0205656     0.0202566     0.0208804     0.0201151
658     0.015399     0.0200835     0.020077     0.0200887     0.0196162     0.0201132     0.0195418
662     0.0134763     0.0178206     0.0178156     0.0178245     0.0172091     0.0175191     0.0172174
666     0.0124432     0.0166874     0.0166832     0.0166906     0.015986     0.0161888     0.0160431
670     0.0121046     0.0164755     0.0164717     0.0164783     0.0156575     0.0157728     0.015762
674     0.0106812     0.0147599     0.0147567     0.0147621     0.0139187     0.0139489     0.0140538
678     0.0102105     0.014333     0.0143301     0.0143349     0.013415     0.0133762     0.0135848
682     0.00953901     0.0135981     0.0135956     0.0135997     0.0125971     0.0124728     0.012808
686     0.00912003     0.0132098     0.0132075     0.0132112     0.012155     0.0119782     0.0123918
690     0.00820171     0.0120806     0.0120786     0.0120818     0.0110438     0.0108318     0.0112886
694     0.00774255     0.011618     0.0116162     0.0116191     0.0105479     0.0102924     0.0108124
698     0.00723748     0.0110702     0.0110685     0.0110711     0.00998524     0.00969513     0.0102634
702     0.00682424     0.010635     0.0106334     0.0106358     0.00951274     0.00917682     0.00981194
706     0.00653152     0.01037     0.0103685     0.0103708     0.00922409     0.00885996     0.00953645
710     0.00606089     0.0098132     0.00981183     0.00981392     0.0086765     0.00829497     0.0089929
714     0.0054525     0.00901175     0.00901052     0.0090124     0.00792387     0.00754233     0.00823199
718     0.00519423     0.00876917     0.00876799     0.00876977     0.00766932     0.00726853     0.0079858
722     0.00467193     0.00804333     0.00804226     0.00804386     0.00697794     0.00656897     0.00729122
726     0.00474655     0.00832888     0.00832778     0.00832942     0.00719122     0.00674162     0.00753006
730     0.00440218     0.0078714     0.00787038     0.0078719     0.00676326     0.00631345     0.00709725
734     0.00434478     0.00791699     0.00791597     0.00791749     0.00677108     0.00629531     0.00711993
738     0.00388562     0.00723238     0.00723145     0.00723283     0.00615097     0.0056912     0.00648368
742     0.00364457     0.00693181     0.00693093     0.00693223     0.00585447     0.00538304     0.00619038
746     0.00354126     0.00687895     0.00687808     0.00687937     0.00578489     0.00529738     0.00612903
750     0.00353552     0.00701573     0.00701485     0.00701616     0.00587675     0.00536106     0.00623781
754     0.00309932     0.00627464     0.00627385     0.00627502     0.00523505     0.00475741     0.00556697
758     0.00308784     0.0063743     0.00637349     0.00637469     0.00529592     0.00479386     0.00564245
762     0.00285826     0.00601364     0.00601288     0.00601401     0.00496358     0.00446513     0.00530432
766     0.00288122     0.00618574     0.00618495     0.00618612     0.00508666     0.00455839     0.00544555
770     0.00255407     0.00559939     0.00559867     0.00559973     0.00458669     0.00409405     0.0049194
774     0.00241058     0.00540373     0.00540304     0.00540407     0.00440646     0.00391499     0.00473628
778     0.00236466     0.00541392     0.00541323     0.00541425     0.00439665     0.00388975     0.00473497
782     0.00222118     0.00518878     0.00518812     0.0051891     0.00418817     0.00368146     0.00452367
786     0.00213508     0.00508679     0.00508614     0.0050871     0.00409506     0.00358818     0.00442924
790     0.00205473     0.00499352     0.00499288     0.00499383     0.00400715     0.00349824     0.00434124
794     0.00201456     0.00499142     0.00499078     0.00499173     0.00399117     0.00347054     0.00433159
798     0.00179646     0.00454644     0.00454586     0.00454672     0.00361796     0.00312984     0.00393559
802     0.00178498     0.00460729     0.0046067     0.00460758     0.00365488     0.00314977     0.00398232
806     0.00160131     0.00422305     0.00422251     0.00422331     0.00333702     0.00286288     0.00364311
810     0.00167019     0.00449706     0.00449649     0.00449735     0.00353908     0.00302176     0.00387165
814     0.00159557     0.00438646     0.0043859     0.00438673     0.00343811     0.00292139     0.00376892
818     0.00138895     0.00389831     0.00389782     0.00389856     0.00304545     0.00257716     0.00334418
822     0.00136026     0.00389365     0.00389315     0.00389389     0.00302762     0.00254884     0.00333212
826     0.00132008     0.00385165     0.00385115     0.00385189     0.0029852     0.00250398     0.00329062
830     0.00122251     0.00364006     0.00363959     0.00364028     0.00281141     0.00234732     0.0031049
834     0.00128564     0.00390411     0.00390361     0.00390435     0.00300582     0.00249768     0.00332576
838     0.00126268     0.00391994     0.00391944     0.00392018     0.00300861     0.00248655     0.00333549
842     0.00125121     0.00395926     0.00395875     0.0039595     0.00302222     0.00248009     0.00336016
846     0.00103885     0.0033476     0.00334718     0.00334781     0.00255069     0.0020893     0.00283825
850     0.000958492     0.00315225     0.00315185     0.00315245     0.00239352     0.00195252     0.00266792
854     0.00087814     0.00294674     0.00294637     0.00294693     0.00222944     0.00180977     0.00248982
858     0.000906837     0.00310631     0.00310592     0.0031065     0.002344     0.00189404     0.00262213
862     0.000792048     0.00276696     0.0027666     0.00276713     0.00207549     0.00166215     0.00232961
866     0.00087814     0.00312811     0.00312772     0.00312831     0.00233963     0.00186528     0.00263046
870     0.000969971     0.00352343     0.00352299     0.00352365     0.00263127     0.00209154     0.00296141
874     0.000711695     0.00263459     0.00263425     0.00263475     0.00196369     0.00155567     0.00221272
878     0.000952753     0.00359371     0.00359325     0.00359393     0.00266767     0.00210115     0.00301261
882     0.000705955     0.00271316     0.00271282     0.00271333     0.0020084     0.0015749     0.00227172
886     0.000694477     0.00272358     0.00272324     0.00272375     0.00200938     0.00156797     0.00227696
890     0.00066004     0.00263704     0.0026367     0.0026372     0.00193953     0.00150559     0.00220186
894     0.000694477     0.00283084     0.00283048     0.00283102     0.00207695     0.00160403     0.00236187
898     0.000677258     0.00281608     0.00281573     0.00281626     0.002064     0.00158823     0.00234966
902     0.000614124     0.00260493     0.0026046     0.00260509     0.00189762     0.00144643     0.00216756
906     0.000711695     0.00307333     0.00307294     0.00307352     0.00223543     0.00170004     0.00255551
910     0.000591166     0.00260317     0.00260284     0.00260333     0.00188659     0.00142705     0.0021609
914     0.000562469     0.00252506     0.00252473     0.00252521     0.00182291     0.00137036     0.00209249
918     0.000562469     0.00257617     0.00257585     0.00257633     0.00185768     0.00139147     0.00213467
922     0.000682998     0.00318693     0.00318652     0.00318712     0.00229003     0.00170263     0.00263763
926     0.000573948     0.00272854     0.0027282     0.00272871     0.00195439     0.00144445     0.00225544
930     0.000430461     0.00208572     0.00208545     0.00208584     0.00148919     0.00109405     0.00172192
934     0.000562469     0.0027743     0.00277395     0.00277447     0.00197559     0.00144415     0.00228801
938     0.000556729     0.00279933     0.00279898     0.0027995     0.00198692     0.00144356     0.00230573
942     0.000596905     0.00306072     0.00306034     0.00306091     0.00216436     0.00156183     0.00251716
946     0.000418982     0.00218828     0.002188     0.00218841     0.00154453     0.00111026     0.00179844
950     0.000418982     0.00222831     0.00222803     0.00222845     0.00156811     0.00112043     0.0018293
954     0.0004362     0.00236356     0.00236326     0.00236371     0.00165866     0.00117772     0.00193854
958     0.000453419     0.00250345     0.00250313     0.0025036     0.00175376     0.00123873     0.0020526
962     0.000453419     0.00255055     0.00255023     0.00255071     0.00177818     0.00124241     0.00208776
966     0.000355848     0.00204065     0.00204039     0.00204078     0.00141981     0.000986602     0.00166959
970     0.000396024     0.00231356     0.00231327     0.00231371     0.00160562     0.00110891     0.00189134
974     0.000367326     0.00218511     0.00218483     0.00218524     0.00151214     0.00103741     0.00178459
978     0.000321411     0.0019437     0.00194345     0.00194382     0.00134113     0.000913883     0.0015858
982     0.00032715     0.00202042     0.00202017     0.00202055     0.0013889     0.000938434     0.00164627
986     0.000321411     0.00202078     0.00202053     0.00202091     0.0013873     0.000933466     0.00164612
990     0.000367326     0.00235094     0.00235064     0.00235108     0.00160935     0.00107586     0.00191311
994     0.000338629     0.0022044     0.00220413     0.00220454     0.00150487     0.00099974     0.00179206
998     0.000396024     0.00262977     0.00262944     0.00262993     0.00179011     0.00118099     0.00213573
1002     0.000264016     0.00178662     0.00178639     0.00178672     0.00121273     0.000793946     0.00144979
1006     0.000350108     0.00240893     0.00240862     0.00240908     0.0016331     0.00106471     0.0019543
1010     0.000206621     0.00145039     0.00145021     0.00145048     0.000979571     0.000632622     0.00117517
1014     0.000246797     0.00176249     0.00176227     0.0017626     0.00118747     0.00076202     0.00142694
1018     0.000292713     0.00212991     0.00212964     0.00213004     0.001434     0.000916729     0.00172459
1022     0.000264016     0.0019562     0.00195595     0.00195632     0.00131275     0.00083142     0.00158244
1026     0.000183663     0.0013871     0.00138693     0.00138719     0.000924952     0.000577199     0.00111931
1030     0.000166445     0.00127894     0.00127878     0.00127902     0.000852254     0.000529862     0.00103213
1034     0.000258276     0.00202095     0.00202069     0.00202107     0.00134627     0.000834173     0.00163145
1038     0.000241058     0.00192206     0.00192181     0.00192217     0.00127522     0.000781615     0.00154948
1042     0.000281234     0.00228574     0.00228545     0.00228588     0.0015081     0.000910483     0.00183915
1046     0.000241058     0.00199371     0.00199346     0.00199383     0.00131494     0.000790826     0.00160473
1050     0.0002181     0.00183792     0.00183769     0.00183803     0.00121177     0.000725774     0.00147992
1054     0.000235318     0.00201573     0.00201547     0.00201585     0.00132807     0.000792348     0.00162319
1058     0.000229579     0.00200172     0.00200147     0.00200184     0.00131475     0.000776417     0.00161058
1062     0.000143487     0.00127937     0.00127921     0.00127945     0.000834064     0.000482523     0.00102664
1066     0.000160705     0.00145392     0.00145374     0.00145401     0.00094844     0.000547659     0.0011676
1070     0.000183663     0.00169646     0.00169625     0.00169656     0.00110282     0.000628796     0.00136125
1074     0.000212361     0.0019939     0.00199365     0.00199402     0.0012928     0.000730637     0.00159873
1078     0.000177924     0.00170063     0.00170041     0.00170073     0.00109996     0.000615872     0.00136282
1082     0.000252537     0.00245668     0.00245637     0.00245683     0.00158449     0.000876707     0.0019677
1086     0.000172184     0.00170359     0.00170338     0.00170369     0.00109527     0.000599022     0.00136336
1090     0.000177924     0.00178895     0.00178873     0.00178906     0.00114764     0.000622317     0.00143095
1094     0.000200882     0.00206254     0.00206228     0.00206266     0.00131987     0.000707522     0.00164917
1098     0.000183663     0.00191743     0.00191719     0.00191755     0.00122579     0.000652502     0.00153336
1102     0.000166445     0.00176879     0.00176856     0.00176889     0.0011282     0.000593476     0.00141419
1106     0.000143487     0.00155231     0.00155211     0.0015524     0.000986291     0.000510924     0.00123991
1110     0.000172184     0.00189645     0.00189621     0.00189656     0.00120073     0.000613655     0.0015133
1114     0.000177924     0.00199761     0.00199736     0.00199773     0.00126013     0.000633819     0.00159265
1118     0.000154966     0.00176674     0.00176651     0.00176684     0.00111282     0.000555168     0.00140833
1122     0.00011479     0.00133201     0.00133184     0.00133209     0.000838956     0.000415647     0.00106265
1126     0.000195142     0.0023042     0.0023039     0.00230434     0.0014465     0.000706205     0.00183678
1130     9.75711e-05     0.0011709     0.00117075     0.00117097     0.000732682     0.000352919     0.000932541
1134     0.000154966     0.00189231     0.00189207     0.00189242     0.001179     0.000556449     0.00150565
1138     9.75711e-05     0.00121522     0.00121507     0.00121529     0.000758172     0.00035735     0.000968039
1142     0.000120529     0.00152271     0.00152252     0.0015228     0.000948805     0.000441999     0.00121336
1146     6.88737e-05     0.000886362     0.00088625     0.000886415     0.000551199     0.000253784     0.000706109
1150     9.75711e-05     0.00127737     0.00127721     0.00127745     0.000792309     0.000359233     0.00101726
1154     0.00010905     0.001448     0.00144781     0.00144808     0.000896734     0.000402751     0.00115291
1158     0.00010905     0.00147488     0.00147469     0.00147496     0.000910751     0.000401903     0.00117389
1162     0.000137747     0.00189405     0.00189382     0.00189417     0.00116428     0.000501326     0.00150601
1166     8.60921e-05     0.00120457     0.00120442     0.00120464     0.000739624     0.000315112     0.000957966
1170     7.46132e-05     0.00106107     0.00106093     0.00106113     0.000650515     0.000273762     0.000843858
1174     7.46132e-05     0.00107772     0.00107758     0.00107778     0.000659551     0.000273953     0.000857009
1178     0.000166445     0.00244775     0.00244744     0.0024479     0.00149412     0.000609608     0.00194589
1182     0.00010905     0.00163197     0.00163176     0.00163207     0.000994367     0.000398897     0.00129758
1186     8.60921e-05     0.00130871     0.00130854     0.00130879     0.000793481     0.00030998     0.00103912
1190     0.000172184     0.00266029     0.00265995     0.00266045     0.00160994     0.00061865     0.00211227
1194     0.000120529     0.00189121     0.00189098     0.00189133     0.00114424     0.000435986     0.00150242
1198     0.00010905     0.0017424     0.00174218     0.0017425     0.00105056     0.000390931     0.00138331
1202     9.18316e-05     0.0014894     0.00148921     0.00148949     0.000895933     0.000326199     0.00118243
1206     7.46132e-05     0.00123063     0.00123048     0.00123071     0.000739456     0.000265211     0.000977331
1210     6.88737e-05     0.00115398     0.00115383     0.00115405     0.000692674     0.000244769     0.000916756
1214     9.75711e-05     0.00165931     0.0016591     0.00165941     0.000994102     0.000345723     0.0013179
1218     7.46132e-05     0.00128821     0.00128805     0.00128829     0.000768081     0.000258521     0.00102197
1222     7.46132e-05     0.00131486     0.00131469     0.00131494     0.000785574     0.000263508     0.00104488
1226     5.73948e-05     0.00102513     0.001025     0.00102519     0.000610301     0.000198662     0.000814204
1230     6.88737e-05     0.00125123     0.00125107     0.0012513     0.000742489     0.000234736     0.000993325
1234     7.46132e-05     0.00137203     0.00137186     0.00137212     0.000813212     0.000254242     0.00108907
1238     8.03527e-05     0.00150586     0.00150567     0.00150595     0.000889992     0.000270095     0.00119501
1242     5.73948e-05     0.00108645     0.00108631     0.00108651     0.000641058     0.000189809     0.000862448
1246     4.01763e-05     0.00077632     0.000776222     0.000776367     0.000457769     0.000133124     0.000616602
1250     5.16553e-05     0.00101462     0.00101449     0.00101468     0.000596151     0.00016706     0.000805499
1254     3.44369e-05     0.000685313     0.000685226     0.000685354     0.000402156     0.000110735     0.00054409
1258     8.03527e-05     0.00162366     0.00162345     0.00162376     0.000952274     0.000258195     0.0012896
1262     3.44369e-05     0.000707274     0.000707185     0.000707317     0.000412763     0.000106256     0.000561254
1266     4.01763e-05     0.000836899     0.000836794     0.00083695     0.000487897     0.000122982     0.000664316
1270     5.73948e-05     0.00121031     0.00121016     0.00121039     0.000704488     0.00017354     0.000960713
1274     5.16553e-05     0.00110527     0.00110513     0.00110534     0.000641636     0.00015269     0.000877063
1278     8.03527e-05     0.00174842     0.0017482     0.00174853     0.00101467     0.000235596     0.0013886
1282     5.16553e-05     0.00114288     0.00114274     0.00114295     0.000662668     0.000149346     0.000908245
1286     6.88737e-05     0.00154478     0.00154458     0.00154487     0.000893397     0.000194407     0.0012272
1290     8.03527e-05     0.00183047     0.00183024     0.00183058     0.00105662     0.00022083     0.00145456
1294     4.01763e-05     0.000926843     0.000926727     0.000926899     0.000534629     0.000109422     0.000736727
1298     6.88737e-05     0.00161473     0.00161452     0.00161483     0.000927711     0.000178601     0.00128275
1302     5.16553e-05     0.00123189     0.00123173     0.00123196     0.000706509     0.000129791     0.000978957
1306     2.86974e-05     0.000690501     0.000690414     0.000690543     0.000396033     7.23415e-05     0.000548847
1310     3.44369e-05     0.000843603     0.000843497     0.000843654     0.0004832     8.39645e-05     0.000670984
1314     4.59158e-05     0.00114194     0.00114179     0.001142     0.000650809     0.000103026     0.000907612
1318     8.03527e-05     0.00202518     0.00202492     0.0020253     0.0011504     0.000170666     0.00160875
1322     2.86974e-05     0.000731434     0.000731342     0.000731478     0.000415986     6.02859e-05     0.000581859
1326     4.59158e-05     0.00119311     0.00119296     0.00119318     0.000677778     9.27546e-05     0.000949697
1330     6.31342e-05     0.00165924     0.00165903     0.00165934     0.000940846     0.000123317     0.00132038
1334     5.16553e-05     0.00137938     0.0013792     0.00137946     0.000779807     9.25491e-05     0.00109773
1338     4.01763e-05     0.00108763     0.0010875     0.0010877     0.000615026     7.12392e-05     0.000866109
1342     4.59158e-05     0.00125987     0.00125971     0.00125995     0.000710027     7.31926e-05     0.00100314
1346     4.01763e-05     0.00111873     0.00111859     0.0011188     0.000630295     6.23783e-05     0.000891192
1350     3.44369e-05     0.000969918     0.000969796     0.000969977     0.000545823     5.01683e-05     0.000772943
1354     5.16553e-05     0.00147954     0.00147935     0.00147962     0.000830538     6.69218e-05     0.00117927
1358     3.44369e-05     0.00099862     0.000998494     0.00099868     0.000559865     4.13157e-05     0.00079615
1362     1.1479e-05     0.000337892     0.000337849     0.000337912     0.000188859     1.15474e-05     0.000269391
1366     4.01763e-05     0.00119677     0.00119662     0.00119684     0.000669537     3.97709e-05     0.000954995
1370     5.16553e-05     0.00156312     0.00156292     0.00156321     0.000874891     4.72978e-05     0.00124878
1374     3.44369e-05     0.00105391     0.00105378     0.00105398     0.000589772     2.99862e-05     0.000842311
1378     1.72184e-05     0.000534521     0.000534454     0.000534553     0.000297227     9.15461e-06     0.00042675
1382     2.86974e-05     0.000901971     0.000901857     0.000902026     0.000500761     1.04019e-05     0.000720488
1386     1.72184e-05     0.000549753     0.000549684     0.000549786     0.000305767     5.51115e-06     0.000439852
1390     4.59158e-05     0.00148752     0.00148733     0.00148761     0.000823251     1.79455e-06     0.00118916
1394     1.1479e-05     0.000375771     0.000375723     0.000375793     0.000207624     -6.444e-07     0.000300319
1398     2.86974e-05     0.000956092     0.000955972     0.00095615     0.000529417     -2.71096e-06     0.000765449
1402     2.86974e-05     0.000966423     0.000966301     0.000966481     0.000533142     -1.0794e-05     0.000773604
1406     3.44369e-05     0.00117357     0.00117342     0.00117364     0.000647997     -1.56396e-05     0.000940498
1410     1.72184e-05     0.000598232     0.000598157     0.000598268     0.000329651     -1.2139e-05     0.0004797
1414     4.01763e-05     0.00140626     0.00140608     0.00140634     0.000774143     -3.18281e-05     0.00112761
1418     2.86974e-05     0.00101911     0.00101898     0.00101917     0.000559637     -2.89961e-05     0.000817151
1422     3.44369e-05     0.00123461     0.00123446     0.00123469     0.000676153     -4.39812e-05     0.000990159
1426     5.16553e-05     0.00188116     0.00188092     0.00188128     0.00102993     -7.43668e-05     0.00150993
1430     3.44369e-05     0.00126788     0.00126773     0.00126796     0.000694129     -5.24731e-05     0.00101814
1434     2.29579e-05     0.000857165     0.000857057     0.000857216     0.000468968     -3.93229e-05     0.000688857
1438     4.59158e-05     0.00173575     0.00173553     0.00173586     0.000947901     -8.8799e-05     0.00139523
1442     5.73948e-06     0.000221132     0.000221104     0.000221145     0.000121     -1.16697e-05     0.000178045
1446     2.29579e-05     0.000888065     0.000887953     0.000888119     0.000485134     -4.96051e-05     0.000714857
1450     2.29579e-05     0.000899478     0.000899365     0.000899533     0.00048895     -5.85052e-05     0.00072353
1454     2.29579e-05     0.000913364     0.000913249     0.000913419     0.000496908     -6.41632e-05     0.000736044
1458     1.72184e-05     0.000691262     0.000691175     0.000691304     0.000376053     -5.00648e-05     0.000557347
1462     1.72184e-05     0.000701212     0.000701124     0.000701254     0.000380268     -5.64691e-05     0.000565421
1466     1.72184e-05     0.000707791     0.000707702     0.000707834     0.00038363     -5.84793e-05     0.000570838
1470     3.44369e-05     0.00143801     0.00143783     0.0014381     0.000778562     -0.000125882     0.00116042
1474     2.86974e-05     0.00121378     0.00121363     0.00121385     0.00065708     -0.000110754     0.000980306
1478     2.29579e-05     0.000982181     0.000982057     0.00098224     0.000531321     -9.47853e-05     0.000793924
1482     2.86974e-05     0.00124511     0.00124495     0.00124518     0.000673038     -0.000126787     0.0010073
1486     5.73948e-06     0.000253302     0.00025327     0.000253317     0.00013687     -2.70164e-05     0.000205119
1490     1.72184e-05     0.000765583     0.000765486     0.000765629     0.000413307     -8.47922e-05     0.000620233
1494     1.72184e-05     0.000776373     0.000776275     0.00077642     0.000418369     -9.00818e-05     0.000629087
1498     5.73948e-06     0.000260616     0.000260584     0.000260632     0.000140055     -3.19179e-05     0.000211156
1502     1.1479e-05     0.000528753     0.000528686     0.000528785     0.000284877     -6.54425e-05     0.000429174
1506     1.72184e-05     0.000802261     0.00080216     0.000802309     0.000431568     -0.00010448     0.000651582
1510     1.1479e-05     0.000539783     0.000539715     0.000539816     0.000290371     -7.02972e-05     0.000438402
1514     5.73948e-06     0.00027309     0.000273055     0.000273106     0.00014688     -3.68804e-05     0.000222023
1518     1.72184e-05     0.00083184     0.000831735     0.00083189     0.000446073     -0.000119334     0.000676434
1522     1.1479e-05     0.000560085     0.000560015     0.000560119     0.000300955     -8.15187e-05     0.000456191
1526     5.73948e-06     0.000284076     0.000284041     0.000284094     0.000152256     -4.36098e-05     0.000231462
1530     1.1479e-05     0.000572686     0.000572614     0.000572721     0.000306942     -8.79155e-05     0.000466619
1534     1.1479e-05     0.00058248     0.000582406     0.000582515     0.000311199     -9.59152e-05     0.000474936
1538     2.29579e-05     0.00117493     0.00117478     0.001175     0.000627798     -0.000196069     0.000958542
1542     1.72184e-05     0.000889191     0.000889079     0.000889245     0.000474894     -0.00015321     0.0007261
1546     0     0     0     0     0     0     0
1550     1.72184e-05     0.00091028     0.000910166     0.000910335     0.000485358     -0.000164657     0.00074404
1554     1.72184e-05     0.000922397     0.000922281     0.000922453     0.000491915     -0.00017111     0.000754783
1558     1.1479e-05     0.00061977     0.000619692     0.000619807     0.000330143     -0.000117908     0.000507348
1562     3.44369e-05     0.001891     0.00189077     0.00189112     0.00100833     -0.000366644     0.00155004
1566     1.1479e-05     0.000638106     0.000638026     0.000638144     0.000339078     -0.000129759     0.000523119
1570     1.72184e-05     0.000967124     0.000967003     0.000967183     0.000514301     -0.000197319     0.000793286
1574     1.72184e-05     0.000975532     0.000975409     0.000975591     0.000519551     -0.000200347     0.00080106
1578     2.29579e-05     0.00131812     0.00131795     0.0013182     0.000700491     -0.000281137     0.00108288
1582     1.72184e-05     0.000998199     0.000998073     0.000998259     0.000531     -0.000216594     0.000821139
1586     5.73948e-06     0.00033562     0.000335577     0.00033564     0.000178536     -7.28243e-05     0.000276088
1590     1.72184e-05     0.0010209     0.00102077     0.00102096     0.000542505     -0.000229887     0.000840745
1594     0     0     0     0     0     0     0
1598     1.1479e-05     0.000695175     0.000695087     0.000695217     0.000368666     -0.000164373     0.000573188
1602     1.72184e-05     0.00105405     0.00105391     0.00105411     0.000559754     -0.000252729     0.000870299
1606     5.73948e-06     0.000354506     0.000354462     0.000354528     0.000188262     -8.5e-05     0.000292707
1610     1.1479e-05     0.000719434     0.000719343     0.000719477     0.000382394     -0.000177251     0.000595079
1614     1.1479e-05     0.00072671     0.000726618     0.000726754     0.000386794     -0.000179591     0.000601618
1618     0     0     0     0     0     0     0
1622     2.29579e-05     0.00148514     0.00148495     0.00148523     0.000785945     -0.000394262     0.00123021
1626     1.72184e-05     0.00112895     0.0011288     0.00112901     0.000598586     -0.00030275     0.000936574
1630     4.01763e-05     0.00265343     0.0026531     0.00265359     0.00140733     -0.000716506     0.00220243
1634     0     0     0     0     0     0     0
1638     1.1479e-05     0.000772951     0.000772854     0.000772998     0.000408832     -0.000218184     0.000642157
1642     2.29579e-05     0.00156562     0.00156543     0.00156572     0.000828962     -0.000448104     0.00130236
1646     1.1479e-05     0.000794853     0.000794753     0.000794901     0.000420488     -0.000232837     0.000661725
1650     0     0     0     0     0     0     0
1654     1.1479e-05     0.000809008     0.000808906     0.000809057     0.00042869     -0.000241788     0.000674812
1658     5.73948e-06     0.000407013     0.000406962     0.000407037     0.000215416     -0.000123435     0.00033957
1662     1.1479e-05     0.000825907     0.000825803     0.000825957     0.000438901     -0.000250412     0.00069043
1666     5.73948e-06     0.000416441     0.000416389     0.000416467     0.000220863     -0.000129709     0.000348312
1670     5.73948e-06     0.000423056     0.000423003     0.000423082     0.000224104     -0.000134892     0.000354097
1674     5.73948e-06     0.000427059     0.000427005     0.000427084     0.000226442     -0.000138012     0.000357888
1678     5.73948e-06     0.000432424     0.00043237     0.00043245     0.000229287     -0.000139746     0.000362385
1682     0     0     0     0     0     0     0
1686     1.1479e-05     0.000881956     0.000881845     0.000882009     0.000467272     -0.000296153     0.000740436
1690     1.1479e-05     0.000888534     0.000888423     0.000888588     0.000470852     -0.000300642     0.000746367
1694     1.72184e-05     0.00134396     0.00134379     0.00134404     0.000712333     -0.000458175     0.00112954
1698     1.1479e-05     0.000906855     0.000906741     0.00090691     0.000481298     -0.000312711     0.000763174
1702     0     0     0     0     0     0     0
1706     0     0     0     0     0     0     0
1710     1.1479e-05     0.000931798     0.000931681     0.000931855     0.000493939     -0.000336625     0.00078588
1714     0     0     0     0     0     0     0
1718     1.1479e-05     0.000950757     0.000950637     0.000950814     0.000505276     -0.000348387     0.000803523
1722     5.73948e-06     0.000480428     0.000480368     0.000480457     0.000255747     -0.000177762     0.000406581
1726     0     0     0     0     0     0     0
1730     1.1479e-05     0.000980108     0.000979984     0.000980167     0.000521278     -0.000372799     0.000830501
1734     5.73948e-06     0.000492804     0.000492742     0.000492833     0.000262216     -0.000188621     0.000417824
1738     0     0     0     0     0     0     0
1742     5.73948e-06     0.000503336     0.000503272     0.000503366     0.000269077     -0.000195306     0.000428037
1746     1.1479e-05     0.00101699     0.00101687     0.00101706     0.000542695     -0.000400483     0.000864914
1750     5.73948e-06     0.000516532     0.000516467     0.000516564     0.000275935     -0.000207319     0.000440032
1754     0     0     0     0     0     0     0
1758     1.1479e-05     0.00104758     0.00104744     0.00104764     0.000559356     -0.000427694     0.000893178
1762     5.73948e-06     0.000527361     0.000527295     0.000527393     0.000281796     -0.000218015     0.000450141
1766     5.73948e-06     0.000533687     0.00053362     0.000533719     0.000284439     -0.000226074     0.000455711
1770     0     0     0     0     0     0     0
1774     0     0     0     0     0     0     0
1778     0     0     0     0     0     0     0
1782     5.73948e-06     0.000554187     0.000554118     0.000554221     0.00029711     -0.000240281     0.000475169
1786     1.1479e-05     0.00112123     0.00112109     0.00112129     0.000600408     -0.000491767     0.000961561
1790     5.73948e-06     0.000563514     0.000563443     0.000563548     0.000301407     -0.000249966     0.00048337
1794     1.1479e-05     0.0011399     0.00113976     0.00113997     0.000611877     -0.000506733     0.00097945
1798     5.73948e-06     0.000579082     0.00057901     0.000579117     0.000311455     -0.0002594     0.000498246
1802     5.73948e-06     0.000583826     0.000583753     0.000583862     0.000313195     -0.000267662     0.000502507
1806     0     0     0     0     0     0     0
1810     5.73948e-06     0.00059421     0.000594135     0.000594246     0.000319298     -0.00027868     0.000512565
1814     0     0     0     0     0     0     0
1818     0     0     0     0     0     0     0
1822     5.73948e-06     0.000608127     0.000608051     0.000608164     0.000327161     -0.00029212     0.00052565
1826     5.73948e-06     0.000614793     0.000614716     0.000614831     0.000331635     -0.000296754     0.000532192
1830     0     0     0     0     0     0     0
1834     0     0     0     0     0     0     0
1838     0     0     0     0     0     0     0
1842     0     0     0     0     0     0     0
1846     0     0     0     0     0     0     0
1850     0     0     0     0     0     0     0
1854     0     0     0     0     0     0     0
1858     0     0     0     0     0     0     0
1862     0     0     0     0     0     0     0
1866     0     0     0     0     0     0     0
1870     0     0     0     0     0     0     0
1874     0     0     0     0     0     0     0
1878     0     0     0     0     0     0     0
1882     0     0     0     0     0     0     0
1886     0     0     0     0     0     0     0
1890     0     0     0     0     0     0     0
1894     0     0     0     0     0     0     0
1898     0     0     0     0     0     0     0
1902     0     0     0     0     0     0     0
1906     0     0     0     0     0     0     0
1910     0     0     0     0     0     0     0
1914     0     0     0     0     0     0     0
1918     0     0     0     0     0     0     0
1922     0     0     0     0     0     0     0
1926     0     0     0     0     0     0     0
1930     0     0     0     0     0     0     0
1934     0     0     0     0     0     0     0
1938     0     0     0     0     0     0     0
1942     0     0     0     0     0     0     0
1946     0     0     0     0     0     0     0
1950     0     0     0     0     0     0     0
1954     0     0     0     0     0     0     0
1958     0     0     0     0     0     0     0
1962     0     0     0     0     0     0     0
1966     0     0     0     0     0     0     0
1970     0     0     0     0     0     0     0
1974     0     0     0     0     0     0     0
1978     0     0     0     0     0     0     0
1982     0     0     0     0     0     0     0
1986     0     0     0     0     0     0     0
1990     0     0     0     0     0     0     0
1994     0     0     0     0     0     0     0
1998     0     0     0     0     0     0     0
2002     0     0     0     0     0     0     0
2006     0     0     0     0     0     0     0
2010     0     0     0     0     0     0     0
2014     0     0     0     0     0     0     0
2018     0     0     0     0     0     0     0
2022     0     0     0     0     0     0     0
2026     0     0     0     0     0     0     0
2030     0     0     0     0     0     0     0
2034     0     0     0     0     0     0     0
2038     0     0     0     0     0     0     0
2042     0     0     0     0     0     0     0
2046     0     0     0     0     0     0     0
2050     0     0     0     0     0     0     0
2054     0     0     0     0     0     0     0
2058     0     0     0     0     0     0     0
2062     0     0     0     0     0     0     0
2066     0     0     0     0     0     0     0
2070     0     0     0     0     0     0     0
2074     0     0     0     0     0     0     0
2078     0     0     0     0     0     0     0
2082     0     0     0     0     0     0     0
2086     0     0     0     0     0     0     0
2090     0     0     0     0     0     0     0
2094     0     0     0     0     0     0     0
2098     0     0     0     0     0     0     0
2102     0     0     0     0     0     0     0
2106     0     0     0     0     0     0     0
2110     0     0     0     0     0     0     0
2114     0     0     0     0     0     0     0
2118     0     0     0     0     0     0     0
2122     0     0     0     0     0     0     0
2126     0     0     0     0     0     0     0
2130     0     0     0     0     0     0     0
2134     0     0     0     0     0     0     0
2138     0     0     0     0     0     0     0
2142     0     0     0     0     0     0     0
2146     0     0     0     0     0     0     0
2150     0     0     0     0     0     0     0
2154     0     0     0     0     0     0     0
2158     0     0     0     0     0     0     0
2162     0     0     0     0     0     0     0
2166     0     0     0     0     0     0     0
2170     0     0     0     0     0     0     0
2174     0     0     0     0     0     0     0
2178     0     0     0     0     0     0     0
2182     0     0     0     0     0     0     0
2186     0     0     0     0     0     0     0
2190     0     0     0     0     0     0     0
2194     0     0     0     0     0     0     0
2198     0     0     0     0     0     0     0
2202     0     0     0     0     0     0     0
2206     0     0     0     0     0     0     0
2210     0     0     0     0     0     0     0
2214     0     0     0     0     0     0     0
2218     0     0     0     0     0     0     0
2222     0     0     0     0     0     0     0
2226     0     0     0     0     0     0     0
2230     0     0     0     0     0     0     0
2234     0     0     0     0     0     0     0
2238     0     0     0     0     0     0     0
2242     0     0     0     0     0     0     0
2246     0     0     0     0     0     0     0
2250     0     0     0     0     0     0     0
2254     0     0     0     0     0     0     0
2258     0     0     0     0     0     0     0
2262     0     0     0     0     0     0     0
2266     0     0     0     0     0     0     0
2270     0     0     0     0     0     0     0
2274     0     0     0     0     0     0     0
2278     0     0     0     0     0     0     0
2282     0     0     0     0     0     0     0
2286     0     0     0     0     0     0     0
2290     0     0     0     0     0     0     0
2294     0     0     0     0     0     0     0
2298     0     0     0     0     0     0     0
2302     0     0     0     0     0     0     0
2306     0     0     0     0     0     0     0
2310     0     0     0     0     0     0     0
2314     0     0     0     0     0     0     0
2318     0     0     0     0     0     0     0
2322     0     0     0     0     0     0     0
2326     0     0     0     0     0     0     0
2330     0     0     0     0     0     0     0
2334     0     0     0     0     0     0     0
2338     0     0     0     0     0     0     0
2342     0     0     0     0     0     0     0
2346     0     0     0     0     0     0     0
2350     0     0     0     0     0     0     0
2354     0     0     0     0     0     0     0
2358     0     0     0     0     0     0     0
2362     0     0     0     0     0     0     0
2366     0     0     0     0     0     0     0
2370     0     0     0     0     0     0     0
2374     0     0     0     0     0     0     0
2378     0     0     0     0     0     0     0
2382     0     0     0     0     0     0     0
2386     0     0     0     0     0     0     0
2390     0     0     0     0     0     0     0
2394     0     0     0     0     0     0     0
2398     0     0     0     0     0     0     0
2402     0     0     0     0     0     0     0
2406     0     0     0     0     0     0     0
2410     0     0     0     0     0     0     0
2414     0     0     0     0     0     0     0
2418     0     0     0     0     0     0     0
2422     0     0     0     0     0     0     0
2426     0     0     0     0     0     0     0
2430     0     0     0     0     0     0     0
2434     0     0     0     0     0     0     0
2438     0     0     0     0     0     0     0
2442     0     0     0     0     0     0     0
2446     0     0     0     0     0     0     0
2450     0     0     0     0     0     0     0
2454     0     0     0     0     0     0     0
2458     0     0     0     0     0     0     0
2462     0     0     0     0     0     0     0
2466     0     0     0     0     0     0     0
2470     0     0     0     0     0     0     0
2474     0     0     0     0     0     0     0
2478     0     0     0     0     0     0     0
2482     0     0     0     0     0     0     0
2486     0     0     0     0     0     0     0
2490     0     0     0     0     0     0     0
2494     0     0     0     0     0     0     0
2498     0     0     0     0     0     0     0
2502     0     0     0     0     0     0     0
2506     0     0     0     0     0     0     0
2510     0     0     0     0     0     0     0
2514     0     0     0     0     0     0     0
2518     0     0     0     0     0     0     0
2522     0     0     0     0     0     0     0
2526     0     0     0     0     0     0     0
2530     0     0     0     0     0     0     0
2534     0     0     0     0     0     0     0
2538     0     0     0     0     0     0     0
2542     0     0     0     0     0     0     0
2546     0     0     0     0     0     0     0
2550     0     0     0     0     0     0     0
2554     0     0     0     0     0     0     0
2558     0     0     0     0     0     0     0
2562     0     0     0     0     0     0     0
2566     0     0     0     0     0     0     0
2570     0     0     0     0     0     0     0
2574     0     0     0     0     0     0     0
2578     0     0     0     0     0     0     0
2582     0     0     0     0     0     0     0
2586     0     0     0     0     0     0     0
2590     0     0     0     0     0     0     0
2594     0     0     0     0     0     0     0
2598     0     0     0     0     0     0     0
2602     0     0     0     0     0     0     0
2606     0     0     0     0     0     0     0
2610     0     0     0     0     0     0     0
2614     0     0     0     0     0     0     0
2618     0     0     0     0     0     0     0
2622     0     0     0     0     0     0     0
2626     0     0     0     0     0     0     0
2630     0     0     0     0     0     0     0
2634     0     0     0     0     0     0     0
2638     0     0     0     0     0     0     0
2642     0     0     0     0     0     0     0
2646     0     0     0     0     0     0     0
2650     0     0     0     0     0     0     0
2654     0     0     0     0     0     0     0
2658     0     0     0     0     0     0     0
2662     0     0     0     0     0     0     0
2666     0     0     0     0     0     0     0
2670     0     0     0     0     0     0     0
2674     0     0     0     0     0     0     0
2678     0     0     0     0     0     0     0
2682     0     0     0     0     0     0     0
2686     0     0     0     0     0     0     0
2690     0     0     0     0     0     0     0
2694     0     0     0     0     0     0     0
2698     0     0     0     0     0     0     0
2702     0     0     0     0     0     0     0
2706     0     0     0     0     0     0     0
2710     0     0     0     0     0     0     0
2714     0     0     0     0     0     0     0
2718     0     0     0     0     0     0     0
2722     0     0     0     0     0     0     0
2726     0     0     0     0     0     0     0
2730     0     0     0     0     0     0     0
2734     0     0     0     0     0     0     0
2738     0     0     0     0     0     0     0
2742     0     0     0     0     0     0     0
2746     0     0     0     0     0     0     0
2750     0     0     0     0     0     0     0
2754     0     0     0     0     0     0     0
2758     0     0     0     0     0     0     0
2762     0     0     0     0     0     0     0
2766     0     0     0     0     0     0     0
2770     0     0     0     0     0     0     0
2774     0     0     0     0     0     0     0
2778     0     0     0     0     0     0     0
2782     0     0     0     0     0     0     0
2786     0     0     0     0     0     0     0
2790     0     0     0     0     0     0     0
2794     0     0     0     0     0     0     0
2798     0     0     0     0     0     0     0
2802     0     0     0     0     0     0     0
2806     0     0     0     0     0     0     0
2810     0     0     0     0     0     0     0
2814     0     0     0     0     0     0     0
2818     0     0     0     0     0     0     0
2822     0     0     0     0     0     0     0
2826     0     0     0     0     0     0     0
2830     0     0     0     0     0     0     0
2834     0     0     0     0     0     0     0
2838     0     0     0     0     0     0     0
2842     0     0     0     0     0     0     0
2846     0     0     0     0     0     0     0
2850     0     0     0     0     0     0     0
2854     0     0     0     0     0     0     0
2858     0     0     0     0     0     0     0
2862     0     0     0     0     0     0     0
2866     0     0     0     0     0     0     0
2870     0     0     0     0     0     0     0
2874     0     0     0     0     0     0     0
2878     0     0     0     0     0     0     0
2882     0     0     0     0     0     0     0
2886     0     0     0     0     0     0     0
2890     0     0     0     0     0     0     0
2894     0     0     0     0     0     0     0
2898     0     0     0     0     0     0     0
2902     0     0     0     0     0     0     0
2906     0     0     0     0     0     0     0
2910     0     0     0     0     0     0     0
2914     0     0     0     0     0     0     0
2918     0     0     0     0     0     0     0
2922     0     0     0     0     0     0     0
2926     0     0     0     0     0     0     0
2930     0     0     0     0     0     0     0
2934     0     0     0     0     0     0     0
2938     0     0     0     0     0     0     0
2942     0     0     0     0     0     0     0
2946     0     0     0     0     0     0     0
2950     0     0     0     0     0     0     0
2954     0     0     0     0     0     0     0
2958     0     0     0     0     0     0     0
2962     0     0     0     0     0     0     0
2966     0     0     0     0     0     0     0
2970     0     0     0     0     0     0     0
2974     0     0     0     0     0     0     0
2978     0     0     0     0     0     0     0
2982     0     0     0     0     0     0     0
2986     0     0     0     0     0     0     0
2990     0     0     0     0     0     0     0
2994     0     0     0     0     0     0     0
2998     0     0     0     0     0     0     0
3002     0     0     0     0     0     0     0
3006     0     0     0     0     0     0     0
3010     0     0     0     0     0     0     0
3014     0     0     0     0     0     0     0
3018     0     0     0     0     0     0     0
3022     0     0     0     0     0     0     0
3026     0     0     0     0     0     0     0
3030     0     0     0     0     0     0     0
3034     0     0     0     0     0     0     0
3038     0     0     0     0     0     0     0
3042     0     0     0     0     0     0     0
3046     0     0     0     0     0     0     0
3050     0     0     0     0     0     0     0
3054     0     0     0     0     0     0     0
3058     0     0     0     0     0     0     0
3062     0     0     0     0     0     0     0
3066     0     0     0     0     0     0     0
3070     0     0     0     0     0     0     0
3074     0     0     0     0     0     0     0
3078     0     0     0     0     0     0     0
3082     0     0     0     0     0     0     0
3086     0     0     0     0     0     0     0
3090     0     0     0     0     0     0     0
3094     0     0     0     0     0     0     0
3098     0     0     0     0     0     0     0
3102     0     0     0     0     0     0     0
3106     0     0     0     0     0     0     0
3110     0     0     0     0     0     0     0
3114     0     0     0     0     0     0     0
3118     0     0     0     0     0     0     0
3122     0     0     0     0     0     0     0
3126     0     0     0     0     0     0     0
3130     0     0     0     0     0     0     0
3134     0     0     0     0     0     0     0
3138     0     0     0     0     0     0     0
3142     0     0     0     0     0     0     0
3146     0     0     0     0     0     0     0
3150     0     0     0     0     0     0     0
3154     0     0     0     0     0     0     0
3158     0     0     0     0     0     0     0
3162     0     0     0     0     0     0     0
3166     0     0     0     0     0     0     0
3170     0     0     0     0     0     0     0
3174     0     0     0     0     0     0     0
3178     0     0     0     0     0     0     0
3182     0     0     0     0     0     0     0
3186     0     0     0     0     0     0     0
3190     0     0     0     0     0     0     0
3194     0     0     0     0     0     0     0
3198     0     0     0     0     0     0     0
3202     0     0     0     0     0     0     0
3206     0     0     0     0     0     0     0
3210     0     0     0     0     0     0     0
3214     0     0     0     0     0     0     0
3218     0     0     0     0     0     0     0
3222     0     0     0     0     0     0     0
3226     0     0     0     0     0     0     0
3230     0     0     0     0     0     0     0
3234     0     0     0     0     0     0     0
3238     0     0     0     0     0     0     0
3242     0     0     0     0     0     0     0
3246     0     0     0     0     0     0     0
3250     0     0     0     0     0     0     0
3254     0     0     0     0     0     0     0
3258     0     0     0     0     0     0     0
3262     0     0     0     0     0     0     0
3266     0     0     0     0     0     0     0
3270     0     0     0     0     0     0     0
3274     0     0     0     0     0     0     0
3278     0     0     0     0     0     0     0
3282     0     0     0     0     0     0     0
3286     0     0     0     0     0     0     0
3290     0     0     0     0     0     0     0
3294     0     0     0     0     0     0     0
3298     0     0     0     0     0     0     0
3302     0     0     0     0     0     0     0
3306     0     0     0     0     0     0     0
3310     0     0     0     0     0     0     0
3314     0     0     0     0     0     0     0
3318     0     0     0     0     0     0     0
3322     0     0     0     0     0     0     0
3326     0     0     0     0     0     0     0
3330     0     0     0     0     0     0     0
3334     0     0     0     0     0     0     0
3338     0     0     0     0     0     0     0
3342     0     0     0     0     0     0     0
3346     0     0     0     0     0     0     0
3350     0     0     0     0     0     0     0
3354     0     0     0     0     0     0     0
3358     0     0     0     0     0     0     0
3362     0     0     0     0     0     0     0
3366     0     0     0     0     0     0     0
3370     0     0     0     0     0     0     0
3374     0     0     0     0     0     0     0
3378     0     0     0     0     0     0     0
3382     0     0     0     0     0     0     0
3386     0     0     0     0     0     0     0
3390     0     0     0     0     0     0     0
3394     0     0     0     0     0     0     0
3398     0     0     0     0     0     0     0
3402     0     0     0     0     0     0     0
3406     0     0     0     0     0     0     0
3410     0     0     0     0     0     0     0
3414     0     0     0     0     0     0     0
3418     0     0     0     0     0     0     0
3422     0     0     0     0     0     0     0
3426     0     0     0     0     0     0     0
3430     0     0     0     0     0     0     0
3434     0     0     0     0     0     0     0
3438     0     0     0     0     0     0     0
3442     0     0     0     0     0     0     0
3446     0     0     0     0     0     0     0
3450     0     0     0     0     0     0     0
3454     0     0     0     0     0     0     0
3458     0     0     0     0     0     0     0
3462     0     0     0     0     0     0     0
3466     0     0     0     0     0     0     0
3470     0     0     0     0     0     0     0
3474     0     0     0     0     0     0     0
3478     0     0     0     0     0     0     0
3482     0     0     0     0     0     0     0
3486     0     0     0     0     0     0     0
3490     0     0     0     0     0     0     0
3494     0     0     0     0     0     0     0
3498     0     0     0     0     0     0     0
3502     0     0     0     0     0     0     0
3506     0     0     0     0     0     0     0
3510     0     0     0     0     0     0     0
3514     0     0     0     0     0     0     0
3518     0     0     0     0     0     0     0
3522     0     0     0     0     0     0     0
3526     0     0     0     0     0     0     0
3530     0     0     0     0     0     0     0
3534     0     0     0     0     0     0     0
3538     0     0     0     0     0     0     0
3542     0     0     0     0     0     0     0
3546     0     0     0     0     0     0     0
3550     0     0     0     0     0     0     0
3554     0     0     0     0     0     0     0
3558     0     0     0     0     0     0     0
3562     0     0     0     0     0     0     0
3566     0     0     0     0     0     0     0
3570     0     0     0     0     0     0     0
3574     0     0     0     0     0     0     0
3578     0     0     0     0     0     0     0
3582     0     0     0     0     0     0     0
3586     0     0     0     0     0     0     0
3590     0     0     0     0     0     0     0
3594     0     0     0     0     0     0     0
3598     0     0     0     0     0     0     0
3602     0     0     0     0     0     0     0
3606     0     0     0     0     0     0     0
3610     0     0     0     0     0     0     0
3614     0     0     0     0     0     0     0
3618     0     0     0     0     0     0     0
3622     0     0     0     0     0     0     0
3626     0     0     0     0     0     0     0
3630     0     0     0     0     0     0     0
3634     0     0     0     0     0     0     0
3638     0     0     0     0     0     0     0
3642     0     0     0     0     0     0     0
3646     0     0     0     0     0     0     0
3650     0     0     0     0     0     0     0
3654     0     0     0     0     0     0     0
3658     0     0     0     0     0     0     0
3662     0     0     0     0     0     0     0
3666     0     0     0     0     0     0     0
3670     0     0     0     0     0     0     0
3674     0     0     0     0     0     0     0
3678     0     0     0     0     0     0     0
3682     0     0     0     0     0     0     0
3686     0     0     0     0     0     0     0
3690     0     0     0     0     0     0     0
3694     0     0     0     0     0     0     0
3698     0     0     0     0     0     0     0
3702     0     0     0     0     0     0     0
3706     0     0     0     0     0     0     0
3710     0     0     0     0     0     0     0
3714     0     0     0     0     0     0     0
3718     0     0     0     0     0     0     0
3722     0     0     0     0     0     0     0
3726     0     0     0     0     0     0     0
3730     0     0     0     0     0     0     0
3734     0     0     0     0     0     0     0
3738     0     0     0     0     0     0     0
3742     0     0     0     0     0     0     0
3746     0     0     0     0     0     0     0
3750     0     0     0     0     0     0     0
3754     0     0     0     0     0     0     0
3758     0     0     0     0     0     0     0
3762     0     0     0     0     0     0     0
3766     0     0     0     0     0     0     0
3770     0     0     0     0     0     0     0
3774     0     0     0     0     0     0     0
3778     0     0     0     0     0     0     0
3782     0     0     0     0     0     0     0
3786     0     0     0     0     0     0     0
3790     0     0     0     0     0     0     0
3794     0     0     0     0     0     0     0
3798     0     0     0     0     0     0     0
3802     0     0     0     0     0     0     0
3806     0     0     0     0     0     0     0
3810     0     0     0     0     0     0     0
3814     0     0     0     0     0     0     0
3818     0     0     0     0     0     0     0
3822     0     0     0     0     0     0     0
3826     0     0     0     0     0     0     0
3830     0     0     0     0     0     0     0
3834     0     0     0     0     0     0     0
3838     0     0     0     0     0     0     0
3842     0     0     0     0     0     0     0
3846     0     0     0     0     0     0     0
3850     0     0     0     0     0     0     0
3854     0     0     0     0     0     0     0
3858     0     0     0     0     0     0     0
3862     0     0     0     0     0     0     0
3866     0     0     0     0     0     0     0
3870     0     0     0     0     0     0     0
3874     0     0     0     0     0     0     0
3878     0     0     0     0     0     0     0
3882     0     0     0     0     0     0     0
3886     0     0     0     0     0     0     0
3890     0     0     0     0     0     0     0
3894     0     0     0     0     0     0     0
3898     0     0     0     0     0     0     0
3902     0     0     0     0     0     0     0
3906     0     0     0     0     0     0     0
3910     0     0     0     0     0     0     0
3914     0     0     0     0     0     0     0
3918     0     0     0     0     0     0     0
3922     0     0     0     0     0     0     0
3926     0     0     0     0     0     0     0
3930     0     0     0     0     0     0     0
3934     0     0     0     0     0     0     0
3938     0     0     0     0     0     0     0
3942     0     0     0     0     0     0     0
3946     0     0     0     0     0     0     0
3950     0     0     0     0     0     0     0
3954     0     0     0     0     0     0     0
3958     0     0     0     0     0     0     0
3962     0     0     0     0     0     0     0
3966     0     0     0     0     0     0     0
3970     0     0     0     0     0     0     0
3974     0     0     0     0     0     0     0
3978     0     0     0     0     0     0     0
3982     0     0     0     0     0     0     0
3986     0     0     0     0     0     0     0
3990     0     0     0     0     0     0     0
3994     0     0     0     0     0     0     0
3998     0     0     0     0     0     0     0
