1     0     0     0     0
3     0     0     0     0
5     0     0     0     0
7     0     0     0     0
9     0     0     0     0
11     0     0     0     0
13     0     0     0     0
15     0     0     0     0
17     0     0     0     0
19     0     0     0     0
21     0     0     0     0
23     0     0     0     0
25     0.000124109     3.15669e-10     3.15641e-10     3.15672e-10
27     6.89497e-05     1.81863e-10     1.81847e-10     1.81864e-10
29     8.27397e-05     2.31594e-10     2.31574e-10     2.31596e-10
31     6.89497e-05     2.00416e-10     2.00398e-10     2.00418e-10
33     0.000137899     4.152e-10     4.15163e-10     4.15204e-10
35     0.000206849     6.4995e-10     6.49893e-10     6.49956e-10
37     0.000124109     4.03539e-10     4.03503e-10     4.03543e-10
39     0.000124109     4.17002e-10     4.16965e-10     4.17006e-10
41     0.000151689     5.23283e-10     5.23236e-10     5.23287e-10
43     0.000262009     9.36017e-10     9.35934e-10     9.36025e-10
45     0.000165479     6.0727e-10     6.07216e-10     6.07276e-10
47     0.000193059     7.28435e-10     7.28371e-10     7.28441e-10
49     0.00011032     4.28754e-10     4.28716e-10     4.28758e-10
51     0.000303379     1.21341e-09     1.2133e-09     1.21342e-09
53     0.000330959     1.36307e-09     1.36295e-09     1.36308e-09
55     0.000262009     1.11054e-09     1.11044e-09     1.11055e-09
57     0.000372328     1.62391e-09     1.62376e-09     1.62392e-09
59     0.000248219     1.11691e-09     1.11681e-09     1.11692e-09
61     0.000344749     1.59871e-09     1.59857e-09     1.59872e-09
63     0.000179269     8.59923e-10     8.59847e-10     8.5993e-10
65     0.000275799     1.35957e-09     1.35945e-09     1.35958e-09
67     0.000303379     1.54684e-09     1.54671e-09     1.54686e-09
69     0.000330959     1.7418e-09     1.74165e-09     1.74182e-09
71     0.000275799     1.50267e-09     1.50254e-09     1.50269e-09
73     0.000427488     2.39705e-09     2.39683e-09     2.39707e-09
75     0.000413698     2.41463e-09     2.41442e-09     2.41465e-09
77     0.000344749     2.07805e-09     2.07787e-09     2.07807e-09
79     0.000399908     2.50963e-09     2.50941e-09     2.50965e-09
81     0.000344749     2.23866e-09     2.23846e-09     2.23868e-09
83     0.000441278     2.99846e-09     2.9982e-09     2.99849e-09
85     0.000441278     3.12364e-09     3.12336e-09     3.12366e-09
87     0.000551598     4.05399e-09     4.05363e-09     4.05402e-09
89     0.000427488     3.29305e-09     3.29276e-09     3.29308e-09
91     0.000468858     3.7601e-09     3.75977e-09     3.76013e-09
93     0.000524018     4.38502e-09     4.38464e-09     4.38506e-09
95     0.000441278     3.85828e-09     3.85794e-09     3.85832e-09
97     0.000510228     4.63909e-09     4.63867e-09     4.63913e-09
99     0.000482648     4.58246e-09     4.58206e-09     4.5825e-09
101     0.000634337     6.29941e-09     6.29885e-09     6.29947e-09
103     0.000579178     6.02316e-09     6.02263e-09     6.02321e-09
105     0.000537808     5.85617e-09     5.85565e-09     5.85622e-09
107     0.000854976     9.77378e-09     9.77292e-09     9.77387e-09
109     0.000717077     8.57683e-09     8.57607e-09     8.5769e-09
111     0.000606757     7.67891e-09     7.67823e-09     7.67897e-09
113     0.000758447     1.00995e-08     1.00986e-08     1.00995e-08
115     0.000620547     8.70944e-09     8.70867e-09     8.70952e-09
117     0.000661917     9.85326e-09     9.85238e-09     9.85334e-09
119     0.000758447     1.20985e-08     1.20974e-08     1.20986e-08
121     0.000896346     1.53017e-08     1.53004e-08     1.53019e-08
123     0.000675707     1.24213e-08     1.24202e-08     1.24214e-08
125     0.000661917     1.31469e-08     1.31457e-08     1.3147e-08
127     0.000827397     1.80452e-08     1.80436e-08     1.80454e-08
129     0.000717077     1.71931e-08     1.71915e-08     1.71932e-08
131     0.000730867     1.9202e-08     1.92003e-08     1.92022e-08
133     0.000661917     1.94664e-08     1.94647e-08     1.94666e-08
135     0.000703287     2.29993e-08     2.29973e-08     2.29995e-08
137     0.000648127     2.42158e-08     2.42136e-08     2.4216e-08
139     0.000896346     3.74958e-08     3.74924e-08     3.74961e-08
141     0.000717077     3.46827e-08     3.46796e-08     3.4683e-08
143     0.000799817     4.51592e-08     4.51552e-08     4.51596e-08
145     0.000758447     4.96915e-08     4.96871e-08     4.96919e-08
147     0.000813607     6.23362e-08     6.23307e-08     6.23367e-08
149     0.00100667     9.37973e-08     9.3789e-08     9.37981e-08
151     0.000937716     1.08473e-07     1.08463e-07     1.08473e-07
153     0.0011032     1.60084e-07     1.60069e-07     1.60085e-07
155     0.00104804     1.97791e-07     1.97773e-07     1.97792e-07
157     0.000937716     2.36773e-07     2.36752e-07     2.36775e-07
159     0.000979086     3.94436e-07     3.94401e-07     3.9444e-07
161     0.000979086     6.87033e-07     6.86972e-07     6.87039e-07
163     0.000827397     9.35055e-07     9.34971e-07     9.35062e-07
165     0.00108941     1.7578e-06     1.75765e-06     1.75782e-06
167     0.000979086     1.96533e-06     1.96516e-06     1.96535e-06
169     0.000992876     2.36375e-06     2.36354e-06     2.36377e-06
171     0.00140657     3.84706e-06     3.84672e-06     3.84709e-06
173     0.00129625     4.01193e-06     4.01158e-06     4.01197e-06
175     0.00111699     3.86878e-06     3.86844e-06     3.86882e-06
177     0.00126867     4.86204e-06     4.86161e-06     4.86209e-06
179     0.00129625     5.52516e-06     5.52467e-06     5.52521e-06
181     0.000923926     4.39868e-06     4.39829e-06     4.39872e-06
183     0.00117215     6.3089e-06     6.30834e-06     6.30895e-06
185     0.00114457     7.01891e-06     7.01829e-06     7.01897e-06
187     0.00117215     7.96249e-06     7.96179e-06     7.96256e-06
189     0.00117215     8.76508e-06     8.7643e-06     8.76515e-06
191     0.0013652     1.11705e-05     1.11695e-05     1.11706e-05
193     0.00132383     1.17876e-05     1.17865e-05     1.17877e-05
195     0.00140657     1.34817e-05     1.34805e-05     1.34818e-05
197     0.00155826     1.59606e-05     1.59592e-05     1.59607e-05
199     0.00140657     1.53671e-05     1.53657e-05     1.53672e-05
201     0.00158584     1.85536e-05     1.85519e-05     1.85537e-05
203     0.00162721     2.03221e-05     2.03203e-05     2.03223e-05
205     0.00137899     1.83179e-05     1.83162e-05     1.8318e-05
207     0.00182027     2.57223e-05     2.572e-05     2.57225e-05
209     0.00146173     2.18423e-05     2.18404e-05     2.18425e-05
211     0.00131004     2.07527e-05     2.07509e-05     2.07529e-05
213     0.00148931     2.48942e-05     2.4892e-05     2.48944e-05
215     0.00169616     2.99959e-05     2.99932e-05     2.99961e-05
217     0.00166858     3.11304e-05     3.11276e-05     3.11307e-05
219     0.00179269     3.51805e-05     3.51774e-05     3.51808e-05
221     0.00161342     3.3315e-05     3.33121e-05     3.33153e-05
223     0.00161342     3.50023e-05     3.49992e-05     3.50026e-05
225     0.00146173     3.33369e-05     3.33339e-05     3.33371e-05
227     0.00162721     3.89012e-05     3.88977e-05     3.89015e-05
229     0.00172374     4.3318e-05     4.33142e-05     4.33184e-05
231     0.00183406     4.81936e-05     4.81893e-05     4.8194e-05
233     0.00202712     5.59323e-05     5.59273e-05     5.59328e-05
235     0.00202712     5.85973e-05     5.85921e-05     5.85978e-05
237     0.00202712     6.13961e-05     6.13906e-05     6.13966e-05
239     0.00173753     5.50189e-05     5.50141e-05     5.50194e-05
241     0.00216502     7.15123e-05     7.1506e-05     7.15129e-05
243     0.00216502     7.48365e-05     7.48298e-05     7.48371e-05
245     0.0019168     6.90707e-05     6.90646e-05     6.90713e-05
247     0.0020547     7.73605e-05     7.73536e-05     7.73611e-05
249     0.00210986     8.26891e-05     8.26817e-05     8.26898e-05
251     0.00210986     8.6253e-05     8.62453e-05     8.62537e-05
253     0.00257872     0.000109825     0.000109816     0.000109826
255     0.0024684     0.000109858     0.000109848     0.000109858
257     0.00216502     0.000100176     0.000100167     0.000100176
259     0.00222018     0.000106913     0.000106904     0.000106914
261     0.00242703     0.000121644     0.000121634     0.000121645
263     0.00267525     0.000139252     0.00013924     0.000139253
265     0.00264767     0.000143418     0.000143405     0.000143419
267     0.00228913     0.000128752     0.000128741     0.000128754
269     0.00238566     0.000139219     0.000139207     0.00013922
271     0.00297863     0.000180367     0.000180351     0.000180369
273     0.00286831     0.000180491     0.000180475     0.000180493
275     0.00263388     0.000172115     0.0001721     0.000172117
277     0.00257872     0.000174517     0.000174502     0.000174519
279     0.00284073     0.000199624     0.000199606     0.000199626
281     0.00241324     0.00017578     0.000175765     0.000175782
283     0.00324064     0.000244554     0.000244532     0.000244556
285     0.00289589     0.000226173     0.000226153     0.000226175
287     0.00307516     0.000248581     0.000248559     0.000248583
289     0.00299242     0.000250634     0.000250612     0.000250636
291     0.00359918     0.00031188     0.000311852     0.000311883
293     0.00303379     0.000271692     0.000271668     0.000271694
295     0.00340612     0.000315601     0.000315573     0.000315604
297     0.00346128     0.000331545     0.000331516     0.000331548
299     0.00351644     0.000347753     0.000347722     0.000347756
301     0.00354402     0.000362332     0.0003623     0.000362335
303     0.00390255     0.000412238     0.000412202     0.000412242
305     0.0036957     0.000403132     0.000403096     0.000403136
307     0.00405424     0.00045696     0.00045692     0.000456964
309     0.00405424     0.000471553     0.000471511     0.000471557
311     0.00395771     0.000474743     0.000474701     0.000474747
313     0.00423351     0.000523658     0.000523611     0.000523662
315     0.00420593     0.000536795     0.000536748     0.0005368
317     0.00477132     0.000627915     0.000627859     0.00062792
319     0.0041094     0.00055714     0.000557091     0.000557145
321     0.0049368     0.000690255     0.000690194     0.000690261
323     0.00524018     0.00075389     0.000753823     0.000753897
325     0.00522639     0.000774466     0.000774397     0.000774472
327     0.00475753     0.000726246     0.000726181     0.000726252
329     0.00519881     0.000816351     0.000816279     0.000816358
331     0.00526776     0.000851546     0.00085147     0.000851553
333     0.0050747     0.00084377     0.000843695     0.000843777
335     0.00530913     0.000908109     0.000908029     0.000908117
337     0.00595726     0.00104852     0.00104842     0.00104852
339     0.00586073     0.00106061     0.00106052     0.00106062
341     0.00606757     0.0011285     0.0011284     0.00112851
343     0.0064399     0.00123253     0.00123242     0.00123254
345     0.00714319     0.00140757     0.00140745     0.00140758
347     0.00688118     0.00139791     0.00139778     0.00139792
349     0.00696392     0.00145936     0.00145923     0.00145938
351     0.00725351     0.00157249     0.00157235     0.00157251
353     0.00703287     0.00157884     0.0015787     0.00157885
355     0.00798438     0.00185672     0.00185656     0.00185674
357     0.00846702     0.00204291     0.00204273     0.00204293
359     0.00848081     0.002121     0.00212083     0.00212099
361     0.00872903     0.00226159     0.00226143     0.00226157
363     0.00899104     0.00240909     0.00240893     0.00240906
365     0.00997013     0.00276585     0.00276566     0.00276581
367     0.0106045     0.00304004     0.00303985     0.00303999
369     0.0107699     0.00319207     0.00319187     0.00319201
371     0.0107699     0.00329978     0.00329958     0.00329971
373     0.0106872     0.00338938     0.00338918     0.0033893
375     0.0126867     0.00416086     0.00416063     0.00416075
377     0.012935     0.00438451     0.00438428     0.00438438
379     0.0131418     0.00460318     0.00460296     0.00460303
381     0.0143278     0.00518208     0.00518185     0.00518189
383     0.014245     0.00532258     0.00532237     0.00532236
385     0.0162032     0.00624377     0.00624355     0.00624348
387     0.0159688     0.00634761     0.00634743     0.00634727
389     0.0170306     0.00697981     0.00697965     0.0069794
391     0.0179407     0.00757599     0.00757587     0.00757549
393     0.0199127     0.00866659     0.00866653     0.00866595
395     0.0198024     0.00888206     0.00888208     0.00888131
397     0.0210572     0.0097257     0.00972583     0.00972478
399     0.023305     0.0110921     0.0110924     0.0110909
401     0.0239118     0.011725     0.0117254     0.0117235
403     0.0262836     0.0132794     0.0132802     0.0132776
405     0.0278419     0.0144965     0.0144976     0.0144942
407     0.0304206     0.0163274     0.016329     0.0163244
409     0.0311653     0.017227     0.0172292     0.0172234
411     0.0340198     0.0193899     0.019393     0.0193853
413     0.0380327     0.0223534     0.0223578     0.0223472
415     0.0391634     0.0237341     0.0237398     0.0237265
417     0.0424179     0.0265005     0.0265083     0.0264906
419     0.046679     0.0300941     0.0301049     0.030081
421     0.0501954     0.0334023     0.0334167     0.0333854
423     0.0540842     0.0371874     0.0372068     0.0371653
425     0.0569525     0.0404718     0.0404972     0.0404436
427     0.0630062     0.0463095     0.0463445     0.0462716
429     0.0671984     0.0511306     0.0511773     0.0510813
431     0.075955     0.0598987     0.0599647     0.0598304
433     0.0787268     0.0643904     0.064475     0.0643043
435     0.0857459     0.07279     0.0729032     0.0726765
437     0.0927098     0.0817052     0.081854     0.0815582
439     0.0974811     0.0891947     0.089383     0.0890111
441     0.102018     0.0968199     0.0970525     0.0965957
443     0.107672     0.105793     0.106076     0.105523
445     0.110926     0.112605     0.112933     0.112295
447     0.11214     0.117246     0.117606     0.116907
449     0.109809     0.117736     0.118105     0.117389
451     0.108499     0.118777     0.11842     0.119157
453     0.106169     0.118129     0.117787     0.11849
455     0.0987636     0.111227     0.110928     0.111541
457     0.0955367     0.108546     0.108282     0.108821
459     0.0855804     0.0978423     0.0976329     0.0980583
461     0.0818157     0.0939836     0.09381     0.0941601
463     0.075955     0.0876043     0.0874665     0.0877423
465     0.0688118     0.0796868     0.079581     0.079791
467     0.0656539     0.076369     0.0762839     0.076451
469     0.0573662     0.0670723     0.0670099     0.0671312
471     0.0545806     0.0641964     0.0641465     0.0642423
473     0.0486923     0.0576651     0.0576276     0.0576987
475     0.0434797     0.0518998     0.0518714     0.0519244
477     0.0416594     0.0501622     0.0501389     0.0501817
479     0.0369433     0.0449234     0.0449057     0.0449376
481     0.0338267     0.0415721     0.041558     0.0415829
483     0.0328339     0.0408093     0.0407973     0.0408181
485     0.0287796     0.0362085     0.0361991     0.0362149
487     0.0267939     0.0341414     0.0341335     0.0341464
489     0.0243117     0.0313845     0.0313781     0.0313884
491     0.0225879     0.0295555     0.02955     0.0295585
493     0.0215813     0.0286243     0.0286195     0.0286268
495     0.0189888     0.0255466     0.0255426     0.0255485
497     0.0175546     0.0239529     0.0239494     0.0239544
499     0.0171685     0.0237649     0.0237617     0.0237662
501     0.0152655     0.0214516     0.0214489     0.0214526
503     0.0146449     0.0208866     0.020884     0.0208874
505     0.0135417     0.0196037     0.0196014     0.0196045
507     0.0129763     0.0190753     0.0190731     0.0190759
509     0.0123006     0.018359     0.0183569     0.0183595
511     0.0117352     0.0177842     0.0177823     0.0177846
513     0.0111974     0.0172321     0.0172303     0.0172325
515     0.00997013     0.0155881     0.0155865     0.0155884
517     0.00992876     0.0157619     0.0157603     0.0157622
519     0.0086325     0.013923     0.0139216     0.0139233
521     0.00854976     0.014     0.0139987     0.0140003
523     0.00788785     0.0131185     0.0131173     0.0131187
525     0.00744657     0.0125772     0.012576     0.0125774
527     0.00729488     0.012512     0.0125109     0.0125122
529     0.00700529     0.0121976     0.0121965     0.0121978
531     0.00696392     0.0123087     0.0123075     0.0123088
533     0.00624684     0.0112103     0.0112093     0.0112105
535     0.00573662     0.0104515     0.0104505     0.0104516
537     0.00554356     0.0102503     0.0102494     0.0102504
539     0.00536429     0.0100718     0.0100709     0.0100719
541     0.00496438     0.00945569     0.00945483     0.00945578
543     0.00508849     0.00984539     0.0098445     0.00984548
545     0.00482648     0.00948112     0.00948027     0.00948121
547     0.00478511     0.0095442     0.00954335     0.00954428
549     0.00437141     0.00885093     0.00885014     0.008851
551     0.00435762     0.0089611     0.00896031     0.00896118
553     0.00394392     0.00823156     0.00823083     0.00823163
555     0.00390255     0.00827033     0.0082696     0.0082704
557     0.00387497     0.00833773     0.00833699     0.0083378
559     0.0032958     0.00719243     0.00719179     0.00719249
561     0.00350265     0.00775683     0.00775614     0.0077569
563     0.00324064     0.00727286     0.00727222     0.00727292
565     0.00324064     0.00737122     0.00737057     0.00737129
567     0.00248219     0.0057229     0.00572239     0.00572295
569     0.00281315     0.00657225     0.00657166     0.0065723
571     0.00292347     0.00693145     0.00693083     0.0069315
573     0.00257872     0.00620559     0.00620503     0.00620564
575     0.00259251     0.00633054     0.00632997     0.00633059
577     0.00255114     0.00631856     0.006318     0.00631861
579     0.00213744     0.0053695     0.00536902     0.00536954
581     0.00228913     0.00583146     0.00583094     0.00583151
583     0.00210986     0.00545119     0.0054507     0.00545123
585     0.00215123     0.00563662     0.00563611     0.00563666
587     0.00227534     0.00604354     0.006043     0.00604359
589     0.00239945     0.00645986     0.00645929     0.00645992
591     0.00212365     0.005801     0.00580048     0.00580104
593     0.00183406     0.00508566     0.00508521     0.0050857
595     0.00208228     0.00586468     0.00586416     0.00586473
597     0.00193059     0.00552442     0.00552393     0.00552447
599     0.00140657     0.00408357     0.00408321     0.0040836
601     0.00199954     0.00588433     0.00588381     0.00588438
603     0.00144794     0.00431667     0.00431629     0.00431671
605     0.00182027     0.00549642     0.00549593     0.00549647
607     0.00157205     0.00480544     0.00480501     0.00480548
609     0.00139278     0.00431185     0.00431147     0.00431189
611     0.00146173     0.00458258     0.00458217     0.00458262
613     0.00147552     0.00468824     0.00468782     0.00468828
615     0.00125488     0.00404685     0.00404649     0.00404689
617     0.00129625     0.00423546     0.00423509     0.0042355
619     0.00154447     0.0051195     0.00511905     0.00511955
621     0.0013652     0.00458843     0.00458803     0.00458847
623     0.00126867     0.00431954     0.00431916     0.00431958
625     0.00118593     0.00409311     0.00409274     0.00409314
627     0.00121351     0.00424182     0.00424145     0.00424186
629     0.000979086     0.00346551     0.0034652     0.00346554
631     0.0012273     0.00440178     0.00440139     0.00440181
633     0.00111699     0.0040556     0.00405524     0.00405563
635     0.000896346     0.00329714     0.00329684     0.00329716
637     0.000951506     0.00354305     0.00354273     0.00354308
639     0.000992876     0.00374539     0.00374506     0.00374542
641     0.000965296     0.00368772     0.00368739     0.00368775
643     0.000689497     0.00267159     0.00267136     0.00267162
645     0.000937716     0.00367963     0.00367931     0.00367967
647     0.000772237     0.00307297     0.0030727     0.003073
649     0.000799817     0.00322559     0.00322531     0.00322562
651     0.000827397     0.00338161     0.00338131     0.00338164
653     0.000799817     0.00331255     0.00331225     0.00331257
655     0.000689497     0.00289294     0.00289268     0.00289296
657     0.000896346     0.00380826     0.00380792     0.00380829
659     0.00117215     0.00504206     0.00504161     0.0050421
661     0.000606757     0.00264478     0.00264454     0.0026448
663     0.000689497     0.00304169     0.00304142     0.00304172
665     0.000620547     0.00277278     0.00277253     0.0027728
667     0.000634337     0.0028691     0.00286885     0.00286913
669     0.000579178     0.00265111     0.00265087     0.00265113
671     0.000579178     0.00268387     0.00268363     0.00268389
673     0.000703287     0.00330088     0.00330059     0.00330091
675     0.000565388     0.00268328     0.00268304     0.0026833
677     0.000510228     0.00245162     0.0024514     0.00245164
679     0.000744657     0.00361968     0.00361936     0.00361971
681     0.000592967     0.00291652     0.00291626     0.00291654
683     0.000648127     0.00322363     0.00322334     0.00322366
685     0.000606757     0.00305356     0.00305328     0.00305358
687     0.000592967     0.00301867     0.0030184     0.00301869
689     0.000427488     0.00220075     0.00220056     0.00220077
691     0.000551598     0.00287094     0.00287068     0.00287096
693     0.000427488     0.00225435     0.00225415     0.00225437
695     0.000661917     0.0035302     0.00352989     0.00353023
697     0.000565388     0.00306024     0.00305997     0.00306027
699     0.000441278     0.00241688     0.00241667     0.00241691
701     0.000482648     0.00267483     0.00267459     0.00267485
703     0.000372328     0.00208495     0.00208476     0.00208496
705     0.000399908     0.00226431     0.00226411     0.00226433
707     0.000372328     0.00213353     0.00213334     0.00213355
709     0.000441278     0.00256006     0.00255983     0.00256008
711     0.000413698     0.00242942     0.00242921     0.00242944
713     0.000317169     0.00188248     0.00188231     0.00188249
715     0.000496438     0.00298514     0.00298487     0.00298516
717     0.000427488     0.00260088     0.00260065     0.0026009
719     0.000358538     0.00220932     0.00220912     0.00220934
721     0.000275799     0.00171917     0.00171902     0.00171918
723     0.000344749     0.00217517     0.00217498     0.00217519
725     0.000372328     0.00237252     0.00237231     0.00237254
727     0.000303379     0.00195335     0.00195317     0.00195336
729     0.000510228     0.00331871     0.00331841     0.00331873
731     0.000455068     0.00299311     0.00299285     0.00299314
733     0.000303379     0.00201661     0.00201643     0.00201662
735     0.000358538     0.00241295     0.00241274     0.00241297
737     0.000330959     0.00225286     0.00225266     0.00225288
739     0.000386118     0.00265554     0.0026553     0.00265556
741     0.000358538     0.00249842     0.0024982     0.00249844
743     0.000344749     0.00243102     0.0024308     0.00243104
745     0.000358538     0.00255634     0.00255611     0.00255636
747     0.000220639     0.00159464     0.0015945     0.00159466
749     0.000179269     0.00130992     0.0013098     0.00130993
751     0.000262009     0.00193355     0.00193338     0.00193356
753     0.000220639     0.00164609     0.00164595     0.00164611
755     0.000372328     0.00280994     0.00280969     0.00280997
757     0.000262009     0.00199669     0.00199651     0.0019967
759     0.000289589     0.00222875     0.00222855     0.00222877
761     0.000220639     0.00171434     0.00171418     0.00171435
763     0.000234429     0.00184388     0.00184372     0.0018439
765     0.000275799     0.00219321     0.00219301     0.00219323
767     0.000275799     0.00221356     0.00221336     0.00221358
769     0.000206849     0.00168211     0.00168197     0.00168213
771     0.000165479     0.00136072     0.0013606     0.00136073
773     0.000179269     0.00148871     0.00148858     0.00148873
775     0.000124109     0.00104358     0.00104349     0.00104359
777     0.000193059     0.00164252     0.00164237     0.00164253
779     0.000193059     0.00166278     0.00166264     0.0016628
781     0.000220639     0.00192097     0.0019208     0.00192099
783     0.000275799     0.0024236     0.00242339     0.00242362
785     0.000262009     0.00232931     0.0023291     0.00232933
787     0.000248219     0.00222531     0.00222511     0.00222533
789     0.000179269     0.00162512     0.00162497     0.00162513
791     0.000165479     0.00151273     0.00151259     0.00151274
793     0.000234429     0.00216986     0.00216967     0.00216988
795     0.000179269     0.00167602     0.00167587     0.00167603
797     0.000206849     0.00195515     0.00195497     0.00195516
799     0.000206849     0.00197359     0.00197341     0.00197361
801     0.000248219     0.00239609     0.00239587     0.00239611
803     0.00011032     0.00107806     0.00107797     0.00107807
805     0.000206849     0.00203799     0.0020378     0.002038
807     0.000165479     0.00164874     0.00164859     0.00164875
809     0.000179269     0.00180867     0.00180851     0.00180869
811     0.000124109     0.00126547     0.00126536     0.00126548
813     0.000179269     0.00184722     0.00184705     0.00184723
815     0.000124109     0.00129261     0.00129249     0.00129262
817     9.65296e-05     0.00101558     0.00101549     0.00101558
819     0.000248219     0.00263604     0.00263581     0.00263607
821     0.000151689     0.00162439     0.00162424     0.0016244
823     0.000262009     0.00283867     0.00283842     0.00283869
825     0.000289589     0.00316973     0.00316945     0.00316976
827     9.65296e-05     0.00106649     0.0010664     0.0010665
829     0.000165479     0.00185026     0.0018501     0.00185028
831     0.000151689     0.00171219     0.00171204     0.00171221
833     0.000137899     0.00157237     0.00157223     0.00157238
835     6.89497e-05     0.000795843     0.000795773     0.00079585
837     0.000193059     0.00225017     0.00224997     0.00225019
839     0.000151689     0.00178621     0.00178605     0.00178622
841     8.27397e-05     0.000982054     0.000981967     0.000982063
843     0.000165479     0.00198762     0.00198745     0.00198764
845     8.27397e-05     0.00100505     0.00100496     0.00100506
847     0.00011032     0.00135203     0.00135191     0.00135205
849     0.000151689     0.00187618     0.00187601     0.00187619
851     0.00011032     0.00137845     0.00137833     0.00137846
853     0.00011032     0.00139536     0.00139524     0.00139537
855     9.65296e-05     0.00122925     0.00122915     0.00122927
857     0.000206849     0.00266987     0.00266963     0.00266989
859     0.000124109     0.00161836     0.00161822     0.00161838
861     0.000137899     0.00181404     0.00181388     0.00181406
863     0.000151689     0.0020171     0.00201693     0.00201712
865     0.000124109     0.00166474     0.00166459     0.00166475
867     0.000193059     0.00261823     0.002618     0.00261825
869     0.000165479     0.00226661     0.00226641     0.00226663
871     0.00011032     0.00152445     0.00152431     0.00152446
873     0.00011032     0.00154063     0.00154049     0.00154064
875     0.00011032     0.00155807     0.00155793     0.00155809
877     6.89497e-05     0.000980875     0.000980787     0.000980883
879     5.51598e-05     0.000794381     0.000794311     0.000794388
881     6.89497e-05     0.00099873     0.000998642     0.000998739
883     5.51598e-05     0.000810793     0.000810721     0.0008108
885     0.00011032     0.00163449     0.00163434     0.0016345
887     6.89497e-05     0.00103243     0.00103234     0.00103244
889     8.27397e-05     0.00124934     0.00124923     0.00124935
891     8.27397e-05     0.00126169     0.00126157     0.0012617
893     8.27397e-05     0.00127606     0.00127595     0.00127607
895     6.89497e-05     0.00107405     0.00107395     0.00107406
897     0.000124109     0.00195244     0.00195227     0.00195246
899     6.89497e-05     0.00109148     0.00109138     0.00109149
901     8.27397e-05     0.00132727     0.00132715     0.00132728
903     0.000137899     0.0022311     0.0022309     0.00223112
905     2.75799e-05     0.000449885     0.000449845     0.000449889
907     2.75799e-05     0.000455426     0.000455386     0.00045543
909     0.000124109     0.0020666     0.00206641     0.00206661
911     0.00011032     0.00185764     0.00185748     0.00185766
913     8.27397e-05     0.00140496     0.00140483     0.00140497
915     4.13698e-05     0.000708796     0.000708733     0.000708801
917     2.75799e-05     0.000478319     0.000478277     0.000478323
919     2.75799e-05     0.000480993     0.000480951     0.000480998
921     0     0     0     0
923     0     0     0     0
925     0     0     0     0
927     0     0     0     0
929     0     0     0     0
931     0     0     0     0
933     0     0     0     0
935     0     0     0     0
937     0     0     0     0
939     0     0     0     0
941     0     0     0     0
943     0     0     0     0
945     0     0     0     0
947     0     0     0     0
949     0     0     0     0
951     0     0     0     0
953     0     0     0     0
955     0     0     0     0
957     0     0     0     0
959     0     0     0     0
961     0     0     0     0
963     0     0     0     0
965     0     0     0     0
967     0     0     0     0
969     0     0     0     0
971     0     0     0     0
973     0     0     0     0
975     0     0     0     0
977     0     0     0     0
979     0     0     0     0
981     0     0     0     0
983     0     0     0     0
985     0     0     0     0
987     0     0     0     0
989     0     0     0     0
991     0     0     0     0
993     0     0     0     0
995     0     0     0     0
997     0     0     0     0
999     0     0     0     0
1001     0     0     0     0
1003     0     0     0     0
1005     0     0     0     0
1007     0     0     0     0
1009     0     0     0     0
1011     0     0     0     0
1013     0     0     0     0
1015     0     0     0     0
1017     0     0     0     0
1019     0     0     0     0
1021     0     0     0     0
1023     0     0     0     0
1025     0     0     0     0
1027     0     0     0     0
1029     0     0     0     0
1031     0     0     0     0
1033     0     0     0     0
1035     0     0     0     0
1037     0     0     0     0
1039     0     0     0     0
1041     0     0     0     0
1043     0     0     0     0
1045     0     0     0     0
1047     0     0     0     0
1049     0     0     0     0
1051     0     0     0     0
1053     0     0     0     0
1055     0     0     0     0
1057     0     0     0     0
1059     0     0     0     0
1061     0     0     0     0
1063     0     0     0     0
1065     0     0     0     0
1067     0     0     0     0
1069     0     0     0     0
1071     0     0     0     0
1073     0     0     0     0
1075     0     0     0     0
1077     0     0     0     0
1079     0     0     0     0
1081     0     0     0     0
1083     0     0     0     0
1085     0     0     0     0
1087     0     0     0     0
1089     0     0     0     0
1091     0     0     0     0
1093     0     0     0     0
1095     0     0     0     0
1097     0     0     0     0
1099     0     0     0     0
1101     0     0     0     0
1103     0     0     0     0
1105     0     0     0     0
1107     0     0     0     0
1109     0     0     0     0
1111     0     0     0     0
1113     0     0     0     0
1115     0     0     0     0
1117     0     0     0     0
1119     0     0     0     0
1121     0     0     0     0
1123     0     0     0     0
1125     0     0     0     0
1127     0     0     0     0
1129     0     0     0     0
1131     0     0     0     0
1133     0     0     0     0
1135     0     0     0     0
1137     0     0     0     0
1139     0     0     0     0
1141     0     0     0     0
1143     0     0     0     0
1145     0     0     0     0
1147     0     0     0     0
1149     0     0     0     0
1151     0     0     0     0
1153     0     0     0     0
1155     0     0     0     0
1157     0     0     0     0
1159     0     0     0     0
1161     0     0     0     0
1163     0     0     0     0
1165     0     0     0     0
1167     0     0     0     0
1169     0     0     0     0
1171     0     0     0     0
1173     0     0     0     0
1175     0     0     0     0
1177     0     0     0     0
1179     0     0     0     0
1181     0     0     0     0
1183     0     0     0     0
1185     0     0     0     0
1187     0     0     0     0
1189     0     0     0     0
1191     0     0     0     0
1193     0     0     0     0
1195     0     0     0     0
1197     0     0     0     0
1199     0     0     0     0
1201     0     0     0     0
1203     0     0     0     0
1205     0     0     0     0
1207     0     0     0     0
1209     0     0     0     0
1211     0     0     0     0
1213     0     0     0     0
1215     0     0     0     0
1217     0     0     0     0
1219     0     0     0     0
1221     0     0     0     0
1223     0     0     0     0
1225     0     0     0     0
1227     0     0     0     0
1229     0     0     0     0
1231     0     0     0     0
1233     0     0     0     0
1235     0     0     0     0
1237     0     0     0     0
1239     0     0     0     0
1241     0     0     0     0
1243     0     0     0     0
1245     0     0     0     0
1247     0     0     0     0
1249     0     0     0     0
1251     0     0     0     0
1253     0     0     0     0
1255     0     0     0     0
1257     0     0     0     0
1259     0     0     0     0
1261     0     0     0     0
1263     0     0     0     0
1265     0     0     0     0
1267     0     0     0     0
1269     0     0     0     0
1271     0     0     0     0
1273     0     0     0     0
1275     0     0     0     0
1277     0     0     0     0
1279     0     0     0     0
1281     0     0     0     0
1283     0     0     0     0
1285     0     0     0     0
1287     0     0     0     0
1289     0     0     0     0
1291     0     0     0     0
1293     0     0     0     0
1295     0     0     0     0
1297     0     0     0     0
1299     0     0     0     0
1301     0     0     0     0
1303     0     0     0     0
1305     0     0     0     0
1307     0     0     0     0
1309     0     0     0     0
1311     0     0     0     0
1313     0     0     0     0
1315     0     0     0     0
1317     0     0     0     0
1319     0     0     0     0
1321     0     0     0     0
1323     0     0     0     0
1325     0     0     0     0
1327     0     0     0     0
1329     0     0     0     0
1331     0     0     0     0
1333     0     0     0     0
1335     0     0     0     0
1337     0     0     0     0
1339     0     0     0     0
1341     0     0     0     0
1343     0     0     0     0
1345     0     0     0     0
1347     0     0     0     0
1349     0     0     0     0
1351     0     0     0     0
1353     0     0     0     0
1355     0     0     0     0
1357     0     0     0     0
1359     0     0     0     0
1361     0     0     0     0
1363     0     0     0     0
1365     0     0     0     0
1367     0     0     0     0
1369     0     0     0     0
1371     0     0     0     0
1373     0     0     0     0
1375     0     0     0     0
1377     0     0     0     0
1379     0     0     0     0
1381     0     0     0     0
1383     0     0     0     0
1385     0     0     0     0
1387     0     0     0     0
1389     0     0     0     0
1391     0     0     0     0
1393     0     0     0     0
1395     0     0     0     0
1397     0     0     0     0
1399     0     0     0     0
1401     0     0     0     0
1403     0     0     0     0
1405     0     0     0     0
1407     0     0     0     0
1409     0     0     0     0
1411     0     0     0     0
1413     0     0     0     0
1415     0     0     0     0
1417     0     0     0     0
1419     0     0     0     0
1421     0     0     0     0
1423     0     0     0     0
1425     0     0     0     0
1427     0     0     0     0
1429     0     0     0     0
1431     0     0     0     0
1433     0     0     0     0
1435     0     0     0     0
1437     0     0     0     0
1439     0     0     0     0
1441     0     0     0     0
1443     0     0     0     0
1445     0     0     0     0
1447     0     0     0     0
1449     0     0     0     0
1451     0     0     0     0
1453     0     0     0     0
1455     0     0     0     0
1457     0     0     0     0
1459     0     0     0     0
1461     0     0     0     0
1463     0     0     0     0
1465     0     0     0     0
1467     0     0     0     0
1469     0     0     0     0
1471     0     0     0     0
1473     0     0     0     0
1475     0     0     0     0
1477     0     0     0     0
1479     0     0     0     0
1481     0     0     0     0
1483     0     0     0     0
1485     0     0     0     0
1487     0     0     0     0
1489     0     0     0     0
1491     0     0     0     0
1493     0     0     0     0
1495     0     0     0     0
1497     0     0     0     0
1499     0     0     0     0
1501     0     0     0     0
1503     0     0     0     0
1505     0     0     0     0
1507     0     0     0     0
1509     0     0     0     0
1511     0     0     0     0
1513     0     0     0     0
1515     0     0     0     0
1517     0     0     0     0
1519     0     0     0     0
1521     0     0     0     0
1523     0     0     0     0
1525     0     0     0     0
1527     0     0     0     0
1529     0     0     0     0
1531     0     0     0     0
1533     0     0     0     0
1535     0     0     0     0
1537     0     0     0     0
1539     0     0     0     0
1541     0     0     0     0
1543     0     0     0     0
1545     0     0     0     0
1547     0     0     0     0
1549     0     0     0     0
1551     0     0     0     0
1553     0     0     0     0
1555     0     0     0     0
1557     0     0     0     0
1559     0     0     0     0
1561     0     0     0     0
1563     0     0     0     0
1565     0     0     0     0
1567     0     0     0     0
1569     0     0     0     0
1571     0     0     0     0
1573     0     0     0     0
1575     0     0     0     0
1577     0     0     0     0
1579     0     0     0     0
1581     0     0     0     0
1583     0     0     0     0
1585     0     0     0     0
1587     0     0     0     0
1589     0     0     0     0
1591     0     0     0     0
1593     0     0     0     0
1595     0     0     0     0
1597     0     0     0     0
1599     0     0     0     0
1601     0     0     0     0
1603     0     0     0     0
1605     0     0     0     0
1607     0     0     0     0
1609     0     0     0     0
1611     0     0     0     0
1613     0     0     0     0
1615     0     0     0     0
1617     0     0     0     0
1619     0     0     0     0
1621     0     0     0     0
1623     0     0     0     0
1625     0     0     0     0
1627     0     0     0     0
1629     0     0     0     0
1631     0     0     0     0
1633     0     0     0     0
1635     0     0     0     0
1637     0     0     0     0
1639     0     0     0     0
1641     0     0     0     0
1643     0     0     0     0
1645     0     0     0     0
1647     0     0     0     0
1649     0     0     0     0
1651     0     0     0     0
1653     0     0     0     0
1655     0     0     0     0
1657     0     0     0     0
1659     0     0     0     0
1661     0     0     0     0
1663     0     0     0     0
1665     0     0     0     0
1667     0     0     0     0
1669     0     0     0     0
1671     0     0     0     0
1673     0     0     0     0
1675     0     0     0     0
1677     0     0     0     0
1679     0     0     0     0
1681     0     0     0     0
1683     0     0     0     0
1685     0     0     0     0
1687     0     0     0     0
1689     0     0     0     0
1691     0     0     0     0
1693     0     0     0     0
1695     0     0     0     0
1697     0     0     0     0
1699     0     0     0     0
1701     0     0     0     0
1703     0     0     0     0
1705     0     0     0     0
1707     0     0     0     0
1709     0     0     0     0
1711     0     0     0     0
1713     0     0     0     0
1715     0     0     0     0
1717     0     0     0     0
1719     0     0     0     0
1721     0     0     0     0
1723     0     0     0     0
1725     0     0     0     0
1727     0     0     0     0
1729     0     0     0     0
1731     0     0     0     0
1733     0     0     0     0
1735     0     0     0     0
1737     0     0     0     0
1739     0     0     0     0
1741     0     0     0     0
1743     0     0     0     0
1745     0     0     0     0
1747     0     0     0     0
1749     0     0     0     0
1751     0     0     0     0
1753     0     0     0     0
1755     0     0     0     0
1757     0     0     0     0
1759     0     0     0     0
1761     0     0     0     0
1763     0     0     0     0
1765     0     0     0     0
1767     0     0     0     0
1769     0     0     0     0
1771     0     0     0     0
1773     0     0     0     0
1775     0     0     0     0
1777     0     0     0     0
1779     0     0     0     0
1781     0     0     0     0
1783     0     0     0     0
1785     0     0     0     0
1787     0     0     0     0
1789     0     0     0     0
1791     0     0     0     0
1793     0     0     0     0
1795     0     0     0     0
1797     0     0     0     0
1799     0     0     0     0
1801     0     0     0     0
1803     0     0     0     0
1805     0     0     0     0
1807     0     0     0     0
1809     0     0     0     0
1811     0     0     0     0
1813     0     0     0     0
1815     0     0     0     0
1817     0     0     0     0
1819     0     0     0     0
1821     0     0     0     0
1823     0     0     0     0
1825     0     0     0     0
1827     0     0     0     0
1829     0     0     0     0
1831     0     0     0     0
1833     0     0     0     0
1835     0     0     0     0
1837     0     0     0     0
1839     0     0     0     0
1841     0     0     0     0
1843     0     0     0     0
1845     0     0     0     0
1847     0     0     0     0
1849     0     0     0     0
1851     0     0     0     0
1853     0     0     0     0
1855     0     0     0     0
1857     0     0     0     0
1859     0     0     0     0
1861     0     0     0     0
1863     0     0     0     0
1865     0     0     0     0
1867     0     0     0     0
1869     0     0     0     0
1871     0     0     0     0
1873     0     0     0     0
1875     0     0     0     0
1877     0     0     0     0
1879     0     0     0     0
1881     0     0     0     0
1883     0     0     0     0
1885     0     0     0     0
1887     0     0     0     0
1889     0     0     0     0
1891     0     0     0     0
1893     0     0     0     0
1895     0     0     0     0
1897     0     0     0     0
1899     0     0     0     0
1901     0     0     0     0
1903     0     0     0     0
1905     0     0     0     0
1907     0     0     0     0
1909     0     0     0     0
1911     0     0     0     0
1913     0     0     0     0
1915     0     0     0     0
1917     0     0     0     0
1919     0     0     0     0
1921     0     0     0     0
1923     0     0     0     0
1925     0     0     0     0
1927     0     0     0     0
1929     0     0     0     0
1931     0     0     0     0
1933     0     0     0     0
1935     0     0     0     0
1937     0     0     0     0
1939     0     0     0     0
1941     0     0     0     0
1943     0     0     0     0
1945     0     0     0     0
1947     0     0     0     0
1949     0     0     0     0
1951     0     0     0     0
1953     0     0     0     0
1955     0     0     0     0
1957     0     0     0     0
1959     0     0     0     0
1961     0     0     0     0
1963     0     0     0     0
1965     0     0     0     0
1967     0     0     0     0
1969     0     0     0     0
1971     0     0     0     0
1973     0     0     0     0
1975     0     0     0     0
1977     0     0     0     0
1979     0     0     0     0
1981     0     0     0     0
1983     0     0     0     0
1985     0     0     0     0
1987     0     0     0     0
1989     0     0     0     0
1991     0     0     0     0
1993     0     0     0     0
1995     0     0     0     0
1997     0     0     0     0
1999     0     0     0     0
2001     0     0     0     0
2003     0     0     0     0
2005     0     0     0     0
2007     0     0     0     0
2009     0     0     0     0
2011     0     0     0     0
2013     0     0     0     0
2015     0     0     0     0
2017     0     0     0     0
2019     0     0     0     0
2021     0     0     0     0
2023     0     0     0     0
2025     0     0     0     0
2027     0     0     0     0
2029     0     0     0     0
2031     0     0     0     0
2033     0     0     0     0
2035     0     0     0     0
2037     0     0     0     0
2039     0     0     0     0
2041     0     0     0     0
2043     0     0     0     0
2045     0     0     0     0
2047     0     0     0     0
2049     0     0     0     0
2051     0     0     0     0
2053     0     0     0     0
2055     0     0     0     0
2057     0     0     0     0
2059     0     0     0     0
2061     0     0     0     0
2063     0     0     0     0
2065     0     0     0     0
2067     0     0     0     0
2069     0     0     0     0
2071     0     0     0     0
2073     0     0     0     0
2075     0     0     0     0
2077     0     0     0     0
2079     0     0     0     0
2081     0     0     0     0
2083     0     0     0     0
2085     0     0     0     0
2087     0     0     0     0
2089     0     0     0     0
2091     0     0     0     0
2093     0     0     0     0
2095     0     0     0     0
2097     0     0     0     0
2099     0     0     0     0
2101     0     0     0     0
2103     0     0     0     0
2105     0     0     0     0
2107     0     0     0     0
2109     0     0     0     0
2111     0     0     0     0
2113     0     0     0     0
2115     0     0     0     0
2117     0     0     0     0
2119     0     0     0     0
2121     0     0     0     0
2123     0     0     0     0
2125     0     0     0     0
2127     0     0     0     0
2129     0     0     0     0
2131     0     0     0     0
2133     0     0     0     0
2135     0     0     0     0
2137     0     0     0     0
2139     0     0     0     0
2141     0     0     0     0
2143     0     0     0     0
2145     0     0     0     0
2147     0     0     0     0
2149     0     0     0     0
2151     0     0     0     0
2153     0     0     0     0
2155     0     0     0     0
2157     0     0     0     0
2159     0     0     0     0
2161     0     0     0     0
2163     0     0     0     0
2165     0     0     0     0
2167     0     0     0     0
2169     0     0     0     0
2171     0     0     0     0
2173     0     0     0     0
2175     0     0     0     0
2177     0     0     0     0
2179     0     0     0     0
2181     0     0     0     0
2183     0     0     0     0
2185     0     0     0     0
2187     0     0     0     0
2189     0     0     0     0
2191     0     0     0     0
2193     0     0     0     0
2195     0     0     0     0
2197     0     0     0     0
2199     0     0     0     0
2201     0     0     0     0
2203     0     0     0     0
2205     0     0     0     0
2207     0     0     0     0
2209     0     0     0     0
2211     0     0     0     0
2213     0     0     0     0
2215     0     0     0     0
2217     0     0     0     0
2219     0     0     0     0
2221     0     0     0     0
2223     0     0     0     0
2225     0     0     0     0
2227     0     0     0     0
2229     0     0     0     0
2231     0     0     0     0
2233     0     0     0     0
2235     0     0     0     0
2237     0     0     0     0
2239     0     0     0     0
2241     0     0     0     0
2243     0     0     0     0
2245     0     0     0     0
2247     0     0     0     0
2249     0     0     0     0
2251     0     0     0     0
2253     0     0     0     0
2255     0     0     0     0
2257     0     0     0     0
2259     0     0     0     0
2261     0     0     0     0
2263     0     0     0     0
2265     0     0     0     0
2267     0     0     0     0
2269     0     0     0     0
2271     0     0     0     0
2273     0     0     0     0
2275     0     0     0     0
2277     0     0     0     0
2279     0     0     0     0
2281     0     0     0     0
2283     0     0     0     0
2285     0     0     0     0
2287     0     0     0     0
2289     0     0     0     0
2291     0     0     0     0
2293     0     0     0     0
2295     0     0     0     0
2297     0     0     0     0
2299     0     0     0     0
2301     0     0     0     0
2303     0     0     0     0
2305     0     0     0     0
2307     0     0     0     0
2309     0     0     0     0
2311     0     0     0     0
2313     0     0     0     0
2315     0     0     0     0
2317     0     0     0     0
2319     0     0     0     0
2321     0     0     0     0
2323     0     0     0     0
2325     0     0     0     0
2327     0     0     0     0
2329     0     0     0     0
2331     0     0     0     0
2333     0     0     0     0
2335     0     0     0     0
2337     0     0     0     0
2339     0     0     0     0
2341     0     0     0     0
2343     0     0     0     0
2345     0     0     0     0
2347     0     0     0     0
2349     0     0     0     0
2351     0     0     0     0
2353     0     0     0     0
2355     0     0     0     0
2357     0     0     0     0
2359     0     0     0     0
2361     0     0     0     0
2363     0     0     0     0
2365     0     0     0     0
2367     0     0     0     0
2369     0     0     0     0
2371     0     0     0     0
2373     0     0     0     0
2375     0     0     0     0
2377     0     0     0     0
2379     0     0     0     0
2381     0     0     0     0
2383     0     0     0     0
2385     0     0     0     0
2387     0     0     0     0
2389     0     0     0     0
2391     0     0     0     0
2393     0     0     0     0
2395     0     0     0     0
2397     0     0     0     0
2399     0     0     0     0
2401     0     0     0     0
2403     0     0     0     0
2405     0     0     0     0
2407     0     0     0     0
2409     0     0     0     0
2411     0     0     0     0
2413     0     0     0     0
2415     0     0     0     0
2417     0     0     0     0
2419     0     0     0     0
2421     0     0     0     0
2423     0     0     0     0
2425     0     0     0     0
2427     0     0     0     0
2429     0     0     0     0
2431     0     0     0     0
2433     0     0     0     0
2435     0     0     0     0
2437     0     0     0     0
2439     0     0     0     0
2441     0     0     0     0
2443     0     0     0     0
2445     0     0     0     0
2447     0     0     0     0
2449     0     0     0     0
2451     0     0     0     0
2453     0     0     0     0
2455     0     0     0     0
2457     0     0     0     0
2459     0     0     0     0
2461     0     0     0     0
2463     0     0     0     0
2465     0     0     0     0
2467     0     0     0     0
2469     0     0     0     0
2471     0     0     0     0
2473     0     0     0     0
2475     0     0     0     0
2477     0     0     0     0
2479     0     0     0     0
2481     0     0     0     0
2483     0     0     0     0
2485     0     0     0     0
2487     0     0     0     0
2489     0     0     0     0
2491     0     0     0     0
2493     0     0     0     0
2495     0     0     0     0
2497     0     0     0     0
2499     0     0     0     0
2501     0     0     0     0
2503     0     0     0     0
2505     0     0     0     0
2507     0     0     0     0
2509     0     0     0     0
2511     0     0     0     0
2513     0     0     0     0
2515     0     0     0     0
2517     0     0     0     0
2519     0     0     0     0
2521     0     0     0     0
2523     0     0     0     0
2525     0     0     0     0
2527     0     0     0     0
2529     0     0     0     0
2531     0     0     0     0
2533     0     0     0     0
2535     0     0     0     0
2537     0     0     0     0
2539     0     0     0     0
2541     0     0     0     0
2543     0     0     0     0
2545     0     0     0     0
2547     0     0     0     0
2549     0     0     0     0
2551     0     0     0     0
2553     0     0     0     0
2555     0     0     0     0
2557     0     0     0     0
2559     0     0     0     0
2561     0     0     0     0
2563     0     0     0     0
2565     0     0     0     0
2567     0     0     0     0
2569     0     0     0     0
2571     0     0     0     0
2573     0     0     0     0
2575     0     0     0     0
2577     0     0     0     0
2579     0     0     0     0
2581     0     0     0     0
2583     0     0     0     0
2585     0     0     0     0
2587     0     0     0     0
2589     0     0     0     0
2591     0     0     0     0
2593     0     0     0     0
2595     0     0     0     0
2597     0     0     0     0
2599     0     0     0     0
2601     0     0     0     0
2603     0     0     0     0
2605     0     0     0     0
2607     0     0     0     0
2609     0     0     0     0
2611     0     0     0     0
2613     0     0     0     0
2615     0     0     0     0
2617     0     0     0     0
2619     0     0     0     0
2621     0     0     0     0
2623     0     0     0     0
2625     0     0     0     0
2627     0     0     0     0
2629     0     0     0     0
2631     0     0     0     0
2633     0     0     0     0
2635     0     0     0     0
2637     0     0     0     0
2639     0     0     0     0
2641     0     0     0     0
2643     0     0     0     0
2645     0     0     0     0
2647     0     0     0     0
2649     0     0     0     0
2651     0     0     0     0
2653     0     0     0     0
2655     0     0     0     0
2657     0     0     0     0
2659     0     0     0     0
2661     0     0     0     0
2663     0     0     0     0
2665     0     0     0     0
2667     0     0     0     0
2669     0     0     0     0
2671     0     0     0     0
2673     0     0     0     0
2675     0     0     0     0
2677     0     0     0     0
2679     0     0     0     0
2681     0     0     0     0
2683     0     0     0     0
2685     0     0     0     0
2687     0     0     0     0
2689     0     0     0     0
2691     0     0     0     0
2693     0     0     0     0
2695     0     0     0     0
2697     0     0     0     0
2699     0     0     0     0
2701     0     0     0     0
2703     0     0     0     0
2705     0     0     0     0
2707     0     0     0     0
2709     0     0     0     0
2711     0     0     0     0
2713     0     0     0     0
2715     0     0     0     0
2717     0     0     0     0
2719     0     0     0     0
2721     0     0     0     0
2723     0     0     0     0
2725     0     0     0     0
2727     0     0     0     0
2729     0     0     0     0
2731     0     0     0     0
2733     0     0     0     0
2735     0     0     0     0
2737     0     0     0     0
2739     0     0     0     0
2741     0     0     0     0
2743     0     0     0     0
2745     0     0     0     0
2747     0     0     0     0
2749     0     0     0     0
2751     0     0     0     0
2753     0     0     0     0
2755     0     0     0     0
2757     0     0     0     0
2759     0     0     0     0
2761     0     0     0     0
2763     0     0     0     0
2765     0     0     0     0
2767     0     0     0     0
2769     0     0     0     0
2771     0     0     0     0
2773     0     0     0     0
2775     0     0     0     0
2777     0     0     0     0
2779     0     0     0     0
2781     0     0     0     0
2783     0     0     0     0
2785     0     0     0     0
2787     0     0     0     0
2789     0     0     0     0
2791     0     0     0     0
2793     0     0     0     0
2795     0     0     0     0
2797     0     0     0     0
2799     0     0     0     0
2801     0     0     0     0
2803     0     0     0     0
2805     0     0     0     0
2807     0     0     0     0
2809     0     0     0     0
2811     0     0     0     0
2813     0     0     0     0
2815     0     0     0     0
2817     0     0     0     0
2819     0     0     0     0
2821     0     0     0     0
2823     0     0     0     0
2825     0     0     0     0
2827     0     0     0     0
2829     0     0     0     0
2831     0     0     0     0
2833     0     0     0     0
2835     0     0     0     0
2837     0     0     0     0
2839     0     0     0     0
2841     0     0     0     0
2843     0     0     0     0
2845     0     0     0     0
2847     0     0     0     0
2849     0     0     0     0
2851     0     0     0     0
2853     0     0     0     0
2855     0     0     0     0
2857     0     0     0     0
2859     0     0     0     0
2861     0     0     0     0
2863     0     0     0     0
2865     0     0     0     0
2867     0     0     0     0
2869     0     0     0     0
2871     0     0     0     0
2873     0     0     0     0
2875     0     0     0     0
2877     0     0     0     0
2879     0     0     0     0
2881     0     0     0     0
2883     0     0     0     0
2885     0     0     0     0
2887     0     0     0     0
2889     0     0     0     0
2891     0     0     0     0
2893     0     0     0     0
2895     0     0     0     0
2897     0     0     0     0
2899     0     0     0     0
2901     0     0     0     0
2903     0     0     0     0
2905     0     0     0     0
2907     0     0     0     0
2909     0     0     0     0
2911     0     0     0     0
2913     0     0     0     0
2915     0     0     0     0
2917     0     0     0     0
2919     0     0     0     0
2921     0     0     0     0
2923     0     0     0     0
2925     0     0     0     0
2927     0     0     0     0
2929     0     0     0     0
2931     0     0     0     0
2933     0     0     0     0
2935     0     0     0     0
2937     0     0     0     0
2939     0     0     0     0
2941     0     0     0     0
2943     0     0     0     0
2945     0     0     0     0
2947     0     0     0     0
2949     0     0     0     0
2951     0     0     0     0
2953     0     0     0     0
2955     0     0     0     0
2957     0     0     0     0
2959     0     0     0     0
2961     0     0     0     0
2963     0     0     0     0
2965     0     0     0     0
2967     0     0     0     0
2969     0     0     0     0
2971     0     0     0     0
2973     0     0     0     0
2975     0     0     0     0
2977     0     0     0     0
2979     0     0     0     0
2981     0     0     0     0
2983     0     0     0     0
2985     0     0     0     0
2987     0     0     0     0
2989     0     0     0     0
2991     0     0     0     0
2993     0     0     0     0
2995     0     0     0     0
2997     0     0     0     0
2999     0     0     0     0
3001     0     0     0     0
3003     0     0     0     0
3005     0     0     0     0
3007     0     0     0     0
3009     0     0     0     0
3011     0     0     0     0
3013     0     0     0     0
3015     0     0     0     0
3017     0     0     0     0
3019     0     0     0     0
3021     0     0     0     0
3023     0     0     0     0
3025     0     0     0     0
3027     0     0     0     0
3029     0     0     0     0
3031     0     0     0     0
3033     0     0     0     0
3035     0     0     0     0
3037     0     0     0     0
3039     0     0     0     0
3041     0     0     0     0
3043     0     0     0     0
3045     0     0     0     0
3047     0     0     0     0
3049     0     0     0     0
3051     0     0     0     0
3053     0     0     0     0
3055     0     0     0     0
3057     0     0     0     0
3059     0     0     0     0
3061     0     0     0     0
3063     0     0     0     0
3065     0     0     0     0
3067     0     0     0     0
3069     0     0     0     0
3071     0     0     0     0
3073     0     0     0     0
3075     0     0     0     0
3077     0     0     0     0
3079     0     0     0     0
3081     0     0     0     0
3083     0     0     0     0
3085     0     0     0     0
3087     0     0     0     0
3089     0     0     0     0
3091     0     0     0     0
3093     0     0     0     0
3095     0     0     0     0
3097     0     0     0     0
3099     0     0     0     0
3101     0     0     0     0
3103     0     0     0     0
3105     0     0     0     0
3107     0     0     0     0
3109     0     0     0     0
3111     0     0     0     0
3113     0     0     0     0
3115     0     0     0     0
3117     0     0     0     0
3119     0     0     0     0
3121     0     0     0     0
3123     0     0     0     0
3125     0     0     0     0
3127     0     0     0     0
3129     0     0     0     0
3131     0     0     0     0
3133     0     0     0     0
3135     0     0     0     0
3137     0     0     0     0
3139     0     0     0     0
3141     0     0     0     0
3143     0     0     0     0
3145     0     0     0     0
3147     0     0     0     0
3149     0     0     0     0
3151     0     0     0     0
3153     0     0     0     0
3155     0     0     0     0
3157     0     0     0     0
3159     0     0     0     0
3161     0     0     0     0
3163     0     0     0     0
3165     0     0     0     0
3167     0     0     0     0
3169     0     0     0     0
3171     0     0     0     0
3173     0     0     0     0
3175     0     0     0     0
3177     0     0     0     0
3179     0     0     0     0
3181     0     0     0     0
3183     0     0     0     0
3185     0     0     0     0
3187     0     0     0     0
3189     0     0     0     0
3191     0     0     0     0
3193     0     0     0     0
3195     0     0     0     0
3197     0     0     0     0
3199     0     0     0     0
3201     0     0     0     0
3203     0     0     0     0
3205     0     0     0     0
3207     0     0     0     0
3209     0     0     0     0
3211     0     0     0     0
3213     0     0     0     0
3215     0     0     0     0
3217     0     0     0     0
3219     0     0     0     0
3221     0     0     0     0
3223     0     0     0     0
3225     0     0     0     0
3227     0     0     0     0
3229     0     0     0     0
3231     0     0     0     0
3233     0     0     0     0
3235     0     0     0     0
3237     0     0     0     0
3239     0     0     0     0
3241     0     0     0     0
3243     0     0     0     0
3245     0     0     0     0
3247     0     0     0     0
3249     0     0     0     0
3251     0     0     0     0
3253     0     0     0     0
3255     0     0     0     0
3257     0     0     0     0
3259     0     0     0     0
3261     0     0     0     0
3263     0     0     0     0
3265     0     0     0     0
3267     0     0     0     0
3269     0     0     0     0
3271     0     0     0     0
3273     0     0     0     0
3275     0     0     0     0
3277     0     0     0     0
3279     0     0     0     0
3281     0     0     0     0
3283     0     0     0     0
3285     0     0     0     0
3287     0     0     0     0
3289     0     0     0     0
3291     0     0     0     0
3293     0     0     0     0
3295     0     0     0     0
3297     0     0     0     0
3299     0     0     0     0
3301     0     0     0     0
3303     0     0     0     0
3305     0     0     0     0
3307     0     0     0     0
3309     0     0     0     0
3311     0     0     0     0
3313     0     0     0     0
3315     0     0     0     0
3317     0     0     0     0
3319     0     0     0     0
3321     0     0     0     0
3323     0     0     0     0
3325     0     0     0     0
3327     0     0     0     0
3329     0     0     0     0
3331     0     0     0     0
3333     0     0     0     0
3335     0     0     0     0
3337     0     0     0     0
3339     0     0     0     0
3341     0     0     0     0
3343     0     0     0     0
3345     0     0     0     0
3347     0     0     0     0
3349     0     0     0     0
3351     0     0     0     0
3353     0     0     0     0
3355     0     0     0     0
3357     0     0     0     0
3359     0     0     0     0
3361     0     0     0     0
3363     0     0     0     0
3365     0     0     0     0
3367     0     0     0     0
3369     0     0     0     0
3371     0     0     0     0
3373     0     0     0     0
3375     0     0     0     0
3377     0     0     0     0
3379     0     0     0     0
3381     0     0     0     0
3383     0     0     0     0
3385     0     0     0     0
3387     0     0     0     0
3389     0     0     0     0
3391     0     0     0     0
3393     0     0     0     0
3395     0     0     0     0
3397     0     0     0     0
3399     0     0     0     0
3401     0     0     0     0
3403     0     0     0     0
3405     0     0     0     0
3407     0     0     0     0
3409     0     0     0     0
3411     0     0     0     0
3413     0     0     0     0
3415     0     0     0     0
3417     0     0     0     0
3419     0     0     0     0
3421     0     0     0     0
3423     0     0     0     0
3425     0     0     0     0
3427     0     0     0     0
3429     0     0     0     0
3431     0     0     0     0
3433     0     0     0     0
3435     0     0     0     0
3437     0     0     0     0
3439     0     0     0     0
3441     0     0     0     0
3443     0     0     0     0
3445     0     0     0     0
3447     0     0     0     0
3449     0     0     0     0
3451     0     0     0     0
3453     0     0     0     0
3455     0     0     0     0
3457     0     0     0     0
3459     0     0     0     0
3461     0     0     0     0
3463     0     0     0     0
3465     0     0     0     0
3467     0     0     0     0
3469     0     0     0     0
3471     0     0     0     0
3473     0     0     0     0
3475     0     0     0     0
3477     0     0     0     0
3479     0     0     0     0
3481     0     0     0     0
3483     0     0     0     0
3485     0     0     0     0
3487     0     0     0     0
3489     0     0     0     0
3491     0     0     0     0
3493     0     0     0     0
3495     0     0     0     0
3497     0     0     0     0
3499     0     0     0     0
3501     0     0     0     0
3503     0     0     0     0
3505     0     0     0     0
3507     0     0     0     0
3509     0     0     0     0
3511     0     0     0     0
3513     0     0     0     0
3515     0     0     0     0
3517     0     0     0     0
3519     0     0     0     0
3521     0     0     0     0
3523     0     0     0     0
3525     0     0     0     0
3527     0     0     0     0
3529     0     0     0     0
3531     0     0     0     0
3533     0     0     0     0
3535     0     0     0     0
3537     0     0     0     0
3539     0     0     0     0
3541     0     0     0     0
3543     0     0     0     0
3545     0     0     0     0
3547     0     0     0     0
3549     0     0     0     0
3551     0     0     0     0
3553     0     0     0     0
3555     0     0     0     0
3557     0     0     0     0
3559     0     0     0     0
3561     0     0     0     0
3563     0     0     0     0
3565     0     0     0     0
3567     0     0     0     0
3569     0     0     0     0
3571     0     0     0     0
3573     0     0     0     0
3575     0     0     0     0
3577     0     0     0     0
3579     0     0     0     0
3581     0     0     0     0
3583     0     0     0     0
3585     0     0     0     0
3587     0     0     0     0
3589     0     0     0     0
3591     0     0     0     0
3593     0     0     0     0
3595     0     0     0     0
3597     0     0     0     0
3599     0     0     0     0
3601     0     0     0     0
3603     0     0     0     0
3605     0     0     0     0
3607     0     0     0     0
3609     0     0     0     0
3611     0     0     0     0
3613     0     0     0     0
3615     0     0     0     0
3617     0     0     0     0
3619     0     0     0     0
3621     0     0     0     0
3623     0     0     0     0
3625     0     0     0     0
3627     0     0     0     0
3629     0     0     0     0
3631     0     0     0     0
3633     0     0     0     0
3635     0     0     0     0
3637     0     0     0     0
3639     0     0     0     0
3641     0     0     0     0
3643     0     0     0     0
3645     0     0     0     0
3647     0     0     0     0
3649     0     0     0     0
3651     0     0     0     0
3653     0     0     0     0
3655     0     0     0     0
3657     0     0     0     0
3659     0     0     0     0
3661     0     0     0     0
3663     0     0     0     0
3665     0     0     0     0
3667     0     0     0     0
3669     0     0     0     0
3671     0     0     0     0
3673     0     0     0     0
3675     0     0     0     0
3677     0     0     0     0
3679     0     0     0     0
3681     0     0     0     0
3683     0     0     0     0
3685     0     0     0     0
3687     0     0     0     0
3689     0     0     0     0
3691     0     0     0     0
3693     0     0     0     0
3695     0     0     0     0
3697     0     0     0     0
3699     0     0     0     0
3701     0     0     0     0
3703     0     0     0     0
3705     0     0     0     0
3707     0     0     0     0
3709     0     0     0     0
3711     0     0     0     0
3713     0     0     0     0
3715     0     0     0     0
3717     0     0     0     0
3719     0     0     0     0
3721     0     0     0     0
3723     0     0     0     0
3725     0     0     0     0
3727     0     0     0     0
3729     0     0     0     0
3731     0     0     0     0
3733     0     0     0     0
3735     0     0     0     0
3737     0     0     0     0
3739     0     0     0     0
3741     0     0     0     0
3743     0     0     0     0
3745     0     0     0     0
3747     0     0     0     0
3749     0     0     0     0
3751     0     0     0     0
3753     0     0     0     0
3755     0     0     0     0
3757     0     0     0     0
3759     0     0     0     0
3761     0     0     0     0
3763     0     0     0     0
3765     0     0     0     0
3767     0     0     0     0
3769     0     0     0     0
3771     0     0     0     0
3773     0     0     0     0
3775     0     0     0     0
3777     0     0     0     0
3779     0     0     0     0
3781     0     0     0     0
3783     0     0     0     0
3785     0     0     0     0
3787     0     0     0     0
3789     0     0     0     0
3791     0     0     0     0
3793     0     0     0     0
3795     0     0     0     0
3797     0     0     0     0
3799     0     0     0     0
3801     0     0     0     0
3803     0     0     0     0
3805     0     0     0     0
3807     0     0     0     0
3809     0     0     0     0
3811     0     0     0     0
3813     0     0     0     0
3815     0     0     0     0
3817     0     0     0     0
3819     0     0     0     0
3821     0     0     0     0
3823     0     0     0     0
3825     0     0     0     0
3827     0     0     0     0
3829     0     0     0     0
3831     0     0     0     0
3833     0     0     0     0
3835     0     0     0     0
3837     0     0     0     0
3839     0     0     0     0
3841     0     0     0     0
3843     0     0     0     0
3845     0     0     0     0
3847     0     0     0     0
3849     0     0     0     0
3851     0     0     0     0
3853     0     0     0     0
3855     0     0     0     0
3857     0     0     0     0
3859     0     0     0     0
3861     0     0     0     0
3863     0     0     0     0
3865     0     0     0     0
3867     0     0     0     0
3869     0     0     0     0
3871     0     0     0     0
3873     0     0     0     0
3875     0     0     0     0
3877     0     0     0     0
3879     0     0     0     0
3881     0     0     0     0
3883     0     0     0     0
3885     0     0     0     0
3887     0     0     0     0
3889     0     0     0     0
3891     0     0     0     0
3893     0     0     0     0
3895     0     0     0     0
3897     0     0     0     0
3899     0     0     0     0
3901     0     0     0     0
3903     0     0     0     0
3905     0     0     0     0
3907     0     0     0     0
3909     0     0     0     0
3911     0     0     0     0
3913     0     0     0     0
3915     0     0     0     0
3917     0     0     0     0
3919     0     0     0     0
3921     0     0     0     0
3923     0     0     0     0
3925     0     0     0     0
3927     0     0     0     0
3929     0     0     0     0
3931     0     0     0     0
3933     0     0     0     0
3935     0     0     0     0
3937     0     0     0     0
3939     0     0     0     0
3941     0     0     0     0
3943     0     0     0     0
3945     0     0     0     0
3947     0     0     0     0
3949     0     0     0     0
3951     0     0     0     0
3953     0     0     0     0
3955     0     0     0     0
3957     0     0     0     0
3959     0     0     0     0
3961     0     0     0     0
3963     0     0     0     0
3965     0     0     0     0
3967     0     0     0     0
3969     0     0     0     0
3971     0     0     0     0
3973     0     0     0     0
3975     0     0     0     0
3977     0     0     0     0
3979     0     0     0     0
3981     0     0     0     0
3983     0     0     0     0
3985     0     0     0     0
3987     0     0     0     0
3989     0     0     0     0
3991     0     0     0     0
3993     0     0     0     0
3995     0     0     0     0
3997     0     0     0     0
3999     0     0     0     0
4001     0     0     0     0
4003     0     0     0     0
4005     0     0     0     0
4007     0     0     0     0
4009     0     0     0     0
4011     0     0     0     0
4013     0     0     0     0
4015     0     0     0     0
4017     0     0     0     0
4019     0     0     0     0
4021     0     0     0     0
4023     0     0     0     0
4025     0     0     0     0
4027     0     0     0     0
4029     0     0     0     0
4031     0     0     0     0
4033     0     0     0     0
4035     0     0     0     0
4037     0     0     0     0
4039     0     0     0     0
4041     0     0     0     0
4043     0     0     0     0
4045     0     0     0     0
4047     0     0     0     0
4049     0     0     0     0
4051     0     0     0     0
4053     0     0     0     0
4055     0     0     0     0
4057     0     0     0     0
4059     0     0     0     0
4061     0     0     0     0
4063     0     0     0     0
4065     0     0     0     0
4067     0     0     0     0
4069     0     0     0     0
4071     0     0     0     0
4073     0     0     0     0
4075     0     0     0     0
4077     0     0     0     0
4079     0     0     0     0
4081     0     0     0     0
4083     0     0     0     0
4085     0     0     0     0
4087     0     0     0     0
4089     0     0     0     0
4091     0     0     0     0
4093     0     0     0     0
4095     0     0     0     0
4097     0     0     0     0
4099     0     0     0     0
4101     0     0     0     0
4103     0     0     0     0
4105     0     0     0     0
4107     0     0     0     0
4109     0     0     0     0
4111     0     0     0     0
4113     0     0     0     0
4115     0     0     0     0
4117     0     0     0     0
4119     0     0     0     0
4121     0     0     0     0
4123     0     0     0     0
4125     0     0     0     0
4127     0     0     0     0
4129     0     0     0     0
4131     0     0     0     0
4133     0     0     0     0
4135     0     0     0     0
4137     0     0     0     0
4139     0     0     0     0
4141     0     0     0     0
4143     0     0     0     0
4145     0     0     0     0
4147     0     0     0     0
4149     0     0     0     0
4151     0     0     0     0
4153     0     0     0     0
4155     0     0     0     0
4157     0     0     0     0
4159     0     0     0     0
4161     0     0     0     0
4163     0     0     0     0
4165     0     0     0     0
4167     0     0     0     0
4169     0     0     0     0
4171     0     0     0     0
4173     0     0     0     0
4175     0     0     0     0
4177     0     0     0     0
4179     0     0     0     0
4181     0     0     0     0
4183     0     0     0     0
4185     0     0     0     0
4187     0     0     0     0
4189     0     0     0     0
4191     0     0     0     0
4193     0     0     0     0
4195     0     0     0     0
4197     0     0     0     0
4199     0     0     0     0
4201     0     0     0     0
4203     0     0     0     0
4205     0     0     0     0
4207     0     0     0     0
4209     0     0     0     0
4211     0     0     0     0
4213     0     0     0     0
4215     0     0     0     0
4217     0     0     0     0
4219     0     0     0     0
4221     0     0     0     0
4223     0     0     0     0
4225     0     0     0     0
4227     0     0     0     0
4229     0     0     0     0
4231     0     0     0     0
4233     0     0     0     0
4235     0     0     0     0
4237     0     0     0     0
4239     0     0     0     0
4241     0     0     0     0
4243     0     0     0     0
4245     0     0     0     0
4247     0     0     0     0
4249     0     0     0     0
4251     0     0     0     0
4253     0     0     0     0
4255     0     0     0     0
4257     0     0     0     0
4259     0     0     0     0
4261     0     0     0     0
4263     0     0     0     0
4265     0     0     0     0
4267     0     0     0     0
4269     0     0     0     0
4271     0     0     0     0
4273     0     0     0     0
4275     0     0     0     0
4277     0     0     0     0
4279     0     0     0     0
4281     0     0     0     0
4283     0     0     0     0
4285     0     0     0     0
4287     0     0     0     0
4289     0     0     0     0
4291     0     0     0     0
4293     0     0     0     0
4295     0     0     0     0
4297     0     0     0     0
4299     0     0     0     0
4301     0     0     0     0
4303     0     0     0     0
4305     0     0     0     0
4307     0     0     0     0
4309     0     0     0     0
4311     0     0     0     0
4313     0     0     0     0
4315     0     0     0     0
4317     0     0     0     0
4319     0     0     0     0
4321     0     0     0     0
4323     0     0     0     0
4325     0     0     0     0
4327     0     0     0     0
4329     0     0     0     0
4331     0     0     0     0
4333     0     0     0     0
4335     0     0     0     0
4337     0     0     0     0
4339     0     0     0     0
4341     0     0     0     0
4343     0     0     0     0
4345     0     0     0     0
4347     0     0     0     0
4349     0     0     0     0
4351     0     0     0     0
4353     0     0     0     0
4355     0     0     0     0
4357     0     0     0     0
4359     0     0     0     0
4361     0     0     0     0
4363     0     0     0     0
4365     0     0     0     0
4367     0     0     0     0
4369     0     0     0     0
4371     0     0     0     0
4373     0     0     0     0
4375     0     0     0     0
4377     0     0     0     0
4379     0     0     0     0
4381     0     0     0     0
4383     0     0     0     0
4385     0     0     0     0
4387     0     0     0     0
4389     0     0     0     0
4391     0     0     0     0
4393     0     0     0     0
4395     0     0     0     0
4397     0     0     0     0
4399     0     0     0     0
4401     0     0     0     0
4403     0     0     0     0
4405     0     0     0     0
4407     0     0     0     0
4409     0     0     0     0
4411     0     0     0     0
4413     0     0     0     0
4415     0     0     0     0
4417     0     0     0     0
4419     0     0     0     0
4421     0     0     0     0
4423     0     0     0     0
4425     0     0     0     0
4427     0     0     0     0
4429     0     0     0     0
4431     0     0     0     0
4433     0     0     0     0
4435     0     0     0     0
4437     0     0     0     0
4439     0     0     0     0
4441     0     0     0     0
4443     0     0     0     0
4445     0     0     0     0
4447     0     0     0     0
4449     0     0     0     0
4451     0     0     0     0
4453     0     0     0     0
4455     0     0     0     0
4457     0     0     0     0
4459     0     0     0     0
4461     0     0     0     0
4463     0     0     0     0
4465     0     0     0     0
4467     0     0     0     0
4469     0     0     0     0
4471     0     0     0     0
4473     0     0     0     0
4475     0     0     0     0
4477     0     0     0     0
4479     0     0     0     0
4481     0     0     0     0
4483     0     0     0     0
4485     0     0     0     0
4487     0     0     0     0
4489     0     0     0     0
4491     0     0     0     0
4493     0     0     0     0
4495     0     0     0     0
4497     0     0     0     0
4499     0     0     0     0
4501     0     0     0     0
4503     0     0     0     0
4505     0     0     0     0
4507     0     0     0     0
4509     0     0     0     0
4511     0     0     0     0
4513     0     0     0     0
4515     0     0     0     0
4517     0     0     0     0
4519     0     0     0     0
4521     0     0     0     0
4523     0     0     0     0
4525     0     0     0     0
4527     0     0     0     0
4529     0     0     0     0
4531     0     0     0     0
4533     0     0     0     0
4535     0     0     0     0
4537     0     0     0     0
4539     0     0     0     0
4541     0     0     0     0
4543     0     0     0     0
4545     0     0     0     0
4547     0     0     0     0
4549     0     0     0     0
4551     0     0     0     0
4553     0     0     0     0
4555     0     0     0     0
4557     0     0     0     0
4559     0     0     0     0
4561     0     0     0     0
4563     0     0     0     0
4565     0     0     0     0
4567     0     0     0     0
4569     0     0     0     0
4571     0     0     0     0
4573     0     0     0     0
4575     0     0     0     0
4577     0     0     0     0
4579     0     0     0     0
4581     0     0     0     0
4583     0     0     0     0
4585     0     0     0     0
4587     0     0     0     0
4589     0     0     0     0
4591     0     0     0     0
4593     0     0     0     0
4595     0     0     0     0
4597     0     0     0     0
4599     0     0     0     0
4601     0     0     0     0
4603     0     0     0     0
4605     0     0     0     0
4607     0     0     0     0
4609     0     0     0     0
4611     0     0     0     0
4613     0     0     0     0
4615     0     0     0     0
4617     0     0     0     0
4619     0     0     0     0
4621     0     0     0     0
4623     0     0     0     0
4625     0     0     0     0
4627     0     0     0     0
4629     0     0     0     0
4631     0     0     0     0
4633     0     0     0     0
4635     0     0     0     0
4637     0     0     0     0
4639     0     0     0     0
4641     0     0     0     0
4643     0     0     0     0
4645     0     0     0     0
4647     0     0     0     0
4649     0     0     0     0
4651     0     0     0     0
4653     0     0     0     0
4655     0     0     0     0
4657     0     0     0     0
4659     0     0     0     0
4661     0     0     0     0
4663     0     0     0     0
4665     0     0     0     0
4667     0     0     0     0
4669     0     0     0     0
4671     0     0     0     0
4673     0     0     0     0
4675     0     0     0     0
4677     0     0     0     0
4679     0     0     0     0
4681     0     0     0     0
4683     0     0     0     0
4685     0     0     0     0
4687     0     0     0     0
4689     0     0     0     0
4691     0     0     0     0
4693     0     0     0     0
4695     0     0     0     0
4697     0     0     0     0
4699     0     0     0     0
4701     0     0     0     0
4703     0     0     0     0
4705     0     0     0     0
4707     0     0     0     0
4709     0     0     0     0
4711     0     0     0     0
4713     0     0     0     0
4715     0     0     0     0
4717     0     0     0     0
4719     0     0     0     0
4721     0     0     0     0
4723     0     0     0     0
4725     0     0     0     0
4727     0     0     0     0
4729     0     0     0     0
4731     0     0     0     0
4733     0     0     0     0
4735     0     0     0     0
4737     0     0     0     0
4739     0     0     0     0
4741     0     0     0     0
4743     0     0     0     0
4745     0     0     0     0
4747     0     0     0     0
4749     0     0     0     0
4751     0     0     0     0
4753     0     0     0     0
4755     0     0     0     0
4757     0     0     0     0
4759     0     0     0     0
4761     0     0     0     0
4763     0     0     0     0
4765     0     0     0     0
4767     0     0     0     0
4769     0     0     0     0
4771     0     0     0     0
4773     0     0     0     0
4775     0     0     0     0
4777     0     0     0     0
4779     0     0     0     0
4781     0     0     0     0
4783     0     0     0     0
4785     0     0     0     0
4787     0     0     0     0
4789     0     0     0     0
4791     0     0     0     0
4793     0     0     0     0
4795     0     0     0     0
4797     0     0     0     0
4799     0     0     0     0
4801     0     0     0     0
4803     0     0     0     0
4805     0     0     0     0
4807     0     0     0     0
4809     0     0     0     0
4811     0     0     0     0
4813     0     0     0     0
4815     0     0     0     0
4817     0     0     0     0
4819     0     0     0     0
4821     0     0     0     0
4823     0     0     0     0
4825     0     0     0     0
4827     0     0     0     0
4829     0     0     0     0
4831     0     0     0     0
4833     0     0     0     0
4835     0     0     0     0
4837     0     0     0     0
4839     0     0     0     0
4841     0     0     0     0
4843     0     0     0     0
4845     0     0     0     0
4847     0     0     0     0
4849     0     0     0     0
4851     0     0     0     0
4853     0     0     0     0
4855     0     0     0     0
4857     0     0     0     0
4859     0     0     0     0
4861     0     0     0     0
4863     0     0     0     0
4865     0     0     0     0
4867     0     0     0     0
4869     0     0     0     0
4871     0     0     0     0
4873     0     0     0     0
4875     0     0     0     0
4877     0     0     0     0
4879     0     0     0     0
4881     0     0     0     0
4883     0     0     0     0
4885     0     0     0     0
4887     0     0     0     0
4889     0     0     0     0
4891     0     0     0     0
4893     0     0     0     0
4895     0     0     0     0
4897     0     0     0     0
4899     0     0     0     0
4901     0     0     0     0
4903     0     0     0     0
4905     0     0     0     0
4907     0     0     0     0
4909     0     0     0     0
4911     0     0     0     0
4913     0     0     0     0
4915     0     0     0     0
4917     0     0     0     0
4919     0     0     0     0
4921     0     0     0     0
4923     0     0     0     0
4925     0     0     0     0
4927     0     0     0     0
4929     0     0     0     0
4931     0     0     0     0
4933     0     0     0     0
4935     0     0     0     0
4937     0     0     0     0
4939     0     0     0     0
4941     0     0     0     0
4943     0     0     0     0
4945     0     0     0     0
4947     0     0     0     0
4949     0     0     0     0
4951     0     0     0     0
4953     0     0     0     0
4955     0     0     0     0
4957     0     0     0     0
4959     0     0     0     0
4961     0     0     0     0
4963     0     0     0     0
4965     0     0     0     0
4967     0     0     0     0
4969     0     0     0     0
4971     0     0     0     0
4973     0     0     0     0
4975     0     0     0     0
4977     0     0     0     0
4979     0     0     0     0
4981     0     0     0     0
4983     0     0     0     0
4985     0     0     0     0
4987     0     0     0     0
4989     0     0     0     0
4991     0     0     0     0
4993     0     0     0     0
4995     0     0     0     0
4997     0     0     0     0
4999     0     0     0     0
