1     0     0     0     0     0     0     0
3     0     0     0     0     0     0     0
5     0     0     0     0     0     0     0
7     0     0     0     0     0     0     0
9     0     0     0     0     0     0     0
11     0     0     0     0     0     0     0
13     0     0     0     0     0     0     0
15     0     0     0     0     0     0     0
17     0     0     0     0     0     0     0
19     0     0     0     0     0     0     0
21     0     0     0     0     0     0     0
23     0     0     0     0     0     0     0
25     0.000114136     1.09047e-07     1.09047e-07     1.09047e-07     1.09047e-07     1.09047e-07     1.09047e-07
27     6.34087e-05     5.6378e-08     5.6378e-08     5.6378e-08     5.6378e-08     5.6378e-08     5.6378e-08
29     7.60905e-05     5.98895e-08     5.98895e-08     5.98895e-08     5.98895e-08     5.98895e-08     5.98895e-08
31     6.34087e-05     4.61033e-08     4.61033e-08     4.61033e-08     4.61033e-08     4.61033e-08     4.61033e-08
33     0.000126817     8.54566e-08     8.54566e-08     8.54566e-08     8.54566e-08     8.54566e-08     8.54566e-08
35     0.000190226     1.16779e-07     1.16779e-07     1.16779e-07     1.16779e-07     1.16779e-07     1.16779e-07
37     0.000114136     6.49557e-08     6.49557e-08     6.49557e-08     6.49557e-08     6.49557e-08     6.49557e-08
39     0.000114136     6.04265e-08     6.04265e-08     6.04265e-08     6.04265e-08     6.04265e-08     6.04265e-08
41     0.000139499     6.97102e-08     6.97102e-08     6.97102e-08     6.97102e-08     6.97102e-08     6.97102e-08
43     0.000240953     1.11671e-07     1.11671e-07     1.11671e-07     1.11671e-07     1.11671e-07     1.11671e-07
45     0.000152181     6.66725e-08     6.66725e-08     6.66725e-08     6.66725e-08     6.66725e-08     6.66725e-08
47     0.000177544     7.3514e-08     7.3514e-08     7.3514e-08     7.3514e-08     7.3514e-08     7.3514e-08
49     0.000101454     3.96804e-08     3.96804e-08     3.96804e-08     3.96804e-08     3.96804e-08     3.96804e-08
51     0.000278998     1.03514e-07     1.03514e-07     1.03514e-07     1.03514e-07     1.03514e-07     1.03514e-07
53     0.000304362     1.07373e-07     1.07373e-07     1.07373e-07     1.07373e-07     1.07373e-07     1.07373e-07
55     0.000240953     8.11958e-08     8.11958e-08     8.11958e-08     8.11958e-08     8.11958e-08     8.11958e-08
57     0.000342407     1.1062e-07     1.1062e-07     1.1062e-07     1.1062e-07     1.1062e-07     1.1062e-07
59     0.000228271     7.07089e-08     7.07089e-08     7.07089e-08     7.07089e-08     7.07089e-08     7.07089e-08
61     0.000317044     9.46583e-08     9.46583e-08     9.46583e-08     9.46583e-08     9.46583e-08     9.46583e-08
63     0.000164863     4.74241e-08     4.74241e-08     4.74241e-08     4.74241e-08     4.74241e-08     4.74241e-08
65     0.000253635     7.10418e-08     7.10418e-08     7.10418e-08     7.10418e-08     7.10418e-08     7.10418e-08
67     0.000278998     7.58476e-08     7.58476e-08     7.58476e-08     7.58476e-08     7.58476e-08     7.58476e-08
69     0.000304362     8.0733e-08     8.0733e-08     8.0733e-08     8.0733e-08     8.0733e-08     8.0733e-08
71     0.000253635     6.56993e-08     6.56993e-08     6.56993e-08     6.56993e-08     6.56993e-08     6.56993e-08
73     0.000393134     1.001e-07     1.001e-07     1.001e-07     1.001e-07     1.001e-07     1.001e-07
75     0.000380452     9.48722e-08     9.48722e-08     9.48722e-08     9.48722e-08     9.48722e-08     9.48722e-08
77     0.000317044     7.79428e-08     7.79428e-08     7.79428e-08     7.79428e-08     7.79428e-08     7.79428e-08
79     0.000367771     8.90619e-08     8.90619e-08     8.90619e-08     8.90619e-08     8.90619e-08     8.90619e-08
81     0.000317044     7.59663e-08     7.59663e-08     7.59663e-08     7.59663e-08     7.59663e-08     7.59663e-08
83     0.000405816     9.61493e-08     9.61493e-08     9.61493e-08     9.61493e-08     9.61493e-08     9.61493e-08
85     0.000405816     9.54047e-08     9.54047e-08     9.54047e-08     9.54047e-08     9.54047e-08     9.54047e-08
87     0.00050727     1.18624e-07     1.18624e-07     1.18624e-07     1.18624e-07     1.18624e-07     1.18624e-07
89     0.000393134     9.15213e-08     9.15213e-08     9.15213e-08     9.15213e-08     9.15213e-08     9.15213e-08
91     0.000431179     1.00166e-07     1.00166e-07     1.00166e-07     1.00166e-07     1.00166e-07     1.00166e-07
93     0.000481906     1.11871e-07     1.11871e-07     1.11871e-07     1.11871e-07     1.11871e-07     1.11871e-07
95     0.000405816     9.42837e-08     9.42837e-08     9.42837e-08     9.42837e-08     9.42837e-08     9.42837e-08
97     0.000469224     1.09216e-07     1.09216e-07     1.09216e-07     1.09216e-07     1.09216e-07     1.09216e-07
99     0.000443861     1.03631e-07     1.03631e-07     1.03631e-07     1.03631e-07     1.03631e-07     1.03631e-07
101     0.00058336     1.36768e-07     1.36768e-07     1.36768e-07     1.36768e-07     1.36768e-07     1.36768e-07
103     0.000532633     1.25549e-07     1.25549e-07     1.25549e-07     1.25549e-07     1.25549e-07     1.25549e-07
105     0.000494588     1.17389e-07     1.17389e-07     1.17389e-07     1.17389e-07     1.17389e-07     1.17389e-07
107     0.000786268     1.88354e-07     1.88354e-07     1.88354e-07     1.88354e-07     1.88354e-07     1.88354e-07
109     0.000659451     1.59667e-07     1.59667e-07     1.59667e-07     1.59667e-07     1.59667e-07     1.59667e-07
111     0.000557997     1.37296e-07     1.37296e-07     1.37296e-07     1.37296e-07     1.37296e-07     1.37296e-07
113     0.000697496     1.74571e-07     1.74571e-07     1.74571e-07     1.74571e-07     1.74571e-07     1.74571e-07
115     0.000570678     1.45714e-07     1.45714e-07     1.45714e-07     1.45714e-07     1.45714e-07     1.45714e-07
117     0.000608724     1.59359e-07     1.59359e-07     1.59359e-07     1.59359e-07     1.59359e-07     1.59359e-07
119     0.000697496     1.8866e-07     1.8866e-07     1.8866e-07     1.8866e-07     1.8866e-07     1.8866e-07
121     0.000824313     2.30943e-07     2.30943e-07     2.30943e-07     2.30943e-07     2.30943e-07     2.30943e-07
123     0.000621405     1.81464e-07     1.81464e-07     1.81464e-07     1.81464e-07     1.81464e-07     1.81464e-07
125     0.000608724     1.86175e-07     1.86175e-07     1.86175e-07     1.86175e-07     1.86175e-07     1.86175e-07
127     0.000760905     2.469e-07     2.469e-07     2.469e-07     2.469e-07     2.469e-07     2.469e-07
129     0.000659451     2.27884e-07     2.27884e-07     2.27884e-07     2.27884e-07     2.27884e-07     2.27884e-07
131     0.000672132     2.47413e-07     2.47413e-07     2.47413e-07     2.47413e-07     2.47413e-07     2.47413e-07
133     0.000608724     2.42859e-07     2.42859e-07     2.42859e-07     2.42859e-07     2.42859e-07     2.42859e-07
135     0.000646769     2.78957e-07     2.78957e-07     2.78957e-07     2.78957e-07     2.78957e-07     2.78957e-07
137     0.000596042     2.84229e-07     2.84229e-07     2.84229e-07     2.84229e-07     2.84229e-07     2.84229e-07
139     0.000824313     4.2902e-07     4.2902e-07     4.2902e-07     4.2902e-07     4.2902e-07     4.2902e-07
141     0.000659451     3.85112e-07     3.85112e-07     3.85112e-07     3.85112e-07     3.85112e-07     3.85112e-07
143     0.000735541     4.86898e-07     4.86898e-07     4.86898e-07     4.86898e-07     4.86898e-07     4.86898e-07
145     0.000697496     5.2167e-07     5.2167e-07     5.2167e-07     5.2167e-07     5.2167e-07     5.2167e-07
147     0.000748223     6.37472e-07     6.37472e-07     6.37472e-07     6.37472e-07     6.37472e-07     6.37472e-07
149     0.000925767     9.32054e-07     9.32054e-07     9.32054e-07     9.32054e-07     9.32054e-07     9.32054e-07
151     0.000862359     1.04888e-06     1.04888e-06     1.04888e-06     1.04888e-06     1.04888e-06     1.04888e-06
153     0.00101454     1.50884e-06     1.50884e-06     1.50884e-06     1.50884e-06     1.50884e-06     1.50884e-06
155     0.000963812     1.8135e-06     1.8135e-06     1.8135e-06     1.8135e-06     1.8135e-06     1.8135e-06
157     0.000862359     2.11868e-06     2.11868e-06     2.11868e-06     2.11868e-06     2.11868e-06     2.11868e-06
159     0.000900404     3.43954e-06     3.43954e-06     3.43954e-06     3.43954e-06     3.43954e-06     3.43954e-06
161     0.000900404     5.84306e-06     5.84306e-06     5.84306e-06     5.84306e-06     5.84306e-06     5.84306e-06
163     0.000760905     7.76319e-06     7.76319e-06     7.76319e-06     7.76319e-06     7.76319e-06     7.76319e-06
165     0.00100186     1.42299e-05     1.42299e-05     1.42299e-05     1.42299e-05     1.42299e-05     1.42299e-05
167     0.000900404     1.5548e-05     1.5548e-05     1.5548e-05     1.5548e-05     1.5548e-05     1.5548e-05
169     0.000913085     1.82501e-05     1.82501e-05     1.82501e-05     1.82501e-05     1.82501e-05     1.82501e-05
171     0.00129354     2.90133e-05     2.90133e-05     2.90133e-05     2.90133e-05     2.90133e-05     2.90133e-05
173     0.00119208     2.95643e-05     2.95643e-05     2.95643e-05     2.95643e-05     2.95643e-05     2.95643e-05
175     0.00102722     2.7852e-05     2.7852e-05     2.7852e-05     2.7852e-05     2.7852e-05     2.7852e-05
177     0.00116672     3.42174e-05     3.42174e-05     3.42174e-05     3.42174e-05     3.42174e-05     3.42174e-05
179     0.00119208     3.79974e-05     3.79974e-05     3.79974e-05     3.79974e-05     3.79974e-05     3.79974e-05
181     0.000849677     2.96132e-05     2.96132e-05     2.96132e-05     2.96132e-05     2.96132e-05     2.96132e-05
183     0.00107795     4.15531e-05     4.15531e-05     4.15531e-05     4.15531e-05     4.15531e-05     4.15531e-05
185     0.00105258     4.51383e-05     4.51383e-05     4.51383e-05     4.51383e-05     4.51383e-05     4.51383e-05
187     0.00107795     5.01601e-05     5.01601e-05     5.01601e-05     5.01601e-05     5.01601e-05     5.01601e-05
189     0.00107795     5.40585e-05     5.40585e-05     5.40585e-05     5.40585e-05     5.40585e-05     5.40585e-05
191     0.00125549     6.74372e-05     6.74372e-05     6.74372e-05     6.74372e-05     6.74372e-05     6.74372e-05
193     0.00121745     6.96442e-05     6.96442e-05     6.96442e-05     6.96442e-05     6.96442e-05     6.96442e-05
195     0.00129354     7.80631e-05     7.80631e-05     7.80631e-05     7.80631e-05     7.80631e-05     7.80631e-05
197     0.00143304     9.06324e-05     9.06324e-05     9.06324e-05     9.06324e-05     9.06324e-05     9.06324e-05
199     0.00129354     8.55487e-05     8.55487e-05     8.55487e-05     8.55487e-05     8.55487e-05     8.55487e-05
201     0.0014584     0.000101098     0.000101098     0.000101098     0.000101098     0.000101098     0.000101098
203     0.00149645     0.000108482     0.000108482     0.000108482     0.000108482     0.000108482     0.000108482
205     0.00126817     9.58861e-05     9.58861e-05     9.58861e-05     9.58861e-05     9.58861e-05     9.58861e-05
207     0.00167399     0.000131991     0.000131991     0.000131991     0.000131991     0.000131991     0.000131991
209     0.00134426     0.00011005     0.00011005     0.00011005     0.00011005     0.00011005     0.00011005
211     0.00120477     0.000102541     0.000102541     0.000102541     0.000595613     0.000808689     0.000448999
213     0.00136963     0.000120774     0.000120774     0.000120774     0.000592777     0.000797172     0.000452187
215     0.00155985     0.000142706     0.000142706     0.000142706     0.000620726     0.000828064     0.00047804
217     0.00153449     0.000145335     0.000145335     0.000145335     0.000626836     0.000836068     0.000482948
219     0.00164863     0.000161302     0.000161302     0.000161302     0.000635899     0.000842396     0.000493907
221     0.00148376     0.000149966     0.000149966     0.000149966     0.000637663     0.000850021     0.000491573
223     0.00148376     0.000154747     0.000154747     0.000154747     0.0006395     0.000850715     0.000494191
225     0.00134426     0.000144703     0.000144703     0.000144703     0.000638372     0.000853528     0.000490304
227     0.00149645     0.000165945     0.000165945     0.000165945     0.000640734     0.000847689     0.000498255
229     0.00158522     0.000181405     0.000181405     0.000181405     0.000675606     0.000891052     0.000527254
231     0.00168667     0.000198514     0.000198514     0.000198514     0.000686037     0.000898665     0.000539655
233     0.00186422     0.000226252     0.000226252     0.000226252     0.000719708     0.000934912     0.000571467
235     0.00186422     0.000232956     0.000232956     0.000232956     0.000718718     0.000930566     0.000572743
237     0.00186422     0.000239852     0.000239852     0.000239852     0.000720845     0.000930625     0.000576237
239     0.0015979     0.000211356     0.000211356     0.000211356     0.00070438     0.000919479     0.000556115
241     0.00199103     0.000270328     0.000270328     0.000270328     0.000754617     0.000965995     0.000608854
243     0.00199103     0.000277992     0.000277992     0.000277992     0.000760111     0.000970645     0.000614914
245     0.00176276     0.000252476     0.000252476     0.000252476     0.000750144     0.000967577     0.000600161
247     0.00188958     0.000277998     0.000277998     0.000277998     0.00077524     0.000992529     0.000625346
249     0.00194031     0.000292545     0.000292545     0.000292545     0.000773424     0.00098349     0.000628477
251     0.00194031     0.000300186     0.000300186     0.000300186     0.000782962     0.000993634     0.000637479
253     0.00237149     0.000376187     0.000376187     0.000376187     0.000856693     0.0010661     0.000712014
255     0.00227003     0.0003699     0.0003699     0.0003699     0.000849124     0.00105755     0.000704948
257     0.00199103     0.000332209     0.000332209     0.000332209     0.000818519     0.0010297     0.000672345
259     0.00204176     0.00034903     0.00034903     0.00034903     0.000838095     0.00105013     0.000691209
261     0.00223199     0.000390881     0.000390881     0.000390881     0.000885075     0.00109915     0.000736732
263     0.00246026     0.000440769     0.000440769     0.000440769     0.000928878     0.00114016     0.000782404
265     0.00243489     0.00044677     0.00044677     0.00044677     0.000941027     0.00115489     0.000792673
267     0.00210517     0.000395069     0.000395069     0.000395069     0.000882774     0.00109387     0.000736381
269     0.00219394     0.000420903     0.000420903     0.000420903     0.000888966     0.00109161     0.000748345
271     0.00273926     0.000537266     0.000537266     0.000537266     0.00100791     0.00121179     0.000866443
273     0.0026378     0.000529397     0.000529397     0.000529397     0.000993975     0.0011954     0.000854222
275     0.00242221     0.000497225     0.000497225     0.000497225     0.000975609     0.00118314     0.00083157
277     0.00237149     0.000497096     0.000497096     0.000497096     0.000982839     0.0011937     0.000836523
279     0.00261244     0.000560023     0.000560023     0.000560023     0.00104278     0.00125231     0.000897307
281     0.00221931     0.000485997     0.000485997     0.000485997     0.000974118     0.00118588     0.000827053
283     0.00298021     0.000666452     0.000666452     0.000666452     0.00114654     0.00135456     0.00100197
285     0.00266317     0.00060775     0.00060775     0.00060775     0.00107479     0.00127696     0.000934247
287     0.00282803     0.00065857     0.00065857     0.00065857     0.00114259     0.00135187     0.000997006
289     0.00275194     0.000654331     0.000654331     0.000654331     0.00112574     0.00132943     0.000983954
291     0.00330993     0.000802803     0.000802803     0.000802803     0.00127536     0.00147955     0.00113316
293     0.00278998     0.000689807     0.000689807     0.000689807     0.00117743     0.00138831     0.0010306
295     0.00313239     0.00078995     0.00078995     0.00078995     0.00127702     0.00148786     0.00113022
297     0.00318312     0.000818371     0.000818371     0.000818371     0.00131481     0.00152994     0.00116506
299     0.00323384     0.000846943     0.000846943     0.000846943     0.00131943     0.00152429     0.0011768
301     0.00325921     0.0008702     0.0008702     0.0008702     0.00136142     0.00157448     0.00121308
303     0.00358893     0.000976545     0.000976545     0.000976545     0.00148122     0.00170008     0.00132881
305     0.00339871     0.000942143     0.000942143     0.000942143     0.00144903     0.00166873     0.00129597
307     0.00372843     0.0010533     0.0010533     0.0010533     0.0015556     0.00177312     0.00140397
309     0.00372843     0.00107258     0.00107258     0.00107258     0.001582     0.0018024     0.00142827
311     0.00363966     0.00106581     0.00106581     0.00106581     0.00154984     0.00175907     0.00140383
313     0.0038933     0.00116037     0.00116037     0.00116037     0.00168305     0.00190883     0.00152543
315     0.00386793     0.00117367     0.00117367     0.00117367     0.00168753     0.00190938     0.00153259
317     0.00438788     0.00135494     0.00135494     0.00135494     0.00187455     0.00209882     0.00171789
319     0.00377916     0.00118686     0.00118686     0.00118686     0.00171834     0.00194759     0.00155811
321     0.00454006     0.00145085     0.00145085     0.00145085     0.00200137     0.0022388     0.0018354
323     0.00481906     0.00156491     0.00156491     0.00156491     0.00211038     0.00234552     0.00194591
325     0.00480638     0.00158682     0.00158682     0.00158682     0.00215833     0.00240471     0.00198603
327     0.0043752     0.00146858     0.00146858     0.00146858     0.00205155     0.00230263     0.00187579
329     0.00478102     0.00163018     0.00163018     0.00163018     0.00219115     0.00243258     0.00202211
331     0.00484443     0.00167858     0.00167858     0.00167858     0.00223439     0.00247328     0.00206702
333     0.00466688     0.00164244     0.00164244     0.00164244     0.00224347     0.00250131     0.00206265
335     0.00488247     0.00174543     0.00174543     0.00174543     0.00237059     0.00263824     0.00218276
337     0.00547851     0.00198973     0.00198973     0.00198973     0.00259239     0.00284987     0.00241156
339     0.00538974     0.00198789     0.00198789     0.00198789     0.0026383     0.00291557     0.0024434
341     0.00557997     0.0020896     0.0020896     0.0020896     0.00273979     0.00301641     0.00254517
343     0.00592237     0.00225378     0.00225378     0.00225378     0.00290947     0.00318801     0.00271336
345     0.00656914     0.00254211     0.00254211     0.00254211     0.00326394     0.00357117     0.00304774
347     0.00632819     0.00249339     0.00249339     0.00249339     0.00321768     0.00352707     0.00300009
349     0.00640428     0.00257178     0.00257178     0.00257178     0.0033513     0.0036845     0.00311701
351     0.0066706     0.00273686     0.00273686     0.00273686     0.0035168     0.00385055     0.00328212
353     0.00646769     0.00271456     0.00271456     0.00271456     0.00351825     0.00386294     0.00327604
355     0.00734273     0.00315431     0.00315431     0.00315431     0.00404597     0.00442937     0.00377672
357     0.00778659     0.00342782     0.00342782     0.00342782     0.00435907     0.00476043     0.00407727
359     0.00779927     0.00351589     0.00351592     0.00351589     0.004462     0.00487083     0.00417516
361     0.00802754     0.00370357     0.00370362     0.00370357     0.00471448     0.00515194     0.0044076
363     0.0082685     0.00389869     0.00389875     0.00389869     0.00494346     0.00539612     0.00462599
365     0.0091689     0.00442081     0.00442088     0.00442081     0.00555576     0.00604808     0.00521056
367     0.00975226     0.00480191     0.00480199     0.00480191     0.00599229     0.00650935     0.00562988
369     0.00990444     0.00498181     0.0049819     0.00498181     0.0062698     0.0068299     0.00587724
371     0.00990444     0.00508886     0.00508896     0.00508886     0.0063631     0.00691799     0.00597425
373     0.00982835     0.00516286     0.00516297     0.00516286     0.0064979     0.00708015     0.00608997
375     0.0116672     0.00626218     0.00626234     0.00626218     0.007777     0.00843879     0.00731356
377     0.0118955     0.00652065     0.00652083     0.00652065     0.00804753     0.00871572     0.00757981
379     0.0120857     0.0067643     0.00676451     0.0067643     0.00832979     0.00901593     0.00784964
381     0.0131763     0.00752492     0.00752517     0.00752492     0.00928636     0.0100597     0.00874543
383     0.0131002     0.00763453     0.00763482     0.00763453     0.00943328     0.0102241     0.00888028
385     0.014901     0.00885052     0.00885089     0.00885052     0.0108221     0.0116898     0.0102153
387     0.0146855     0.0088895     0.00888992     0.0088895     0.0109619     0.0118752     0.0103234
389     0.015662     0.00965766     0.00965817     0.00965766     0.0118063     0.0127544     0.0111437
391     0.0164989     0.0103582     0.0103588     0.0103582     0.0127449     0.0137992     0.0120082
393     0.0183124     0.0117058     0.0117066     0.0117058     0.0142849     0.0154254     0.0134881
395     0.018211     0.0118511     0.0118519     0.0118511     0.0145269     0.0157116     0.0136996
397     0.019365     0.0128226     0.0128237     0.0128226     0.0156136     0.0168506     0.0147498
399     0.0214321     0.0144457     0.0144471     0.0144457     0.0174495     0.0187826     0.016519
401     0.0219901     0.0150853     0.015087     0.0150853     0.0182218     0.0196153     0.0172492
403     0.0241714     0.0168783     0.0168804     0.0168783     0.0203307     0.021867     0.0192591
405     0.0256044     0.0182011     0.0182037     0.0182011     0.0218979     0.0235451     0.0207492
407     0.0279759     0.020249     0.0202524     0.020249     0.0242397     0.0260207     0.0229986
409     0.0286607     0.021112     0.0211161     0.021112     0.0252222     0.0270589     0.0239427
411     0.0312859     0.0234719     0.0234772     0.0234719     0.0278753     0.0298456     0.0265035
413     0.0349762     0.0267303     0.0267373     0.0267303     0.0315421     0.0336983     0.0300422
415     0.0360161     0.0280422     0.0280509     0.0280422     0.0330087     0.0352364     0.0314594
417     0.039009     0.0309469     0.0309581     0.0309469     0.0362362     0.038613     0.0345851
419     0.0429277     0.0347334     0.0347482     0.0347334     0.0403624     0.0428969     0.038604
421     0.0461615     0.0381157     0.0381349     0.0381157     0.0440464     0.0467232     0.0421918
423     0.0497378     0.0419645     0.0419896     0.0419645     0.0481933     0.0510129     0.0462434
425     0.0523756     0.0451949     0.0452269     0.0451949     0.0515396     0.0544221     0.0495513
427     0.0579429     0.0512099     0.0512532     0.0512099     0.0578547     0.0608868     0.0557702
429     0.0617981     0.0560387     0.0560954     0.0560387     0.0628184     0.0659281     0.06069
431     0.069851     0.0651331     0.0652119     0.0651331     0.0723756     0.0757181     0.0701005
433     0.0724001     0.0695647     0.0696646     0.0695647     0.0766038     0.0798763     0.0743916
435     0.0788551     0.0782581     0.0783904     0.0782581     0.085385     0.0887305     0.0831442
437     0.0852594     0.0875843     0.0877569     0.0875843     0.094572     0.0978961     0.092374
439     0.0896472     0.0955343     0.0957512     0.0955343     0.102113     0.105299     0.100042
441     0.0938195     0.103851     0.104118     0.103851     0.109874     0.112863     0.107976
443     0.099019     0.113891     0.114214     0.113891     0.119227     0.121966     0.117543
445     0.102012     0.121922     0.122295     0.121922     0.126329     0.128702     0.124937
447     0.103128     0.127896     0.128305     0.127896     0.131105     0.132974     0.130089
449     0.100985     0.129519     0.129939     0.129519     0.131346     0.132598     0.130767
451     0.09978     0.131823     0.132242     0.131823     0.132332     0.132983     0.132171
453     0.0976367     0.132209     0.132607     0.132209     0.131356     0.132025     0.130967
455     0.0908266     0.125395     0.125742     0.125395     0.123343     0.124342     0.122406
457     0.0878591     0.123077     0.12338     0.123077     0.119787     0.121136     0.118283
459     0.0787029     0.111351     0.111589     0.111351     0.107331     0.108847     0.105495
461     0.0752408     0.107132     0.107326     0.107132     0.102312     0.104038     0.100111
463     0.069851     0.0998152     0.0999669     0.0998152     0.0943978     0.0962705     0.0919264
465     0.0632819     0.0905787     0.0906931     0.0905787     0.0848949     0.0868139     0.0823031
467     0.0603778     0.0864536     0.0865435     0.0864536     0.0803525     0.0823789     0.0775739
469     0.0527561     0.075511     0.0755754     0.075511     0.069541     0.0714995     0.0668236
471     0.0501943     0.0717915     0.0718417     0.0717915     0.065552     0.0675817     0.0627141
473     0.0447792     0.0639972     0.0640339     0.0639972     0.0580092     0.0599456     0.0552853
475     0.0399855     0.0571144     0.0571411     0.0571144     0.0513326     0.0531942     0.048702
477     0.0383115     0.0547144     0.0547354     0.0547144     0.0488319     0.0507209     0.0461542
479     0.0339744     0.0485369     0.0485522     0.0485369     0.0430389     0.0448013     0.040534
481     0.0311083     0.0444831     0.0444947     0.0444831     0.03915     0.0408578     0.0367173
483     0.0301952     0.0432412     0.0432505     0.0432412     0.0378145     0.0395516     0.0353358
485     0.0264668     0.0379794     0.0379862     0.0379794     0.0329827     0.0345822     0.030697
487     0.0246406     0.035448     0.0354533     0.035448     0.0305821     0.03214     0.0283536
489     0.0223579     0.0322575     0.0322615     0.0322575     0.0277035     0.0291618     0.0256159
491     0.0207727     0.0300687     0.0300718     0.0300687     0.0256698     0.0270785     0.0236517
493     0.0198469     0.0288304     0.028833     0.0288304     0.02452     0.0259003     0.0225422
495     0.0174628     0.0254675     0.0254694     0.0254675     0.0214709     0.0227504     0.0196369
497     0.0161439     0.0236421     0.0236435     0.0236421     0.0197921     0.0210245     0.0180258
499     0.0157888     0.0232253     0.0232266     0.0232253     0.0194298     0.0206447     0.0176883
501     0.0140387     0.0207527     0.0207537     0.0207527     0.0172765     0.0183894     0.0156811
503     0.013468     0.0200099     0.0200106     0.0200099     0.0165695     0.0176712     0.01499
505     0.0124535     0.0186006     0.0186012     0.0186006     0.0153487     0.0163907     0.0138547
507     0.0119335     0.0179241     0.0179246     0.0179241     0.0146772     0.0157182     0.013184
509     0.0113121     0.0170882     0.0170886     0.0170882     0.0140121     0.0149993     0.0125955
511     0.0107922     0.0163989     0.0163992     0.0163989     0.0133578     0.0143347     0.0119556
513     0.0102976     0.0157425     0.0157427     0.0157425     0.0127911     0.0137403     0.0114282
515     0.0091689     0.0141062     0.0141065     0.0141062     0.0113764     0.0122553     0.0101139
517     0.00913085     0.0141352     0.0141354     0.0141352     0.0114026     0.0122834     0.010137
519     0.00793877     0.0123703     0.0123704     0.0123703     0.00986978     0.0106765     0.00871016
521     0.00786268     0.0123292     0.0123293     0.0123292     0.00986503     0.0106607     0.00872106
523     0.00725396     0.011449     0.0114491     0.011449     0.0091829     0.00991516     0.00812983
525     0.00684814     0.0108791     0.0108792     0.0108791     0.00866338     0.00937965     0.00763303
527     0.00670864     0.0107274     0.0107274     0.0107274     0.0084776     0.00920517     0.00743151
529     0.00644233     0.0103679     0.0103679     0.0103679     0.00819606     0.0088985     0.00718627
531     0.00640428     0.010373     0.010373     0.010373     0.00818527     0.00889286     0.00716824
533     0.00574483     0.00936589     0.00936593     0.00936589     0.0073423     0.00799669     0.00640191
535     0.00527561     0.00865734     0.00865737     0.00865734     0.00672877     0.00735225     0.00583294
537     0.00509806     0.00842016     0.00842019     0.00842016     0.00658308     0.0071769     0.00573019
539     0.0049332     0.00820294     0.00820296     0.00820294     0.00638749     0.00697423     0.00554519
541     0.00456543     0.00764004     0.00764005     0.00764004     0.00592418     0.00647873     0.00512833
543     0.00467956     0.00788655     0.00788656     0.00788655     0.0060973     0.00667556     0.00526729
545     0.00443861     0.0075323     0.00753231     0.0075323     0.00582885     0.00637954     0.00503862
547     0.00440056     0.00752036     0.00752036     0.00752036     0.00581183     0.00636432     0.00501901
549     0.00402011     0.00691845     0.00691845     0.00691845     0.00534134     0.00585153     0.00460933
551     0.00400743     0.00694733     0.00694733     0.00694733     0.00532536     0.00585021     0.0045723
553     0.00362698     0.00633222     0.00633222     0.00633222     0.00479083     0.00528983     0.0040749
555     0.00358893     0.00631125     0.00631125     0.00631125     0.00477881     0.00527512     0.00406668
557     0.00356357     0.00631152     0.00631152     0.00631152     0.00479264     0.00528476     0.00408634
559     0.00303094     0.00540316     0.00540316     0.00540316     0.0040881     0.00451449     0.00347625
561     0.00322116     0.00578004     0.00578004     0.00578004     0.00436284     0.00482267     0.00370283
563     0.00298021     0.00537874     0.00537874     0.00537874     0.0040607     0.00448872     0.00344624
565     0.00298021     0.00540993     0.00540993     0.00540993     0.00410343     0.00452806     0.00349362
567     0.00228271     0.00416816     0.00416816     0.00416816     0.00307531     0.00343079     0.00256476
569     0.00258708     0.00475178     0.00475178     0.00475178     0.0035618     0.00394915     0.00300542
571     0.00268853     0.00497191     0.00497191     0.00497191     0.00373348     0.00413682     0.00315419
573     0.00237149     0.00441691     0.00441691     0.00441691     0.00328191     0.00365167     0.00275083
575     0.00238417     0.00447225     0.00447225     0.00447225     0.00334421     0.00371176     0.00281635
577     0.00234612     0.00443154     0.00443154     0.00443154     0.00331314     0.0036776     0.00278976
579     0.00196567     0.00373849     0.00373849     0.00373849     0.00272408     0.0030547     0.00224933
581     0.00210517     0.00403039     0.00403039     0.00403039     0.00298267     0.00332423     0.00249224
583     0.00194031     0.00373913     0.00373913     0.00373913     0.00276544     0.003083     0.00230956
585     0.00197835     0.00383723     0.00383723     0.00383723     0.00281064     0.0031456     0.00232982
587     0.00209249     0.00408468     0.00408468     0.00408468     0.00304587     0.00338496     0.00255901
589     0.00220662     0.00433587     0.00433587     0.00433587     0.00320836     0.0035766     0.00267968
591     0.00195299     0.00386589     0.00386589     0.00386589     0.00285153     0.00318296     0.00237553
593     0.00168667     0.00336517     0.00336517     0.00336517     0.00243728     0.00274062     0.00200159
595     0.00191494     0.00385252     0.00385252     0.00385252     0.00279915     0.00314376     0.00230429
597     0.00177544     0.00360202     0.00360202     0.00360202     0.00262792     0.00294681     0.00217
599     0.00129354     0.00264395     0.00264395     0.00264395     0.00188722     0.00213509     0.00153111
601     0.00183885     0.00378358     0.00378358     0.00378358     0.00274265     0.00308388     0.00225244
603     0.00133158     0.00275625     0.00275625     0.00275625     0.00193499     0.00220444     0.00154773
605     0.00167399     0.00348463     0.00348463     0.00348463     0.00254167     0.00285131     0.00209663
607     0.00144572     0.00302565     0.00302565     0.00302565     0.00216807     0.0024499     0.00176292
609     0.00128086     0.0026959     0.0026959     0.0026959     0.00193752     0.00218692     0.00157895
611     0.00134426     0.00284607     0.00284607     0.00284607     0.00203194     0.00229978     0.0016468
613     0.00135695     0.00289185     0.00289185     0.00289185     0.00207891     0.00234647     0.00169421
615     0.00115404     0.00247792     0.00247792     0.00247792     0.00175186     0.00199089     0.00140816
617     0.00119208     0.00257686     0.00257686     0.00257686     0.00182292     0.00207116     0.001466
619     0.00142036     0.003093     0.003093     0.003093     0.00222076     0.00250804     0.00180777
621     0.00125549     0.00275334     0.00275334     0.00275334     0.00196985     0.002228     0.0015988
623     0.00116672     0.00257532     0.00257532     0.00257532     0.00185376     0.00209157     0.0015119
625     0.00109063     0.00242361     0.00242361     0.00242361     0.00170491     0.00194188     0.00136423
627     0.00111599     0.0024954     0.0024954     0.0024954     0.00175704     0.00200059     0.00140686
629     0.000900404     0.00202553     0.00202553     0.00202553     0.00137764     0.00159146     0.00107019
631     0.00112868     0.00255505     0.00255505     0.00255505     0.00178449     0.00203894     0.00141866
633     0.00102722     0.00233895     0.00233895     0.00233895     0.00164126     0.00187174     0.00130982
635     0.000824313     0.00188857     0.00188857     0.00188857     0.00128877     0.00148702     0.00100371
637     0.00087504     0.0020166     0.0020166     0.0020166     0.00139001     0.00159722     0.00109204
639     0.000913085     0.00211773     0.00211773     0.00211773     0.00146692     0.00168226     0.00115721
641     0.000887722     0.00207206     0.00207206     0.00207206     0.0014368     0.00164714     0.00113425
643     0.000634087     0.00149087     0.00149087     0.00149087     0.00100019     0.00116276     0.000766276
645     0.000862359     0.00204105     0.00204105     0.00204105     0.00143175     0.00163379     0.00114109
647     0.000710178     0.00169328     0.00169328     0.00169328     0.00115461     0.00133333     0.000897423
649     0.000735541     0.00176613     0.00176613     0.00176613     0.00120904     0.00139397     0.000942939
651     0.000760905     0.00183978     0.00183978     0.00183978     0.00127477     0.00146238     0.00100478
653     0.000735541     0.00179067     0.00179067     0.00179067     0.001209     0.00140219     0.000931053
655     0.000634087     0.00155394     0.00155394     0.00155394     0.00104776     0.0012159     0.000805886
657     0.000824313     0.002033     0.002033     0.002033     0.00142405     0.00162635     0.00113301
659     0.00107795     0.00267517     0.00267517     0.00267517     0.00186699     0.00213555     0.00148067
661     0.000557997     0.00139403     0.00139403     0.00139403     0.000933912     0.0010869     0.000713882
663     0.000634087     0.00159366     0.00159366     0.00159366     0.00108232     0.00125243     0.000837555
665     0.000570678     0.00144349     0.00144349     0.00144349     0.00095825     0.0011198     0.000725713
667     0.00058336     0.00148454     0.00148454     0.00148454     0.000991368     0.00115569     0.000754827
669     0.000532633     0.00136352     0.00136352     0.00136352     0.000853902     0.00102384     0.000609234
671     0.000532633     0.00137185     0.00137185     0.00137185     0.000891548     0.00105182     0.000660744
673     0.000646769     0.00167635     0.00167635     0.00167635     0.00115242     0.00132732     0.000900488
675     0.000519951     0.00135502     0.00135502     0.00135502     0.000879472     0.00103828     0.000650723
677     0.000469224     0.00123021     0.00123021     0.00123021     0.000814815     0.000953575     0.000614946
679     0.000684814     0.00180548     0.00180548     0.00180548     0.00123479     0.00142548     0.000960118
681     0.000545315     0.00144579     0.00144579     0.00144579     0.000982531     0.00113736     0.000759539
683     0.000596042     0.00158862     0.00158862     0.00158862     0.0010713     0.00124427     0.000822294
685     0.000557997     0.00149549     0.00149549     0.00149549     0.000987889     0.00115765     0.000743463
687     0.000545315     0.00146954     0.00146954     0.00146954     0.00100958     0.00116349     0.000787975
689     0.000393134     0.00106521     0.00106521     0.00106521     0.000696199     0.000819743     0.000518331
691     0.00050727     0.00138198     0.00138198     0.00138198     0.000939832     0.00108796     0.00072652
693     0.000393134     0.00107822     0.00107822     0.00107822     0.000699212     0.00082627     0.000516147
695     0.000608724     0.00167924     0.00167924     0.00167924     0.00110196     0.00129566     0.000822796
697     0.000519951     0.00144534     0.00144534     0.00144534     0.000963389     0.00112524     0.000730063
699     0.000405816     0.00113493     0.00113493     0.00113493     0.000741238     0.000873567     0.000550468
701     0.000443861     0.00124873     0.00124873     0.00124873     0.000812297     0.000959069     0.00060064
703     0.000342407     0.000968287     0.000968287     0.000968287     0.000578369     0.000709566     0.00038914
705     0.000367771     0.00104573     0.00104573     0.00104573     0.00069082     0.000810299     0.000518512
707     0.000342407     0.000979435     0.000979435     0.000979435     0.000605688     0.000731559     0.000424169
709     0.000405816     0.00116812     0.00116812     0.00116812     0.000765273     0.000900999     0.000569551
711     0.000380452     0.00110209     0.00110209     0.00110209     0.000702712     0.000837303     0.000508571
713     0.00029168     0.000849738     0.000849738     0.000849738     0.000548666     0.000650168     0.000402282
715     0.000456543     0.00133936     0.00133936     0.00133936     0.000905331     0.00105172     0.000694196
717     0.000393134     0.0011606     0.0011606     0.0011606     0.000745652     0.000885673     0.000543688
719     0.000329725     0.000979935     0.000979935     0.000979935     0.00063069     0.000748617     0.000460578
721     0.000253635     0.000758216     0.000758216     0.000758216     0.000473766     0.000569876     0.000335091
723     0.000317044     0.000953399     0.000953399     0.000953399     0.000604202     0.000722281     0.000433752
725     0.000342407     0.00103453     0.00103453     0.00103453     0.000667162     0.000791496     0.00048766
727     0.000278998     0.000847077     0.000847077     0.000847077     0.000541866     0.000645245     0.000392551
729     0.000469224     0.00143148     0.00143148     0.00143148     0.000956055     0.00111721     0.000723244
731     0.000418498     0.0012836     0.0012836     0.0012836     0.000858451     0.00100266     0.000650106
733     0.000278998     0.000860203     0.000860203     0.000860203     0.000534806     0.000645235     0.000375278
735     0.000329725     0.00102298     0.00102298     0.00102298     0.000678535     0.000795472     0.000509567
737     0.000304362     0.000949854     0.000949854     0.000949854     0.000629421     0.000738249     0.000472157
739     0.000355089     0.00111417     0.00111417     0.00111417     0.0007287     0.000859684     0.000539415
741     0.000329725     0.00104186     0.00104186     0.00104186     0.000683826     0.000805564     0.000507883
743     0.000317044     0.00100823     0.00100823     0.00100823     0.000650118     0.00077196     0.000473958
745     0.000329725     0.00105484     0.00105484     0.00105484     0.000721192     0.000834813     0.000556922
747     0.000202908     0.000653874     0.000653874     0.000653874     0.000389432     0.000479555     0.000259093
749     0.000164863     0.00053434     0.00053434     0.00053434     0.000303264     0.000382066     0.000189256
751     0.000240953     0.000784923     0.000784923     0.000784923     0.000451555     0.000565314     0.00028698
753     0.000202908     0.000664577     0.000664577     0.000664577     0.000425607     0.000507183     0.000307562
755     0.000342407     0.00112776     0.00112776     0.00112776     0.000742286     0.00087394     0.000551795
757     0.000240953     0.000797327     0.000797327     0.000797327     0.000462855     0.000577135     0.000297513
759     0.000266317     0.000885463     0.000885463     0.000885463     0.000559155     0.000670687     0.000397751
761     0.000202908     0.000677788     0.000677788     0.000677788     0.000409064     0.00050096     0.000276055
763     0.00021559     0.000724559     0.000724559     0.000724559     0.000452427     0.000545548     0.000317615
765     0.000253635     0.000857209     0.000857209     0.000857209     0.000533611     0.000644428     0.000373175
767     0.000253635     0.000861325     0.000861325     0.000861325     0.000547393     0.000654981     0.000391603
769     0.000190226     0.000650483     0.000650483     0.000650483     0.0003709     0.000466777     0.000232017
771     0.000152181     0.000523495     0.000523495     0.000523495     0.000306556     0.000380997     0.000198686
773     0.000164863     0.000570151     0.000570151     0.000570151     0.000349219     0.000425087     0.000239305
775     0.000114136     0.000397398     0.000397398     0.000397398     0.000210768     0.000274889     0.000117845
777     0.000177544     0.000622091     0.000622091     0.000622091     0.00039083     0.000470336     0.000275572
779     0.000177544     0.000626133     0.000626133     0.000626133     0.000358057     0.000450288     0.000224345
781     0.000202908     0.000719561     0.000719561     0.000719561     0.000436099     0.000533696     0.000294563
783     0.000253635     0.000903632     0.000903632     0.000903632     0.00057868     0.00069066     0.000416247
785     0.000240953     0.000863352     0.000863352     0.000863352     0.000551358     0.000658967     0.000395229
787     0.000228271     0.000821259     0.000821259     0.000821259     0.000521766     0.000625153     0.000371705
789     0.000164863     0.000596363     0.000596363     0.000596363     0.000363015     0.000443628     0.000245974
791     0.000152181     0.000552781     0.000552781     0.000552781     0.000339543     0.000413264     0.000232492
793     0.00021559     0.00078805     0.00078805     0.00078805     0.000485971     0.000590458     0.0003342
795     0.000164863     0.000605742     0.000605742     0.000605742     0.000347354     0.000436783     0.000217459
797     0.000190226     0.000702932     0.000702932     0.000702932     0.000429542     0.00052421     0.000292016
799     0.000190226     0.000706417     0.000706417     0.000706417     0.000417601     0.000517661     0.00027222
801     0.000228271     0.000852969     0.000852969     0.000852969     0.000547152     0.000653167     0.000393125
803     0.000101454     0.000381592     0.000381592     0.000381592     0.000221233     0.000276858     0.000140388
805     0.000190226     0.000718635     0.000718635     0.000718635     0.00042568     0.00052736     0.000277825
807     0.000152181     0.000578375     0.000578375     0.000578375     0.000334036     0.000418916     0.000210615
809     0.000164863     0.0006308     0.0006308     0.0006308     0.000388443     0.000472706     0.000265889
811     0.000114136     0.000439179     0.000439179     0.000439179     0.000239293     0.00030885     0.000138092
813     0.000164863     0.00063792     0.00063792     0.00063792     0.000399441     0.000482498     0.000278553
815     0.000114136     0.000444138     0.000444138     0.000444138     0.000250909     0.000318256     0.000152835
817     8.87722e-05     0.000347275     0.000347275     0.000347275     0.000204881     0.000254547     0.000132544
819     0.000228271     0.000897352     0.000897352     0.000897352     0.000577167     0.000688884     0.000414438
821     0.000139499     0.000550748     0.000550748     0.000550748     0.000346517     0.000417785     0.000242713
823     0.000240953     0.000957005     0.000957005     0.000957005     0.000580457     0.00071184     0.000389155
825     0.000266317     0.0010633     0.0010633     0.0010633     0.000665293     0.000804166     0.000463164
827     8.87722e-05     0.000356142     0.000356142     0.000356142     0.00017847     0.00024047     8.82228e-05
829     0.000152181     0.000614332     0.000614332     0.000614332     0.000348964     0.000441622     0.000214061
831     0.000139499     0.000565947     0.000565947     0.000565947     0.000340261     0.000419179     0.000225312
833     0.000126817     0.000517274     0.000517274     0.000517274     0.000306492     0.000380332     0.000198814
835     6.34087e-05     0.000260334     0.000260334     0.000260334     0.000142764     0.000184039     8.2498e-05
837     0.000177544     0.000732749     0.000732749     0.000732749     0.000449909     0.00054942     0.000304511
839     0.000139499     0.000578888     0.000578888     0.000578888     0.000347834     0.000429251     0.000228782
841     7.60905e-05     0.000317086     0.000317086     0.000317086     0.000167597     0.000220311     9.04862e-05
843     0.000152181     0.000638138     0.000638138     0.000638138     0.000394347     0.000480314     0.000268625
845     7.60905e-05     0.000320944     0.000320944     0.000320944     0.000173272     0.00022532     9.71738e-05
847     0.000101454     0.000429915     0.000429915     0.000429915     0.000252747     0.000315161     0.00016153
849     0.000139499     0.000593983     0.000593983     0.000593983     0.000349639     0.000435698     0.000223945
851     0.000101454     0.000434325     0.000434325     0.000434325     0.000238163     0.000307269     0.000137216
853     0.000101454     0.000437174     0.000437174     0.000437174     0.000237364     0.000307814     0.000134406
855     8.87722e-05     0.000383932     0.000383932     0.000383932     0.00022737     0.000282643     0.000146562
857     0.000190226     0.000828738     0.000828738     0.000828738     0.000500469     0.00061654     0.000330626
859     0.000114136     0.000499995     0.000499995     0.000499995     0.000275219     0.000354819     0.000158671
861     0.000126817     0.000558182     0.000558182     0.000558182     0.000314213     0.000400732     0.000187466
863     0.000139499     0.000617555     0.000617555     0.000617555     0.000373665     0.000460247     0.000246734
865     0.000114136     0.000507606     0.000507606     0.000507606     0.000285943     0.000364718     0.000170404
867     0.000177544     0.000794206     0.000794206     0.000794206     0.000497204     0.000602839     0.000342216
869     0.000152181     0.000684305     0.000684305     0.000684305     0.000415968     0.000511497     0.000275734
871     0.000101454     0.000458306     0.000458306     0.000458306     0.000261066     0.000331349     0.000157889
873     0.000101454     0.000460826     0.000460826     0.000460826     0.000270173     0.000338172     0.000170308
875     0.000101454     0.000463526     0.000463526     0.000463526     0.00025128     0.000327043     0.000139964
877     6.34087e-05     0.000290796     0.000290796     0.000290796     0.00014614     0.000197818     7.01858e-05
879     5.0727e-05     0.000234129     0.000234129     0.000234129     0.000120467     0.000161096     6.07405e-05
881     6.34087e-05     0.00029355     0.00029355     0.00029355     0.000135525     0.00019203     5.24311e-05
883     5.0727e-05     0.000236668     0.000236668     0.000236668     0.000125687     0.000165385     6.73344e-05
885     0.000101454     0.000475339     0.000475339     0.000475339     0.000273411     0.000345657     0.000167201
887     6.34087e-05     0.000298781     0.000298781     0.000298781     0.00016727     0.000214344     9.8049e-05
889     7.60905e-05     0.000360165     0.000360165     0.000360165     0.000192697     0.00025269     0.000104449
891     7.60905e-05     0.000362098     0.000362098     0.000362098     0.00020711     0.000262708     0.000125272
893     7.60905e-05     0.000364351     0.000364351     0.000364351     0.000210476     0.000265776     0.000129003
895     6.34087e-05     0.000305293     0.000305293     0.000305293     0.000148442     0.000204921     6.51438e-05
897     0.000114136     0.0005525     0.0005525     0.0005525     0.000319152     0.000403338     0.000194901
899     6.34087e-05     0.000307991     0.000307991     0.000307991     0.000168066     0.000218622     9.33805e-05
901     7.60905e-05     0.000372252     0.000372252     0.000372252     0.000209314     0.000268239     0.000122244
903     0.000126817     0.000623273     0.000623273     0.000623273     0.000373873     0.000464085     0.000240537
905     2.53635e-05     0.000125202     0.000125202     0.000125202     5.60141e-05     8.10402e-05     1.9038e-05
907     2.53635e-05     0.000126025     0.000126025     0.000126025     5.54877e-05     8.09992e-05     1.78014e-05
909     0.000114136     0.000569667     0.000569667     0.000569667     0.000344022     0.000425632     0.00022345
911     0.000101454     0.00050946     0.00050946     0.00050946     0.000311563     0.000383178     0.000205764
913     7.60905e-05     0.000383854     0.000383854     0.000383854     0.000229434     0.000285366     0.000146773
915     3.80452e-05     0.000192875     0.000192875     0.000192875     7.31448e-05     0.000116565     8.93775e-06
917     2.53635e-05     0.000129447     0.000129447     0.000129447     3.9418e-05     7.21147e-05     -8.95919e-06
919     2.53635e-05     0.000129843     0.000129843     0.000129843     5.88221e-05     8.46501e-05     2.05705e-05
921     0     0     0     0     -2.83983e-05     -1.80582e-05     -4.37207e-05
923     0     0     0     0     -2.972e-05     -1.88867e-05     -4.57812e-05
925     0     0     0     0     -1.42618e-05     -9.05798e-06     -2.198e-05
927     0     0     0     0     -3.55794e-05     -2.25858e-05     -5.48585e-05
929     0     0     0     0     -5.027e-05     -3.18972e-05     -7.75452e-05
931     0     0     0     0     -2.15917e-05     -1.36934e-05     -3.33187e-05
933     0     0     0     0     -4.69948e-05     -2.97907e-05     -7.25552e-05
935     0     0     0     0     -4.11421e-05     -2.60674e-05     -6.35443e-05
937     0     0     0     0     -4.11373e-05     -2.60527e-05     -6.35609e-05
939     0     0     0     0     -3.86648e-05     -2.44776e-05     -5.97572e-05
941     0     0     0     0     -2.66949e-05     -1.68945e-05     -4.1268e-05
943     0     0     0     0     -2.55611e-05     -1.61728e-05     -3.95231e-05
945     0     0     0     0     -1.56743e-05     -9.91479e-06     -2.42417e-05
947     0     0     0     0     -3.43271e-05     -2.17068e-05     -5.31035e-05
949     0     0     0     0     -2.31849e-05     -1.46545e-05     -3.58801e-05
951     0     0     0     0     -2.3266e-05     -1.46974e-05     -3.60233e-05
953     0     0     0     0     -2.57964e-05     -1.62846e-05     -3.99722e-05
955     0     0     0     0     -3.081e-05     -1.94324e-05     -4.77744e-05
957     0     0     0     0     -4.07226e-05     -2.56617e-05     -6.3197e-05
959     0     0     0     0     -1.87132e-05     -1.17819e-05     -2.90647e-05
961     0     0     0     0     0     0     0
963     0     0     0     0     -2.97967e-05     -1.87307e-05     -4.6349e-05
965     0     0     0     0     -1.86908e-05     -1.17405e-05     -2.90904e-05
967     0     0     0     0     -1.12317e-05     -7.05066e-06     -1.74927e-05
969     0     0     0     0     -2.4959e-05     -1.56581e-05     -3.88964e-05
971     0     0     0     0     -2.62899e-05     -1.64827e-05     -4.09925e-05
973     0     0     0     0     -3.49562e-05     -2.19037e-05     -5.45359e-05
975     0     0     0     0     -2.51417e-05     -1.5744e-05     -3.9242e-05
977     0     0     0     0     -1.8889e-05     -1.18219e-05     -2.94979e-05
979     0     0     0     0     -1.00785e-05     -6.3046e-06     -1.57477e-05
981     0     0     0     0     -2.01148e-05     -1.25757e-05     -3.14417e-05
983     0     0     0     0     -2.66573e-05     -1.66577e-05     -4.16892e-05
985     0     0     0     0     -1.26891e-05     -7.92526e-06     -1.98528e-05
987     0     0     0     0     -3.29507e-05     -2.05697e-05     -5.15745e-05
989     0     0     0     0     -2.17165e-05     -1.35516e-05     -3.40051e-05
991     0     0     0     0     -8.95404e-06     -5.5851e-06     -1.40253e-05
993     0     0     0     0     -2.94722e-05     -1.83753e-05     -4.61791e-05
995     0     0     0     0     -2.30262e-05     -1.4351e-05     -3.60914e-05
997     0     0     0     0     -2.44108e-05     -1.52092e-05     -3.82726e-05
999     0     0     0     0     -2.46061e-05     -1.53309e-05     -3.85788e-05
