2    0     0     0     0     0     0     0
6    8.48365e-06     3.07218e-08     3.07155e-08     3.07256e-08     3.07218e-08     3.07218e-08     3.07218e-08
10    8.48365e-06     1.72865e-08     1.7283e-08     1.72887e-08     1.72865e-08     1.72865e-08     1.72865e-08
14    8.48365e-06     8.45055e-09     8.44882e-09     8.4516e-09     8.45055e-09     8.45055e-09     8.45055e-09
18    5.93855e-05     4.71436e-08     4.71339e-08     4.71494e-08     4.71436e-08     4.71436e-08     4.71436e-08
22    0.000118771     7.56251e-08     7.56096e-08     7.56345e-08     7.56251e-08     7.56251e-08     7.56251e-08
26    0.000118771     5.80983e-08     5.80864e-08     5.81055e-08     5.80983e-08     5.80983e-08     5.80983e-08
30    0.000169673     6.96029e-08     6.95886e-08     6.96115e-08     6.96029e-08     6.96029e-08     6.96029e-08
34    0.000229058     7.93205e-08     7.93042e-08     7.93303e-08     7.93205e-08     7.93205e-08     7.93205e-08
38    0.000246026     7.41342e-08     7.4119e-08     7.41434e-08     7.41342e-08     7.41342e-08     7.41342e-08
42    0.000262993     6.80001e-08     6.79861e-08     6.80085e-08     6.80001e-08     6.80001e-08     6.80001e-08
46    0.000262993     6.01393e-08     6.01269e-08     6.01467e-08     6.01393e-08     6.01393e-08     6.01393e-08
50    0.000313895     6.39584e-08     6.39452e-08     6.39663e-08     6.39584e-08     6.39584e-08     6.39584e-08
54    0.000407215     7.53538e-08     7.53383e-08     7.53631e-08     7.53538e-08     7.53538e-08     7.53538e-08
58    0.000347829     5.92661e-08     5.9254e-08     5.92735e-08     5.92661e-08     5.92661e-08     5.92661e-08
62    0.000449633     7.13115e-08     7.12968e-08     7.13203e-08     7.13115e-08     7.13115e-08     7.13115e-08
66    0.00053447     7.93382e-08     7.93219e-08     7.93481e-08     7.93382e-08     7.93382e-08     7.93382e-08
70    0.000593855     8.38012e-08     8.37839e-08     8.38115e-08     8.38012e-08     8.38012e-08     8.38012e-08
74    0.000517502     7.00736e-08     7.00592e-08     7.00823e-08     7.00736e-08     7.00736e-08     7.00736e-08
78    0.000525986     6.89839e-08     6.89697e-08     6.89924e-08     6.89839e-08     6.89839e-08     6.89839e-08
82    0.000746561     9.555e-08     9.55303e-08     9.55618e-08     9.555e-08     9.555e-08     9.555e-08
86    0.000975619     1.22934e-07     1.22909e-07     1.22949e-07     1.22934e-07     1.22934e-07     1.22934e-07
90    0.000873816     1.09244e-07     1.09222e-07     1.09258e-07     1.09244e-07     1.09244e-07     1.09244e-07
94    0.000822914     1.02715e-07     1.02694e-07     1.02728e-07     1.02715e-07     1.02715e-07     1.02715e-07
98    0.000797463     9.99236e-08     9.99031e-08     9.9936e-08     9.99236e-08     9.99236e-08     9.99236e-08
102    0.000839881     1.06097e-07     1.06075e-07     1.0611e-07     1.06097e-07     1.06097e-07     1.06097e-07
106    0.000916234     1.17405e-07     1.17381e-07     1.17419e-07     1.17405e-07     1.17405e-07     1.17405e-07
110    0.00100107     1.31205e-07     1.31178e-07     1.31221e-07     1.31205e-07     1.31205e-07     1.31205e-07
114    0.00100107     1.35908e-07     1.3588e-07     1.35925e-07     1.35908e-07     1.35908e-07     1.35908e-07
118    0.001035     1.48157e-07     1.48127e-07     1.48175e-07     1.48157e-07     1.48157e-07     1.48157e-07
122    0.00106046     1.62529e-07     1.62495e-07     1.62549e-07     1.62529e-07     1.62529e-07     1.62529e-07
126    0.00122165     2.06285e-07     2.06242e-07     2.0631e-07     2.06285e-07     2.06285e-07     2.06285e-07
130    0.00105197     2.0306e-07     2.03018e-07     2.03085e-07     2.0306e-07     2.0306e-07     2.0306e-07
134    0.00132345     2.94868e-07     2.94807e-07     2.94904e-07     2.94868e-07     2.94868e-07     2.94868e-07
138    0.0013998     3.74309e-07     3.74232e-07     3.74356e-07     3.74309e-07     3.74309e-07     3.74309e-07
142    0.00140829     4.71113e-07     4.71016e-07     4.71171e-07     4.71113e-07     4.71113e-07     4.71113e-07
146    0.0013489     5.85024e-07     5.84904e-07     5.85097e-07     5.85024e-07     5.85024e-07     5.85024e-07
150    0.00123013     7.28746e-07     7.28597e-07     7.28837e-07     7.28746e-07     7.28746e-07     7.28746e-07
154    0.00170521     1.53986e-06     1.53954e-06     1.54005e-06     1.53986e-06     1.53986e-06     1.53986e-06
158    0.00154402     2.65062e-06     2.65008e-06     2.65095e-06     2.65062e-06     2.65062e-06     2.65062e-06
162    0.00148464     6.62772e-06     6.62636e-06     6.62854e-06     6.62772e-06     6.62772e-06     6.62772e-06
166    0.00157796     1.33133e-05     1.33105e-05     1.33149e-05     1.33133e-05     1.33133e-05     1.33133e-05
170    0.00156947     1.78349e-05     1.78313e-05     1.78371e-05     1.78349e-05     1.78349e-05     1.78349e-05
174    0.0017137     2.38977e-05     2.38928e-05     2.39006e-05     2.38977e-05     2.38977e-05     2.38977e-05
178    0.00179005     2.94669e-05     2.94609e-05     2.94706e-05     2.94669e-05     2.94669e-05     2.94669e-05
182    0.00178157     3.52172e-05     3.521e-05     3.52216e-05     3.52172e-05     3.52172e-05     3.52172e-05
186    0.00190882     4.564e-05     4.56306e-05     4.56457e-05     4.564e-05     4.564e-05     4.564e-05
190    0.00195124     5.43228e-05     5.43117e-05     5.43296e-05     5.43228e-05     5.43228e-05     5.43228e-05
194    0.00190882     6.01973e-05     6.01849e-05     6.02047e-05     6.01973e-05     6.01973e-05     6.01973e-05
198    0.00207849     7.24588e-05     7.2444e-05     7.24678e-05     7.24588e-05     7.24588e-05     7.24588e-05
202    0.0021803     8.31259e-05     8.31088e-05     8.31362e-05     8.31259e-05     8.31259e-05     8.31259e-05
206    0.0018664     7.71996e-05     7.71837e-05     7.72091e-05     7.71996e-05     7.71996e-05     7.71996e-05
210    0.0021294     9.52773e-05     9.52577e-05     9.52891e-05     0.00035184     0.000462687     0.000275546
214    0.00239239     0.000115476     0.000115452     0.00011549     0.000632666     0.000856769     0.000478455
218    0.0022821     0.000117871     0.000117846     0.000117885     0.000629277     0.000851558     0.000476391
222    0.00240087     0.000132122     0.000132095     0.000132139     0.000651535     0.000877726     0.000495912
226    0.00237542     0.000138985     0.000138956     0.000139002     0.000667891     0.000898414     0.000509258
230    0.00214636     0.000133621     0.000133593     0.000133637     0.000647388     0.000871364     0.000493136
234    0.00263841     0.000174213     0.000174178     0.000174235     0.000697745     0.000926012     0.000540429
238    0.00265538     0.000185593     0.000185555     0.000185616     0.000687833     0.00090694     0.000536794
242    0.00246874     0.000182108     0.00018207     0.00018213     0.000683019     0.000901715     0.000532202
246    0.00268083     0.000208821     0.000208778     0.000208846     0.000713608     0.000934194     0.000561432
250    0.00268083     0.00021967     0.000219625     0.000219698     0.000729423     0.000951967     0.000575796
254    0.00292686     0.000251962     0.000251911     0.000251994     0.000747053     0.000962597     0.000598028
258    0.00305411     0.000276286     0.000276229     0.00027632     0.000771897     0.000986969     0.000622989
262    0.00328317     0.000311489     0.000311425     0.000311528     0.000801572     0.00101383     0.000654464
266    0.00313047     0.000310791     0.000310727     0.000310829     0.000804798     0.00101862     0.000656496
270    0.00283354     0.00029436     0.0002943     0.000294397     0.000778836     0.000988638     0.000633259
274    0.00337649     0.000367299     0.000367223     0.000367344     0.000832097     0.0010337     0.000692224
278    0.00313047     0.000355693     0.00035562     0.000355737     0.00082761     0.00103241     0.000685409
282    0.00331711     0.000393363     0.000393282     0.000393412     0.000864821     0.00106922     0.000722817
286    0.00346981     0.000428314     0.000428226     0.000428367     0.000885706     0.00108355     0.000748081
290    0.0035292     0.000453913     0.000453819     0.000453969     0.000928635     0.00113379     0.000785831
294    0.00346133     0.000462951     0.000462856     0.000463009     0.000885582     0.00106845     0.00075828
298    0.00357162     0.000496387     0.000496285     0.000496448     0.000949813     0.00114639     0.000812978
302    0.00371584     0.000536495     0.000536385     0.000536562     0.000984876     0.00117936     0.000849457
306    0.00432666     0.000648451     0.000648318     0.000648531     0.00109793     0.00129261     0.000962215
310    0.00393641     0.000611729     0.000611603     0.000611805     0.0010495     0.00123885     0.00091743
314    0.00434363     0.000699129     0.000698985     0.000699215     0.00114092     0.00133173     0.0010077
318    0.0045642     0.000761029     0.000760873     0.000761123     0.00121391     0.00140931     0.00107736
322    0.00448785     0.000774249     0.00077409     0.000774345     0.0012118     0.00140046     0.00107988
326    0.00464055     0.000826768     0.000826598     0.00082687     0.00129835     0.00150153     0.00115617
330    0.00486113     0.000894224     0.00089404     0.000894335     0.00135426     0.00155212     0.00121568
334    0.00492051     0.000933905     0.000933713     0.00093402     0.00139683     0.00159527     0.00125766
338    0.0052938     0.00103643     0.00103622     0.00103656     0.00150266     0.00170162     0.00136287
342    0.00491203     0.000992648     0.000992444     0.000992771     0.00150187     0.00171834     0.0013495
346    0.00584523     0.001221     0.00122075     0.00122116     0.00175779     0.00198668     0.00159679
350    0.00525138     0.00114067     0.00114043     0.00114081     0.00168356     0.00191571     0.0015203
354    0.00555679     0.00126302     0.00126276     0.00126318     0.00182992     0.00207335     0.00165889
358    0.00584523     0.00139348     0.00139319     0.00139365     0.0019692     0.00221767     0.00179482
362    0.00625245     0.00156035     0.00156003     0.00156055     0.00218653     0.00245766     0.00199637
366    0.00636273     0.00165731     0.00165697     0.00165752     0.00229919     0.00257778     0.00210385
370    0.00678692     0.00184648     0.00184611     0.00184671     0.00248832     0.00276759     0.00229257
374    0.00717716     0.00203729     0.0020369     0.00203751     0.00280066     0.00313382     0.00256724
378    0.00763528     0.00226055     0.00226012     0.00226079     0.00302249     0.00335612     0.0027889
382    0.00693114     0.00213747     0.00213706     0.00213769     0.00288356     0.00321122     0.00265427
386    0.00783041     0.00250579     0.00250532     0.00250605     0.00330791     0.0036611     0.00306086
390    0.00806795     0.00267762     0.00267712     0.00267789     0.00346628     0.00381429     0.00322289
394    0.00856848     0.00294479     0.00294425     0.00294508     0.00384208     0.00423888     0.00356467
398    0.00899266     0.00319308     0.0031925     0.00319339     0.00405906     0.00444286     0.00379084
402    0.00918779     0.00337473     0.00337413     0.00337505     0.00430227     0.00471422     0.0040144
406    0.0095441     0.00361939     0.00361876     0.00361973     0.00456824     0.00499073     0.00427316
410    0.0103925     0.00406734     0.00406664     0.0040677     0.00509836     0.00555839     0.00477715
414    0.0106046     0.00427668     0.00427595     0.00427705     0.00538583     0.00588142     0.00503976
418    0.0117498     0.00487922     0.00487841     0.00487962     0.00611408     0.00666679     0.00572824
422    0.0115887     0.00494725     0.00494645     0.00494764     0.00617781     0.00672975     0.00579257
426    0.0123098     0.00540041     0.00539957     0.00540081     0.0067887     0.00741305     0.00635318
430    0.0123098     0.00554364     0.0055428     0.00554402     0.00692701     0.00755048     0.00649228
434    0.0137774     0.00637083     0.0063699     0.00637122     0.007817     0.0084693     0.00736202
438    0.0141338     0.00670631     0.00670538     0.00670669     0.00826839     0.00897375     0.00777639
442    0.0151094     0.00735242     0.00735145     0.00735278     0.00909723     0.00988717     0.00854649
446    0.0156184     0.00778863     0.00778767     0.00778894     0.0095551     0.0103581     0.00899577
450    0.0166279     0.00849267     0.00849171     0.00849292     0.0103637     0.0112174     0.00976952
454    0.0183586     0.00959829     0.00959732     0.00959847     0.0117221     0.0126932     0.0110465
458    0.0190543     0.010196     0.0101951     0.010196     0.0124006     0.013409     0.0116986
462    0.0213364     0.0116838     0.0116829     0.0116837     0.014116     0.0152277     0.0133416
466    0.0228465     0.0128041     0.0128034     0.0128037     0.0155138     0.0167505     0.0146517
470    0.0232791     0.0133502     0.0133498     0.0133496     0.0161839     0.0174756     0.0152826
474    0.02568     0.0150722     0.0150721     0.0150711     0.0181775     0.0195932     0.0171891
478    0.0279366     0.0167765     0.0167769     0.0167747     0.0201037     0.0216228     0.0190429
482    0.0302696     0.0186098     0.018611     0.0186072     0.0224261     0.024173     0.0212067
486    0.0326027     0.0205493     0.0205514     0.0205455     0.024604     0.0264662     0.0233046
490    0.0350884     0.0226784     0.0226819     0.0226732     0.0269541     0.0289229     0.0255802
494    0.036853     0.024448     0.0244533     0.0244409     0.0289473     0.031022     0.027499
498    0.0406282     0.0277021     0.0277102     0.0276922     0.032661     0.0349499     0.031062
502    0.0445561     0.0312812     0.031293     0.0312674     0.036545     0.0389794     0.0348431
506    0.0472878     0.0342558     0.0342722     0.0342375     0.0397356     0.0422782     0.0379576
510    0.0508934     0.0381358     0.0381587     0.0381113     0.0438977     0.0465835     0.0420191
514    0.0544989     0.0423652     0.0423964     0.0423327     0.0482542     0.0510157     0.0463219
518    0.059674     0.0483035     0.0483468     0.0482597     0.0544908     0.0574116     0.0524462
522    0.0631523     0.053405     0.053462     0.0533485     0.0596128     0.0625644     0.0575447
526    0.0663506     0.058797     0.0588707     0.0587256     0.0647821     0.0676509     0.0627685
530    0.0707366     0.0659222     0.0660181     0.0658311     0.0717905     0.0746287     0.0697934
534    0.071848     0.0705442     0.0706592     0.0704366     0.0758688     0.0784723     0.074031
538    0.0742149     0.0768902     0.0770261     0.0767648     0.0815722     0.0838968     0.0799241
542    0.075233     0.0822715     0.0824241     0.0821321     0.0861025     0.0880488     0.0847147
546    0.0744185     0.0857205     0.0858811     0.0855746     0.0885048     0.089975     0.0874481
550    0.0714832     0.086392     0.0865492     0.0862492     0.0879542     0.0888545     0.0872954
554    0.0692096     0.0873149     0.087151     0.0874919     0.0876562     0.0873997     0.0879809
558    0.0673771     0.0880572     0.0879048     0.0882205     0.0871714     0.086625     0.0876109
562    0.0621766     0.0835106     0.0833804     0.083648     0.0815427     0.0805127     0.0823085
566    0.0572901     0.0784594     0.0783513     0.0785715     0.075577     0.0741389     0.0766167
570    0.0533706     0.0741336     0.0740448     0.0742236     0.0704537     0.0686591     0.0717327
574    0.0484925     0.068095     0.0680248     0.0681645     0.063889     0.0618648     0.0653204
578    0.0450651     0.0637708     0.0637146     0.0638251     0.0591003     0.0568715     0.0606688
582    0.0405264     0.0575907     0.0575474     0.0576313     0.0527137     0.0503991     0.0543374
586    0.0368275     0.0524356     0.0524018     0.0524662     0.047418     0.0450441     0.0490796
590    0.0336801     0.0480566     0.0480298     0.0480802     0.0429574     0.0405488     0.0446408
594    0.030363     0.0434831     0.0434619     0.0435012     0.0384339     0.0360503     0.0400979
598    0.0277755     0.0399255     0.0399082     0.0399397     0.0348843     0.0325042     0.0365444
602    0.0244668     0.035228     0.0352143     0.0352389     0.0304376     0.0281737     0.0320152
606    0.0228465     0.0328881     0.0328765     0.0328971     0.0281961     0.0259757     0.0297423
610    0.0203608     0.029322     0.0293126     0.0293291     0.0248707     0.0227618     0.0263382
614    0.0183925     0.0265593     0.0265513     0.0265651     0.0223096     0.0202956     0.023711
618    0.0173151     0.0251141     0.025107     0.0251191     0.0209274     0.018943     0.0223081
622    0.0157032     0.0228851     0.0228789     0.0228893     0.0189046     0.0170175     0.0202176
626    0.0141507     0.0207154     0.0207101     0.020719     0.016946     0.0151578     0.0181902
630    0.0134635     0.0197963     0.0197914     0.0197995     0.0159791     0.0141665     0.01724
634    0.0128612     0.0189948     0.0189903     0.0189978     0.0152714     0.0135016     0.0165023
638    0.0118517     0.0175943     0.0175902     0.0175969     0.0140579     0.0123752     0.0152282
642    0.0113681     0.0169869     0.016983     0.0169893     0.0135099     0.0118529     0.0146619
646    0.00963742     0.0145162     0.014513     0.0145182     0.0114516     0.00998871     0.0124682
650    0.00935746     0.0142145     0.0142114     0.0142165     0.0111604     0.00970092     0.0121746
654    0.00860242     0.0131758     0.013173     0.0131776     0.0102498     0.00885139     0.0112218
658    0.00813582     0.0125567     0.012554     0.0125584     0.00969759     0.00833104     0.0106477
662    0.00755044     0.0117488     0.0117463     0.0117503     0.00897256     0.00764408     0.00989589
666    0.00697356     0.0109389     0.0109366     0.0109403     0.00835652     0.00711832     0.00921667
670    0.00650696     0.0102896     0.0102874     0.0102909     0.00782658     0.00664354     0.00864816
674    0.00602339     0.00960178     0.00959979     0.00960299     0.00726025     0.00613426     0.00804209
678    0.00531925     0.00854639     0.00854462     0.00854746     0.00641961     0.00539635     0.00713025
682    0.00551437     0.00892651     0.00892467     0.00892762     0.00664785     0.00555102     0.00740959
686    0.00491203     0.00801151     0.00800987     0.00801251     0.00596522     0.00497964     0.00664972
690    0.00481871     0.00792445     0.00792281     0.00792543     0.00586871     0.00487719     0.00655716
694    0.0045133     0.00749219     0.00749065     0.00749313     0.00549925     0.00453608     0.00616771
698    0.00393641     0.00659936     0.006598     0.00660018     0.00478117     0.00390056     0.00539204
702    0.00387703     0.00655988     0.00655852     0.0065607     0.00475605     0.00388096     0.00536288
706    0.00407215     0.00695187     0.00695043     0.00695274     0.00509038     0.0041864     0.00571718
710    0.00355465     0.00612902     0.00612775     0.00612979     0.00445138     0.00363608     0.00501668
714    0.0032153     0.00560388     0.00560271     0.00560458     0.00396894     0.0031738     0.00452026
718    0.00328317     0.00578446     0.00578326     0.00578519     0.00405227     0.00320884     0.00463695
722    0.00315592     0.00561321     0.00561204     0.00561391     0.00394464     0.00313076     0.00450863
726    0.00267235     0.00479453     0.00479353     0.00479513     0.00337648     0.00268318     0.00385663
730    0.00287596     0.00520179     0.00520071     0.00520244     0.00370603     0.00297329     0.00421322
734    0.00278264     0.00507879     0.00507774     0.00507944     0.00355977     0.00281483     0.00407538
738    0.00257903     0.00475554     0.00475455     0.00475613     0.00328623     0.00256486     0.00378539
742    0.00234997     0.00438115     0.00438023     0.0043817     0.0030581     0.00240768     0.00350816
746    0.002333     0.00439742     0.00439651     0.00439796     0.00301063     0.00232753     0.00348302
750    0.00210394     0.00400946     0.00400864     0.00400996     0.00276991     0.0021582     0.00319276
754    0.0022821     0.00438952     0.00438862     0.00439006     0.00302193     0.00234641     0.00348893
758    0.00187489     0.00363635     0.0036356     0.0036368     0.0024854     0.00191624     0.00287871
762    0.00195972     0.00383734     0.00383655     0.00383782     0.00261769     0.0020137     0.00303491
766    0.00187489     0.00370643     0.00370567     0.00370689     0.00255297     0.0019808     0.0029481
770    0.00168825     0.00337365     0.00337295     0.00337406     0.00222628     0.00165609     0.00261987
774    0.00157796     0.00318968     0.00318902     0.00319007     0.00209534     0.00155059     0.00247121
778    0.00168825     0.00344995     0.00344924     0.00345037     0.00229869     0.00172467     0.00269464
782    0.00147615     0.00304616     0.00304553     0.00304653     0.00200817     0.00148963     0.00236572
786    0.00157796     0.00328638     0.0032857     0.00328679     0.00221205     0.00167408     0.00258276
790    0.001298     0.00272838     0.00272782     0.00272871     0.00180611     0.00134329     0.00212485
794    0.0014507     0.00307869     0.00307806     0.00307907     0.00197182     0.00141548     0.00235483
798    0.00115378     0.00247287     0.00247236     0.00247317     0.00157249     0.00111941     0.00188435
802    0.001298     0.00281099     0.00281041     0.00281134     0.00190397     0.00144693     0.00221849
806    0.00116226     0.00254453     0.00254401     0.00254484     0.00159163     0.00111049     0.00192252
810    0.00112832     0.00249671     0.00249619     0.00249702     0.00159054     0.00113196     0.00190569
814    0.00108591     0.00242806     0.00242756     0.00242836     0.00156586     0.00112855     0.00186626
818    0.000941685     0.00212775     0.00212732     0.00212802     0.00131005     0.000894551     0.00159531
822    0.00120468     0.00274853     0.00274796     0.00274887     0.0017469     0.0012379     0.0020964
826    0.00090775     0.00209132     0.00209089     0.00209158     0.00138021     0.00101902     0.00162834
830    0.00100955     0.00234763     0.00234715     0.00234792     0.00150792     0.00108067     0.00180131
834    0.000933201     0.0021919     0.00219145     0.00219217     0.00134983     0.000919158     0.00164506
838    0.000890783     0.00211596     0.00211553     0.00211623     0.00131504     0.000902802     0.00159703
842    0.000805946     0.00193464     0.00193424     0.00193488     0.0012464     0.00089144     0.00148909
846    0.000865332     0.00209686     0.00209643     0.00209712     0.00134136     0.000952219     0.00160758
850    0.000755045     0.0018488     0.00184842     0.00184902     0.00109382     0.000705378     0.00135976
854    0.00053447     0.00132274     0.00132247     0.0013229     0.000808132     0.000542713     0.00098972
858    0.000619306     0.001548     0.00154768     0.00154819     0.000896828     0.000559544     0.00112726
862    0.000670208     0.00169362     0.00169327     0.00169383     0.00104638     0.000709748     0.00127606
866    0.00062779     0.00160274     0.00160241     0.00160294     0.00100541     0.000693826     0.00121781
870    0.000695659     0.00179217     0.0017918     0.00179239     0.00111543     0.000761615     0.00135644
874    0.000644757     0.00167699     0.00167664     0.00167719     0.00097589     0.000608434     0.00122602
878    0.000636273     0.0016703     0.00166996     0.00167051     0.000981016     0.00061898     0.00122732
882    0.000542953     0.00143965     0.00143935     0.00143983     0.000874864     0.00057789     0.00107686
886    0.000542953     0.00145412     0.00145382     0.0014543     0.000850533     0.000532961     0.00106654
890    0.000525986     0.00142205     0.00142176     0.00142222     0.000838149     0.00053019     0.00104747
894    0.000568404     0.00155398     0.00155367     0.00155418     0.000885351     0.00053079     0.00112588
898    0.000466601     0.00128849     0.00128822     0.00128865     0.000778717     0.000506935     0.000962752
902    0.000559921     0.00156223     0.00156191     0.00156242     0.000972884     0.000657871     0.00118602
906    0.000381764     0.00107594     0.00107572     0.00107608     0.000626857     0.000386856     0.00078929
910    0.000458117     0.00130384     0.00130357     0.001304     0.00074831     0.000451458     0.000949297
914    0.00053447     0.00153737     0.00153706     0.00153756     0.000927138     0.000600144     0.00114832
918    0.000458117     0.00133161     0.00133133     0.00133177     0.000790822     0.000499919     0.000987353
922    0.000330862     0.000971136     0.000970936     0.000971256     0.000528156     0.000288935     0.000689541
926    0.000542953     0.00161001     0.00160968     0.00161021     0.000921416     0.000548511     0.00117275
930    0.00044115     0.00132049     0.00132022     0.00132066     0.00078833     0.000499443     0.000982913
934    0.000407215     0.00123198     0.00123173     0.00123214     0.000706465     0.000420474     0.000898944
938    0.000398731     0.00121828     0.00121803     0.00121843     0.000730632     0.000464728     0.000909507
942    0.000381764     0.00117797     0.00117773     0.00117811     0.000657928     0.000373954     0.000848882
946    0.000415699     0.00129637     0.00129611     0.00129653     0.000708096     0.000386418     0.000924325
950    0.000262993     0.000827626     0.000827456     0.000827729     0.000481702     0.000292192     0.000609025
954    0.00037328     0.00118641     0.00118617     0.00118656     0.000679465     0.000400623     0.000866541
958    0.00037328     0.00119794     0.0011977     0.00119809     0.000693845     0.000415315     0.000880428
962    0.000229058     0.000742026     0.000741874     0.000742118     0.00041224     0.000229319     0.000534601
966    0.000356313     0.00116709     0.00116685     0.00116724     0.000649147     0.000360662     0.000841857
970    0.000330862     0.00109495     0.00109472     0.00109508     0.000592123     0.000311156     0.000779594
974    0.00027996     0.000935545     0.000935353     0.000935661     0.000562647     0.000353693     0.000701958
978    0.000305411     0.00103118     0.00103097     0.00103131     0.000607736     0.00036971     0.000766238
982    0.000305411     0.00104066     0.00104045     0.00104079     0.000612314     0.000370967     0.000772922
986    0.000339346     0.00116796     0.00116772     0.0011681     0.000676115     0.000398255     0.000860837
990    0.000246026     0.000855932     0.000855757     0.000856038     0.000483318     0.000272397     0.000623464
994    0.00027996     0.000983207     0.000983005     0.000983328     0.000559819     0.000319692     0.000719279
998    0.000271477     0.000962737     0.000962539     0.000962856     0.000532985     0.000288923     0.000694978
1002    0.000330862     0.00118671     0.00118646     0.00118685     0.00118671     0.00118671     0.00118671
1006    0.000220575     0.000799211     0.000799047     0.00079931     0.000799211     0.000799211     0.000799211
1010    0.000296928     0.00108603     0.00108581     0.00108616     0.00108603     0.00108603     0.00108603
1014    0.000203608     0.000752869     0.000752714     0.000752962     0.000752869     0.000752869     0.000752869
1018    0.000246026     0.00091854     0.000918351     0.000918653     0.00091854     0.00091854     0.00091854
1022    0.000229058     0.000864707     0.000864529     0.000864814     0.000864707     0.000864707     0.000864707
1026    0.000212091     0.000808124     0.000807958     0.000808224     0.000808124     0.000808124     0.000808124
1030    0.000161189     0.000621149     0.000621021     0.000621225     0.000621149     0.000621149     0.000621149
1034    0.000237542     0.000925418     0.000925228     0.000925533     0.000925418     0.000925418     0.000925418
1038    0.00018664     0.000733652     0.000733501     0.000733743     0.000733652     0.000733652     0.000733652
1042    0.000203608     0.000809693     0.000809527     0.000809793     0.000809693     0.000809693     0.000809693
1046    0.000178157     0.000716231     0.000716084     0.00071632     0.000716231     0.000716231     0.000716231
1050    0.000203608     0.000825885     0.000825715     0.000825987     0.000825885     0.000825885     0.000825885
1054    0.000203608     0.000834895     0.000834724     0.000834999     0.000834895     0.000834895     0.000834895
1058    0.000220575     0.000914101     0.000913913     0.000914214     0.000914101     0.000914101     0.000914101
1062    0.000254509     0.0010653     0.00106508     0.00106543     0.0010653     0.0010653     0.0010653
1066    0.000237542     0.00100537     0.00100516     0.00100549     0.00100537     0.00100537     0.00100537
1070    0.000118771     0.00050826     0.000508155     0.000508323     0.00050826     0.00050826     0.00050826
1074    0.000144222     0.00062285     0.000622722     0.000622927     0.00062285     0.00062285     0.00062285
1078    0.000118771     0.000517663     0.000517557     0.000517727     0.000517663     0.000517663     0.000517663
1082    0.000161189     0.000710947     0.000710801     0.000711035     0.000710947     0.000710947     0.000710947
1086    0.000110287     0.00049152     0.000491419     0.00049158     0.00049152     0.00049152     0.00049152
1090    0.000127255     0.000572287     0.000572169     0.000572357     0.000572287     0.000572287     0.000572287
1094    9.33201e-05     0.000424442     0.000424355     0.000424495     0.000424442     0.000424442     0.000424442
1098    0.000110287     0.000507459     0.000507354     0.000507521     0.000507459     0.000507459     0.000507459
1102    0.000101804     0.000472238     0.000472141     0.000472296     0.000472238     0.000472238     0.000472238
1106    0.000101804     0.000477617     0.000477519     0.000477676     0.000477617     0.000477617     0.000477617
1110    0.000127255     0.000603054     0.00060293     0.000603129     0.000603054     0.000603054     0.000603054
1114    0.000110287     0.000527554     0.000527446     0.000527619     0.000527554     0.000527554     0.000527554
1118    9.33201e-05     0.000451303     0.00045121     0.000451359     0.000451303     0.000451303     0.000451303
1122    0.000110287     0.000538691     0.00053858     0.000538758     0.000538691     0.000538691     0.000538691
1126    0.000161189     0.000795619     0.000795455     0.000795717     0.000795619     0.000795619     0.000795619
1130    0.000101804     0.00050751     0.000507406     0.000507573     0.00050751     0.00050751     0.00050751
1134    0.000110287     0.000554729     0.000554615     0.000554797     0.000554729     0.000554729     0.000554729
1138    0.000144222     0.000733268     0.000733117     0.000733359     0.000733268     0.000733268     0.000733268
1142    6.78692e-05     0.000348556     0.000348484     0.000348599     0.000348556     0.000348556     0.000348556
1146    5.93855e-05     0.000307798     0.000307735     0.000307836     0.000307798     0.000307798     0.000307798
1150    6.78692e-05     0.000355126     0.000355053     0.00035517     0.000355126     0.000355126     0.000355126
1154    9.33201e-05     0.000493848     0.000493746     0.000493909     0.000493848     0.000493848     0.000493848
1158    0.000135738     0.000724723     0.000724574     0.000724813     0.000724723     0.000724723     0.000724723
1162    8.48365e-05     0.000458235     0.000458141     0.000458292     0.000458235     0.000458235     0.000458235
1166    7.63528e-05     0.000415638     0.000415552     0.000415689     0.000415638     0.000415638     0.000415638
1170    0.000110287     0.000606664     0.000606539     0.000606739     0.000606664     0.000606664     0.000606664
1174    0.000118771     0.000659186     0.000659051     0.000659268     0.000659186     0.000659186     0.000659186
1178    8.48365e-05     0.000475598     0.0004755     0.000475656     0.000475598     0.000475598     0.000475598
1182    0.000110287     0.000623467     0.000623339     0.000623544     0.000623467     0.000623467     0.000623467
1186    7.63528e-05     0.000435988     0.000435899     0.000436042     0.000435988     0.000435988     0.000435988
1190    5.93855e-05     0.000343177     0.000343106     0.000343219     0.000343177     0.000343177     0.000343177
1194    9.33201e-05     0.000543787     0.000543675     0.000543854     0.000543787     0.000543787     0.000543787
1198    7.63528e-05     0.00044887     0.000448778     0.000448926     0.00044887     0.00044887     0.00044887
1202    0.000101804     0.000603661     0.000603537     0.000603736     0.000603661     0.000603661     0.000603661
1206    9.33201e-05     0.000559636     0.000559521     0.000559705     0.000559636     0.000559636     0.000559636
1210    9.33201e-05     0.000563819     0.000563703     0.000563888     0.000563819     0.000563819     0.000563819
1214    8.48365e-05     0.000517613     0.000517507     0.000517677     0.000517613     0.000517613     0.000517613
1218    8.48365e-05     0.000521975     0.000521868     0.00052204     0.000521975     0.000521975     0.000521975
1222    5.93855e-05     0.000368459     0.000368384     0.000368505     0.000368459     0.000368459     0.000368459
1226    5.09019e-05     0.000319852     0.000319786     0.000319892     0.000319852     0.000319852     0.000319852
1230    3.39346e-05     0.000214648     0.000214604     0.000214675     0.000214648     0.000214648     0.000214648
1234    5.09019e-05     0.000325258     0.000325191     0.000325299     0.000325258     0.000325258     0.000325258
1238    4.24182e-05     0.000273109     0.000273053     0.000273143     0.000273109     0.000273109     0.000273109
1242    5.93855e-05     0.000386239     0.00038616     0.000386287     0.000386239     0.000386239     0.000386239
1246    4.24182e-05     0.000278337     0.00027828     0.000278372     0.000278337     0.000278337     0.000278337
1250    3.39346e-05     0.000224306     0.00022426     0.000224333     0.000224306     0.000224306     0.000224306
1254    8.48365e-05     0.000566978     0.000566862     0.000567048     0.000566978     0.000566978     0.000566978
1258    5.09019e-05     0.000342942     0.000342872     0.000342985     0.000342942     0.000342942     0.000342942
1262    5.09019e-05     0.000345439     0.000345368     0.000345482     0.000345439     0.000345439     0.000345439
1266    7.63528e-05     0.000523507     0.000523399     0.000523572     0.000523507     0.000523507     0.000523507
1270    4.24182e-05     0.000293928     0.000293867     0.000293964     0.000293928     0.000293928     0.000293928
1274    3.39346e-05     0.000236841     0.000236792     0.00023687     0.000236841     0.000236841     0.000236841
1278    3.39346e-05     0.00023862     0.000238571     0.00023865     0.00023862     0.00023862     0.00023862
1282    2.54509e-05     0.000180246     0.000180209     0.000180268     0.000180246     0.000180246     0.000180246
1286    5.93855e-05     0.000425082     0.000424995     0.000425135     0.000425082     0.000425082     0.000425082
1290    7.63528e-05     0.000551239     0.000551126     0.000551307     0.000551239     0.000551239     0.000551239
1294    2.54509e-05     0.000185089     0.000185051     0.000185112     0.000185089     0.000185089     0.000185089
1298    4.24182e-05     0.000311343     0.000311279     0.000311381     0.000311343     0.000311343     0.000311343
1302    2.54509e-05     0.000188401     0.000188363     0.000188425     0.000188401     0.000188401     0.000188401
1306    3.39346e-05     0.000252981     0.000252929     0.000253012     0.000252981     0.000252981     0.000252981
1310    5.93855e-05     0.000447045     0.000446953     0.0004471     0.000447045     0.000447045     0.000447045
1314    8.48365e-06     6.44537e-05     6.44404e-05     6.44616e-05     6.44537e-05     6.44537e-05     6.44537e-05
1318    4.24182e-05     0.000324725     0.000324658     0.000324765     0.000324725     0.000324725     0.000324725
1322    3.39346e-05     0.000261748     0.000261694     0.00026178     0.000261748     0.000261748     0.000261748
1326    3.39346e-05     0.000263819     0.000263765     0.000263852     0.000263819     0.000263819     0.000263819
1330    4.24182e-05     0.000332259     0.000332191     0.000332301     0.000332259     0.000332259     0.000332259
1334    5.93855e-05     0.000468523     0.000468426     0.000468581     0.000468523     0.000468523     0.000468523
1338    2.54509e-05     0.00020295     0.000202908     0.000202975     0.00020295     0.00020295     0.00020295
1342    5.93855e-05     0.0004774     0.000477302     0.000477459     0.0004774     0.0004774     0.0004774
1346    5.09019e-05     0.000412398     0.000412314     0.000412449     0.000412398     0.000412398     0.000412398
1350    4.24182e-05     0.000346276     0.000346204     0.000346318     0.000346276     0.000346276     0.000346276
1354    5.93855e-05     0.000488146     0.000488046     0.000488207     0.000488146     0.000488146     0.000488146
1358    1.69673e-05     0.000140491     0.000140462     0.000140508     0.000140491     0.000140491     0.000140491
1362    3.39346e-05     0.000283413     0.000283355     0.000283448     0.000283413     0.000283413     0.000283413
1366    1.69673e-05     0.000142666     0.000142637     0.000142684     0.000142666     0.000142666     0.000142666
1370    5.09019e-05     0.000432758     0.000432669     0.000432811     0.000432758     0.000432758     0.000432758
1374    3.39346e-05     0.000290127     0.000290068     0.000290163     0.000290127     0.000290127     0.000290127
1378    4.24182e-05     0.000364904     0.000364829     0.00036495     0.000364904     0.000364904     0.000364904
1382    2.54509e-05     0.00022091     0.000220864     0.000220937     0.00022091     0.00022091     0.00022091
1386    1.69673e-05     0.000148367     0.000148337     0.000148385     0.000148367     0.000148367     0.000148367
1390    5.93855e-05     0.000522079     0.000521972     0.000522144     0.000522079     0.000522079     0.000522079
1394    8.48365e-06     7.51573e-05     7.51418e-05     7.51666e-05     7.51573e-05     7.51573e-05     7.51573e-05
1398    0     0     0     0     0     0     0
1402    0     0     0     0     0     0     0
1406    8.48365e-06     7.71149e-05     7.7099e-05     7.71244e-05     7.71149e-05     7.71149e-05     7.71149e-05
1410    2.54509e-05     0.000232444     0.000232396     0.000232473     0.000232444     0.000232444     0.000232444
1414    2.54509e-05     0.000234822     0.000234774     0.000234851     0.000234822     0.000234822     0.000234822
1418    2.54509e-05     0.00023611     0.000236061     0.000236139     0.00023611     0.00023611     0.00023611
1422    1.69673e-05     0.000158714     0.000158682     0.000158734     0.000158714     0.000158714     0.000158714
1426    2.54509e-05     0.000239669     0.000239619     0.000239698     0.000239669     0.000239669     0.000239669
1430    8.48365e-06     8.06931e-05     8.06766e-05     8.07031e-05     8.06931e-05     8.06931e-05     8.06931e-05
1434    2.54509e-05     0.000243312     0.000243262     0.000243342     0.000243312     0.000243312     0.000243312
1438    3.39346e-05     0.000326773     0.000326706     0.000326814     0.000326773     0.000326773     0.000326773
1442    3.39346e-05     0.000328668     0.0003286     0.000328708     0.000328668     0.000328668     0.000328668
1446    3.39346e-05     0.000331449     0.00033138     0.00033149     0.000331449     0.000331449     0.000331449
1450    1.69673e-05     0.000166888     0.000166853     0.000166908     0.000166888     0.000166888     0.000166888
1454    8.48365e-06     8.38842e-05     8.3867e-05     8.38946e-05     8.38842e-05     8.38842e-05     8.38842e-05
1458    2.54509e-05     0.000253488     0.000253436     0.000253519     0.000253488     0.000253488     0.000253488
1462    3.39346e-05     0.000339931     0.000339861     0.000339973     0.000339931     0.000339931     0.000339931
1466    3.39346e-05     0.000342438     0.000342368     0.000342481     0.000342438     0.000342438     0.000342438
1470    2.54509e-05     0.000258869     0.000258816     0.000258901     0.000258869     0.000258869     0.000258869
1474    8.48365e-06     8.67505e-05     8.67326e-05     8.67612e-05     8.67505e-05     8.67505e-05     8.67505e-05
1478    0     0     0     0     0     0     0
1482    0     0     0     0     0     0     0
1486    0     0     0     0     0     0     0
1490    0     0     0     0     0     0     0
1494    0     0     0     0     0     0     0
1498    0     0     0     0     0     0     0
1502    0     0     0     0     0     0     0
1506    0     0     0     0     0     0     0
1510    0     0     0     0     0     0     0
1514    0     0     0     0     0     0     0
1518    0     0     0     0     0     0     0
1522    0     0     0     0     0     0     0
1526    0     0     0     0     0     0     0
1530    0     0     0     0     0     0     0
1534    0     0     0     0     0     0     0
1538    0     0     0     0     0     0     0
1542    0     0     0     0     0     0     0
1546    0     0     0     0     0     0     0
1550    0     0     0     0     0     0     0
1554    0     0     0     0     0     0     0
1558    0     0     0     0     0     0     0
1562    0     0     0     0     0     0     0
1566    0     0     0     0     0     0     0
1570    0     0     0     0     0     0     0
1574    0     0     0     0     0     0     0
1578    0     0     0     0     0     0     0
1582    0     0     0     0     0     0     0
1586    0     0     0     0     0     0     0
1590    0     0     0     0     0     0     0
1594    0     0     0     0     0     0     0
1598    0     0     0     0     0     0     0
1602    0     0     0     0     0     0     0
1606    0     0     0     0     0     0     0
1610    0     0     0     0     0     0     0
1614    0     0     0     0     0     0     0
1618    0     0     0     0     0     0     0
1622    0     0     0     0     0     0     0
1626    0     0     0     0     0     0     0
1630    0     0     0     0     0     0     0
1634    0     0     0     0     0     0     0
1638    0     0     0     0     0     0     0
1642    0     0     0     0     0     0     0
1646    0     0     0     0     0     0     0
1650    0     0     0     0     0     0     0
1654    0     0     0     0     0     0     0
1658    0     0     0     0     0     0     0
1662    0     0     0     0     0     0     0
1666    0     0     0     0     0     0     0
1670    0     0     0     0     0     0     0
1674    0     0     0     0     0     0     0
1678    0     0     0     0     0     0     0
1682    0     0     0     0     0     0     0
1686    0     0     0     0     0     0     0
1690    0     0     0     0     0     0     0
1694    0     0     0     0     0     0     0
1698    0     0     0     0     0     0     0
1702    0     0     0     0     0     0     0
1706    0     0     0     0     0     0     0
1710    0     0     0     0     0     0     0
1714    0     0     0     0     0     0     0
1718    0     0     0     0     0     0     0
1722    0     0     0     0     0     0     0
1726    0     0     0     0     0     0     0
1730    0     0     0     0     0     0     0
1734    0     0     0     0     0     0     0
1738    0     0     0     0     0     0     0
1742    0     0     0     0     0     0     0
1746    0     0     0     0     0     0     0
1750    0     0     0     0     0     0     0
1754    0     0     0     0     0     0     0
1758    0     0     0     0     0     0     0
1762    0     0     0     0     0     0     0
1766    0     0     0     0     0     0     0
1770    0     0     0     0     0     0     0
1774    0     0     0     0     0     0     0
1778    0     0     0     0     0     0     0
1782    0     0     0     0     0     0     0
1786    0     0     0     0     0     0     0
1790    0     0     0     0     0     0     0
1794    0     0     0     0     0     0     0
1798    0     0     0     0     0     0     0
1802    0     0     0     0     0     0     0
1806    0     0     0     0     0     0     0
1810    0     0     0     0     0     0     0
1814    0     0     0     0     0     0     0
1818    0     0     0     0     0     0     0
1822    0     0     0     0     0     0     0
1826    0     0     0     0     0     0     0
1830    0     0     0     0     0     0     0
1834    0     0     0     0     0     0     0
1838    0     0     0     0     0     0     0
1842    0     0     0     0     0     0     0
1846    0     0     0     0     0     0     0
1850    0     0     0     0     0     0     0
1854    0     0     0     0     0     0     0
1858    0     0     0     0     0     0     0
1862    0     0     0     0     0     0     0
1866    0     0     0     0     0     0     0
1870    0     0     0     0     0     0     0
1874    0     0     0     0     0     0     0
1878    0     0     0     0     0     0     0
1882    0     0     0     0     0     0     0
1886    0     0     0     0     0     0     0
1890    0     0     0     0     0     0     0
1894    0     0     0     0     0     0     0
1898    0     0     0     0     0     0     0
1902    0     0     0     0     0     0     0
1906    0     0     0     0     0     0     0
1910    0     0     0     0     0     0     0
1914    0     0     0     0     0     0     0
1918    0     0     0     0     0     0     0
1922    0     0     0     0     0     0     0
1926    0     0     0     0     0     0     0
1930    0     0     0     0     0     0     0
1934    0     0     0     0     0     0     0
1938    0     0     0     0     0     0     0
1942    0     0     0     0     0     0     0
1946    0     0     0     0     0     0     0
1950    0     0     0     0     0     0     0
1954    0     0     0     0     0     0     0
1958    0     0     0     0     0     0     0
1962    0     0     0     0     0     0     0
1966    0     0     0     0     0     0     0
1970    0     0     0     0     0     0     0
1974    0     0     0     0     0     0     0
1978    0     0     0     0     0     0     0
1982    0     0     0     0     0     0     0
1986    0     0     0     0     0     0     0
1990    0     0     0     0     0     0     0
1994    0     0     0     0     0     0     0
1998    0     0     0     0     0     0     0
2002    0     0     0     0     0     0     0
2006    0     0     0     0     0     0     0
2010    0     0     0     0     0     0     0
2014    0     0     0     0     0     0     0
2018    0     0     0     0     0     0     0
2022    0     0     0     0     0     0     0
2026    0     0     0     0     0     0     0
2030    0     0     0     0     0     0     0
2034    0     0     0     0     0     0     0
2038    0     0     0     0     0     0     0
2042    0     0     0     0     0     0     0
2046    0     0     0     0     0     0     0
2050    0     0     0     0     0     0     0
2054    0     0     0     0     0     0     0
2058    0     0     0     0     0     0     0
2062    0     0     0     0     0     0     0
2066    0     0     0     0     0     0     0
2070    0     0     0     0     0     0     0
2074    0     0     0     0     0     0     0
2078    0     0     0     0     0     0     0
2082    0     0     0     0     0     0     0
2086    0     0     0     0     0     0     0
2090    0     0     0     0     0     0     0
2094    0     0     0     0     0     0     0
2098    0     0     0     0     0     0     0
2102    0     0     0     0     0     0     0
2106    0     0     0     0     0     0     0
2110    0     0     0     0     0     0     0
2114    0     0     0     0     0     0     0
2118    0     0     0     0     0     0     0
2122    0     0     0     0     0     0     0
2126    0     0     0     0     0     0     0
2130    0     0     0     0     0     0     0
2134    0     0     0     0     0     0     0
2138    0     0     0     0     0     0     0
2142    0     0     0     0     0     0     0
2146    0     0     0     0     0     0     0
2150    0     0     0     0     0     0     0
2154    0     0     0     0     0     0     0
2158    0     0     0     0     0     0     0
2162    0     0     0     0     0     0     0
2166    0     0     0     0     0     0     0
2170    0     0     0     0     0     0     0
2174    0     0     0     0     0     0     0
2178    0     0     0     0     0     0     0
2182    0     0     0     0     0     0     0
2186    0     0     0     0     0     0     0
2190    0     0     0     0     0     0     0
2194    0     0     0     0     0     0     0
2198    0     0     0     0     0     0     0
2202    0     0     0     0     0     0     0
2206    0     0     0     0     0     0     0
2210    0     0     0     0     0     0     0
2214    0     0     0     0     0     0     0
2218    0     0     0     0     0     0     0
2222    0     0     0     0     0     0     0
2226    0     0     0     0     0     0     0
2230    0     0     0     0     0     0     0
2234    0     0     0     0     0     0     0
2238    0     0     0     0     0     0     0
2242    0     0     0     0     0     0     0
2246    0     0     0     0     0     0     0
2250    0     0     0     0     0     0     0
2254    0     0     0     0     0     0     0
2258    0     0     0     0     0     0     0
2262    0     0     0     0     0     0     0
2266    0     0     0     0     0     0     0
2270    0     0     0     0     0     0     0
2274    0     0     0     0     0     0     0
2278    0     0     0     0     0     0     0
2282    0     0     0     0     0     0     0
2286    0     0     0     0     0     0     0
2290    0     0     0     0     0     0     0
2294    0     0     0     0     0     0     0
2298    0     0     0     0     0     0     0
2302    0     0     0     0     0     0     0
2306    0     0     0     0     0     0     0
2310    0     0     0     0     0     0     0
2314    0     0     0     0     0     0     0
2318    0     0     0     0     0     0     0
2322    0     0     0     0     0     0     0
2326    0     0     0     0     0     0     0
2330    0     0     0     0     0     0     0
2334    0     0     0     0     0     0     0
2338    0     0     0     0     0     0     0
2342    0     0     0     0     0     0     0
2346    0     0     0     0     0     0     0
2350    0     0     0     0     0     0     0
2354    0     0     0     0     0     0     0
2358    0     0     0     0     0     0     0
2362    0     0     0     0     0     0     0
2366    0     0     0     0     0     0     0
2370    0     0     0     0     0     0     0
2374    0     0     0     0     0     0     0
2378    0     0     0     0     0     0     0
2382    0     0     0     0     0     0     0
2386    0     0     0     0     0     0     0
2390    0     0     0     0     0     0     0
2394    0     0     0     0     0     0     0
2398    0     0     0     0     0     0     0
2402    0     0     0     0     0     0     0
2406    0     0     0     0     0     0     0
2410    0     0     0     0     0     0     0
2414    0     0     0     0     0     0     0
2418    0     0     0     0     0     0     0
2422    0     0     0     0     0     0     0
2426    0     0     0     0     0     0     0
2430    0     0     0     0     0     0     0
2434    0     0     0     0     0     0     0
2438    0     0     0     0     0     0     0
2442    0     0     0     0     0     0     0
2446    0     0     0     0     0     0     0
2450    0     0     0     0     0     0     0
2454    0     0     0     0     0     0     0
2458    0     0     0     0     0     0     0
2462    0     0     0     0     0     0     0
2466    0     0     0     0     0     0     0
2470    0     0     0     0     0     0     0
2474    0     0     0     0     0     0     0
2478    0     0     0     0     0     0     0
2482    0     0     0     0     0     0     0
2486    0     0     0     0     0     0     0
2490    0     0     0     0     0     0     0
2494    0     0     0     0     0     0     0
2498    0     0     0     0     0     0     0
2502    0     0     0     0     0     0     0
2506    0     0     0     0     0     0     0
2510    0     0     0     0     0     0     0
2514    0     0     0     0     0     0     0
2518    0     0     0     0     0     0     0
2522    0     0     0     0     0     0     0
2526    0     0     0     0     0     0     0
2530    0     0     0     0     0     0     0
2534    0     0     0     0     0     0     0
2538    0     0     0     0     0     0     0
2542    0     0     0     0     0     0     0
2546    0     0     0     0     0     0     0
2550    0     0     0     0     0     0     0
2554    0     0     0     0     0     0     0
2558    0     0     0     0     0     0     0
2562    0     0     0     0     0     0     0
2566    0     0     0     0     0     0     0
2570    0     0     0     0     0     0     0
2574    0     0     0     0     0     0     0
2578    0     0     0     0     0     0     0
2582    0     0     0     0     0     0     0
2586    0     0     0     0     0     0     0
2590    0     0     0     0     0     0     0
2594    0     0     0     0     0     0     0
2598    0     0     0     0     0     0     0
2602    0     0     0     0     0     0     0
2606    0     0     0     0     0     0     0
2610    0     0     0     0     0     0     0
2614    0     0     0     0     0     0     0
2618    0     0     0     0     0     0     0
2622    0     0     0     0     0     0     0
2626    0     0     0     0     0     0     0
2630    0     0     0     0     0     0     0
2634    0     0     0     0     0     0     0
2638    0     0     0     0     0     0     0
2642    0     0     0     0     0     0     0
2646    0     0     0     0     0     0     0
2650    0     0     0     0     0     0     0
2654    0     0     0     0     0     0     0
2658    0     0     0     0     0     0     0
2662    0     0     0     0     0     0     0
2666    0     0     0     0     0     0     0
2670    0     0     0     0     0     0     0
2674    0     0     0     0     0     0     0
2678    0     0     0     0     0     0     0
2682    0     0     0     0     0     0     0
2686    0     0     0     0     0     0     0
2690    0     0     0     0     0     0     0
2694    0     0     0     0     0     0     0
2698    0     0     0     0     0     0     0
2702    0     0     0     0     0     0     0
2706    0     0     0     0     0     0     0
2710    0     0     0     0     0     0     0
2714    0     0     0     0     0     0     0
2718    0     0     0     0     0     0     0
2722    0     0     0     0     0     0     0
2726    0     0     0     0     0     0     0
2730    0     0     0     0     0     0     0
2734    0     0     0     0     0     0     0
2738    0     0     0     0     0     0     0
2742    0     0     0     0     0     0     0
2746    0     0     0     0     0     0     0
2750    0     0     0     0     0     0     0
2754    0     0     0     0     0     0     0
2758    0     0     0     0     0     0     0
2762    0     0     0     0     0     0     0
2766    0     0     0     0     0     0     0
2770    0     0     0     0     0     0     0
2774    0     0     0     0     0     0     0
2778    0     0     0     0     0     0     0
2782    0     0     0     0     0     0     0
2786    0     0     0     0     0     0     0
2790    0     0     0     0     0     0     0
2794    0     0     0     0     0     0     0
2798    0     0     0     0     0     0     0
2802    0     0     0     0     0     0     0
2806    0     0     0     0     0     0     0
2810    0     0     0     0     0     0     0
2814    0     0     0     0     0     0     0
2818    0     0     0     0     0     0     0
2822    0     0     0     0     0     0     0
2826    0     0     0     0     0     0     0
2830    0     0     0     0     0     0     0
2834    0     0     0     0     0     0     0
2838    0     0     0     0     0     0     0
2842    0     0     0     0     0     0     0
2846    0     0     0     0     0     0     0
2850    0     0     0     0     0     0     0
2854    0     0     0     0     0     0     0
2858    0     0     0     0     0     0     0
2862    0     0     0     0     0     0     0
2866    0     0     0     0     0     0     0
2870    0     0     0     0     0     0     0
2874    0     0     0     0     0     0     0
2878    0     0     0     0     0     0     0
2882    0     0     0     0     0     0     0
2886    0     0     0     0     0     0     0
2890    0     0     0     0     0     0     0
2894    0     0     0     0     0     0     0
2898    0     0     0     0     0     0     0
2902    0     0     0     0     0     0     0
2906    0     0     0     0     0     0     0
2910    0     0     0     0     0     0     0
2914    0     0     0     0     0     0     0
2918    0     0     0     0     0     0     0
2922    0     0     0     0     0     0     0
2926    0     0     0     0     0     0     0
2930    0     0     0     0     0     0     0
2934    0     0     0     0     0     0     0
2938    0     0     0     0     0     0     0
2942    0     0     0     0     0     0     0
2946    0     0     0     0     0     0     0
2950    0     0     0     0     0     0     0
2954    0     0     0     0     0     0     0
2958    0     0     0     0     0     0     0
2962    0     0     0     0     0     0     0
2966    0     0     0     0     0     0     0
2970    0     0     0     0     0     0     0
2974    0     0     0     0     0     0     0
2978    0     0     0     0     0     0     0
2982    0     0     0     0     0     0     0
2986    0     0     0     0     0     0     0
2990    0     0     0     0     0     0     0
2994    0     0     0     0     0     0     0
2998    0     0     0     0     0     0     0
3002    0     0     0     0     0     0     0
3006    0     0     0     0     0     0     0
3010    0     0     0     0     0     0     0
3014    0     0     0     0     0     0     0
3018    0     0     0     0     0     0     0
3022    0     0     0     0     0     0     0
3026    0     0     0     0     0     0     0
3030    0     0     0     0     0     0     0
3034    0     0     0     0     0     0     0
3038    0     0     0     0     0     0     0
3042    0     0     0     0     0     0     0
3046    0     0     0     0     0     0     0
3050    0     0     0     0     0     0     0
3054    0     0     0     0     0     0     0
3058    0     0     0     0     0     0     0
3062    0     0     0     0     0     0     0
3066    0     0     0     0     0     0     0
3070    0     0     0     0     0     0     0
3074    0     0     0     0     0     0     0
3078    0     0     0     0     0     0     0
3082    0     0     0     0     0     0     0
3086    0     0     0     0     0     0     0
3090    0     0     0     0     0     0     0
3094    0     0     0     0     0     0     0
3098    0     0     0     0     0     0     0
3102    0     0     0     0     0     0     0
3106    0     0     0     0     0     0     0
3110    0     0     0     0     0     0     0
3114    0     0     0     0     0     0     0
3118    0     0     0     0     0     0     0
3122    0     0     0     0     0     0     0
3126    0     0     0     0     0     0     0
3130    0     0     0     0     0     0     0
3134    0     0     0     0     0     0     0
3138    0     0     0     0     0     0     0
3142    0     0     0     0     0     0     0
3146    0     0     0     0     0     0     0
3150    0     0     0     0     0     0     0
3154    0     0     0     0     0     0     0
3158    0     0     0     0     0     0     0
3162    0     0     0     0     0     0     0
3166    0     0     0     0     0     0     0
3170    0     0     0     0     0     0     0
3174    0     0     0     0     0     0     0
3178    0     0     0     0     0     0     0
3182    0     0     0     0     0     0     0
3186    0     0     0     0     0     0     0
3190    0     0     0     0     0     0     0
3194    0     0     0     0     0     0     0
3198    0     0     0     0     0     0     0
3202    0     0     0     0     0     0     0
3206    0     0     0     0     0     0     0
3210    0     0     0     0     0     0     0
3214    0     0     0     0     0     0     0
3218    0     0     0     0     0     0     0
3222    0     0     0     0     0     0     0
3226    0     0     0     0     0     0     0
3230    0     0     0     0     0     0     0
3234    0     0     0     0     0     0     0
3238    0     0     0     0     0     0     0
3242    0     0     0     0     0     0     0
3246    0     0     0     0     0     0     0
3250    0     0     0     0     0     0     0
3254    0     0     0     0     0     0     0
3258    0     0     0     0     0     0     0
3262    0     0     0     0     0     0     0
3266    0     0     0     0     0     0     0
3270    0     0     0     0     0     0     0
3274    0     0     0     0     0     0     0
3278    0     0     0     0     0     0     0
3282    0     0     0     0     0     0     0
3286    0     0     0     0     0     0     0
3290    0     0     0     0     0     0     0
3294    0     0     0     0     0     0     0
3298    0     0     0     0     0     0     0
3302    0     0     0     0     0     0     0
3306    0     0     0     0     0     0     0
3310    0     0     0     0     0     0     0
3314    0     0     0     0     0     0     0
3318    0     0     0     0     0     0     0
3322    0     0     0     0     0     0     0
3326    0     0     0     0     0     0     0
3330    0     0     0     0     0     0     0
3334    0     0     0     0     0     0     0
3338    0     0     0     0     0     0     0
3342    0     0     0     0     0     0     0
3346    0     0     0     0     0     0     0
3350    0     0     0     0     0     0     0
3354    0     0     0     0     0     0     0
3358    0     0     0     0     0     0     0
3362    0     0     0     0     0     0     0
3366    0     0     0     0     0     0     0
3370    0     0     0     0     0     0     0
3374    0     0     0     0     0     0     0
3378    0     0     0     0     0     0     0
3382    0     0     0     0     0     0     0
3386    0     0     0     0     0     0     0
3390    0     0     0     0     0     0     0
3394    0     0     0     0     0     0     0
3398    0     0     0     0     0     0     0
3402    0     0     0     0     0     0     0
3406    0     0     0     0     0     0     0
3410    0     0     0     0     0     0     0
3414    0     0     0     0     0     0     0
3418    0     0     0     0     0     0     0
3422    0     0     0     0     0     0     0
3426    0     0     0     0     0     0     0
3430    0     0     0     0     0     0     0
3434    0     0     0     0     0     0     0
3438    0     0     0     0     0     0     0
3442    0     0     0     0     0     0     0
3446    0     0     0     0     0     0     0
3450    0     0     0     0     0     0     0
3454    0     0     0     0     0     0     0
3458    0     0     0     0     0     0     0
3462    0     0     0     0     0     0     0
3466    0     0     0     0     0     0     0
3470    0     0     0     0     0     0     0
3474    0     0     0     0     0     0     0
3478    0     0     0     0     0     0     0
3482    0     0     0     0     0     0     0
3486    0     0     0     0     0     0     0
3490    0     0     0     0     0     0     0
3494    0     0     0     0     0     0     0
3498    0     0     0     0     0     0     0
3502    0     0     0     0     0     0     0
3506    0     0     0     0     0     0     0
3510    0     0     0     0     0     0     0
3514    0     0     0     0     0     0     0
3518    0     0     0     0     0     0     0
3522    0     0     0     0     0     0     0
3526    0     0     0     0     0     0     0
3530    0     0     0     0     0     0     0
3534    0     0     0     0     0     0     0
3538    0     0     0     0     0     0     0
3542    0     0     0     0     0     0     0
3546    0     0     0     0     0     0     0
3550    0     0     0     0     0     0     0
3554    0     0     0     0     0     0     0
3558    0     0     0     0     0     0     0
3562    0     0     0     0     0     0     0
3566    0     0     0     0     0     0     0
3570    0     0     0     0     0     0     0
3574    0     0     0     0     0     0     0
3578    0     0     0     0     0     0     0
3582    0     0     0     0     0     0     0
3586    0     0     0     0     0     0     0
3590    0     0     0     0     0     0     0
3594    0     0     0     0     0     0     0
3598    0     0     0     0     0     0     0
3602    0     0     0     0     0     0     0
3606    0     0     0     0     0     0     0
3610    0     0     0     0     0     0     0
3614    0     0     0     0     0     0     0
3618    0     0     0     0     0     0     0
3622    0     0     0     0     0     0     0
3626    0     0     0     0     0     0     0
3630    0     0     0     0     0     0     0
3634    0     0     0     0     0     0     0
3638    0     0     0     0     0     0     0
3642    0     0     0     0     0     0     0
3646    0     0     0     0     0     0     0
3650    0     0     0     0     0     0     0
3654    0     0     0     0     0     0     0
3658    0     0     0     0     0     0     0
3662    0     0     0     0     0     0     0
3666    0     0     0     0     0     0     0
3670    0     0     0     0     0     0     0
3674    0     0     0     0     0     0     0
3678    0     0     0     0     0     0     0
3682    0     0     0     0     0     0     0
3686    0     0     0     0     0     0     0
3690    0     0     0     0     0     0     0
3694    0     0     0     0     0     0     0
3698    0     0     0     0     0     0     0
3702    0     0     0     0     0     0     0
3706    0     0     0     0     0     0     0
3710    0     0     0     0     0     0     0
3714    0     0     0     0     0     0     0
3718    0     0     0     0     0     0     0
3722    0     0     0     0     0     0     0
3726    0     0     0     0     0     0     0
3730    0     0     0     0     0     0     0
3734    0     0     0     0     0     0     0
3738    0     0     0     0     0     0     0
3742    0     0     0     0     0     0     0
3746    0     0     0     0     0     0     0
3750    0     0     0     0     0     0     0
3754    0     0     0     0     0     0     0
3758    0     0     0     0     0     0     0
3762    0     0     0     0     0     0     0
3766    0     0     0     0     0     0     0
3770    0     0     0     0     0     0     0
3774    0     0     0     0     0     0     0
3778    0     0     0     0     0     0     0
3782    0     0     0     0     0     0     0
3786    0     0     0     0     0     0     0
3790    0     0     0     0     0     0     0
3794    0     0     0     0     0     0     0
3798    0     0     0     0     0     0     0
3802    0     0     0     0     0     0     0
3806    0     0     0     0     0     0     0
3810    0     0     0     0     0     0     0
3814    0     0     0     0     0     0     0
3818    0     0     0     0     0     0     0
3822    0     0     0     0     0     0     0
3826    0     0     0     0     0     0     0
3830    0     0     0     0     0     0     0
3834    0     0     0     0     0     0     0
3838    0     0     0     0     0     0     0
3842    0     0     0     0     0     0     0
3846    0     0     0     0     0     0     0
3850    0     0     0     0     0     0     0
3854    0     0     0     0     0     0     0
3858    0     0     0     0     0     0     0
3862    0     0     0     0     0     0     0
3866    0     0     0     0     0     0     0
3870    0     0     0     0     0     0     0
3874    0     0     0     0     0     0     0
3878    0     0     0     0     0     0     0
3882    0     0     0     0     0     0     0
3886    0     0     0     0     0     0     0
3890    0     0     0     0     0     0     0
3894    0     0     0     0     0     0     0
3898    0     0     0     0     0     0     0
3902    0     0     0     0     0     0     0
3906    0     0     0     0     0     0     0
3910    0     0     0     0     0     0     0
3914    0     0     0     0     0     0     0
3918    0     0     0     0     0     0     0
3922    0     0     0     0     0     0     0
3926    0     0     0     0     0     0     0
3930    0     0     0     0     0     0     0
3934    0     0     0     0     0     0     0
3938    0     0     0     0     0     0     0
3942    0     0     0     0     0     0     0
3946    0     0     0     0     0     0     0
3950    0     0     0     0     0     0     0
3954    0     0     0     0     0     0     0
3958    0     0     0     0     0     0     0
3962    0     0     0     0     0     0     0
3966    0     0     0     0     0     0     0
3970    0     0     0     0     0     0     0
3974    0     0     0     0     0     0     0
3978    0     0     0     0     0     0     0
3982    0     0     0     0     0     0     0
3986    0     0     0     0     0     0     0
3990    0     0     0     0     0     0     0
3994    0     0     0     0     0     0     0
3998    0     0     0     0     0     0     0
