2    0     0     0     0     0     0     0
6    0     0     0     0     0     0     0
10    0     0     0     0     0     0     0
14    0     0     0     0     0     0     0
18    0     0     0     0     0     0     0
22    0     0     0     0     0     0     0
26    7.16197e-05     3.37594e-08     3.37594e-08     3.37594e-08     3.37594e-08     3.37594e-08     3.37594e-08
30    0.000100268     3.99577e-08     3.99577e-08     3.99577e-08     3.99577e-08     3.99577e-08     3.99577e-08
34    9.5493e-05     3.21581e-08     3.21581e-08     3.21581e-08     3.21581e-08     3.21581e-08     3.21581e-08
38    0.000128915     3.78761e-08     3.78761e-08     3.78761e-08     3.78761e-08     3.78761e-08     3.78761e-08
42    0.000124141     3.11922e-08     3.11922e-08     3.11922e-08     3.11922e-08     3.11922e-08     3.11922e-08
46    0.000186211     4.18957e-08     4.18957e-08     4.18957e-08     4.18957e-08     4.18957e-08     4.18957e-08
50    0.000171887     3.45124e-08     3.45124e-08     3.45124e-08     3.45124e-08     3.45124e-08     3.45124e-08
54    0.000281704     5.10009e-08     5.10009e-08     5.10009e-08     5.10009e-08     5.10009e-08     5.10009e-08
58    0.000238732     3.99319e-08     3.99319e-08     3.99319e-08     3.99319e-08     3.99319e-08     3.99319e-08
62    0.000310352     4.82277e-08     4.82277e-08     4.82277e-08     4.82277e-08     4.82277e-08     4.82277e-08
66    0.000257831     3.78394e-08     3.78394e-08     3.78394e-08     3.78394e-08     3.78394e-08     3.78394e-08
70    0.000329451     4.5736e-08     4.5736e-08     4.5736e-08     4.5736e-08     4.5736e-08     4.5736e-08
74    0.000396296     5.26941e-08     5.26941e-08     5.26941e-08     5.26941e-08     5.26941e-08     5.26941e-08
78    0.000391521     5.05161e-08     5.05161e-08     5.05161e-08     5.05161e-08     5.05161e-08     5.05161e-08
82    0.000439268     5.51788e-08     5.51788e-08     5.51788e-08     5.51788e-08     5.51788e-08     5.51788e-08
86    0.000501338     6.21137e-08     6.21137e-08     6.21137e-08     6.21137e-08     6.21137e-08     6.21137e-08
90    0.000434493     5.3384e-08     5.3384e-08     5.3384e-08     5.3384e-08     5.3384e-08     5.3384e-08
94    0.000477465     5.85637e-08     5.85637e-08     5.85637e-08     5.85637e-08     5.85637e-08     5.85637e-08
98    0.00041062     5.05735e-08     5.05735e-08     5.05735e-08     5.05735e-08     5.05735e-08     5.05735e-08
102    0.000563408     6.9946e-08     6.9946e-08     6.9946e-08     6.9946e-08     6.9946e-08     6.9946e-08
106    0.000520437     6.54998e-08     6.54998e-08     6.54998e-08     6.54998e-08     6.54998e-08     6.54998e-08
110    0.000611155     7.87529e-08     7.87529e-08     7.87529e-08     7.87529e-08     7.87529e-08     7.87529e-08
114    0.000525211     7.01987e-08     7.01987e-08     7.01987e-08     7.01987e-08     7.01987e-08     7.01987e-08
118    0.000549085     7.72495e-08     7.72495e-08     7.72495e-08     7.72495e-08     7.72495e-08     7.72495e-08
122    0.000563408     8.49012e-08     8.49012e-08     8.49012e-08     8.49012e-08     8.49012e-08     8.49012e-08
126    0.000553859     9.22903e-08     9.22903e-08     9.22903e-08     9.22903e-08     9.22903e-08     9.22903e-08
130    0.000620704     1.17139e-07     1.17139e-07     1.17139e-07     1.17139e-07     1.17139e-07     1.17139e-07
134    0.000620704     1.35881e-07     1.35881e-07     1.35881e-07     1.35881e-07     1.35881e-07     1.35881e-07
138    0.000687549     1.79742e-07     1.79742e-07     1.79742e-07     1.79742e-07     1.79742e-07     1.79742e-07
142    0.000630254     2.06811e-07     2.06811e-07     2.06811e-07     2.06811e-07     2.06811e-07     2.06811e-07
146    0.000711423     2.98676e-07     2.98676e-07     2.98676e-07     2.98676e-07     2.98676e-07     2.98676e-07
150    0.000787817     4.63685e-07     4.63685e-07     4.63685e-07     4.63685e-07     4.63685e-07     4.63685e-07
154    0.000716197     6.27967e-07     6.27967e-07     6.27967e-07     6.27967e-07     6.27967e-07     6.27967e-07
158    0.000864211     1.4361e-06     1.4361e-06     1.4361e-06     1.4361e-06     1.4361e-06     1.4361e-06
162    0.000806916     3.54442e-06     3.54442e-06     3.54442e-06     3.54442e-06     3.54442e-06     3.54442e-06
166    0.000759169     6.39329e-06     6.39329e-06     6.39329e-06     6.39329e-06     6.39329e-06     6.39329e-06
170    0.00095493     1.0648e-05     1.0648e-05     1.0648e-05     1.0648e-05     1.0648e-05     1.0648e-05
174    0.000911958     1.25225e-05     1.25225e-05     1.25225e-05     1.25225e-05     1.25225e-05     1.25225e-05
178    0.00095493     1.53512e-05     1.53512e-05     1.53512e-05     1.53512e-05     1.53512e-05     1.53512e-05
182    0.001017     1.97724e-05     1.97724e-05     1.97724e-05     1.97724e-05     1.97724e-05     1.97724e-05
186    0.00101223     2.3685e-05     2.3685e-05     2.3685e-05     2.3685e-05     2.3685e-05     2.3685e-05
190    0.000969254     2.64719e-05     2.64719e-05     2.64719e-05     2.64719e-05     2.64719e-05     2.64719e-05
194    0.000974028     3.0085e-05     3.0085e-05     3.0085e-05     3.0085e-05     3.0085e-05     3.0085e-05
198    0.00107907     3.69236e-05     3.69236e-05     3.69236e-05     3.69236e-05     3.69236e-05     3.69236e-05
202    0.00111727     4.17438e-05     4.17438e-05     4.17438e-05     4.17438e-05     4.17438e-05     4.17438e-05
206    0.001017     4.12408e-05     4.12408e-05     4.12408e-05     4.12408e-05     4.12408e-05     4.12408e-05
210    0.00113159     4.96864e-05     4.96864e-05     4.96864e-05     0.000309037     0.000416757     0.000234058
214    0.00114592     5.41586e-05     5.41586e-05     5.41586e-05     0.000553944     0.000761689     0.000409353
218    0.00118889     6.0375e-05     6.0375e-05     6.0375e-05     0.000543096     0.000744218     0.000403142
222    0.00123663     6.68183e-05     6.68183e-05     6.68183e-05     0.000583517     0.000799241     0.000433296
226    0.00125573     7.23233e-05     7.23233e-05     7.23233e-05     0.000571175     0.000779544     0.000426045
230    0.00124141     7.59343e-05     7.59343e-05     7.59343e-05     0.000571864     0.000779096     0.000427427
234    0.00123186     7.99593e-05     7.99593e-05     7.99593e-05     0.000569705     0.000774456     0.000426896
238    0.00129393     8.88753e-05     8.88753e-05     8.88753e-05     0.000563865     0.000762598     0.000425208
242    0.00128915     9.33394e-05     9.33394e-05     9.33394e-05     0.000580506     0.000784598     0.000438014
246    0.0013751     0.000105106     0.000105106     0.000105106     0.000595814     0.000801605     0.000452112
250    0.00128915     0.000103548     0.000103548     0.000103548     0.000572816     0.000769551     0.000435394
254    0.00136555     0.00011547     0.00011547     0.00011547     0.000567833     0.000757198     0.00043545
258    0.00142762     0.000126715     0.000126715     0.000126715     0.000572842     0.00075911     0.00044239
262    0.00160428     0.000149393     0.000149393     0.000149393     0.000616308     0.000810893     0.000479879
266    0.00140375     0.00013681     0.00013681     0.00013681     0.000585875     0.000773113     0.000454607
270    0.00158518     0.000161519     0.000161519     0.000161519     0.000587138     0.000764854     0.000462531
274    0.00167113     0.000178053     0.000178053     0.000178053     0.000601842     0.000779111     0.000477522
278    0.0016568     0.000184658     0.000184658     0.000184658     0.000615776     0.000796409     0.00048907
282    0.00172365     0.000200328     0.000200328     0.000200328     0.000611413     0.00078359     0.00049058
286    0.0016759     0.000202884     0.000202884     0.000202884     0.000616015     0.00078878     0.000494627
290    0.00176185     0.000222079     0.000222079     0.000222079     0.000627719     0.000797377     0.000508465
294    0.0017141     0.000224592     0.000224592     0.000224592     0.000633305     0.000804473     0.000512983
298    0.00176185     0.000239748     0.000239748     0.000239748     0.000629217     0.000792684     0.000514317
302    0.00188599     0.000266669     0.000266669     0.000266669     0.000668987     0.00083807     0.000550097
306    0.00198625     0.000291761     0.000291761     0.000291761     0.00069078     0.000858366     0.000572911
310    0.00186689     0.000283955     0.000283955     0.000283955     0.000675955     0.000840396     0.000560199
314    0.00190031     0.000299924     0.000299924     0.000299924     0.000698758     0.000865854     0.000581023
318    0.002034     0.000332168     0.000332168     0.000332168     0.000719959     0.0008823     0.000605518
322    0.00200058     0.000337723     0.000337723     0.000337723     0.000733526     0.000899031     0.00061672
326    0.00213904     0.000373221     0.000373221     0.000373221     0.000781823     0.000952447     0.000661298
330    0.00224408     0.000403999     0.000403999     0.000403999     0.000783548     0.000941605     0.000671776
334    0.00219634     0.000407773     0.000407773     0.000407773     0.000807491     0.000973189     0.000690114
338    0.00226796     0.000434777     0.000434777     0.000434777     0.00082893     0.000991313     0.00071362
342    0.0023921     0.000472859     0.000472859     0.000472859     0.00086835     0.00102942     0.000753482
346    0.00248759     0.000508637     0.000508637     0.000508637     0.000924322     0.0010911     0.000804839
350    0.00258308     0.000548843     0.000548843     0.000548843     0.000978499     0.00115004     0.000855386
354    0.00270245     0.000600966     0.000600966     0.000600966     0.0010414     0.00121756     0.000914999
358    0.00244939     0.000570891     0.000570891     0.000570891     0.0010249     0.00120754     0.000894032
362    0.00288389     0.000702554     0.000702554     0.000702554     0.00118398     0.00137943     0.00104421
366    0.00266425     0.000678521     0.000678521     0.000678521     0.00116786     0.00136738     0.0010253
370    0.00280272     0.000745291     0.000745291     0.000745291     0.0012629     0.00147479     0.0011116
374    0.00304145     0.00084262     0.00084262     0.00084262     0.00138105     0.00160246     0.00122308
378    0.00292208     0.000844414     0.000844414     0.000844414     0.00135353     0.00156401     0.00120355
382    0.00329451     0.000991242     0.000991242     0.000991242     0.00155853     0.00179478     0.00139046
386    0.00312739     0.000976555     0.000976555     0.000976555     0.0015531     0.00179439     0.00138164
390    0.00325154     0.00105193     0.00105193     0.00105193     0.00164926     0.00190038     0.00147099
394    0.00328496     0.00110007     0.00110007     0.00110007     0.00172971     0.00199544     0.00154124
398    0.00364306     0.00126129     0.00126129     0.00126129     0.00186361     0.00211878     0.00168279
402    0.00360008     0.00128793     0.00128793     0.00128793     0.00191605     0.0021836     0.00172667
406    0.00366216     0.00135175     0.00135175     0.00135175     0.00201483     0.00229845     0.00181428
410    0.00398206     0.00151587     0.00151587     0.00151587     0.00219449     0.0024859     0.00198861
414    0.00368603     0.001445     0.001445     0.001445     0.00209848     0.00238007     0.00189967
418    0.00415872     0.00167789     0.00167789     0.00167789     0.00236422     0.00266092     0.00215484
422    0.00398206     0.00165021     0.00165021     0.00165021     0.00235962     0.00266796     0.00214231
426    0.00377197     0.00160497     0.00160497     0.00160497     0.00231504     0.00262495     0.00209683
430    0.00428286     0.00186907     0.00186907     0.00186907     0.00259215     0.00290878     0.00236935
434    0.0044452     0.00198969     0.00198969     0.00198969     0.00278618     0.00313591     0.00254023
438    0.00488446     0.00224147     0.00224147     0.00224147     0.00305555     0.00341382     0.00280372
442    0.00489879     0.00230219     0.00230219     0.00230219     0.0030941     0.00344443     0.00284815
446    0.00519959     0.00249942     0.00249942     0.00249942     0.00337234     0.00376058     0.00310015
450    0.00540013     0.00265415     0.00265415     0.00265415     0.00351708     0.0039026     0.00324708
454    0.00558634     0.00280451     0.00280451     0.00280451     0.00372298     0.00413467     0.00343486
458    0.00556724     0.00285383     0.00285383     0.00285383     0.00383918     0.00428178     0.00352956
462    0.00585372     0.00306328     0.00306328     0.00306328     0.00402717     0.00446038     0.00372407
466    0.00627389     0.00335014     0.00335014     0.00335014     0.00438321     0.00484733     0.00405832
470    0.00664631     0.00361888     0.00361888     0.00361888     0.00470786     0.00519719     0.00436524
474    0.00669883     0.00371723     0.00371723     0.00371723     0.0048255     0.00532393     0.0044765
478    0.00725746     0.00410216     0.00410216     0.00410216     0.00524854     0.00576502     0.00488698
482    0.00778268     0.00447855     0.00447855     0.00447855     0.00573054     0.00629715     0.00533432
486    0.007797     0.00456739     0.00456739     0.00456739     0.00589968     0.00650497     0.00547685
490    0.00830311     0.00494974     0.00494974     0.00494974     0.00628814     0.00689795     0.00586244
494    0.00897634     0.00544135     0.00544135     0.00544135     0.00687478     0.0075292     0.00641809
498    0.00926282     0.00570702     0.00570702     0.00570702     0.0072595     0.00796907     0.00676435
502    0.00961137     0.00601806     0.00601806     0.00601806     0.00758027     0.00829604     0.00708114
506    0.0105902     0.00673845     0.00673845     0.00673845     0.0084657     0.00925931     0.00791255
510    0.0109101     0.00705198     0.00705198     0.00705198     0.00878379     0.00958213     0.00822776
514    0.0109674     0.00720141     0.00720141     0.00720141     0.00900186     0.00983479     0.00842225
518    0.0118029     0.00787233     0.00787233     0.00787233     0.00980375     0.0107005     0.00918026
522    0.0124045     0.00840073     0.00840073     0.00840073     0.0103098     0.0111998     0.00969169
526    0.0134645     0.00925943     0.00925943     0.00925943     0.0113509     0.0123275     0.0106727
530    0.0142953     0.00997944     0.00997944     0.00997944     0.0121616     0.0131816     0.0114534
534    0.0151261     0.0107205     0.0107205     0.0107205     0.0130441     0.0141308     0.0122896
538    0.0159855     0.011506     0.011506     0.011506     0.0138428     0.0149359     0.0130836
542    0.0169691     0.0124152     0.0124152     0.0124152     0.0148483     0.0159872     0.0140572
546    0.0177092     0.0131805     0.0131805     0.0131805     0.0156385     0.0167902     0.0148385
550    0.0190174     0.0144216     0.0144216     0.0144216     0.016965     0.0181584     0.0161362
554    0.0197623     0.0152912     0.0152912     0.0152912     0.0179261     0.0191649     0.0170662
558    0.0204594     0.0161692     0.0161692     0.0161692     0.0187443     0.0199579     0.0179024
562    0.0223119     0.0180218     0.0180218     0.0180218     0.0206455     0.0218864     0.0197855
566    0.0229231     0.018944     0.018944     0.018944     0.0214808     0.0226834     0.0206477
570    0.0237586     0.0201508     0.0201508     0.0201508     0.0226208     0.0237941     0.0218083
574    0.0246849     0.0215745     0.0215745     0.0215745     0.0239739     0.0251156     0.0231836
578    0.0242218     0.0218944     0.0218944     0.0218944     0.0240849     0.0251284     0.0233627
582    0.0251672     0.0235591     0.0235591     0.0235591     0.0255201     0.0264561     0.0248726
586    0.0259025     0.0251648     0.0251648     0.0251648     0.0269457     0.027797     0.0263568
590    0.0254489     0.0257335     0.0257335     0.0257335     0.0272468     0.0279715     0.0267456
594    0.0245465     0.0259148     0.0259148     0.0259148     0.0271365     0.0277228     0.0267312
598    0.0240117     0.0264853     0.0264853     0.0264853     0.0273988     0.0278382     0.0270952
602    0.0240165     0.0276211     0.0276211     0.0276211     0.0281284     0.0279594     0.0283733
606    0.0228897     0.0273156     0.0273156     0.0273156     0.0274889     0.0274311     0.0275726
610    0.0213952     0.0264553     0.0264553     0.0264553     0.0263091     0.0262131     0.026383
614    0.0205596     0.0263201     0.0263201     0.0263201     0.025865     0.0256439     0.0260174
618    0.0190365     0.0251764     0.0251764     0.0251764     0.024455     0.0241041     0.0246968
622    0.0184731     0.0251664     0.0251664     0.0251664     0.0240768     0.0235458     0.0244426
626    0.0167304     0.0233745     0.0233745     0.0233745     0.0221068     0.0214879     0.022533
630    0.0157802     0.022534     0.022534     0.022534     0.0210668     0.0203492     0.0215607
634    0.0149065     0.0216939     0.0216939     0.0216939     0.020063     0.0192638     0.0206128
638    0.0137558     0.0203593     0.0203593     0.0203593     0.0186223     0.0177696     0.0192087
642    0.0127626     0.0191958     0.0191958     0.0191958     0.0173206     0.0163974     0.0179551
646    0.0115165     0.0175895     0.0175895     0.0175895     0.0157174     0.0147937     0.0163519
650    0.0111631     0.0172965     0.0172965     0.0172965     0.0152957     0.0143067     0.0159748
654    0.0104278     0.0163618     0.0163618     0.0163618     0.0143085     0.0132921     0.0150061
658    0.00942038     0.0149481     0.0149481     0.0149481     0.0129529     0.0119644     0.0136314
662    0.0084941     0.013618     0.013618     0.013618     0.0116579     0.0106842     0.0123258
666    0.00803096     0.0130019     0.0130019     0.0130019     0.0110214     0.0100349     0.0116975
670    0.00772538     0.0126223     0.0126223     0.0126223     0.0105717     0.00954803     0.0112729
674    0.00735773     0.0121279     0.0121279     0.0121279     0.0101052     0.00909367     0.0107979
678    0.00651739     0.01083     0.01083     0.01083     0.00894979     0.00800822     0.00959431
682    0.00602561     0.0100907     0.0100907     0.0100907     0.00824201     0.00731461     0.00887654
686    0.00568661     0.00959363     0.00959363     0.00959363     0.00777367     0.00685943     0.00839917
690    0.00526166     0.00894664     0.00894664     0.00894664     0.00720807     0.00633287     0.00780651
694    0.0050659     0.00868879     0.00868879     0.00868879     0.0069078     0.00600898     0.00752192
698    0.00451204     0.00781319     0.00781319     0.00781319     0.0061753     0.00534639     0.00674128
702    0.00437835     0.00764735     0.00764735     0.00764735     0.00595223     0.00509154     0.00653935
706    0.00404413     0.00712248     0.00712248     0.00712248     0.00553437     0.00472658     0.0060852
710    0.00387701     0.0068881     0.0068881     0.0068881     0.00531416     0.00451229     0.00586074
714    0.00350937     0.00629893     0.00629893     0.00629893     0.00485312     0.00411532     0.00535585
718    0.00338045     0.00612951     0.00612951     0.00612951     0.00466292     0.00391328     0.00517358
722    0.00325154     0.00594817     0.00594817     0.00594817     0.0044946     0.00374927     0.00500183
726    0.00286001     0.00527183     0.00527183     0.00527183     0.00395801     0.00328264     0.00441734
730    0.00272155     0.00505432     0.00505432     0.00505432     0.00377488     0.00311563     0.00422293
734    0.00264038     0.00494415     0.00494415     0.00494415     0.00367318     0.00301699     0.00411889
738    0.0023348     0.00441359     0.00441359     0.00441359     0.0032618     0.00266614     0.00366621
742    0.00244939     0.0046781     0.0046781     0.0046781     0.00342925     0.00278147     0.00386868
746    0.00202923     0.00391675     0.00391675     0.00391675     0.0028579     0.0023072     0.00323121
750    0.00227273     0.0044312     0.0044312     0.0044312     0.00316708     0.00250799     0.00361355
754    0.00186211     0.00366182     0.00366182     0.00366182     0.00264957     0.00212075     0.00300759
758    0.00186211     0.00369149     0.00369149     0.00369149     0.00260054     0.00202966     0.00298688
762    0.00164725     0.00329294     0.00329294     0.00329294     0.00232155     0.00181197     0.00266624
766    0.00147059     0.00296693     0.00296693     0.00296693     0.00206919     0.00159704     0.00238831
770    0.00157563     0.00321135     0.00321135     0.00321135     0.00222584     0.00170634     0.00257674
774    0.00154221     0.00317548     0.00317548     0.00317548     0.00221559     0.00170844     0.00255792
778    0.00143717     0.00299123     0.00299123     0.00299123     0.00206578     0.00157571     0.00239635
782    0.0013369     0.00280899     0.00280899     0.00280899     0.00192531     0.00145576     0.00224169
786    0.00137032     0.00290402     0.00290402     0.00290402     0.00200659     0.00152832     0.00232855
790    0.00126051     0.00269276     0.00269276     0.00269276     0.00185199     0.00140289     0.00215412
794    0.00109817     0.00236756     0.00236756     0.00236756     0.00157591     0.00115203     0.0018609
798    0.00110772     0.00241149     0.00241149     0.00241149     0.00160491     0.00117211     0.0018957
802    0.0010361     0.00227903     0.00227903     0.00227903     0.00154488     0.00114986     0.00181011
806    0.00102177     0.00227107     0.00227107     0.00227107     0.00148787     0.00106543     0.0017713
810    0.00101223     0.00227234     0.00227234     0.00227234     0.0015051     0.0010902     0.00178324
814    0.000935831     0.00212244     0.00212244     0.00212244     0.00140849     0.0010213     0.00166782
818    0.000988352     0.00226379     0.00226379     0.00226379     0.0015234     0.00112087     0.00179277
822    0.000840338     0.00194266     0.00194266     0.00194266     0.00126123     0.000890258     0.00150943
826    0.000892859     0.00208368     0.00208368     0.00208368     0.0013349     0.000926879     0.00160785
830    0.000663676     0.0015642     0.0015642     0.0015642     0.000981987     0.000663735     0.00119468
834    0.000763944     0.00181839     0.00181839     0.00181839     0.00118404     0.000835616     0.00141652
838    0.000701873     0.00168706     0.00168706     0.00168706     0.00108153     0.000746979     0.00130427
842    0.000601606     0.00146026     0.00146026     0.00146026     0.000925395     0.000628841     0.00112261
846    0.000673225     0.00165029     0.00165029     0.00165029     0.00105483     0.00072483     0.00127437
850    0.000678     0.00167773     0.00167773     0.00167773     0.0010476     0.000698099     0.00128009
854    0.000620704     0.00155177     0.00155177     0.00155177     0.000975242     0.000654706     0.0011883
858    0.000587282     0.00148411     0.00148411     0.00148411     0.000900974     0.000575223     0.00111715
862    0.000515662     0.00131558     0.00131558     0.00131558     0.000799684     0.000509847     0.000991666
866    0.000577732     0.00148826     0.00148826     0.00148826     0.00092526     0.000608045     0.00113517
870    0.000510887     0.00132858     0.00132858     0.00132858     0.000818739     0.000530544     0.00100923
874    0.000510887     0.00134079     0.00134079     0.00134079     0.000814441     0.000516153     0.00101143
878    0.000501338     0.00132819     0.00132819     0.00132819     0.000807963     0.000512388     0.00100303
882    0.000506113     0.00135419     0.00135419     0.00135419     0.000816867     0.000510779     0.00101868
886    0.00040107     0.00108279     0.00108279     0.00108279     0.000654916     0.000410693     0.000815839
890    0.000458366     0.00125041     0.00125041     0.00125041     0.000757154     0.00047462     0.000943097
894    0.000510887     0.00140772     0.00140772     0.00140772     0.000854877     0.000536685     0.00106393
898    0.000372423     0.00103744     0.00103744     0.00103744     0.000615237     0.000370926     0.000775448
902    0.000358099     0.00100733     0.00100733     0.00100733     0.000601943     0.000366473     0.00075616
906    0.000348549     0.000989694     0.000989694     0.000989694     0.000596057     0.000367248     0.000745877
910    0.000367648     0.00105415     0.00105415     0.00105415     0.000649934     0.000414631     0.000803936
914    0.000372423     0.00107895     0.00107895     0.00107895     0.000633254     0.000373033     0.000803402
918    0.000300803     0.000879942     0.000879942     0.000879942     0.000503945     0.000283593     0.000647845
922    0.000353324     0.00104397     0.00104397     0.00104397     0.00061518     0.000362477     0.000779855
926    0.000334225     0.000997033     0.000997033     0.000997033     0.000590744     0.000350522     0.00074711
930    0.000262606     0.000790712     0.000790712     0.000790712     0.000435789     0.00022538     0.000572619
934    0.000272155     0.000827865     0.000827865     0.000827865     0.000442071     0.000212615     0.000591117
938    0.00027693     0.000850408     0.000850408     0.000850408     0.000462615     0.000231342     0.000612717
942    0.000243507     0.000755457     0.000755457     0.000755457     0.000427301     0.000231058     0.000554553
946    0.000224408     0.000703609     0.000703609     0.000703609     0.000395696     0.000211102     0.000515291
950    0.000286479     0.000906491     0.000906491     0.000906491     0.000525802     0.00029697     0.000673918
954    0.000210085     0.00067102     0.00067102     0.00067102     0.000366276     0.000182331     0.000485154
958    0.000310352     0.0010012     0.0010012     0.0010012     0.000570131     0.000308763     0.000738751
962    0.000214859     0.000700284     0.000700284     0.000700284     0.000407995     0.000229675     0.000522762
966    0.000291254     0.000958664     0.000958664     0.000958664     0.000568046     0.000328822     0.000721822
970    0.000224408     0.000745728     0.000745728     0.000745728     0.000413485     0.000209399     0.000544526
974    0.000224408     0.000753641     0.000753641     0.000753641     0.00040788     0.000194577     0.000544609
978    0.00020531     0.00069578     0.00069578     0.00069578     0.000401437     0.000219266     0.000518069
982    0.000257831     0.000882887     0.000882887     0.000882887     0.000497426     0.000257939     0.000650556
986    0.000148014     0.000511433     0.000511433     0.000511433     0.000269532     0.00011882     0.000365795
990    0.000167113     0.000583184     0.000583184     0.000583184     0.000327716     0.000168173     0.000429535
994    0.000181437     0.000640251     0.000640251     0.000640251     0.000339748     0.000151511     0.000459756
998    0.00020531     0.000731064     0.000731064     0.000731064     0.000397573     0.000188043     0.000530997
1002    0.000181437     0.000652951     0.000652951     0.000652951     0.000321936     0.000113114     0.000454715
1006    0.000190986     0.000694291     0.000694291     0.000694291     0.000370504     0.000165584     0.000500634
1010    0.000171887     0.000631354     0.000631354     0.000631354     0.000342244     0.000158648     0.000458689
1014    0.00013369     0.000495768     0.000495768     0.000495768     0.000256702     0.000104425     0.000353178
1018    0.00013369     0.000500913     0.000500913     0.000500913     0.000263412     0.000111622     0.00035945
1022    0.000152789     0.000578755     0.000578755     0.000578755     0.000314185     0.000144332     0.00042147
1026    0.000138465     0.000529705     0.000529705     0.000529705     0.000274642     0.000110303     0.000378303
1030    0.00020531     0.0007936     0.0007936     0.0007936     0.000435728     0.000204345     0.000581481
1034    0.000219634     0.00085759     0.00085759     0.00085759     0.000484235     0.00024207     0.000636586
1038    0.000138465     0.000546553     0.000546553     0.000546553     0.000291858     0.000126015     0.000396033
1042    0.000119366     0.000475869     0.000475869     0.000475869     0.000242716     9.01553e-05     0.000338364
1046    0.000138465     0.000557702     0.000557702     0.000557702     0.000282965     0.000102503     0.000395942
1050    8.59437e-05     0.000349622     0.000349622     0.000349622     0.000162625     3.9262e-05     0.000239724
1054    8.59437e-05     0.000352846     0.000352846     0.000352846     0.000181617     6.8378e-05     0.000252319
1058    0.000119366     0.000495468     0.000495468     0.000495468     0.000250062     8.70574e-05     0.000351661
1062    0.000100268     0.000420758     0.000420758     0.000420758     0.000214626     7.69993e-05     0.000300234
1066    0.000109817     0.000465091     0.000465091     0.000465091     0.000243404     9.48528e-05     0.000335673
1070    6.20704e-05     0.000265924     0.000265924     0.000265924     0.000125217     3.05244e-05     0.000183931
1074    0.000109817     0.000474941     0.000474941     0.000474941     0.000248659     9.58109e-05     0.000343289
1078    0.000105042     0.000459076     0.000459076     0.000459076     0.000245453     0.000100536     0.000335014
1082    0.00013369     0.000590682     0.000590682     0.000590682     0.000304213     0.000108835     0.000424699
1086    6.68451e-05     0.000298528     0.000298528     0.000298528     0.000134686     2.24514e-05     0.000203779
1090    0.000109817     0.000495051     0.000495051     0.000495051     0.000267683     0.000111342     0.000363781
1094    0.000105042     0.000478422     0.000478422     0.000478422     0.000242377     7.94618e-05     0.000342361
1098    6.68451e-05     0.000307908     0.000307908     0.000307908     0.000141648     2.63597e-05     0.000212258
1102    9.07183e-05     0.0004212     0.0004212     0.0004212     0.000204457     5.33195e-05     0.000296807
1106    9.07183e-05     0.000426033     0.000426033     0.000426033     0.00022852     9.01913e-05     0.000312901
1110    0.000100268     0.000475479     0.000475479     0.000475479     0.000241583     7.71275e-05     0.000341737
1114    5.72958e-05     0.000274361     0.000274361     0.000274361     0.00014244     4.93668e-05     0.00019904
1118    0.000109817     0.000531692     0.000531692     0.000531692     0.000264585     7.51618e-05     0.00037952
1122    8.59437e-05     0.000420093     0.000420093     0.000420093     0.000215756     7.00364e-05     0.000303973
1126    6.68451e-05     0.000330279     0.000330279     0.000330279     0.000155871     3.09553e-05     0.000231352
1130    7.16197e-05     0.000357515     0.000357515     0.000357515     0.000169964     3.50031e-05     0.000251359
1134    6.68451e-05     0.000336657     0.000336657     0.000336657     0.000170602     5.06975e-05     0.000242815
1138    5.72958e-05     0.000291056     0.000291056     0.000291056     0.000136878     2.50177e-05     0.000204107
1142    6.68451e-05     0.00034312     0.00034312     0.00034312     0.000171406     4.61053e-05     0.000246527
1146    8.1169e-05     0.000420941     0.000420941     0.000420941     0.000195693     3.07179e-05     0.000294437
1150    5.72958e-05     0.000300153     0.000300153     0.000300153     0.000136542     1.61495e-05     0.000208455
1154    6.20704e-05     0.000328457     0.000328457     0.000328457     0.000176247     6.36756e-05     0.000243343
1158    8.59437e-05     0.000459507     0.000459507     0.000459507     0.000245412     8.64292e-05     0.000340008
1162    4.77465e-05     0.000258045     0.000258045     0.000258045     0.000124568     2.48707e-05     0.000183738
1166    8.1169e-05     0.00044253     0.00044253     0.00044253     0.000211147     3.73839e-05     0.000314034
1170    4.29718e-05     0.000236236     0.000236236     0.000236236     0.000107763     1.09595e-05     0.000164998
1174    5.25211e-05     0.000291897     0.000291897     0.000291897     0.000146697     3.67613e-05     0.000211561
1178    3.34225e-05     0.000187219     0.000187219     0.000187219     9.05833e-05     1.71322e-05     0.000133847
1182    3.34225e-05     0.000189112     0.000189112     0.000189112     8.11042e-05     -1.46917e-06     0.000129617
1186    3.34225e-05     0.000190809     0.000190809     0.000190809     8.28028e-05     -1.33213e-07     0.00013143
1190    5.25211e-05     0.000302674     0.000302674     0.000302674     0.000144714     2.29661e-05     0.00021598
1194    6.20704e-05     0.000361199     0.000361199     0.000361199     0.00018224     4.35704e-05     0.000263225
1198    2.86479e-05     0.00016792     0.00016792     0.00016792     6.3835e-05     -1.71462e-05     0.000111043
1202    5.72958e-05     0.000340008     0.000340008     0.000340008     0.000174189     4.4419e-05     0.000249639
1206    4.77465e-05     0.000286009     0.000286009     0.000286009     0.000131434     9.81753e-06     0.000201977
1210    5.72958e-05     0.000346171     0.000346171     0.000346171     0.000177161     4.38323e-05     0.000254403
1214    2.38732e-05     0.000145555     0.000145555     0.000145555     4.82305e-05     -2.88303e-05     9.27988e-05
1218    3.81972e-05     0.00023518     0.00023518     0.00023518     0.000107451     5.73307e-06     0.00016613
1222    3.81972e-05     0.000236787     0.000236787     0.000236787     0.00011765     2.22137e-05     0.000172555
1226    2.86479e-05     0.000179523     0.000179523     0.000179523     8.37076e-05     6.6599e-06     0.000127959
1230    6.20704e-05     0.00039241     0.00039241     0.00039241     0.000196627     3.84604e-05     0.000287277
1234    2.38732e-05     0.000151993     0.000151993     0.000151993     5.93788e-05     -1.57248e-05     0.000102347
1238    4.29718e-05     0.00027653     0.00027653     0.00027653     0.00014026     2.9166e-05     0.000203663
1242    4.29718e-05     0.00027897     0.00027897     0.00027897     0.00012907     6.16407e-06     0.000199036
1246    4.29718e-05     0.000281437     0.000281437     0.000281437     0.000137947     1.99534e-05     0.000205025
1250    3.34225e-05     0.000221244     0.000221244     0.000221244     9.81214e-05     -3.76632e-06     0.000155874
1254    2.38732e-05     0.000159394     0.000159394     0.000159394     5.91801e-05     -2.40568e-05     0.000106282
1258    4.29718e-05     0.000289077     0.000289077     0.000289077     0.000133368     3.42354e-06     0.000206735
1262    3.34225e-05     0.000226928     0.000226928     0.000226928     0.000109316     1.05835e-05     0.000164906
1266    4.29718e-05     0.000294276     0.000294276     0.000294276     0.000144322     1.78665e-05     0.000215377
1270    5.72958e-05     0.000395858     0.000395858     0.000395858     0.000192137     1.95279e-05     0.000288912
1274    3.81972e-05     0.000266104     0.000266104     0.000266104     0.000119661     -4.84955e-06     0.000189354
1278    2.86479e-05     0.000201336     0.000201336     0.000201336     9.06274e-05     -3.96661e-06     0.000143452
1282    4.29718e-05     0.000304477     0.000304477     0.000304477     0.000144076     6.20488e-06     0.000220848
1286    3.34225e-05     0.000238907     0.000238907     0.000238907     0.00010952     -2.24592e-06     0.000171612
1290    2.86479e-05     0.000206751     0.000206751     0.000206751     9.2787e-05     -6.13028e-06     0.000147621
1294    4.29718e-05     0.000312372     0.000312372     0.000312372     0.000151823     1.19355e-05     0.000229228
1298    4.29718e-05     0.000315228     0.000315228     0.000315228     0.000148027     1.73856e-06     0.00022881
1302    2.86479e-05     0.000211975     0.000211975     0.000211975     9.62569e-05     -5.59612e-06     0.000152339
1306    3.34225e-05     0.000249547     0.000249547     0.000249547     0.000107705     -1.79062e-05     0.000176666
1310    1.43239e-05     0.000107539     0.000107539     0.000107539     4.4135e-05     -1.21062e-05     7.49876e-05
1314    9.5493e-06     7.23673e-05     7.23673e-05     7.23673e-05     2.7482e-05     -1.25291e-05     4.93799e-05
1318    3.81972e-05     0.000292151     0.000292151     0.000292151     0.000139064     1.85965e-06     0.000213954
1322    1.90986e-05     0.000147063     0.000147063     0.000147063     7.33132e-05     6.81631e-06     0.000109504
1326    3.34225e-05     0.000259942     0.000259942     0.000259942     0.000122687     -1.82204e-06     0.000190251
1330    9.5493e-06     7.45487e-05     7.45487e-05     7.45487e-05     3.31241e-05     -4.4799e-06     5.3523e-05
1334    3.34225e-05     0.00026354     0.00026354     0.00026354     0.000128593     5.43767e-06     0.000195227
1338    1.90986e-05     0.000151917     0.000151917     0.000151917     7.21308e-05     -1.13224e-06     0.00011165
1342    3.81972e-05     0.000306549     0.000306549     0.000306549     0.000149896     5.18415e-06     0.00022773
1346    9.5493e-06     7.72715e-05     7.72715e-05     7.72715e-05     3.89774e-05     3.38604e-06     5.8063e-05
1350    1.43239e-05     0.000116483     0.000116483     0.000116483     5.07148e-05     -1.043e-05     8.34981e-05
1354    2.38732e-05     0.000195656     0.000195656     0.000195656     9.84185e-05     7.48738e-06     0.00014703
1358    1.43239e-05     0.000118742     0.000118742     0.000118742     4.99354e-05     -1.48032e-05     8.44383e-05
1362    2.38732e-05     0.000198789     0.000198789     0.000198789     8.16944e-05     -2.91501e-05     0.000140594
1366    2.38732e-05     0.000200566     0.000200566     0.000200566     9.56657e-05     -4.10501e-06     0.000148554
1370    1.43239e-05     0.000121309     0.000121309     0.000121309     5.59509e-05     -6.56289e-06     8.89969e-05
1374    2.86479e-05     0.000244547     0.000244547     0.000244547     0.000122291     4.89376e-06     0.000184228
1378    0     0     0     0     0     0     0
1382    4.77465e-06     4.14149e-05     4.14149e-05     4.14149e-05     4.30227e-06     -3.17029e-05     2.31993e-05
1386    9.5493e-06     8.34086e-05     8.34086e-05     8.34086e-05     4.15437e-05     6.78279e-07     6.29257e-05
1390    1.90986e-05     0.000167829     0.000167829     0.000167829     8.34535e-05     9.64567e-07     0.00012658
1394    1.90986e-05     0.000169447     0.000169447     0.000169447     7.90222e-05     -1.00467e-05     0.000125411
1398    4.77465e-06     4.272e-05     4.272e-05     4.272e-05     1.62833e-05     -9.84098e-06     2.98673e-05
1402    4.77465e-06     4.30289e-05     4.30289e-05     4.30289e-05     1.6339e-05     -1.01983e-05     3.00946e-05
1406    1.43239e-05     0.000129729     0.000129729     0.000129729     5.26752e-05     -2.42831e-05     9.2473e-05
1410    1.43239e-05     0.000130811     0.000130811     0.000130811     5.80372e-05     -1.50882e-05     9.57355e-05
1414    9.5493e-06     8.77332e-05     8.77332e-05     8.77332e-05     3.83695e-05     -1.13245e-05     6.39641e-05
1418    1.43239e-05     0.00013267     0.00013267     0.00013267     5.53621e-05     -2.29515e-05     9.55653e-05
1422    9.5493e-06     8.90014e-05     8.90014e-05     8.90014e-05     4.36497e-05     -2.57187e-06     6.73051e-05
1426    1.90986e-05     0.000179391     0.000179391     0.000179391     8.13629e-05     -1.88772e-05     0.000132574
1430    2.38732e-05     0.000225959     0.000225959     0.000225959     0.000105824     -1.78207e-05     0.00016878
1434    9.5493e-06     9.09999e-05     9.09999e-05     9.09999e-05     3.9658e-05     -1.33236e-05     6.65979e-05
1438    9.5493e-06     9.14713e-05     9.14713e-05     9.14713e-05     4.47333e-05     -3.79597e-06     6.93301e-05
1442    1.90986e-05     0.000184871     0.000184871     0.000184871     9.05884e-05     -7.91394e-06     0.000140354
1446    1.43239e-05     0.000139591     0.000139591     0.000139591     6.79521e-05     -7.36511e-06     0.000105877
1450    2.86479e-05     0.000280729     0.000280729     0.000280729     0.000136698     -1.50408e-05     0.00021302
1454    4.77465e-06     4.727e-05     4.727e-05     4.727e-05     2.30284e-05     -2.77711e-06     3.59374e-05
1458    0     0     0     0     -4.98492e-06     -1.02914e-05     -2.33038e-06
1462    1.43239e-05     0.000143172     0.000143172     0.000143172     6.453e-05     -1.97081e-05     0.000106528
1466    0     0     0     0     0     0     0
1470    1.90986e-05     0.00019403     0.00019403     0.00019403     8.07086e-05     -4.19763e-05     0.000141531
1474    9.5493e-06     9.77745e-05     9.77745e-05     9.77745e-05     4.73656e-05     -7.65408e-06     7.45232e-05
1478    4.77465e-06     4.90305e-05     4.90305e-05     4.90305e-05     1.87407e-05     -1.43196e-05     3.50592e-05
1482    0     0     0     0     -1.66763e-06     -3.49924e-06     -7.66586e-07
1486    4.77465e-06     4.96614e-05     4.96614e-05     4.96614e-05     1.56739e-05     -2.17129e-05     3.4051e-05
1490    4.77465e-06     5.01748e-05     5.01748e-05     5.01748e-05     2.42462e-05     -4.59084e-06     3.83375e-05
1494    9.5493e-06     0.000101025     0.000101025     0.000101025     4.87181e-05     -9.64009e-06     7.71856e-05
1498    4.77465e-06     5.07147e-05     5.07147e-05     5.07147e-05     2.44062e-05     -5.0383e-06     3.87449e-05
1502    4.77465e-06     5.09584e-05     5.09584e-05     5.09584e-05     1.95557e-05     -1.58124e-05     3.672e-05
1506    4.77465e-06     5.15782e-05     5.15782e-05     5.15782e-05     2.48468e-05     -5.44882e-06     3.95e-05
1510    0     0     0     0     -6.71403e-06     -1.43716e-05     -3.02311e-06
1514    4.77465e-06     5.21411e-05     5.21411e-05     5.21411e-05     1.33332e-05     -3.10014e-05     3.46828e-05
1518    0     0     0     0     -5.05248e-06     -1.08515e-05     -2.26711e-06
1522    4.77465e-06     5.28492e-05     5.28492e-05     5.28492e-05     2.54307e-05     -6.23964e-06     4.05891e-05
1526    4.77465e-06     5.30196e-05     5.30196e-05     5.30196e-05     2.55126e-05     -6.25976e-06     4.07199e-05
1530    9.5493e-06     0.000107151     0.000107151     0.000107151     4.62044e-05     -2.50502e-05     8.0082e-05
1534    1.43239e-05     0.000161054     0.000161054     0.000161054     7.70457e-05     -2.12222e-05     0.000123753
1538    9.5493e-06     0.000108454     0.000108454     0.000108454     5.02095e-05     -1.8351e-05     8.26846e-05
1542    9.5493e-06     0.000109222     0.000109222     0.000109222     4.71662e-05     -2.63448e-05     8.18629e-05
1546    1.43239e-05     0.000164522     0.000164522     0.000164522     7.51344e-05     -3.14251e-05     0.000125253
1550    4.77465e-06     5.50401e-05     5.50401e-05     5.50401e-05     1.78019e-05     -2.66158e-05     3.86863e-05
1554    1.43239e-05     0.000166901     0.000166901     0.000166901     7.45869e-05     -3.66e-05     0.000126582
1558    1.43239e-05     0.000167764     0.000167764     0.000167764     7.15515e-05     -4.45997e-05     0.000125798
1562    9.5493e-06     0.000112418     0.000112418     0.000112418     4.69129e-05     -3.26708e-05     8.39473e-05
1566    4.77465e-06     5.64149e-05     5.64149e-05     5.64149e-05     2.18438e-05     -2.01967e-05     4.13971e-05
1570    9.5493e-06     0.000113747     0.000113747     0.000113747     4.90327e-05     -3.00868e-05     8.57213e-05
1574    0     0     0     0     0     0     0
1578    0     0     0     0     -5.09441e-06     -1.14021e-05     -2.19048e-06
1582    9.5493e-06     0.000115871     0.000115871     0.000115871     5.51982e-05     -2.0395e-05     8.98782e-05
1586    0     0     0     0     -1.01924e-05     -2.29718e-05     -4.35088e-06
1590    0     0     0     0     0     0     0
1594    4.77465e-06     5.89471e-05     5.89471e-05     5.89471e-05     2.80695e-05     -1.08889e-05     4.58138e-05
1598    9.5493e-06     0.000118604     0.000118604     0.000118604     5.63259e-05     -2.27485e-05     9.22103e-05
1602    4.77465e-06     5.97492e-05     5.97492e-05     5.97492e-05     2.33169e-05     -2.3232e-05     4.43652e-05
1606    0     0     0     0     0     0     0
1610    4.77465e-06     6.02684e-05     6.02684e-05     6.02684e-05     2.35596e-05     -2.36768e-05     4.48323e-05
1614    0     0     0     0     -5.08726e-06     -1.1669e-05     -2.13248e-06
1618    4.77465e-06     6.10149e-05     6.10149e-05     6.10149e-05     2.38835e-05     -2.44571e-05     4.55067e-05
1622    4.77465e-06     6.14524e-05     6.14524e-05     6.14524e-05     2.9123e-05     -1.32335e-05     4.79986e-05
1626    1.43239e-05     0.000185193     0.000185193     0.000185193     8.7821e-05     -4.00158e-05     0.000144722
1630    4.77465e-06     6.23075e-05     6.23075e-05     6.23075e-05     2.9606e-05     -1.37726e-05     4.8799e-05
1634    4.77465e-06     6.25755e-05     6.25755e-05     6.25755e-05     2.97334e-05     -1.38318e-05     4.90088e-05
1638    9.5493e-06     0.000125753     0.000125753     0.000125753     5.95637e-05     -2.87943e-05     9.8511e-05
1642    4.77465e-06     6.34248e-05     6.34248e-05     6.34248e-05     3.00731e-05     -1.47255e-05     4.97488e-05
1646    0     0     0     0     0     0     0
1650    0     0     0     0     -5.10221e-06     -1.20419e-05     -2.07678e-06
1654    0     0     0     0     0     0     0
1658    0     0     0     0     -5.1133e-06     -1.21116e-05     -2.07352e-06
1662    4.77465e-06     6.51196e-05     6.51196e-05     6.51196e-05     3.09898e-05     -1.6016e-05     5.13309e-05
1666    0     0     0     0     0     0     0
1670    1.43239e-05     0.000197336     0.000197336     0.000197336     9.36858e-05     -5.0253e-05     0.000155669
1674    9.5493e-06     0.000132126     0.000132126     0.000132126     6.26773e-05     -3.41738e-05     0.000104277
1678    0     0     0     0     0     0     0
1682    4.77465e-06     6.67186e-05     6.67186e-05     6.67186e-05     3.16474e-05     -1.78789e-05     5.27604e-05
1686    4.77465e-06     6.70665e-05     6.70665e-05     6.70665e-05     3.18124e-05     -1.79721e-05     5.30355e-05
1690    0     0     0     0     0     0     0
1694    0     0     0     0     -5.10049e-06     -1.24393e-05     -2.00695e-06
1698    4.77465e-06     6.82346e-05     6.82346e-05     6.82346e-05     3.24304e-05     -1.90866e-05     5.41462e-05
1702    0     0     0     0     -5.11206e-06     -1.25133e-05     -2.00386e-06
1706    0     0     0     0     0     0     0
1710    0     0     0     0     0     0     0
1714    0     0     0     0     0     0     0
1718    0     0     0     0     0     0     0
1722    0     0     0     0     0     0     0
1726    0     0     0     0     -1.6914e-06     -4.20239e-06     -6.5295e-07
1730    0     0     0     0     0     0     0
1734    0     0     0     0     0     0     0
1738    0     0     0     0     0     0     0
1742    0     0     0     0     0     0     0
1746    4.77465e-06     7.28593e-05     7.28593e-05     7.28593e-05     3.47548e-05     -2.36133e-05     5.84318e-05
1750    0     0     0     0     0     0     0
1754    0     0     0     0     0     0     0
1758    0     0     0     0     0     0     0
1762    0     0     0     0     0     0     0
1766    0     0     0     0     0     0     0
1770    0     0     0     0     0     0     0
1774    0     0     0     0     -5.07003e-06     -1.30816e-05     -1.88246e-06
1778    0     0     0     0     0     0     0
1782    4.77465e-06     7.60436e-05     7.60436e-05     7.60436e-05     3.65086e-05     -2.67451e-05     6.14798e-05
1786    0     0     0     0     0     0     0
1790    0     0     0     0     -5.04785e-06     -1.32256e-05     -1.84491e-06
1794    4.77465e-06     7.72302e-05     7.72302e-05     7.72302e-05     3.71241e-05     -2.78495e-05     6.25721e-05
1798    0     0     0     0     0     0     0
1802    4.77465e-06     7.77869e-05     7.77869e-05     7.77869e-05     3.73688e-05     -2.89286e-05     6.3131e-05
1806    4.77465e-06     7.81754e-05     7.81754e-05     7.81754e-05     3.25048e-05     -4.24085e-05     6.16149e-05
1810    4.77465e-06     7.85418e-05     7.85418e-05     7.85418e-05     3.78125e-05     -2.94184e-05     6.38317e-05
1814    4.77465e-06     7.89056e-05     7.89056e-05     7.89056e-05     3.79695e-05     -3.00187e-05     6.41793e-05
1818    0     0     0     0     0     0     0
1822    0     0     0     0     0     0     0
1826    1.90986e-05     0.000320911     0.000320911     0.000320911     0.00015502     -0.000125652     0.00026194
1830    0     0     0     0     0     0     0
1834    0     0     0     0     0     0     0
1838    0     0     0     0     0     0     0
1842    0     0     0     0     -5.02003e-06     -1.3671e-05     -1.76321e-06
1846    0     0     0     0     -4.99016e-06     -1.36434e-05     -1.74573e-06
1850    0     0     0     0     0     0     0
1854    0     0     0     0     0     0     0
1858    0     0     0     0     0     0     0
1862    0     0     0     0     0     0     0
1866    0     0     0     0     -4.99037e-06     -1.3858e-05     -1.71808e-06
1870    0     0     0     0     0     0     0
1874    0     0     0     0     0     0     0
1878    0     0     0     0     0     0     0
1882    0     0     0     0     -4.97787e-06     -1.39853e-05     -1.69333e-06
1886    0     0     0     0     0     0     0
1890    0     0     0     0     0     0     0
1894    0     0     0     0     0     0     0
1898    0     0     0     0     -3.29933e-06     -9.37832e-06     -1.10898e-06
1902    0     0     0     0     0     0     0
1906    0     0     0     0     0     0     0
1910    0     0     0     0     0     0     0
1914    0     0     0     0     0     0     0
1918    0     0     0     0     0     0     0
1922    0     0     0     0     0     0     0
1926    0     0     0     0     0     0     0
1930    0     0     0     0     0     0     0
1934    0     0     0     0     0     0     0
1938    0     0     0     0     0     0     0
1942    0     0     0     0     0     0     0
1946    0     0     0     0     -4.87526e-06     -1.44066e-05     -1.5746e-06
1950    0     0     0     0     0     0     0
1954    0     0     0     0     0     0     0
1958    0     0     0     0     0     0     0
1962    0     0     0     0     0     0     0
1966    0     0     0     0     0     0     0
1970    0     0     0     0     0     0     0
1974    0     0     0     0     0     0     0
1978    0     0     0     0     0     0     0
1982    0     0     0     0     0     0     0
1986    0     0     0     0     -4.82533e-06     -1.47055e-05     -1.50985e-06
1990    0     0     0     0     0     0     0
1994    0     0     0     0     0     0     0
1998    0     0     0     0     0     0     0
2002    0     0     0     0     0     0     0
2006    0     0     0     0     0     0     0
2010    0     0     0     0     0     0     0
2014    0     0     0     0     0     0     0
2018    0     0     0     0     0     0     0
2022    0     0     0     0     0     0     0
2026    0     0     0     0     0     0     0
2030    0     0     0     0     0     0     0
2034    0     0     0     0     0     0     0
2038    0     0     0     0     0     0     0
2042    0     0     0     0     0     0     0
2046    0     0     0     0     0     0     0
2050    0     0     0     0     0     0     0
2054    0     0     0     0     0     0     0
2058    0     0     0     0     0     0     0
2062    0     0     0     0     0     0     0
2066    0     0     0     0     0     0     0
2070    0     0     0     0     0     0     0
2074    0     0     0     0     0     0     0
2078    0     0     0     0     0     0     0
2082    0     0     0     0     0     0     0
2086    0     0     0     0     0     0     0
2090    0     0     0     0     0     0     0
2094    0     0     0     0     0     0     0
2098    0     0     0     0     0     0     0
2102    0     0     0     0     0     0     0
2106    0     0     0     0     0     0     0
2110    0     0     0     0     0     0     0
2114    0     0     0     0     0     0     0
2118    0     0     0     0     0     0     0
2122    0     0     0     0     0     0     0
2126    0     0     0     0     0     0     0
2130    0     0     0     0     0     0     0
2134    0     0     0     0     0     0     0
2138    0     0     0     0     0     0     0
2142    0     0     0     0     0     0     0
2146    0     0     0     0     0     0     0
2150    0     0     0     0     0     0     0
2154    0     0     0     0     0     0     0
2158    0     0     0     0     0     0     0
2162    0     0     0     0     0     0     0
2166    0     0     0     0     0     0     0
2170    0     0     0     0     0     0     0
2174    0     0     0     0     0     0     0
2178    0     0     0     0     0     0     0
2182    0     0     0     0     0     0     0
2186    0     0     0     0     0     0     0
2190    0     0     0     0     0     0     0
2194    0     0     0     0     0     0     0
2198    0     0     0     0     0     0     0
2202    0     0     0     0     0     0     0
2206    0     0     0     0     0     0     0
2210    0     0     0     0     0     0     0
2214    0     0     0     0     0     0     0
2218    0     0     0     0     0     0     0
2222    0     0     0     0     0     0     0
2226    0     0     0     0     0     0     0
2230    0     0     0     0     0     0     0
2234    0     0     0     0     0     0     0
2238    0     0     0     0     0     0     0
2242    0     0     0     0     0     0     0
2246    0     0     0     0     0     0     0
2250    0     0     0     0     0     0     0
2254    0     0     0     0     0     0     0
2258    0     0     0     0     0     0     0
2262    0     0     0     0     0     0     0
2266    0     0     0     0     0     0     0
2270    0     0     0     0     0     0     0
2274    0     0     0     0     0     0     0
2278    0     0     0     0     0     0     0
2282    0     0     0     0     0     0     0
2286    0     0     0     0     0     0     0
2290    0     0     0     0     0     0     0
2294    0     0     0     0     0     0     0
2298    0     0     0     0     0     0     0
2302    0     0     0     0     0     0     0
2306    0     0     0     0     0     0     0
2310    0     0     0     0     0     0     0
2314    0     0     0     0     0     0     0
2318    0     0     0     0     0     0     0
2322    0     0     0     0     0     0     0
2326    0     0     0     0     0     0     0
2330    0     0     0     0     0     0     0
2334    0     0     0     0     0     0     0
2338    0     0     0     0     0     0     0
2342    0     0     0     0     0     0     0
2346    0     0     0     0     0     0     0
2350    0     0     0     0     0     0     0
2354    0     0     0     0     0     0     0
2358    0     0     0     0     0     0     0
2362    0     0     0     0     0     0     0
2366    0     0     0     0     0     0     0
2370    0     0     0     0     0     0     0
2374    0     0     0     0     0     0     0
2378    0     0     0     0     0     0     0
2382    0     0     0     0     0     0     0
2386    0     0     0     0     0     0     0
2390    0     0     0     0     0     0     0
2394    0     0     0     0     0     0     0
2398    0     0     0     0     0     0     0
2402    0     0     0     0     0     0     0
2406    0     0     0     0     0     0     0
2410    0     0     0     0     0     0     0
2414    0     0     0     0     0     0     0
2418    0     0     0     0     0     0     0
2422    0     0     0     0     0     0     0
2426    0     0     0     0     0     0     0
2430    0     0     0     0     0     0     0
2434    0     0     0     0     0     0     0
2438    0     0     0     0     0     0     0
2442    0     0     0     0     0     0     0
2446    0     0     0     0     0     0     0
2450    0     0     0     0     0     0     0
2454    0     0     0     0     0     0     0
2458    0     0     0     0     0     0     0
2462    0     0     0     0     0     0     0
2466    0     0     0     0     0     0     0
2470    0     0     0     0     0     0     0
2474    0     0     0     0     0     0     0
2478    0     0     0     0     0     0     0
2482    0     0     0     0     0     0     0
2486    0     0     0     0     0     0     0
2490    0     0     0     0     0     0     0
2494    0     0     0     0     0     0     0
2498    0     0     0     0     0     0     0
2502    0     0     0     0     0     0     0
2506    0     0     0     0     0     0     0
2510    0     0     0     0     0     0     0
2514    0     0     0     0     0     0     0
2518    0     0     0     0     0     0     0
2522    0     0     0     0     0     0     0
2526    0     0     0     0     0     0     0
2530    0     0     0     0     0     0     0
2534    0     0     0     0     0     0     0
2538    0     0     0     0     0     0     0
2542    0     0     0     0     0     0     0
2546    0     0     0     0     0     0     0
2550    0     0     0     0     0     0     0
2554    0     0     0     0     0     0     0
2558    0     0     0     0     0     0     0
2562    0     0     0     0     0     0     0
2566    0     0     0     0     0     0     0
2570    0     0     0     0     0     0     0
2574    0     0     0     0     0     0     0
2578    0     0     0     0     0     0     0
2582    0     0     0     0     0     0     0
2586    0     0     0     0     0     0     0
2590    0     0     0     0     0     0     0
2594    0     0     0     0     0     0     0
2598    0     0     0     0     0     0     0
2602    0     0     0     0     0     0     0
2606    0     0     0     0     0     0     0
2610    0     0     0     0     0     0     0
2614    0     0     0     0     0     0     0
2618    0     0     0     0     0     0     0
2622    0     0     0     0     0     0     0
2626    0     0     0     0     0     0     0
2630    0     0     0     0     0     0     0
2634    0     0     0     0     0     0     0
2638    0     0     0     0     0     0     0
2642    0     0     0     0     0     0     0
2646    0     0     0     0     0     0     0
2650    0     0     0     0     0     0     0
2654    0     0     0     0     0     0     0
2658    0     0     0     0     0     0     0
2662    0     0     0     0     0     0     0
2666    0     0     0     0     0     0     0
2670    0     0     0     0     0     0     0
2674    0     0     0     0     0     0     0
2678    0     0     0     0     0     0     0
2682    0     0     0     0     0     0     0
2686    0     0     0     0     0     0     0
2690    0     0     0     0     0     0     0
2694    0     0     0     0     0     0     0
2698    0     0     0     0     0     0     0
2702    0     0     0     0     0     0     0
2706    0     0     0     0     0     0     0
2710    0     0     0     0     0     0     0
2714    0     0     0     0     0     0     0
2718    0     0     0     0     0     0     0
2722    0     0     0     0     0     0     0
2726    0     0     0     0     0     0     0
2730    0     0     0     0     0     0     0
2734    0     0     0     0     0     0     0
2738    0     0     0     0     0     0     0
2742    0     0     0     0     0     0     0
2746    0     0     0     0     0     0     0
2750    0     0     0     0     0     0     0
2754    0     0     0     0     0     0     0
2758    0     0     0     0     0     0     0
2762    0     0     0     0     0     0     0
2766    0     0     0     0     0     0     0
2770    0     0     0     0     0     0     0
2774    0     0     0     0     0     0     0
2778    0     0     0     0     0     0     0
2782    0     0     0     0     0     0     0
2786    0     0     0     0     0     0     0
2790    0     0     0     0     0     0     0
2794    0     0     0     0     0     0     0
2798    0     0     0     0     0     0     0
2802    0     0     0     0     0     0     0
2806    0     0     0     0     0     0     0
2810    0     0     0     0     0     0     0
2814    0     0     0     0     0     0     0
2818    0     0     0     0     0     0     0
2822    0     0     0     0     0     0     0
2826    0     0     0     0     0     0     0
2830    0     0     0     0     0     0     0
2834    0     0     0     0     0     0     0
2838    0     0     0     0     0     0     0
2842    0     0     0     0     0     0     0
2846    0     0     0     0     0     0     0
2850    0     0     0     0     0     0     0
2854    0     0     0     0     0     0     0
2858    0     0     0     0     0     0     0
2862    0     0     0     0     0     0     0
2866    0     0     0     0     0     0     0
2870    0     0     0     0     0     0     0
2874    0     0     0     0     0     0     0
2878    0     0     0     0     0     0     0
2882    0     0     0     0     0     0     0
2886    0     0     0     0     0     0     0
2890    0     0     0     0     0     0     0
2894    0     0     0     0     0     0     0
2898    0     0     0     0     0     0     0
2902    0     0     0     0     0     0     0
2906    0     0     0     0     0     0     0
2910    0     0     0     0     0     0     0
2914    0     0     0     0     0     0     0
2918    0     0     0     0     0     0     0
2922    0     0     0     0     0     0     0
2926    0     0     0     0     0     0     0
2930    0     0     0     0     0     0     0
2934    0     0     0     0     0     0     0
2938    0     0     0     0     0     0     0
2942    0     0     0     0     0     0     0
2946    0     0     0     0     0     0     0
2950    0     0     0     0     0     0     0
2954    0     0     0     0     0     0     0
2958    0     0     0     0     0     0     0
2962    0     0     0     0     0     0     0
2966    0     0     0     0     0     0     0
2970    0     0     0     0     0     0     0
2974    0     0     0     0     0     0     0
2978    0     0     0     0     0     0     0
2982    0     0     0     0     0     0     0
2986    0     0     0     0     0     0     0
2990    0     0     0     0     0     0     0
2994    0     0     0     0     0     0     0
2998    0     0     0     0     0     0     0
3002    0     0     0     0     0     0     0
3006    0     0     0     0     0     0     0
3010    0     0     0     0     0     0     0
3014    0     0     0     0     0     0     0
3018    0     0     0     0     0     0     0
3022    0     0     0     0     0     0     0
3026    0     0     0     0     0     0     0
3030    0     0     0     0     0     0     0
3034    0     0     0     0     0     0     0
3038    0     0     0     0     0     0     0
3042    0     0     0     0     0     0     0
3046    0     0     0     0     0     0     0
3050    0     0     0     0     0     0     0
3054    0     0     0     0     0     0     0
3058    0     0     0     0     0     0     0
3062    0     0     0     0     0     0     0
3066    0     0     0     0     0     0     0
3070    0     0     0     0     0     0     0
3074    0     0     0     0     0     0     0
3078    0     0     0     0     0     0     0
3082    0     0     0     0     0     0     0
3086    0     0     0     0     0     0     0
3090    0     0     0     0     0     0     0
3094    0     0     0     0     0     0     0
3098    0     0     0     0     0     0     0
3102    0     0     0     0     0     0     0
3106    0     0     0     0     0     0     0
3110    0     0     0     0     0     0     0
3114    0     0     0     0     0     0     0
3118    0     0     0     0     0     0     0
3122    0     0     0     0     0     0     0
3126    0     0     0     0     0     0     0
3130    0     0     0     0     0     0     0
3134    0     0     0     0     0     0     0
3138    0     0     0     0     0     0     0
3142    0     0     0     0     0     0     0
3146    0     0     0     0     0     0     0
3150    0     0     0     0     0     0     0
3154    0     0     0     0     0     0     0
3158    0     0     0     0     0     0     0
3162    0     0     0     0     0     0     0
3166    0     0     0     0     0     0     0
3170    0     0     0     0     0     0     0
3174    0     0     0     0     0     0     0
3178    0     0     0     0     0     0     0
3182    0     0     0     0     0     0     0
3186    0     0     0     0     0     0     0
3190    0     0     0     0     0     0     0
3194    0     0     0     0     0     0     0
3198    0     0     0     0     0     0     0
3202    0     0     0     0     0     0     0
3206    0     0     0     0     0     0     0
3210    0     0     0     0     0     0     0
3214    0     0     0     0     0     0     0
3218    0     0     0     0     0     0     0
3222    0     0     0     0     0     0     0
3226    0     0     0     0     0     0     0
3230    0     0     0     0     0     0     0
3234    0     0     0     0     0     0     0
3238    0     0     0     0     0     0     0
3242    0     0     0     0     0     0     0
3246    0     0     0     0     0     0     0
3250    0     0     0     0     0     0     0
3254    0     0     0     0     0     0     0
3258    0     0     0     0     0     0     0
3262    0     0     0     0     0     0     0
3266    0     0     0     0     0     0     0
3270    0     0     0     0     0     0     0
3274    0     0     0     0     0     0     0
3278    0     0     0     0     0     0     0
3282    0     0     0     0     0     0     0
3286    0     0     0     0     0     0     0
3290    0     0     0     0     0     0     0
3294    0     0     0     0     0     0     0
3298    0     0     0     0     0     0     0
3302    0     0     0     0     0     0     0
3306    0     0     0     0     0     0     0
3310    0     0     0     0     0     0     0
3314    0     0     0     0     0     0     0
3318    0     0     0     0     0     0     0
3322    0     0     0     0     0     0     0
3326    0     0     0     0     0     0     0
3330    0     0     0     0     0     0     0
3334    0     0     0     0     0     0     0
3338    0     0     0     0     0     0     0
3342    0     0     0     0     0     0     0
3346    0     0     0     0     0     0     0
3350    0     0     0     0     0     0     0
3354    0     0     0     0     0     0     0
3358    0     0     0     0     0     0     0
3362    0     0     0     0     0     0     0
3366    0     0     0     0     0     0     0
3370    0     0     0     0     0     0     0
3374    0     0     0     0     0     0     0
3378    0     0     0     0     0     0     0
3382    0     0     0     0     0     0     0
3386    0     0     0     0     0     0     0
3390    0     0     0     0     0     0     0
3394    0     0     0     0     0     0     0
3398    0     0     0     0     0     0     0
3402    0     0     0     0     0     0     0
3406    0     0     0     0     0     0     0
3410    0     0     0     0     0     0     0
3414    0     0     0     0     0     0     0
3418    0     0     0     0     0     0     0
3422    0     0     0     0     0     0     0
3426    0     0     0     0     0     0     0
3430    0     0     0     0     0     0     0
3434    0     0     0     0     0     0     0
3438    0     0     0     0     0     0     0
3442    0     0     0     0     0     0     0
3446    0     0     0     0     0     0     0
3450    0     0     0     0     0     0     0
3454    0     0     0     0     0     0     0
3458    0     0     0     0     0     0     0
3462    0     0     0     0     0     0     0
3466    0     0     0     0     0     0     0
3470    0     0     0     0     0     0     0
3474    0     0     0     0     0     0     0
3478    0     0     0     0     0     0     0
3482    0     0     0     0     0     0     0
3486    0     0     0     0     0     0     0
3490    0     0     0     0     0     0     0
3494    0     0     0     0     0     0     0
3498    0     0     0     0     0     0     0
3502    0     0     0     0     0     0     0
3506    0     0     0     0     0     0     0
3510    0     0     0     0     0     0     0
3514    0     0     0     0     0     0     0
3518    0     0     0     0     0     0     0
3522    0     0     0     0     0     0     0
3526    0     0     0     0     0     0     0
3530    0     0     0     0     0     0     0
3534    0     0     0     0     0     0     0
3538    0     0     0     0     0     0     0
3542    0     0     0     0     0     0     0
3546    0     0     0     0     0     0     0
3550    0     0     0     0     0     0     0
3554    0     0     0     0     0     0     0
3558    0     0     0     0     0     0     0
3562    0     0     0     0     0     0     0
3566    0     0     0     0     0     0     0
3570    0     0     0     0     0     0     0
3574    0     0     0     0     0     0     0
3578    0     0     0     0     0     0     0
3582    0     0     0     0     0     0     0
3586    0     0     0     0     0     0     0
3590    0     0     0     0     0     0     0
3594    0     0     0     0     0     0     0
3598    0     0     0     0     0     0     0
3602    0     0     0     0     0     0     0
3606    0     0     0     0     0     0     0
3610    0     0     0     0     0     0     0
3614    0     0     0     0     0     0     0
3618    0     0     0     0     0     0     0
3622    0     0     0     0     0     0     0
3626    0     0     0     0     0     0     0
3630    0     0     0     0     0     0     0
3634    0     0     0     0     0     0     0
3638    0     0     0     0     0     0     0
3642    0     0     0     0     0     0     0
3646    0     0     0     0     0     0     0
3650    0     0     0     0     0     0     0
3654    0     0     0     0     0     0     0
3658    0     0     0     0     0     0     0
3662    0     0     0     0     0     0     0
3666    0     0     0     0     0     0     0
3670    0     0     0     0     0     0     0
3674    0     0     0     0     0     0     0
3678    0     0     0     0     0     0     0
3682    0     0     0     0     0     0     0
3686    0     0     0     0     0     0     0
3690    0     0     0     0     0     0     0
3694    0     0     0     0     0     0     0
3698    0     0     0     0     0     0     0
3702    0     0     0     0     0     0     0
3706    0     0     0     0     0     0     0
3710    0     0     0     0     0     0     0
3714    0     0     0     0     0     0     0
3718    0     0     0     0     0     0     0
3722    0     0     0     0     0     0     0
3726    0     0     0     0     0     0     0
3730    0     0     0     0     0     0     0
3734    0     0     0     0     0     0     0
3738    0     0     0     0     0     0     0
3742    0     0     0     0     0     0     0
3746    0     0     0     0     0     0     0
3750    0     0     0     0     0     0     0
3754    0     0     0     0     0     0     0
3758    0     0     0     0     0     0     0
3762    0     0     0     0     0     0     0
3766    0     0     0     0     0     0     0
3770    0     0     0     0     0     0     0
3774    0     0     0     0     0     0     0
3778    0     0     0     0     0     0     0
3782    0     0     0     0     0     0     0
3786    0     0     0     0     0     0     0
3790    0     0     0     0     0     0     0
3794    0     0     0     0     0     0     0
3798    0     0     0     0     0     0     0
3802    0     0     0     0     0     0     0
3806    0     0     0     0     0     0     0
3810    0     0     0     0     0     0     0
3814    0     0     0     0     0     0     0
3818    0     0     0     0     0     0     0
3822    0     0     0     0     0     0     0
3826    0     0     0     0     0     0     0
3830    0     0     0     0     0     0     0
3834    0     0     0     0     0     0     0
3838    0     0     0     0     0     0     0
3842    0     0     0     0     0     0     0
3846    0     0     0     0     0     0     0
3850    0     0     0     0     0     0     0
3854    0     0     0     0     0     0     0
3858    0     0     0     0     0     0     0
3862    0     0     0     0     0     0     0
3866    0     0     0     0     0     0     0
3870    0     0     0     0     0     0     0
3874    0     0     0     0     0     0     0
3878    0     0     0     0     0     0     0
3882    0     0     0     0     0     0     0
3886    0     0     0     0     0     0     0
3890    0     0     0     0     0     0     0
3894    0     0     0     0     0     0     0
3898    0     0     0     0     0     0     0
3902    0     0     0     0     0     0     0
3906    0     0     0     0     0     0     0
3910    0     0     0     0     0     0     0
3914    0     0     0     0     0     0     0
3918    0     0     0     0     0     0     0
3922    0     0     0     0     0     0     0
3926    0     0     0     0     0     0     0
3930    0     0     0     0     0     0     0
3934    0     0     0     0     0     0     0
3938    0     0     0     0     0     0     0
3942    0     0     0     0     0     0     0
3946    0     0     0     0     0     0     0
3950    0     0     0     0     0     0     0
3954    0     0     0     0     0     0     0
3958    0     0     0     0     0     0     0
3962    0     0     0     0     0     0     0
3966    0     0     0     0     0     0     0
3970    0     0     0     0     0     0     0
3974    0     0     0     0     0     0     0
3978    0     0     0     0     0     0     0
3982    0     0     0     0     0     0     0
3986    0     0     0     0     0     0     0
3990    0     0     0     0     0     0     0
3994    0     0     0     0     0     0     0
3998    0     0     0     0     0     0     0
