1     0     0     0     0     0     0     0
3     0     0     0     0     0     0     0
5     0     0     0     0     0     0     0
7     0     0     0     0     0     0     0
9     0     0     0     0     0     0     0
11     0     0     0     0     0     0     0
13     0     0     0     0     0     0     0
15     0     0     0     0     0     0     0
17     0     0     0     0     0     0     0
19     0     0     0     0     0     0     0
21     0     0     0     0     0     0     0
23     0     0     0     0     0     0     0
25     1.5338e-05     7.12375e-09     7.12375e-09     7.12375e-09     7.12375e-09     7.12375e-09     7.12375e-09
27     4.21796e-05     1.83952e-08     1.83952e-08     1.83952e-08     1.83952e-08     1.83952e-08     1.83952e-08
29     3.06761e-05     1.22371e-08     1.22371e-08     1.22371e-08     1.22371e-08     1.22371e-08     1.22371e-08
31     4.98486e-05     1.79673e-08     1.79673e-08     1.79673e-08     1.79673e-08     1.79673e-08     1.79673e-08
33     2.68415e-05     8.96246e-09     8.96246e-09     8.96246e-09     8.96246e-09     8.96246e-09     8.96246e-09
35     4.98486e-05     1.53461e-08     1.53461e-08     1.53461e-08     1.53461e-08     1.53461e-08     1.53461e-08
37     4.98486e-05     1.43619e-08     1.43619e-08     1.43619e-08     1.43619e-08     1.43619e-08     1.43619e-08
39     5.36831e-05     1.4269e-08     1.4269e-08     1.4269e-08     1.4269e-08     1.4269e-08     1.4269e-08
41     3.06761e-05     7.57093e-09     7.57093e-09     7.57093e-09     7.57093e-09     7.57093e-09     7.57093e-09
43     6.90211e-05     1.60075e-08     1.60075e-08     1.60075e-08     1.60075e-08     1.60075e-08     1.60075e-08
45     8.05246e-05     1.74671e-08     1.74671e-08     1.74671e-08     1.74671e-08     1.74671e-08     1.74671e-08
47     6.90211e-05     1.42023e-08     1.42023e-08     1.42023e-08     1.42023e-08     1.42023e-08     1.42023e-08
49     5.75176e-05     1.11784e-08     1.11784e-08     1.11784e-08     1.11784e-08     1.11784e-08     1.11784e-08
51     8.05246e-05     1.49099e-08     1.49099e-08     1.49099e-08     1.49099e-08     1.49099e-08     1.49099e-08
53     9.20282e-05     1.60395e-08     1.60395e-08     1.60395e-08     1.60395e-08     1.60395e-08     1.60395e-08
55     0.000134208     2.25126e-08     2.25126e-08     2.25126e-08     2.25126e-08     2.25126e-08     2.25126e-08
57     8.81937e-05     1.4161e-08     1.4161e-08     1.4161e-08     1.4161e-08     1.4161e-08     1.4161e-08
59     0.000103532     1.6024e-08     1.6024e-08     1.6024e-08     1.6024e-08     1.6024e-08     1.6024e-08
61     0.000111201     1.65961e-08     1.65961e-08     1.65961e-08     1.65961e-08     1.65961e-08     1.65961e-08
63     0.000138042     1.98597e-08     1.98597e-08     1.98597e-08     1.98597e-08     1.98597e-08     1.98597e-08
65     0.000130373     1.82162e-08     1.82162e-08     1.82162e-08     1.82162e-08     1.82162e-08     1.82162e-08
67     7.66901e-05     1.03869e-08     1.03869e-08     1.03869e-08     1.03869e-08     1.03869e-08     1.03869e-08
69     0.000141877     1.87235e-08     1.87235e-08     1.87235e-08     1.87235e-08     1.87235e-08     1.87235e-08
71     0.000122704     1.58488e-08     1.58488e-08     1.58488e-08     1.58488e-08     1.58488e-08     1.58488e-08
73     0.000168718     2.12928e-08     2.12928e-08     2.12928e-08     2.12928e-08     2.12928e-08     2.12928e-08
75     0.000149546     1.85392e-08     1.85392e-08     1.85392e-08     1.85392e-08     1.85392e-08     1.85392e-08
77     0.00019556     2.38727e-08     2.38727e-08     2.38727e-08     2.38727e-08     2.38727e-08     2.38727e-08
79     0.00011887     1.43129e-08     1.43129e-08     1.43129e-08     1.43129e-08     1.43129e-08     1.43129e-08
81     0.000134208     1.59576e-08     1.59576e-08     1.59576e-08     1.59576e-08     1.59576e-08     1.59576e-08
83     0.000218567     2.57527e-08     2.57527e-08     2.57527e-08     2.57527e-08     2.57527e-08     2.57527e-08
85     0.000222401     2.60005e-08     2.60005e-08     2.60005e-08     2.60005e-08     2.60005e-08     2.60005e-08
87     0.000180222     2.0952e-08     2.0952e-08     2.0952e-08     2.0952e-08     2.0952e-08     2.0952e-08
89     0.000184056     2.13107e-08     2.13107e-08     2.13107e-08     2.13107e-08     2.13107e-08     2.13107e-08
91     0.000164884     1.9043e-08     1.9043e-08     1.9043e-08     1.9043e-08     1.9043e-08     1.9043e-08
93     0.000207063     2.38978e-08     2.38978e-08     2.38978e-08     2.38978e-08     2.38978e-08     2.38978e-08
95     0.000176387     2.03714e-08     2.03714e-08     2.03714e-08     2.03714e-08     2.03714e-08     2.03714e-08
97     0.00015338     1.77537e-08     1.77537e-08     1.77537e-08     1.77537e-08     1.77537e-08     1.77537e-08
99     0.000176387     2.04755e-08     2.04755e-08     2.04755e-08     2.04755e-08     2.04755e-08     2.04755e-08
101     0.000222401     2.59163e-08     2.59163e-08     2.59163e-08     2.59163e-08     2.59163e-08     2.59163e-08
103     0.00023007     2.6957e-08     2.6957e-08     2.6957e-08     2.6957e-08     2.6957e-08     2.6957e-08
105     0.000218567     2.57765e-08     2.57765e-08     2.57765e-08     2.57765e-08     2.57765e-08     2.57765e-08
107     0.000199394     2.3736e-08     2.3736e-08     2.3736e-08     2.3736e-08     2.3736e-08     2.3736e-08
109     0.000245408     2.95408e-08     2.95408e-08     2.95408e-08     2.95408e-08     2.95408e-08     2.95408e-08
111     0.000245408     2.999e-08     2.999e-08     2.999e-08     2.999e-08     2.999e-08     2.999e-08
113     0.000199394     2.47841e-08     2.47841e-08     2.47841e-08     2.47841e-08     2.47841e-08     2.47841e-08
115     0.000222401     2.82805e-08     2.82805e-08     2.82805e-08     2.82805e-08     2.82805e-08     2.82805e-08
117     0.000199394     2.59454e-08     2.59454e-08     2.59454e-08     2.59454e-08     2.59454e-08     2.59454e-08
119     0.000241574     3.24491e-08     3.24491e-08     3.24491e-08     3.24491e-08     3.24491e-08     3.24491e-08
121     0.000253077     3.53097e-08     3.53097e-08     3.53097e-08     3.53097e-08     3.53097e-08     3.53097e-08
123     0.000199394     2.88691e-08     2.88691e-08     2.88691e-08     2.88691e-08     2.88691e-08     2.88691e-08
125     0.000214732     3.26564e-08     3.26564e-08     3.26564e-08     3.26564e-08     3.26564e-08     3.26564e-08
127     0.00023007     3.71081e-08     3.71081e-08     3.71081e-08     3.71081e-08     3.71081e-08     3.71081e-08
129     0.000249243     4.26484e-08     4.26484e-08     4.26484e-08     4.26484e-08     4.26484e-08     4.26484e-08
131     0.000249243     4.59003e-08     4.59003e-08     4.59003e-08     4.59003e-08     4.59003e-08     4.59003e-08
133     0.000237739     4.68693e-08     4.68693e-08     4.68693e-08     4.68693e-08     4.68693e-08     4.68693e-08
135     0.000260746     5.58475e-08     5.58475e-08     5.58475e-08     5.58475e-08     5.58475e-08     5.58475e-08
137     0.000295257     6.95044e-08     6.95044e-08     6.95044e-08     6.95044e-08     6.95044e-08     6.95044e-08
139     0.000256912     6.63686e-08     6.63686e-08     6.63686e-08     6.63686e-08     6.63686e-08     6.63686e-08
141     0.000260746     7.55707e-08     7.55707e-08     7.55707e-08     7.55707e-08     7.55707e-08     7.55707e-08
143     0.000245408     8.0765e-08     8.0765e-08     8.0765e-08     8.0765e-08     8.0765e-08     8.0765e-08
145     0.000299092     1.10855e-07     1.10855e-07     1.10855e-07     1.10855e-07     1.10855e-07     1.10855e-07
147     0.00027225     1.14925e-07     1.14925e-07     1.14925e-07     1.14925e-07     1.14925e-07     1.14925e-07
149     0.000279919     1.40137e-07     1.40137e-07     1.40137e-07     1.40137e-07     1.40137e-07     1.40137e-07
151     0.000352775     2.10383e-07     2.10383e-07     2.10383e-07     2.10383e-07     2.10383e-07     2.10383e-07
153     0.000306761     2.271e-07     2.271e-07     2.271e-07     2.271e-07     2.271e-07     2.271e-07
155     0.000268415     2.47609e-07     2.47609e-07     2.47609e-07     2.47609e-07     2.47609e-07     2.47609e-07
157     0.00034894     4.15337e-07     4.15337e-07     4.15337e-07     4.15337e-07     4.15337e-07     4.15337e-07
159     0.000345106     6.70283e-07     6.70283e-07     6.70283e-07     6.70283e-07     6.70283e-07     6.70283e-07
161     0.000299092     9.29047e-07     9.29047e-07     9.29047e-07     9.29047e-07     9.29047e-07     9.29047e-07
163     0.00034894     1.75038e-06     1.75038e-06     1.75038e-06     1.75038e-06     1.75038e-06     1.75038e-06
165     0.000276085     1.94086e-06     1.94086e-06     1.94086e-06     1.94086e-06     1.94086e-06     1.94086e-06
167     0.000333602     2.89222e-06     2.89222e-06     2.89222e-06     2.89222e-06     2.89222e-06     2.89222e-06
169     0.000406458     4.01393e-06     4.01393e-06     4.01393e-06     4.01393e-06     4.01393e-06     4.01393e-06
171     0.000360444     4.03561e-06     4.03561e-06     4.03561e-06     4.03561e-06     4.03561e-06     4.03561e-06
173     0.000352775     4.37189e-06     4.37189e-06     4.37189e-06     4.37189e-06     4.37189e-06     4.37189e-06
175     0.000379616     5.09479e-06     5.09479e-06     5.09479e-06     5.09479e-06     5.09479e-06     5.09479e-06
177     0.000417961     6.09659e-06     6.09659e-06     6.09659e-06     6.09659e-06     6.09659e-06     6.09659e-06
179     0.00034894     5.50861e-06     5.50861e-06     5.50861e-06     5.50861e-06     5.50861e-06     5.50861e-06
181     0.000410292     7.13263e-06     7.13263e-06     7.13263e-06     7.13263e-06     7.13263e-06     7.13263e-06
183     0.000406458     7.81505e-06     7.81505e-06     7.81505e-06     7.81505e-06     7.81505e-06     7.81505e-06
185     0.000460141     9.76862e-06     9.76862e-06     9.76862e-06     9.76862e-06     9.76862e-06     9.76862e-06
187     0.000352775     8.13718e-06     8.13718e-06     8.13718e-06     8.13718e-06     8.13718e-06     8.13718e-06
189     0.000387285     9.60321e-06     9.60321e-06     9.60321e-06     9.60321e-06     9.60321e-06     9.60321e-06
191     0.00039112     1.04097e-05     1.04097e-05     1.04097e-05     1.04097e-05     1.04097e-05     1.04097e-05
193     0.000383451     1.08469e-05     1.08469e-05     1.08469e-05     1.08469e-05     1.08469e-05     1.08469e-05
195     0.000398789     1.18978e-05     1.18978e-05     1.18978e-05     1.18978e-05     1.18978e-05     1.18978e-05
197     0.000417961     1.31447e-05     1.31447e-05     1.31447e-05     1.31447e-05     1.31447e-05     1.31447e-05
199     0.000448637     1.47704e-05     1.47704e-05     1.47704e-05     1.47704e-05     1.47704e-05     1.47704e-05
201     0.000421796     1.44955e-05     1.44955e-05     1.44955e-05     1.44955e-05     1.44955e-05     1.44955e-05
203     0.000475479     1.70643e-05     1.70643e-05     1.70643e-05     1.70643e-05     1.70643e-05     1.70643e-05
205     0.000414127     1.54842e-05     1.54842e-05     1.54842e-05     1.54842e-05     1.54842e-05     1.54842e-05
207     0.000402623     1.56957e-05     1.56957e-05     1.56957e-05     1.56957e-05     1.56957e-05     1.56957e-05
209     0.000463975     1.88134e-05     1.88134e-05     1.88134e-05     1.88134e-05     1.88134e-05     1.88134e-05
211     0.000444803     1.87525e-05     1.87525e-05     1.87525e-05     0.000266308     0.000373261     0.000192702
213     0.000490817     2.14819e-05     2.14819e-05     2.14819e-05     0.000269799     0.000377347     0.000195842
215     0.000429465     1.94659e-05     1.94659e-05     1.94659e-05     0.000276693     0.000388281     0.000199953
217     0.000433299     2.03455e-05     2.03455e-05     2.03455e-05     0.000277383     0.000389054     0.00020056
219     0.000521493     2.53033e-05     2.53033e-05     2.53033e-05     0.000277092     0.000386616     0.000201755
221     0.000525327     2.63685e-05     2.63685e-05     2.63685e-05     0.00027784     0.000387313     0.000202535
223     0.00046781     2.41529e-05     2.41529e-05     2.41529e-05     0.000273525     0.000382174     0.000198772
225     0.000475479     2.53422e-05     2.53422e-05     2.53422e-05     0.000279198     0.000389819     0.000203054
227     0.000532996     2.93429e-05     2.93429e-05     2.93429e-05     0.000268242     0.0003724     0.000196554
229     0.000448637     2.54307e-05     2.54307e-05     2.54307e-05     0.000274062     0.000382514     0.000199405
231     0.000548335     3.19862e-05     3.19862e-05     3.19862e-05     0.000282493     0.000391705     0.000207258
233     0.000463975     2.79111e-05     2.79111e-05     2.79111e-05     0.000276335     0.000384649     0.00020168
235     0.000525327     3.25507e-05     3.25507e-05     3.25507e-05     0.000282042     0.000390824     0.000207083
237     0.000490817     3.12966e-05     3.12966e-05     3.12966e-05     0.000273621     0.000379299     0.000200775
239     0.000548335     3.5909e-05     3.5909e-05     3.5909e-05     0.000284595     0.000393073     0.00020979
241     0.0005445     3.66717e-05     3.66717e-05     3.66717e-05     0.000276281     0.000380875     0.000204166
243     0.000490817     3.39115e-05     3.39115e-05     3.39115e-05     0.000267995     0.000370241     0.000197496
245     0.000521493     3.70044e-05     3.70044e-05     3.70044e-05     0.000274612     0.000378399     0.000203024
247     0.000582845     4.24794e-05     4.24794e-05     4.24794e-05     0.000289138     0.000396914     0.000214798
249     0.000540665     4.03823e-05     4.03823e-05     4.03823e-05     0.000274464     0.000376674     0.000203909
251     0.000494651     3.79257e-05     3.79257e-05     3.79257e-05     0.000273329     0.000376057     0.000202413
253     0.000540665     4.25339e-05     4.25339e-05     4.25339e-05     0.000276681     0.000378725     0.000206175
255     0.000556004     4.47936e-05     4.47936e-05     4.47936e-05     0.000274358     0.000374217     0.000205314
257     0.00058668     4.84809e-05     4.84809e-05     4.84809e-05     0.000277372     0.000376764     0.000208582
259     0.000559838     4.73546e-05     4.73546e-05     4.73546e-05     0.00027349     0.000371575     0.000205567
261     0.000609687     5.28235e-05     5.28235e-05     5.28235e-05     0.000286158     0.000387225     0.000216139
263     0.000678708     6.01679e-05     6.01679e-05     6.01679e-05     0.000281029     0.000376636     0.000214737
265     0.000521493     4.73035e-05     4.73035e-05     4.73035e-05     0.000272067     0.000369349     0.00020462
267     0.000605852     5.61757e-05     5.61757e-05     5.61757e-05     0.000282581     0.000380582     0.0002146
269     0.000628859     5.9644e-05     5.9644e-05     5.9644e-05     0.000268606     0.000359047     0.000205852
271     0.000644197     6.25298e-05     6.25298e-05     6.25298e-05     0.000276869     0.000369732     0.000212432
273     0.000705549     7.0064e-05     7.0064e-05     7.0064e-05     0.000282043     0.000373946     0.000218282
275     0.000636528     6.46226e-05     6.46226e-05     6.46226e-05     0.000274835     0.000366034     0.000211542
277     0.000640363     6.64791e-05     6.64791e-05     6.64791e-05     0.000289173     0.000385848     0.00022208
279     0.000690211     7.32116e-05     7.32116e-05     7.32116e-05     0.000285862     0.000378158     0.000221796
281     0.000667204     7.22572e-05     7.22572e-05     7.22572e-05     0.00028826     0.000381948     0.000223171
283     0.000717053     7.92963e-05     7.92963e-05     7.92963e-05     0.0002871     0.00037714     0.000224518
285     0.000686377     7.75419e-05     7.75419e-05     7.75419e-05     0.000275645     0.000361393     0.00021602
287     0.000659535     7.59551e-05     7.59551e-05     7.59551e-05     0.000286607     0.000377698     0.000223242
289     0.000682542     8.02453e-05     8.02453e-05     8.02453e-05     0.000282215     0.0003695     0.00022146
291     0.000732391     8.77847e-05     8.77847e-05     8.77847e-05     0.000281091     0.000364632     0.000222918
293     0.000690211     8.43633e-05     8.43633e-05     8.43633e-05     0.000285377     0.000372325     0.000224853
295     0.000686377     8.55805e-05     8.55805e-05     8.55805e-05     0.00028614     0.000372945     0.000225703
297     0.000694046     8.81012e-05     8.81012e-05     8.81012e-05     0.000297935     0.00038887     0.000234638
299     0.000720887     9.33239e-05     9.33239e-05     9.33239e-05     0.000285163     0.000368355     0.000227259
301     0.000766901     0.000101246     0.000101246     0.000101246     0.000301121     0.000387811     0.000240761
303     0.000747729     0.000100567     0.000100567     0.000100567     0.00030255     0.000390162     0.000241556
305     0.000728556     9.98428e-05     9.98428e-05     9.98428e-05     0.000303563     0.000391851     0.000242045
307     0.000866599     0.00012098     0.00012098     0.00012098     0.000318942     0.000404666     0.000259184
309     0.000778405     0.00011059     0.00011059     0.00011059     0.00030347     0.000386932     0.000245265
311     0.000720887     0.000104343     0.000104343     0.000104343     0.000287737     0.000367016     0.000232408
313     0.000724722     0.000106786     0.000106786     0.000106786     0.000307708     0.000394497     0.000247122
315     0.000801412     0.000120257     0.000120257     0.000120257     0.000315249     0.000399441     0.000256453
317     0.000805246     0.000122801     0.000122801     0.000122801     0.000315442     0.000398569     0.000257369
319     0.000828254     0.000128676     0.000128676     0.000128676     0.000329348     0.000415926     0.000268856
321     0.000809081     0.000127769     0.000127769     0.000127769     0.000327134     0.00041312     0.000267034
323     0.000797577     0.000127942     0.000127942     0.000127942     0.000321342     0.00040471     0.000263025
325     0.000847426     0.000138248     0.000138248     0.000138248     0.000339907     0.000426834     0.000279095
327     0.000870433     0.000144375     0.000144375     0.000144375     0.000346439     0.000433492     0.000285516
329     0.000939454     0.000158286     0.000158286     0.000158286     0.000351208     0.000434257     0.000293079
331     0.000862764     0.000147683     0.000147683     0.000147683     0.000333774     0.000413752     0.000277731
333     0.000904944     0.000157294     0.000157294     0.000157294     0.000361346     0.000448893     0.000299952
335     0.00085893     0.000151574     0.000151574     0.000151574     0.00035882     0.000447577     0.00029655
337     0.00089344     0.000160283     0.000160283     0.000160283     0.00035652     0.000440366     0.000297634
339     0.000927951     0.000169089     0.000169089     0.000169089     0.00036998     0.000455618     0.000309781
341     0.000958627     0.000177283     0.000177283     0.000177283     0.000384522     0.000472687     0.000322495
343     0.000962461     0.000180993     0.000180993     0.000180993     0.000375087     0.000457544     0.000317035
345     0.000966296     0.000184676     0.000184676     0.000184676     0.000392305     0.000480676     0.000330111
347     0.00103148     0.000200775     0.000200775     0.000200775     0.000404146     0.00049102     0.000343054
349     0.00102381     0.000203161     0.000203161     0.000203161     0.00042506     0.00051991     0.000358367
351     0.00105065     0.000212831     0.000212831     0.000212831     0.000432393     0.000526334     0.000366331
353     0.00105832     0.000219433     0.000219433     0.000219433     0.00043439     0.000526566     0.000369604
355     0.00111201     0.000236154     0.000236154     0.000236154     0.000471991     0.000573397     0.000400775
357     0.000947123     0.000205862     0.000205862     0.000205862     0.000440158     0.000541154     0.000369257
359     0.00101998     0.000227013     0.000227013     0.000227013     0.000457057     0.000556454     0.000387312
361     0.00127689     0.000290825     0.000290825     0.000290825     0.00054098     0.000649242     0.000465049
363     0.00103915     0.000241995     0.000241995     0.000241995     0.000483095     0.000587545     0.000409832
365     0.00109283     0.000260067     0.000260067     0.000260067     0.000510124     0.000618582     0.00043407
367     0.00104682     0.000254651     0.000254654     0.000254651     0.000503162     0.000611093     0.000427503
369     0.00104682     0.000259964     0.000259968     0.000259964     0.000532121     0.000650475     0.000449173
371     0.00120404     0.00030555     0.000305555     0.00030555     0.000559934     0.000670696     0.000482306
373     0.00126539     0.000327964     0.00032797     0.000327964     0.000590737     0.000705318     0.000510448
375     0.00117719     0.000311569     0.000311574     0.000311569     0.00059203     0.000714537     0.000506228
377     0.00116186     0.000314125     0.000314131     0.000314125     0.000580361     0.000696842     0.000498806
379     0.00118486     0.000326957     0.000326963     0.000326957     0.000586675     0.000700496     0.000507017
381     0.00126539     0.000356339     0.000356346     0.000356339     0.000639571     0.000763861     0.000552594
383     0.00138042     0.000396452     0.00039646     0.000396452     0.000675732     0.000798461     0.000589875
385     0.00123471     0.000361233     0.00036124     0.000361233     0.000637996     0.000759777     0.000552816
387     0.00127689     0.00038065     0.000380658     0.00038065     0.000676243     0.000806449     0.000585169
389     0.00137275     0.000416745     0.000416754     0.000416745     0.000695733     0.000818767     0.000609697
391     0.00123855     0.000382688     0.000382696     0.000382688     0.00069613     0.000834491     0.000599382
393     0.00127306     0.000399993     0.000400002     0.000399993     0.000705668     0.000840736     0.000611223
395     0.00136508     0.000436344     0.000436355     0.000436344     0.000758097     0.000900468     0.00065861
397     0.00143027     0.00046498     0.000464992     0.00046498     0.000772816     0.000909146     0.000677543
399     0.00149546     0.000494332     0.000494345     0.000494332     0.000784819     0.000913595     0.000694835
401     0.00135358     0.000454651     0.000454663     0.000454651     0.000758666     0.000893605     0.000664388
403     0.00153764     0.000525365     0.000525379     0.000525365     0.000836537     0.000974831     0.000739949
405     0.00150696     0.000523242     0.000523256     0.000523242     0.000852621     0.000999162     0.000750273
407     0.00143411     0.000505832     0.000505847     0.000505832     0.000826334     0.000969112     0.000726655
409     0.00159132     0.000570035     0.000570053     0.000570035     0.000903761     0.00105255     0.000799874
411     0.00160666     0.00058458     0.000584599     0.00058458     0.00091376     0.00106068     0.00081121
413     0.00146862     0.000542324     0.000542342     0.000542324     0.000856113     0.000996279     0.000758298
415     0.00149162     0.00055893     0.000558948     0.00055893     0.000886752     0.00103327     0.000784485
417     0.00158749     0.000603598     0.00060362     0.000603598     0.000941871     0.00109316     0.000836279
419     0.00175237     0.00067594     0.000675964     0.00067594     0.00100677     0.00115485     0.000903406
421     0.00157598     0.000616215     0.000616239     0.000616215     0.000953854     0.00110517     0.000848268
423     0.001622     0.000643033     0.000643058     0.000643033     0.000990381     0.00114625     0.000881646
425     0.0014226     0.0005715     0.000571523     0.0005715     0.000921191     0.00107834     0.000811605
427     0.00160666     0.000654103     0.000654131     0.000654103     0.000990854     0.00114238     0.000885231
429     0.00172936     0.000713507     0.000713537     0.000713507     0.00105803     0.00121318     0.000949865
431     0.00171019     0.000714861     0.000714894     0.000714861     0.00106437     0.0012219     0.000954581
433     0.0017332     0.000733953     0.000733987     0.000733953     0.00110155     0.00126727     0.000986029
435     0.00183673     0.000787872     0.000787909     0.000787872     0.00118596     0.00136547     0.00106079
437     0.00185207     0.000804624     0.000804664     0.000804624     0.00117932     0.00134838     0.00106146
439     0.00207063     0.000911347     0.000911392     0.000911347     0.00131697     0.00150012     0.00118929
441     0.0019441     0.000866376     0.000866423     0.000866376     0.00123282     0.00139851     0.00111735
443     0.00199011     0.000897816     0.000897865     0.000897816     0.00127389     0.00144424     0.00115523
445     0.00215499     0.000983955     0.00098401     0.000983955     0.00140304     0.00159326     0.00127061
447     0.00202079     0.000933395     0.000933451     0.000933395     0.0013321     0.00151342     0.0012059
449     0.00223168     0.00104313     0.0010432     0.00104313     0.00143685     0.00161624     0.00131207
451     0.00210514     0.000995301     0.000995366     0.000995301     0.00140841     0.00159693     0.00127733
453     0.00229304     0.00109622     0.0010963     0.00109622     0.00152742     0.00172438     0.0013905
455     0.00219334     0.00106042     0.00106049     0.00106042     0.00148593     0.00168039     0.00135073
457     0.00224319     0.00109647     0.00109655     0.00109647     0.00155088     0.00175858     0.00140645
459     0.00222785     0.00110116     0.00110123     0.00110116     0.00156959     0.00178369     0.00142069
461     0.00235439     0.00117671     0.00117681     0.00117671     0.00159368     0.00178416     0.00146118
463     0.00234672     0.0011858     0.00118589     0.0011858     0.00165225     0.00186514     0.00150407
465     0.00242341     0.00123797     0.00123807     0.00123797     0.00168655     0.00189112     0.0015441
467     0.00261513     0.00135006     0.00135018     0.00135006     0.0018462     0.00207224     0.00168872
469     0.00261897     0.00136678     0.0013669     0.00136678     0.00185122     0.0020718     0.0016975
471     0.00271867     0.0014339     0.00143404     0.0014339     0.00194028     0.00217074     0.00177963
473     0.00269182     0.0014347     0.00143484     0.0014347     0.00191217     0.00212948     0.00176068
475     0.00268799     0.00144786     0.00144801     0.00144786     0.00197673     0.0022175     0.00180888
477     0.00283754     0.0015438     0.00154397     0.0015438     0.00207327     0.00231445     0.00190514
479     0.00299092     0.00164425     0.00164442     0.00164425     0.00214438     0.00237242     0.00198545
481     0.00304843     0.00169275     0.00169296     0.00169275     0.00223412     0.00248127     0.00206193
483     0.00320181     0.00179608     0.00179629     0.00179608     0.00236501     0.00262506     0.00218384
485     0.0031558     0.00178887     0.0017891     0.00178887     0.00237445     0.00264252     0.00218779
487     0.00310595     0.00177853     0.00177877     0.00177853     0.00238104     0.00265722     0.00218879
489     0.00332068     0.00192113     0.00192139     0.00192113     0.002502     0.00276853     0.00231649
491     0.00334752     0.00195621     0.0019565     0.00195621     0.00255251     0.00282633     0.00236197
493     0.00357376     0.00210918     0.00210949     0.00210918     0.00270007     0.00297154     0.0025112
495     0.00363511     0.00216689     0.00216725     0.00216689     0.00283732     0.00314532     0.00262299
497     0.00366962     0.00220911     0.00220948     0.00220911     0.00292311     0.00325109     0.00269482
499     0.00376932     0.00229155     0.00229195     0.00229155     0.00294596     0.00324661     0.00273669
501     0.00381917     0.00234528     0.00234573     0.00234528     0.00300283     0.00330506     0.0027925
503     0.00389969     0.00241928     0.00241974     0.00241928     0.00311082     0.00342876     0.00288949
505     0.00414894     0.0026002     0.00260075     0.0026002     0.00330597     0.00363083     0.00307996
507     0.004356     0.00275794     0.00275853     0.00275794     0.00354471     0.0039072     0.00329258
509     0.00430615     0.00275441     0.00275504     0.00275441     0.00347146     0.00380224     0.00324144
511     0.0044557     0.0028796     0.0028803     0.0028796     0.00365381     0.00401144     0.00340516
513     0.00436367     0.00284988     0.00285057     0.00284988     0.00360703     0.00395742     0.00336362
515     0.00444419     0.0029339     0.00293472     0.0029339     0.00373843     0.00411131     0.00347945
517     0.00461675     0.0030803     0.00308116     0.0030803     0.00387523     0.00424426     0.00361905
519     0.00486215     0.00327947     0.00328045     0.00327947     0.00415555     0.00456289     0.00387294
521     0.00502704     0.00342778     0.00342888     0.00342778     0.00427839     0.00467443     0.00400376
523     0.00493501     0.00340238     0.00340347     0.00340238     0.00418771     0.00455369     0.00393398
525     0.00521493     0.00363533     0.00363667     0.00363533     0.00449215     0.00489187     0.0042152
527     0.00559838     0.00394728     0.00394873     0.00394728     0.00489622     0.00533896     0.00458937
529     0.00570575     0.00406966     0.00407129     0.00406966     0.00500774     0.0054456     0.00470436
531     0.00577477     0.0041667     0.00416847     0.0041667     0.00511267     0.00555421     0.00480673
533     0.00596266     0.00435371     0.00435558     0.00435371     0.00533683     0.0057955     0.00501893
535     0.00618506     0.00457117     0.00457342     0.00457117     0.00560757     0.00609124     0.00527253
537     0.00644197     0.00482114     0.00482349     0.00482114     0.00583346     0.00630572     0.00550625
539     0.00639596     0.00484871     0.00485134     0.00484871     0.00586776     0.00634319     0.00553842
541     0.00679475     0.00522032     0.00522327     0.00522032     0.00628175     0.00677702     0.00593871
543     0.00683309     0.00532339     0.00532649     0.00532339     0.00640206     0.00690554     0.00605345
545     0.00719737     0.0056869     0.00569065     0.0056869     0.00678355     0.0072961     0.00642903
547     0.00702482     0.00563275     0.00563641     0.00563275     0.00670529     0.00720665     0.00635847
549     0.00768052     0.00625577     0.00626037     0.00625577     0.00738982     0.00792078     0.00702295
551     0.00759232     0.00628245     0.00628719     0.00628245     0.00741248     0.00794196     0.00704681
553     0.00781856     0.00657776     0.00658291     0.00657776     0.0077593     0.00831323     0.0073768
555     0.00805246     0.00689146     0.00689749     0.00689146     0.00808406     0.0086443     0.00769781
557     0.00804096     0.00700334     0.00700936     0.00700334     0.00816126     0.00870563     0.00778603
559     0.0083899     0.00743756     0.00744485     0.00743756     0.00860635     0.00915744     0.00822739
561     0.00864298     0.00780236     0.00781011     0.00780236     0.00899643     0.00956019     0.008609
563     0.00927567     0.00852769     0.00853657     0.00852769     0.00976208     0.0103464     0.00936123
565     0.00896891     0.00840135     0.00841088     0.00840135     0.00956601     0.010119     0.00918743
567     0.00944056     0.00901791     0.00902795     0.00901791     0.0102279     0.0108032     0.00983429
569     0.00948274     0.00924477     0.00925646     0.00924477     0.0104174     0.0109773     0.0100357
571     0.00959777     0.00955887     0.00957089     0.00955887     0.0107105     0.0112614     0.0103355
573     0.00993521     0.0101184     0.0101317     0.0101184     0.0112774     0.011833     0.0108998
575     0.00988919     0.0103045     0.0103189     0.0103045     0.0114105     0.0119425     0.0110501
577     0.00958243     0.0102259     0.0102399     0.0102259     0.0112608     0.0117591     0.0109236
579     0.00987002     0.0107849     0.0108014     0.0107849     0.011826     0.0123296     0.0114867
581     0.0100196     0.0112081     0.0112248     0.0112081     0.0122027     0.0126851     0.0118784
583     0.0101921     0.0116761     0.0116942     0.0116761     0.01263     0.0130947     0.0123189
585     0.0102075     0.0119719     0.0119909     0.0119719     0.012889     0.0133378     0.0125898
587     0.0105947     0.0127272     0.0127471     0.0127272     0.0135969     0.0140243     0.013313
589     0.0102381     0.0126     0.0126208     0.0126     0.0133866     0.0137762     0.0131297
591     0.0101998     0.0128616     0.0128823     0.0128616     0.0135834     0.0139429     0.0133475
593     0.0100502     0.0129898     0.013011     0.0129898     0.0136317     0.0139543     0.0134219
595     0.00966296     0.0127919     0.0128127     0.0127919     0.0133459     0.013627     0.0131647
597     0.00977416     0.0132436     0.0132646     0.0132436     0.0137289     0.0139781     0.01357
599     0.00950958     0.0131785     0.0131993     0.0131785     0.0135712     0.0137769     0.0134426
601     0.00940988     0.013313     0.0133336     0.013313     0.0136262     0.0137943     0.0135235
603     0.00987769     0.0142422     0.0142634     0.0142422     0.0144862     0.0146225     0.0144061
605     0.00932552     0.0136797     0.0136996     0.0136797     0.0138196     0.0139056     0.0137736
607     0.00905711     0.0135013     0.0135204     0.0135013     0.0135582     0.0136042     0.0135395
609     0.0087005     0.0131709     0.0131884     0.0131709     0.0131394     0.0131672     0.0131245
611     0.00848193     0.0130259     0.0130429     0.0130259     0.0129105     0.0129654     0.0128559
613     0.0083899     0.0130668     0.0130825     0.0130668     0.0128734     0.0129527     0.0127819
615     0.00812149     0.0128186     0.0128334     0.0128186     0.0125492     0.0126527     0.0124217
617     0.00783773     0.0125212     0.012535     0.0125212     0.0121819     0.0123074     0.0120212
619     0.00745045     0.0120351     0.0120471     0.0120351     0.0116324     0.011777     0.0114418
621     0.00743894     0.0121381     0.01215     0.0121381     0.0116657     0.0118333     0.011442
623     0.00739676     0.0121756     0.012186     0.0121756     0.0116273     0.0118184     0.0113675
625     0.00696346     0.01155     0.0115595     0.01155     0.0109551     0.0111608     0.0106731
627     0.00647265     0.0108066     0.0108149     0.0108066     0.0101914     0.0104027     0.00989972
629     0.0065455     0.0109897     0.0109972     0.0109897     0.0102954     0.0105321     0.009966
631     0.00612754     0.0103375     0.0103445     0.0103375     0.00962757     0.00986902     0.00929057
633     0.00609687     0.0103275     0.0103334     0.0103275     0.0095684     0.00982501     0.00920782
635     0.00587446     0.009986     0.00999152     0.009986     0.00919244     0.00946025     0.0088153
637     0.00565973     0.00965083     0.00965571     0.00965083     0.00883043     0.00910661     0.00844024
639     0.00538748     0.00921378     0.00921789     0.00921378     0.00838641     0.00866428     0.00799267
641     0.00516892     0.00886513     0.00886907     0.00886513     0.00802354     0.00830613     0.00762267
643     0.00508072     0.00873873     0.00874185     0.00873873     0.00786445     0.00815724     0.00744774
645     0.0047778     0.0082406     0.00824353     0.0082406     0.00737974     0.0076681     0.00696905
647     0.00447104     0.00773161     0.00773407     0.00773161     0.00687662     0.00716274     0.00646847
649     0.00442502     0.00767054     0.00767271     0.00767054     0.00678772     0.00708295     0.00636598
651     0.00454006     0.00788621     0.00788841     0.00788621     0.00694857     0.00726211     0.00650051
653     0.00421412     0.00733344     0.00733509     0.00733344     0.00640892     0.00671763     0.00596713
655     0.00416044     0.00725178     0.00725342     0.00725178     0.00631608     0.00662849     0.00586888
657     0.0039227     0.00684706     0.0068484     0.00684706     0.00593676     0.00624052     0.0055017
659     0.00364278     0.00636655     0.00636769     0.00636655     0.00547025     0.00576924     0.00504181
661     0.00364662     0.00638104     0.00638215     0.00638104     0.00547029     0.00577417     0.00503467
663     0.00317497     0.00556226     0.00556305     0.00556226     0.00473768     0.00501278     0.00434296
665     0.00330918     0.0058039     0.00580473     0.0058039     0.00491722     0.00521325     0.00449236
667     0.00314046     0.0055142     0.00551487     0.0055142     0.00464822     0.00493743     0.00423281
669     0.00323632     0.00568892     0.00568956     0.00568892     0.00474825     0.00506257     0.00429664
671     0.00296791     0.00522306     0.00522362     0.00522306     0.00435054     0.00464224     0.00393131
673     0.00301776     0.00531682     0.00531729     0.00531682     0.00443088     0.0047271     0.00400493
675     0.00289122     0.00509969     0.00510014     0.00509969     0.00420862     0.00450665     0.00378005
677     0.00284137     0.00501723     0.0050176     0.00501723     0.00413952     0.00443309     0.00371726
679     0.00239273     0.00422945     0.00422974     0.00422945     0.00346139     0.00371836     0.00309187
681     0.00246942     0.00436928     0.00436957     0.00436928     0.0035723     0.00383896     0.00318873
683     0.00236973     0.00419691     0.00419715     0.00419691     0.00340455     0.00366971     0.00302311
685     0.00227003     0.00402449     0.00402472     0.00402449     0.00323921     0.00350207     0.00286101
687     0.00229687     0.00407692     0.00407711     0.00407692     0.00329718     0.00355828     0.00292155
689     0.00217417     0.00386492     0.00386509     0.00386492     0.0031018     0.00335746     0.00273392
691     0.00205146     0.00365362     0.00365377     0.00365362     0.00292491     0.00316918     0.00257329
693     0.00223552     0.00399005     0.00399019     0.00399005     0.00317553     0.00344876     0.00278212
695     0.00183289     0.00327941     0.00327953     0.00327941     0.00256117     0.00280228     0.00221388
697     0.00180605     0.00323957     0.00323966     0.00323957     0.00254367     0.00277749     0.00220684
699     0.00181756     0.00326865     0.00326874     0.00326865     0.00256242     0.00279986     0.00222019
701     0.00175237     0.00315877     0.00315885     0.00315877     0.00245678     0.00269294     0.00211629
703     0.00176387     0.00318641     0.00318648     0.00318641     0.00244912     0.00269727     0.00209132
705     0.00162583     0.00294384     0.0029439     0.00294384     0.00229002     0.00251019     0.00197254
707     0.001622     0.00294404     0.00294409     0.00294404     0.00225469     0.0024869     0.00191989
709     0.00165267     0.00300783     0.00300788     0.00300783     0.00231478     0.00254833     0.00197803
711     0.00146095     0.00266698     0.00266702     0.00266698     0.00202701     0.00224272     0.00171592
713     0.0013996     0.00256397     0.00256401     0.00256397     0.00196274     0.00216547     0.00167038
715     0.00141877     0.00260835     0.00260838     0.00260835     0.00199247     0.00220022     0.00169288
717     0.00135358     0.00249767     0.00249769     0.00249767     0.00187672     0.00208627     0.00157445
719     0.00136125     0.00252027     0.00252029     0.00252027     0.00190147     0.00211041     0.00160008
721     0.00130757     0.00242819     0.00242821     0.00242819     0.00182705     0.00203018     0.00153395
723     0.00130373     0.00242756     0.00242758     0.00242756     0.00181297     0.00202084     0.00151304
725     0.00116186     0.00216858     0.00216859     0.00216858     0.00161184     0.00180029     0.00133981
727     0.00113501     0.00212367     0.00212368     0.00212367     0.00158043     0.00176446     0.00131468
729     0.00114268     0.00214324     0.00214325     0.00214324     0.00158587     0.00177482     0.00131297
731     0.00104299     0.00196166     0.00196167     0.00196166     0.00145016     0.00162366     0.00119946
733     0.00110817     0.00209028     0.00209028     0.00209028     0.00152951     0.00171983     0.00125459
735     0.00101231     0.00191581     0.00191582     0.00191581     0.00141521     0.00158517     0.00116967
737     0.000973965     0.00184984     0.00184984     0.00184984     0.00136432     0.00152922     0.00112603
739     0.000901109     0.00171832     0.00171832     0.00171832     0.00124564     0.00140626     0.00101356
741     0.000962461     0.00184274     0.00184275     0.00184274     0.00134277     0.00151277     0.0010971
743     0.00100464     0.00193134     0.00193134     0.00193134     0.00139915     0.00158022     0.00113736
745     0.000820585     0.00158451     0.00158451     0.00158451     0.00116693     0.00130913     0.000961331
747     0.000809081     0.00156914     0.00156914     0.00156914     0.00111286     0.00126836     0.000887974
749     0.000897275     0.00174723     0.00174723     0.00174723     0.00124228     0.00141448     0.000993177
751     0.000927951     0.00181388     0.00181388     0.00181388     0.001264     0.00145164     0.000992532
753     0.000759232     0.00148906     0.00148906     0.00148906     0.00107063     0.00121347     0.000863942
755     0.000736225     0.00144862     0.00144862     0.00144862     0.00102885     0.0011722     0.000821375
757     0.000759232     0.00149872     0.00149872     0.00149872     0.00102339     0.0011858     0.000788378
759     0.000736225     0.00145781     0.00145781     0.00145781     0.00102132     0.00117051     0.000805389
761     0.000659535     0.00131034     0.00131034     0.00131034     0.000906506     0.00104461     0.000706621
763     0.00066337     0.00132286     0.00132286     0.00132286     0.000923699     0.00106029     0.000725957
765     0.00058668     0.00117457     0.00117457     0.00117457     0.000801404     0.000929196     0.000616394
767     0.000594349     0.0011944     0.00119441     0.0011944     0.000824586     0.000951329     0.000641063
769     0.000640363     0.00129303     0.00129303     0.00129303     0.000870348     0.0010153     0.000660357
771     0.000625025     0.00126742     0.00126742     0.00126742     0.000871972     0.00100767     0.000675339
773     0.000690211     0.00140615     0.00140615     0.00140615     0.000979904     0.00112626     0.000767802
775     0.000548335     0.00112243     0.00112243     0.00112243     0.000756056     0.000881933     0.000573617
777     0.000575176     0.00118287     0.00118287     0.00118287     0.000819225     0.000944245     0.000637987
779     0.000579011     0.00119585     0.00119585     0.00119585     0.000795574     0.000933291     0.000595923
781     0.000548335     0.00113731     0.00113731     0.00113731     0.000763159     0.000891983     0.000576369
783     0.000525327     0.00109376     0.00109376     0.00109376     0.000744224     0.00086468     0.000569502
785     0.000532996     0.00111373     0.00111373     0.00111373     0.000758042     0.000880724     0.000580024
787     0.000567507     0.00119011     0.00119011     0.00119011     0.000811702     0.000942334     0.000622102
789     0.000571342     0.00120236     0.00120236     0.00120236     0.00081637     0.000949719     0.000622792
791     0.000440968     0.000931627     0.00093163     0.000931627     0.000627662     0.000732739     0.000475033
793     0.000444803     0.000943415     0.000943418     0.000943415     0.000619741     0.0007317     0.0004571
795     0.000437134     0.000930842     0.000930844     0.000930842     0.000598477     0.000713498     0.000431338
797     0.000494651     0.00105833     0.00105833     0.00105833     0.000702396     0.000825649     0.000523348
799     0.000394954     0.000848767     0.000848769     0.000848767     0.000539139     0.000646412     0.000383284
801     0.000410292     0.000885644     0.000885647     0.000885644     0.000591343     0.000693356     0.000443067
803     0.000421796     0.000914928     0.00091493     0.000914928     0.000609512     0.000715455     0.000455537
805     0.000402623     0.000877418     0.000877421     0.000877418     0.000557312     0.000668419     0.000395775
807     0.000417961     0.0009152     0.000915202     0.0009152     0.000587497     0.000701339     0.000421967
809     0.000444803     0.000978625     0.000978628     0.000978625     0.000648594     0.000763329     0.000481673
811     0.000368113     0.000813477     0.00081348     0.000813477     0.000514362     0.000618451     0.000362922
813     0.000394954     0.00087691     0.000876912     0.00087691     0.00058152     0.000684401     0.000431766
815     0.000356609     0.000795537     0.000795539     0.000795537     0.000508076     0.00060828     0.000362182
817     0.000417961     0.000936562     0.000936565     0.000936562     0.000625599     0.000734062     0.000467627
819     0.000375782     0.000845807     0.000845809     0.000845807     0.00055958     0.000659452     0.000414108
821     0.000387285     0.000875523     0.000875526     0.000875523     0.000583792     0.000685597     0.000435534
823     0.000287588     0.000652846     0.000652848     0.000652846     0.000388575     0.000480785     0.000254296
825     0.000368113     0.00083923     0.000839233     0.00083923     0.000530177     0.000638013     0.000373226
827     0.00034894     0.000798839     0.000798842     0.000798839     0.000493937     0.000600338     0.000339064
829     0.000241574     0.000555477     0.000555479     0.000555477     0.000321969     0.000403505     0.000203247
831     0.000291423     0.000673302     0.000673304     0.000673302     0.00042534     0.000512038     0.000299036
833     0.00027225     0.000631789     0.000631791     0.000631789     0.000395547     0.000478307     0.000274862
835     0.000341271     0.000795712     0.000795715     0.000795712     0.000516227     0.00061436     0.000372993
837     0.000279919     0.000655753     0.000655755     0.000655753     0.00041032     0.000496672     0.000284152
839     0.000283754     0.000667805     0.000667807     0.000667805     0.000419298     0.000506867     0.000291254
841     0.000260746     0.000616603     0.000616605     0.000616603     0.000378987     0.000462778     0.000256418
843     0.000222401     0.000528301     0.000528303     0.000528301     0.000330026     0.000399944     0.000227749
845     0.000253077     0.000603802     0.000603804     0.000603802     0.000372349     0.000453938     0.000253087
847     0.000287588     0.000689277     0.000689279     0.000689277     0.000436608     0.000525623     0.000306534
849     0.000291423     0.000701609     0.000701611     0.000701609     0.000432584     0.000527338     0.000294194
851     0.000253077     0.000612215     0.000612216     0.000612215     0.000366646     0.000453159     0.000240275
853     0.000237739     0.000577858     0.000577859     0.000577858     0.000340493     0.000424185     0.000218184
855     0.000260746     0.000636629     0.000636631     0.000636629     0.000404166     0.000486238     0.000284152
857     0.000199394     0.000489322     0.000489323     0.000489322     0.000282716     0.000355771     0.000175821
859     0.00027225     0.00067155     0.000671551     0.00067155     0.000399036     0.000495541     0.000257736
861     0.00023007     0.000570246     0.000570246     0.000570246     0.000331084     0.000415888     0.00020681
863     0.000184056     0.000458291     0.000458291     0.000458291     0.000276046     0.000340744     0.000181197
865     0.000226236     0.000565698     0.000565698     0.000565698     0.000332425     0.000415325     0.000210834
867     0.000237739     0.000597258     0.000597258     0.000597258     0.000375932     0.000454651     0.00026042
869     0.000199394     0.000503133     0.000503133     0.000503133     0.000303946     0.000374857     0.000199863
871     0.000210898     0.000534543     0.000534543     0.000534543     0.000318534     0.000395505     0.000205523
873     0.000226236     0.000576056     0.000576056     0.000576056     0.000353109     0.000432627     0.000236329
875     0.000184056     0.000470666     0.000470666     0.000470666     0.000262899     0.000337062     0.000153932
877     0.000226236     0.000581231     0.000581231     0.000581231     0.000343945     0.000428714     0.000219354
879     0.000176387     0.000455174     0.000455174     0.000455174     0.000270685     0.000336631     0.000173728
881     0.000184056     0.000477035     0.000477035     0.000477035     0.000261694     0.000338704     0.000148498
883     0.000222401     0.000579164     0.000579164     0.000579164     0.000355376     0.000435424     0.000237697
885     0.000187891     0.000491509     0.000491509     0.000491509     0.000289763     0.000361944     0.000183648
887     0.000134208     0.000352677     0.000352677     0.000352677     0.000206559     0.000258861     0.000129649
889     0.000184056     0.000486089     0.000486089     0.000486089     0.000280218     0.000353968     0.000171733
891     0.000184056     0.000488361     0.000488361     0.000488361     0.00029436     0.000363954     0.000191923
893     0.000226236     0.000603352     0.000603352     0.000603352     0.000371258     0.000454669     0.000248386
895     0.000184056     0.000493263     0.000493263     0.000493263     0.000275705     0.000354043     0.000160153
897     0.000122704     0.000330501     0.000330501     0.000330501     0.000180234     0.00023444     0.000100206
899     0.000176387     0.000477337     0.000477337     0.000477337     0.000282483     0.000352885     0.000178478
901     0.000138042     0.000375505     0.000375505     0.000375505     0.000215648     0.000273452     0.000130209
903     0.000149546     0.000408592     0.000408592     0.000408592     0.000240228     0.000301128     0.000150216
905     0.000130373     0.000357892     0.000357892     0.000357892     0.000209119     0.000262933     0.000129591
907     0.000149546     0.00041221     0.00041221     0.00041221     0.000243354     0.000304424     0.000153138
909     0.000149546     0.000414269     0.000414269     0.000414269     0.00024836     0.000308372     0.000159724
911     0.000145711     0.000405698     0.000405698     0.000405698     0.000249012     0.000305713     0.000165255
913     0.000138042     0.000386125     0.000386125     0.000386125     0.000234235     0.00028925     0.000152938
915     0.000161049     0.000452838     0.000452838     0.000452838     0.000243519     0.000319429     0.000131256
917     0.000134208     0.000379086     0.000379086     0.000379086     0.000201985     0.000266304     0.000106808
919     0.000107366     0.000304919     0.000304919     0.000304919     0.000173048     0.000221005     0.000102022
921     0.00015338     0.00043751     0.00043751     0.00043751     0.000253387     0.000320428     0.000154031
923     0.000130373     0.000373734     0.000373734     0.000373734     0.000210593     0.00027006     0.000122428
925     0.000138042     0.000397471     0.000397471     0.000397471     0.000240853     0.000297999     0.000156093
927     0.000130373     0.00037706     0.00037706     0.00037706     0.000206968     0.000269086     0.000114812
929     0.000126539     0.000367773     0.000367773     0.000367773     0.000185637     0.000252205     8.68382e-05
931     8.43592e-05     0.000246301     0.000246301     0.000246301     0.000135859     0.00017626     7.58687e-05
933     0.000115035     0.000337516     0.000337516     0.000337516     0.000168548     0.000230405     7.66672e-05
935     0.000103532     0.000305217     0.000305217     0.000305217     0.000153419     0.000209033     7.07683e-05
937     0.000130373     0.000386179     0.000386179     0.000386179     0.000204668     0.000271219     0.000105722
939     9.20282e-05     0.000273877     0.000273877     0.000273877     0.000135854     0.000186498     6.05513e-05
941     0.000115035     0.000344157     0.000344157     0.000344157     0.000191573     0.000247591     0.000108275
943     8.05246e-05     0.000242031     0.000242031     0.000242031     0.000127821     0.000169769     6.54297e-05
945     7.66901e-05     0.000231697     0.000231697     0.000231697     0.000131539     0.000168342     7.67935e-05
947     0.000103532     0.000314097     0.000314097     0.000314097     0.000163887     0.000219111     8.1724e-05
949     0.000115035     0.000350841     0.000350841     0.000350841     0.000198229     0.000254379     0.000114673
951     0.000115035     0.000352151     0.000352151     0.000352151     0.000198659     0.000255188     0.000114485
953     9.20282e-05     0.000283066     0.000283066     0.000283066     0.000152374     0.000200564     8.05643e-05
955     7.66901e-05     0.000237188     0.000237188     0.000237188     0.000118324     0.000162219     5.28756e-05
957     0.000134208     0.000416901     0.000416901     0.000416901     0.000220982     0.000293441     0.000112855
959     0.000115035     0.000359148     0.000359148     0.000359148     0.000205131     0.000262178     0.000119932
961     8.81937e-05     0.000276592     0.000276592     0.000276592     0.000172525     0.000211125     0.000114828
963     8.43592e-05     0.000266079     0.000266079     0.000266079     0.000136673     0.000184732     6.47862e-05
965     0.000126539     0.000400973     0.000400973     0.000400973     0.000231104     0.000294264     0.00013656
967     0.000107366     0.000341754     0.000341754     0.000341754     0.000201431     0.000253667     0.000123209
969     0.000111201     0.000355777     0.000355777     0.000355777     0.000196488     0.000255846     0.000107549
971     6.90211e-05     0.000221851     0.000221851     0.000221851     0.000111779     0.00015284     5.02207e-05
973     6.90211e-05     0.000222828     0.000222828     0.000222828     0.000103907     0.000148312     3.73044e-05
975     0.000111201     0.000360787     0.000360787     0.000360787     0.000198318     0.000259047     0.0001072
977     7.66901e-05     0.00024992     0.00024992     0.00024992     0.00013579     0.000178491     7.16889e-05
979     8.81937e-05     0.000288776     0.000288776     0.000288776     0.000168381     0.000213463     0.000100659
981     8.43592e-05     0.000277652     0.000277652     0.000277652     0.000151757     0.000198943     8.08632e-05
983     0.000122704     0.000405752     0.000405752     0.000405752     0.000223199     0.000291678     0.000120259
985     6.13521e-05     0.000203843     0.000203843     0.000203843     0.000112757     0.000146953     6.13344e-05
987     5.75176e-05     0.000191959     0.000191959     0.000191959     8.55085e-05     0.000125502     2.53449e-05
989     7.66901e-05     0.000257265     0.000257265     0.000257265     0.000136076     0.000181645     6.75108e-05
991     5.75176e-05     0.000193974     0.000193974     0.000193974     0.000109755     0.000141446     6.20593e-05
993     5.75176e-05     0.000194957     0.000194957     0.000194957     9.00301e-05     0.000129537     3.05505e-05
995     8.81937e-05     0.000300329     0.000300329     0.000300329     0.00016083     0.000213387     8.16781e-05
997     8.81937e-05     0.000301711     0.000301711     0.000301711     0.000159827     0.000213315     7.92628e-05
999     7.66901e-05     0.000263729     0.000263729     0.000263729     0.000135757     0.000184001     6.30933e-05
