2    0     0     0     0     0     0     0
6    1.78008e-06     1.08584e-09     1.08584e-09     1.08584e-09     1.08584e-09     1.08584e-09     1.08584e-09
10    9.49375e-06     3.55575e-09     3.55575e-09     3.55575e-09     3.55575e-09     3.55575e-09     3.55575e-09
14    8.90039e-06     2.37475e-09     2.37475e-09     2.37475e-09     2.37475e-09     2.37475e-09     2.37475e-09
18    1.12738e-05     2.13313e-09     2.13313e-09     2.13313e-09     2.13313e-09     2.13313e-09     2.13313e-09
22    1.60207e-05     2.36301e-09     2.36301e-09     2.36301e-09     2.36301e-09     2.36301e-09     2.36301e-09
26    2.84813e-05     3.34803e-09     3.34803e-09     3.34803e-09     3.34803e-09     3.34803e-09     3.34803e-09
30    3.26348e-05     3.15054e-09     3.15054e-09     3.15054e-09     3.15054e-09     3.15054e-09     3.15054e-09
34    4.4502e-05     3.59909e-09     3.59909e-09     3.59909e-09     3.59909e-09     3.59909e-09     3.59909e-09
38    3.7975e-05     2.62586e-09     2.62586e-09     2.62586e-09     2.62586e-09     2.62586e-09     2.62586e-09
42    4.39086e-05     2.64909e-09     2.64909e-09     2.64909e-09     2.64909e-09     2.64909e-09     2.64909e-09
46    5.2809e-05     2.83579e-09     2.83579e-09     2.83579e-09     2.83579e-09     2.83579e-09     2.83579e-09
50    6.7643e-05     3.2509e-09     3.2509e-09     3.2509e-09     3.2509e-09     3.2509e-09     3.2509e-09
54    6.46762e-05     2.82385e-09     2.82385e-09     2.82385e-09     2.82385e-09     2.82385e-09     2.82385e-09
58    6.34895e-05     2.54501e-09     2.54501e-09     2.54501e-09     2.54501e-09     2.54501e-09     2.54501e-09
62    7.89168e-05     2.9353e-09     2.9353e-09     2.9353e-09     2.9353e-09     2.9353e-09     2.9353e-09
66    8.90039e-05     3.11652e-09     3.11652e-09     3.11652e-09     3.11652e-09     3.11652e-09     3.11652e-09
70    0.000104431     3.46576e-09     3.46576e-09     3.46576e-09     3.46576e-09     3.46576e-09     3.46576e-09
74    9.67176e-05     3.08426e-09     3.08426e-09     3.08426e-09     3.08426e-09     3.08426e-09     3.08426e-09
78    0.000113925     3.51579e-09     3.51579e-09     3.51579e-09     3.51579e-09     3.51579e-09     3.51579e-09
82    0.000123419     3.71831e-09     3.71831e-09     3.71831e-09     3.71831e-09     3.71831e-09     3.71831e-09
86    0.000125199     3.71518e-09     3.71518e-09     3.71518e-09     3.71518e-09     3.71518e-09     3.71518e-09
90    0.000141813     4.17161e-09     4.17161e-09     4.17161e-09     4.17161e-09     4.17161e-09     4.17161e-09
94    0.000125199     3.67662e-09     3.67662e-09     3.67662e-09     3.67662e-09     3.67662e-09     3.67662e-09
98    0.000153087     4.51276e-09     4.51276e-09     4.51276e-09     4.51276e-09     4.51276e-09     4.51276e-09
102    0.000164361     4.88468e-09     4.88468e-09     4.88468e-09     4.88468e-09     4.88468e-09     4.88468e-09
106    0.000166141     5.00627e-09     5.00627e-09     5.00627e-09     5.00627e-09     5.00627e-09     5.00627e-09
110    0.000168514     5.19095e-09     5.19095e-09     5.19095e-09     5.19095e-09     5.19095e-09     5.19095e-09
114    0.000179195     5.72217e-09     5.72217e-09     5.72217e-09     5.72217e-09     5.72217e-09     5.72217e-09
118    0.000188095     6.3144e-09     6.3144e-09     6.3144e-09     6.3144e-09     6.3144e-09     6.3144e-09
122    0.000177415     6.42068e-09     6.42068e-09     6.42068e-09     6.42068e-09     6.42068e-09     6.42068e-09
126    0.000179195     7.12866e-09     7.12866e-09     7.12866e-09     7.12866e-09     7.12866e-09     7.12866e-09
130    0.000198775     8.99108e-09     8.99108e-09     8.99108e-09     8.99108e-09     8.99108e-09     8.99108e-09
134    0.000183348     9.62711e-09     9.62711e-09     9.62711e-09     9.62711e-09     9.62711e-09     9.62711e-09
138    0.000187502     1.1724e-08     1.1724e-08     1.1724e-08     1.1724e-08     1.1724e-08     1.1724e-08
142    0.000194622     1.52589e-08     1.52589e-08     1.52589e-08     1.52589e-08     1.52589e-08     1.52589e-08
146    0.000216576     2.19862e-08     2.19862e-08     2.19862e-08     2.19862e-08     2.19862e-08     2.19862e-08
150    0.000249804     3.49805e-08     3.49805e-08     3.49805e-08     3.49805e-08     3.49805e-08     3.49805e-08
154    0.000229037     4.79446e-08     4.79446e-08     4.79446e-08     4.79446e-08     4.79446e-08     4.79446e-08
158    0.000218356     8.69297e-08     8.69297e-08     8.69297e-08     8.69297e-08     8.69297e-08     8.69297e-08
162    0.000244464     2.60595e-07     2.60595e-07     2.60595e-07     2.60595e-07     2.60595e-07     2.60595e-07
166    0.000273539     5.41756e-07     5.41756e-07     5.41756e-07     5.41756e-07     5.41756e-07     5.41756e-07
170    0.000264045     7.08868e-07     7.08868e-07     7.08868e-07     7.08868e-07     7.08868e-07     7.08868e-07
174    0.000253365     8.30807e-07     8.30807e-07     8.30807e-07     8.30807e-07     8.30807e-07     8.30807e-07
178    0.000276506     1.06367e-06     1.06367e-06     1.06367e-06     1.06367e-06     1.06367e-06     1.06367e-06
182    0.000267605     1.24073e-06     1.24073e-06     1.24073e-06     1.24073e-06     1.24073e-06     1.24073e-06
186    0.000277692     1.56257e-06     1.56257e-06     1.56257e-06     1.56257e-06     1.56257e-06     1.56257e-06
190    0.000280659     1.8351e-06     1.8351e-06     1.8351e-06     1.8351e-06     1.8351e-06     1.8351e-06
194    0.000274132     2.02846e-06     2.02846e-06     2.02846e-06     2.02846e-06     2.02846e-06     2.02846e-06
198    0.00029846     2.4351e-06     2.4351e-06     2.4351e-06     2.4351e-06     2.4351e-06     2.4351e-06
202    0.000306174     2.72566e-06     2.72566e-06     2.72566e-06     2.72566e-06     2.72566e-06     2.72566e-06
206    0.000296086     2.86886e-06     2.86886e-06     2.86886e-06     2.86886e-06     2.86886e-06     2.86886e-06
210    0.000268792     2.81986e-06     2.81986e-06     2.81986e-06     7.47723e-05     0.000104637     5.39805e-05
214    0.000309734     3.49975e-06     3.49975e-06     3.49975e-06     0.000144015     0.000202403     0.000103375
218    0.00029312     3.53665e-06     3.53665e-06     3.53665e-06     0.000150943     0.000212382     0.000108202
222    0.000341182     4.39985e-06     4.39985e-06     4.39985e-06     0.000165727     0.000233108     0.000118868
226    0.000334061     4.58068e-06     4.58068e-06     4.58068e-06     0.000169348     0.000238178     0.000121448
230    0.000354236     5.15331e-06     5.15331e-06     5.15331e-06     0.000161912     0.00022745     0.000116252
234    0.000338215     5.21903e-06     5.21903e-06     5.21903e-06     0.000152902     0.000214693     0.000109808
238    0.000358983     5.87195e-06     5.87195e-06     5.87195e-06     0.000130661     0.000182874     9.42382e-05
242    0.000354236     6.12304e-06     6.12304e-06     6.12304e-06     0.000146888     0.000205907     0.000105756
246    0.000359576     6.54177e-06     6.54177e-06     6.54177e-06     0.00014472     0.000202695     0.000104253
250    0.000353049     6.75432e-06     6.75432e-06     6.75432e-06     0.000138689     0.000193992     0.000100039
254    0.000353642     7.1201e-06     7.1201e-06     7.1201e-06     0.000126637     0.000176638     9.16522e-05
258    0.000375003     7.93401e-06     7.93401e-06     7.93401e-06     0.000127067     0.000176803     9.22307e-05
262    0.000369663     8.19244e-06     8.19244e-06     8.19244e-06     0.00014435     0.000201114     0.000104556
266    0.000377377     8.75493e-06     8.75493e-06     8.75493e-06     0.000134256     0.00018659     9.75559e-05
270    0.00037441     9.0897e-06     9.0897e-06     9.0897e-06     0.000128645     0.000178559     9.36242e-05
274    0.00037441     9.49654e-06     9.49654e-06     9.49654e-06     0.00012586     0.000174522     9.17105e-05
278    0.000375003     9.93391e-06     9.93391e-06     9.93391e-06     0.000126786     0.000175731     9.24533e-05
282    0.000386277     1.0678e-05     1.0678e-05     1.0678e-05     0.000118978     0.000164342     8.71448e-05
286    0.000414758     1.19453e-05     1.19453e-05     1.19453e-05     0.000116013     0.000159552     8.54309e-05
290    0.000423659     1.27013e-05     1.27013e-05     1.27013e-05     0.000129326     0.000178113     9.50342e-05
294    0.00038153     1.18994e-05     1.18994e-05     1.18994e-05     0.000119034     0.000163895     8.7494e-05
298    0.000411198     1.33271e-05     1.33271e-05     1.33271e-05     0.000118068     0.000162026     8.71687e-05
302    0.000395771     1.33139e-05     1.33139e-05     1.33139e-05     0.000103106     0.000140834     7.65668e-05
306    0.000419505     1.46506e-05     1.46506e-05     1.46506e-05     0.000115612     0.000158003     8.57918e-05
310    0.000428999     1.55416e-05     1.55416e-05     1.55416e-05     0.000121891     0.000166508     9.04944e-05
314    0.000425439     1.59652e-05     1.59652e-05     1.59652e-05     0.000120935     0.000164927     8.99562e-05
318    0.000425439     1.65204e-05     1.65204e-05     1.65204e-05     0.00012219     0.000166421     9.10104e-05
322    0.000438493     1.76218e-05     1.76218e-05     1.76218e-05     0.000105695     0.000142541     7.96924e-05
326    0.000458667     1.90391e-05     1.90391e-05     1.90391e-05     0.000113288     0.000152659     8.54774e-05
330    0.000469941     2.01313e-05     2.01313e-05     2.01313e-05     0.000113213     0.000151977     8.57942e-05
334    0.00045214     1.99974e-05     1.99974e-05     1.99974e-05     0.000109671     0.000146844     8.33333e-05
338    0.000470534     2.14658e-05     2.14658e-05     2.14658e-05     0.000108989     0.000145048     8.33873e-05
342    0.000454513     2.13907e-05     2.13907e-05     2.13907e-05     0.000117583     0.000156755     8.96492e-05
346    0.00045392     2.20965e-05     2.20965e-05     2.20965e-05     0.000118303     0.000156931     9.06347e-05
350    0.000477061     2.41482e-05     2.41482e-05     2.41482e-05     0.000116006     0.000152685     8.96798e-05
354    0.000446206     2.36129e-05     2.36129e-05     2.36129e-05     0.000116056     0.000153039     8.95174e-05
358    0.000493675     2.73865e-05     2.73865e-05     2.73865e-05     0.000116605     0.000152487     9.0893e-05
362    0.000485368     2.82021e-05     2.82021e-05     2.82021e-05     0.00012306     0.000161566     9.55168e-05
366    0.000473501     2.87463e-05     2.87463e-05     2.87463e-05     0.000122058     0.000160112     9.48665e-05
370    0.000481808     3.05079e-05     3.05079e-05     3.05079e-05     0.000126107     0.000165248     9.81602e-05
374    0.000478841     3.16496e-05     3.16496e-05     3.16496e-05     0.000149213     0.00019753     0.000114741
378    0.000523937     3.61141e-05     3.61141e-05     3.61141e-05     0.000135011     0.000175895     0.000105884
382    0.000523343     3.757e-05     3.757e-05     3.757e-05     0.000143855     0.000188116     0.00011237
386    0.000531057     3.96326e-05     3.96326e-05     3.96326e-05     0.000149346     0.000195267     0.000116718
390    0.00051741     4.00039e-05     4.00039e-05     4.00039e-05     0.000142363     0.00018539     0.000111821
394    0.00052631     4.21505e-05     4.21505e-05     4.21505e-05     0.00015567     0.00020358     0.00012169
398    0.000523343     4.33214e-05     4.33214e-05     4.33214e-05     0.000145025     0.000188108     0.000114492
402    0.000489522     4.18887e-05     4.18887e-05     4.18887e-05     0.000148958     0.000194566     0.000116675
406    0.000501982     4.43808e-05     4.43808e-05     4.43808e-05     0.000149806     0.000194905     0.000117912
410    0.000499015     4.55616e-05     4.55616e-05     4.55616e-05     0.000153655     0.00020006     0.000120862
414    0.000510289     4.79921e-05     4.79921e-05     4.79921e-05     0.000159955     0.0002082     0.000125889
418    0.000532837     5.15986e-05     5.15986e-05     5.15986e-05     0.000170351     0.00022169     0.000134125
422    0.000557165     5.54794e-05     5.54794e-05     5.54794e-05     0.000167823     0.000216657     0.000133406
426    0.000547078     5.59667e-05     5.59667e-05     5.59667e-05     0.000180163     0.000234362     0.000142002
430    0.000527497     5.54358e-05     5.54358e-05     5.54358e-05     0.000171762     0.000222695     0.000135924
434    0.000504356     5.44146e-05     5.44146e-05     5.44146e-05     0.000161327     0.000208269     0.000128314
438    0.000567845     6.28619e-05     6.28619e-05     6.28619e-05     0.000176758     0.000226882     0.000141525
442    0.000599887     6.80697e-05     6.80697e-05     6.80697e-05     0.000192244     0.000247179     0.00015368
446    0.000575559     6.68888e-05     6.68888e-05     6.68888e-05     0.00017908     0.000228989     0.000144094
450    0.000548264     6.52451e-05     6.52451e-05     6.52451e-05     0.000172625     0.000220593     0.000139033
454    0.000593953     7.2355e-05     7.2355e-05     7.2355e-05     0.00018896     0.00024122     0.000152388
458    0.000570219     7.10033e-05     7.10033e-05     7.10033e-05     0.000179514     0.000228256     0.000145419
462    0.000590393     7.51321e-05     7.51321e-05     7.51321e-05     0.000180658     0.000228083     0.000147477
466    0.000577932     7.51905e-05     7.51905e-05     7.51905e-05     0.000189781     0.000241265     0.000153745
470    0.000581492     7.72947e-05     7.72947e-05     7.72947e-05     0.00019397     0.000246398     0.000157261
474    0.000608194     8.2529e-05     8.2529e-05     8.2529e-05     0.000194904     0.000245444     0.000159518
478    0.000597513     8.27109e-05     8.27109e-05     8.27109e-05     0.000184518     0.000230387     0.000152409
482    0.000606414     8.56595e-05     8.56595e-05     8.56595e-05     0.00022287     0.000284968     0.000179448
486    0.00060938     8.77868e-05     8.77868e-05     8.77868e-05     0.00021193     0.000268333     0.000172531
490    0.000619467     9.10453e-05     9.10453e-05     9.10453e-05     0.000202073     0.000252654     0.000166762
494    0.0005987     8.96375e-05     8.96375e-05     8.96375e-05     0.00020289     0.000254591     0.000166809
498    0.000633708     9.6684e-05     9.6684e-05     9.6684e-05     0.000224918     0.000283529     0.000184017
502    0.000624808     9.70698e-05     9.70698e-05     9.70698e-05     0.000214475     0.00026827     0.000176963
506    0.000661596     0.0001047     0.0001047     0.0001047     0.000221557     0.000275222     0.000184148
510    0.000651509     0.000104981     0.000104981     0.000104981     0.000232728     0.000291632     0.000191705
514    0.000615907     0.000101048     0.000101048     0.000101048     0.000210315     0.000260866     0.000175138
518    0.00066753     0.000111472     0.000111472     0.000111472     0.000237216     0.000295597     0.000196625
522    0.000642608     0.000109205     0.000109205     0.000109205     0.000249425     0.000314796     0.000204024
526    0.000663969     0.00011475     0.00011475     0.00011475     0.000216807     0.000264459     0.000183716
530    0.000653882     0.000114898     0.000114898     0.000114898     0.000240923     0.000299831     0.00020002
534    0.000709065     0.000126644     0.000126644     0.000126644     0.00026082     0.000323574     0.000217247
538    0.000682957     0.000123943     0.000123943     0.000123943     0.000237024     0.000289924     0.000200287
542    0.000694824     0.000128128     0.000128128     0.000128128     0.000245163     0.000299944     0.000207108
546    0.000734579     0.000137658     0.000137658     0.000137658     0.000288186     0.000358723     0.000239194
550    0.000740513     0.000141096     0.000141096     0.000141096     0.000270578     0.000331348     0.000228378
554    0.000696604     0.000134943     0.000134943     0.000134943     0.000261518     0.000321013     0.000220214
558    0.000714405     0.000140618     0.000140618     0.000140618     0.00027108     0.000332566     0.000228431
562    0.000744073     0.000148569     0.000148569     0.000148569     0.000290521     0.000357662     0.000243992
566    0.000774334     0.000156725     0.000156725     0.000156725     0.000302405     0.000371459     0.000254568
570    0.000774334     0.000158921     0.000158921     0.000158921     0.00031106     0.00038333     0.000261015
574    0.000738733     0.000153971     0.000153971     0.000153971     0.000295379     0.000362668     0.000248798
578    0.000781455     0.000165411     0.000165411     0.000165411     0.000291677     0.000351827     0.000250046
582    0.000764841     0.000164299     0.000164299     0.000164299     0.00029629     0.000359289     0.000252706
586    0.000726866     0.000158347     0.000158347     0.000158347     0.000294019     0.000358891     0.000249145
590    0.00075416     0.000166915     0.000166915     0.000166915     0.000302962     0.000368124     0.000257901
594    0.000782048     0.000176008     0.000176008     0.000176008     0.000314755     0.000381332     0.000268732
598    0.000773148     0.000177102     0.000177102     0.000177102     0.000336763     0.000413566     0.0002837
602    0.00074704     0.000173636     0.000173636     0.000173636     0.000334645     0.000412368     0.000281004
606    0.0007595     0.000178785     0.000178785     0.000178785     0.000302189     0.000361906     0.000260996
610    0.000795102     0.000189642     0.000189642     0.000189642     0.000328109     0.000395273     0.000281803
614    0.000779081     0.000188564     0.000188564     0.000188564     0.000330095     0.000398851     0.000282708
618    0.000808749     0.00019883     0.00019883     0.00019883     0.000329886     0.000393637     0.000285957
622    0.000840791     0.00020998     0.00020998     0.00020998     0.000340883     0.000404677     0.000296941
626    0.000817056     0.000207076     0.000207076     0.000207076     0.000353202     0.00042452     0.00030409
630    0.000841977     0.000216425     0.000216425     0.000216425     0.000411254     0.000506534     0.000345674
634    0.000792728     0.000206551     0.000206551     0.000206551     0.000371845     0.000452866     0.00031611
638    0.000850878     0.000224844     0.000224844     0.000224844     0.000376574     0.000451058     0.000325347
642    0.000875205     0.000234775     0.000234775     0.000234775     0.000372159     0.000439804     0.000325673
646    0.000843757     0.000229982     0.000229982     0.000229982     0.00036338     0.000429191     0.000318174
650    0.000858591     0.000237918     0.000237918     0.000237918     0.000362666     0.000424332     0.000320324
654    0.000892413     0.000251231     0.000251231     0.000251231     0.000395823     0.000467396     0.000346691
658    0.000910807     0.000260333     0.000260333     0.000260333     0.000408802     0.000482365     0.000358314
662    0.000880546     0.000255554     0.000255554     0.000255554     0.000427538     0.000512974     0.00036894
666    0.00089716     0.000264253     0.000264253     0.000264253     0.000401796     0.000470311     0.000354841
670    0.000892413     0.000266871     0.000266871     0.000266871     0.000400282     0.000466882     0.00035466
674    0.000874612     0.00026543     0.00026543     0.00026543     0.000398037     0.000464364     0.00035262
678    0.000864525     0.000266157     0.000266157     0.000266157     0.000396577     0.00046189     0.000351869
682    0.000903093     0.000282066     0.000282066     0.000282066     0.000442951     0.000523658     0.000387731
686    0.000930388     0.000294715     0.000294715     0.000294715     0.000428682     0.000495966     0.000382648
690    0.000961243     0.000309     0.000309     0.000309     0.000448791     0.00051918     0.000400664
694    0.000917334     0.000299662     0.000299662     0.000299662     0.000450806     0.000527114     0.000398673
698    0.000945815     0.00031408     0.00031408     0.00031408     0.000485139     0.00057171     0.00042603
702    0.00096955     0.000327114     0.000327114     0.000327114     0.000490959     0.00057415     0.000434209
706    0.00096955     0.000332332     0.000332332     0.000332332     0.000459162     0.000523676     0.00041517
710    0.000986757     0.000343861     0.000343861     0.000343861     0.000475     0.000541809     0.00042946
714    0.000992691     0.000352094     0.000352094     0.000352094     0.000540316     0.000636378     0.000474861
718    0.000983197     0.000354998     0.000354998     0.000354998     0.000568055     0.000676958     0.000493869
722    0.00100159     0.00036772     0.00036772     0.00036772     0.000562757     0.000662763     0.000494697
726    0.000914961     0.000341262     0.000341262     0.000341262     0.000500989     0.000583098     0.000445148
730    0.000995657     0.000377356     0.000377356     0.000377356     0.000517989     0.000590458     0.000468738
734    0.000996251     0.000383946     0.000383946     0.000383946     0.000557067     0.000646453     0.000496353
738    0.00096955     0.000380401     0.000380401     0.000380401     0.000573612     0.000673534     0.000505773
742    0.0010004     0.000399957     0.000399957     0.000399957     0.000559782     0.000642683     0.000503545
746    0.0010188     0.00041538     0.00041538     0.00041538     0.000618267     0.000723796     0.000546731
750    0.00102295     0.000425085     0.000425085     0.000425085     0.000595407     0.000684239     0.000535237
754    0.00102117     0.000432081     0.000432081     0.000432081     0.000611746     0.000705604     0.000548203
758    0.000989724     0.000426272     0.000426272     0.000426272     0.000600336     0.00069142     0.000538694
762    0.00103067     0.000452032     0.000452032     0.000452032     0.000636161     0.000732751     0.000570825
766    0.00104135     0.000465643     0.000465643     0.000465643     0.000628579     0.000714287     0.000570654
770    0.00102295     0.000466906     0.000466906     0.000466906     0.000691889     0.000810472     0.000611789
774    0.00104253     0.000485994     0.000485994     0.000485994     0.000711048     0.000829944     0.00063079
778    0.00101346     0.000482692     0.000482692     0.000482692     0.000689824     0.000799508     0.000615836
782    0.00101939     0.000495616     0.000495616     0.000495616     0.000708839     0.000822137     0.000632499
786    0.00102295     0.00050734     0.00050734     0.00050734     0.000689441     0.000786483     0.000624113
790    0.00108229     0.000547836     0.000547836     0.000547836     0.000748075     0.000855045     0.000676112
794    0.00103541     0.000535397     0.000535397     0.000535397     0.000792194     0.000929724     0.000699734
798    0.00101702     0.000537441     0.000537441     0.000537441     0.00077545     0.00090316     0.000689639
802    0.00104609     0.000565793     0.000565793     0.000565793     0.000732168     0.000821689     0.000672063
806    0.00102889     0.000569713     0.000569713     0.000569713     0.000833222     0.000975371     0.000737855
810    0.00101405     0.000574916     0.000574916     0.000574916     0.000812151     0.000940458     0.000726139
814    0.00104669     0.000607841     0.000607841     0.000607841     0.0008326     0.000954475     0.000750966
818    0.00103245     0.00061424     0.00061424     0.00061424     0.000878941     0.00102285     0.000782635
822    0.000990317     0.000603405     0.000603405     0.000603405     0.000851686     0.000986853     0.000761254
826    0.00106983     0.000667826     0.000667826     0.000667826     0.000864888     0.00097226     0.000793061
830    0.000990317     0.000633687     0.000633687     0.000633687     0.000852599     0.000972246     0.000772635
834    0.00102711     0.000674154     0.000674154     0.000674154     0.00094141     0.00108812     0.000843501
838    0.00102473     0.000690474     0.000690474     0.000690474     0.000947725     0.00108986     0.000853096
842    0.00102058     0.000706366     0.000706366     0.000706366     0.000922206     0.00104188     0.00084262
846    0.000980823     0.000696514     0.000696514     0.000696514     0.000915797     0.00103732     0.000834948
850    0.00103541     0.000755367     0.000755367     0.000755367     0.00104851     0.00121112     0.000940344
854    0.00101346     0.000760016     0.000760016     0.000760016     0.00100144     0.00113574     0.000912195
858    0.000991504     0.000764559     0.000764559     0.000764559     0.00105073     0.00121059     0.000944644
862    0.000974296     0.000773044     0.000773044     0.000773044     0.00101658     0.00115341     0.000925953
866    0.000954716     0.000778824     0.000778824     0.000778824     0.00100688     0.00113542     0.000921837
870    0.00098913     0.000830432     0.000830432     0.000830432     0.00107587     0.00121455     0.000984191
874    0.00098557     0.000851017     0.000851017     0.000851017     0.00114153     0.00130616     0.00103281
878    0.000981417     0.000871509     0.000871509     0.000871509     0.0011583     0.00132124     0.00105076
882    0.000910214     0.000832774     0.000832774     0.000832774     0.00107057     0.00120603     0.000981256
886    0.000929795     0.000876028     0.000876028     0.000876028     0.00114208     0.00129395     0.00104201
890    0.000920301     0.000893356     0.000893356     0.000893356     0.00115293     0.00130164     0.00105507
894    0.000920301     0.000921178     0.000921178     0.000921178     0.00120362     0.00136614     0.00109683
898    0.000901313     0.000930451     0.000930451     0.000930451     0.00117005     0.00130869     0.00107913
902    0.000935135     0.000995773     0.000995773     0.000995773     0.00123202     0.00136925     0.00114215
906    0.000898346     0.000985582     0.000985582     0.000985582     0.00123414     0.00137862     0.00113954
910    0.00090428     0.00102291     0.00102291     0.00102291     0.00128748     0.00144152     0.00118668
914    0.000891819     0.00104133     0.00104133     0.00104133     0.00128642     0.0014295     0.00119287
918    0.000841977     0.00101422     0.00101422     0.00101422     0.0012481     0.00138516     0.00115859
922    0.00082655     0.00102745     0.00102745     0.00102745     0.00127414     0.00141953     0.0011794
926    0.000814089     0.00104343     0.00104343     0.00104343     0.00129286     0.00144036     0.00119686
930    0.000823583     0.00108949     0.00108949     0.00108949     0.00131333     0.0014461     0.00122701
934    0.000827737     0.00112899     0.00112899     0.00112899     0.00136453     0.00150464     0.00127352
938    0.000829517     0.00116752     0.00116752     0.00116752     0.00138742     0.00151856     0.0013023
942    0.000773741     0.00112292     0.00112292     0.00112292     0.00134645     0.00148012     0.00125977
946    0.000764841     0.0011451     0.0011451     0.0011451     0.00137444     0.00151188     0.00128539
950    0.000809342     0.00124837     0.00124837     0.00124837     0.00145833     0.00158449     0.00137665
954    0.00075416     0.0011997     0.0011997     0.0011997     0.00140324     0.00152605     0.00132386
958    0.000733392     0.00120294     0.00120294     0.00120294     0.00139427     0.00151028     0.00131943
962    0.000701351     0.00118561     0.00118561     0.00118561     0.00136453     0.00147369     0.00129428
966    0.000735173     0.00128099     0.00128099     0.00128099     0.00147193     0.00158884     0.00139677
970    0.000661596     0.00118766     0.00118766     0.00118766     0.00136178     0.00146879     0.00129309
974    0.000639048     0.00118098     0.00118098     0.00118098     0.00132469     0.00141332     0.00126788
978    0.000712625     0.00135497     0.00135497     0.00135497     0.00151388     0.00161224     0.00145091
982    0.000663376     0.00129722     0.00129722     0.00129722     0.00143818     0.00152576     0.00138218
986    0.00067465     0.0013569     0.0013569     0.0013569     0.00149805     0.00158598     0.00144189
990    0.000634301     0.00131192     0.00131192     0.00131192     0.00143975     0.00151959     0.0013888
994    0.000618874     0.00131595     0.00131595     0.00131595     0.0014342     0.00150828     0.00138698
998    0.000629555     0.00137455     0.00137455     0.00137455     0.00149092     0.00156404     0.00144437
1002    0.000602853     0.00135171     0.00135171     0.00135171     0.00144946     0.00141025     0.00151113
1006    0.000574965     0.00132278     0.00132278     0.00132278     0.00141143     0.0013758     0.00146752
1010    0.000571405     0.00134852     0.00134852     0.00134852     0.00142779     0.00139587     0.00147811
1014    0.000554198     0.00134183     0.00134183     0.00134183     0.00141123     0.00138322     0.00145542
1018    0.000539364     0.00133817     0.00133817     0.00133817     0.00139939     0.00137463     0.00143851
1022    0.00053165     0.00135056     0.00135056     0.00135056     0.00140104     0.00138057     0.00143344
1026    0.000519783     0.00135135     0.00135135     0.00135135     0.00139071     0.00137472     0.00141606
1030    0.000542331     0.00144279     0.00144279     0.00144279     0.00147655     0.0014628     0.00149836
1034    0.000482401     0.00131186     0.00131186     0.00131186     0.00133316     0.00132447     0.00134696
1038    0.000504949     0.0014037     0.0014037     0.0014037     0.00141664     0.00141135     0.00142507
1042    0.000469941     0.00133431     0.00133431     0.00133431     0.00133431     0.00133431     0.00133431
1046    0.000449767     0.00130327     0.00130327     0.00130327     0.00129453     0.00128878     0.00129813
1050    0.000455107     0.00134478     0.00134478     0.00134478     0.00132644     0.00131434     0.001334
1054    0.00045392     0.00136729     0.00136729     0.00136729     0.0013388     0.00131995     0.00135057
1058    0.000436713     0.00134025     0.00134025     0.00134025     0.00130191     0.00127644     0.00131778
1062    0.000414758     0.00129625     0.00129625     0.00129625     0.00124562     0.00121182     0.00126665
1066    0.000390431     0.00124154     0.00124154     0.00124154     0.00118671     0.00114995     0.00120954
1070    0.000386277     0.00124921     0.00124921     0.00124921     0.00119236     0.00115409     0.00121608
1074    0.000408825     0.00134385     0.00134385     0.00134385     0.00127308     0.00122526     0.00130268
1078    0.000367883     0.00122822     0.00122822     0.00122822     0.0011506     0.00109795     0.00118314
1082    0.000402891     0.00136575     0.00136575     0.00136575     0.00127408     0.00121156     0.00131264
1086    0.000389837     0.00134117     0.00134117     0.00134117     0.00123688     0.00116545     0.00128085
1090    0.000362543     0.00126484     0.00126484     0.00126484     0.00115329     0.00107657     0.00120044
1094    0.000361356     0.00127789     0.00127789     0.00127789     0.00116957     0.00109478     0.00121547
1098    0.000353049     0.00126492     0.00126492     0.00126492     0.00114535     0.00106243     0.00119613
1102    0.000337622     0.00122515     0.00122515     0.00122515     0.00110509     0.00102137     0.00115625
1106    0.000334061     0.00122694     0.00122694     0.00122694     0.00109963     0.00101049     0.00115401
1110    0.000325161     0.00120817     0.00120817     0.00120817     0.00107288     0.000977743     0.00113081
1114    0.000303207     0.00113927     0.00113927     0.00113927     0.00101167     0.000921581     0.00106644
1118    0.00030914     0.00117435     0.00117435     0.00117435     0.00103641     0.000938589     0.00109577
1122    0.000290746     0.001116     0.001116     0.001116     0.000973726     0.000872264     0.00103515
1126    0.000288966     0.00112041     0.00112041     0.00112041     0.000967604     0.000858154     0.00103374
1130    0.000284813     0.00111485     0.00111485     0.00111485     0.000956926     0.000843347     0.00102544
1134    0.000281846     0.00111358     0.00111358     0.00111358     0.000958165     0.000845904     0.00102576
1138    0.000267012     0.00106445     0.00106445     0.00106445     0.000893426     0.000769348     0.000968
1142    0.000262858     0.00105697     0.00105697     0.00105697     0.000888975     0.000766386     0.00096247
1146    0.000258111     0.00104657     0.00104657     0.00104657     0.000874884     0.000749041     0.00095018
1150    0.000256925     0.00105019     0.00105019     0.00105019     0.000877637     0.00075061     0.000953498
1154    0.00023675     0.000975322     0.000975322     0.000975322     0.000805152     0.000679335     0.000880152
1158    0.000230224     0.000955526     0.000955526     0.000955526     0.00079381     0.000673723     0.000865262
1162    0.000241497     0.00100955     0.00100955     0.00100955     0.000816648     0.000672565     0.000902161
1166    0.000245058     0.00103152     0.00103152     0.00103152     0.000830104     0.000679004     0.000919612
1170    0.000205896     0.000872599     0.000872599     0.000872599     0.000689907     0.000552213     0.000771309
1174    0.000224883     0.000959208     0.000959208     0.000959208     0.000773256     0.000632545     0.000856297
1178    0.000190468     0.000817663     0.000817663     0.000817663     0.000654408     0.000530322     0.000727497
1182    0.000204116     0.000881711     0.000881711     0.000881711     0.000701566     0.000563841     0.000782479
1186    0.000202336     0.000879026     0.000879026     0.000879026     0.000695391     0.000554383     0.000778068
1190    0.000183941     0.000803847     0.000803847     0.000803847     0.00063812     0.000510292     0.000712922
1194    0.000201149     0.000884068     0.000884068     0.000884068     0.000691917     0.000543033     0.000778869
1198    0.000188688     0.000833829     0.000833829     0.000833829     0.000648967     0.000505137     0.000732812
1202    0.000191655     0.000851333     0.000851333     0.000851333     0.00064514     0.000483773     0.00073896
1206    0.000189875     0.00084794     0.00084794     0.00084794     0.000652352     0.000498602     0.000741569
1210    0.000163174     0.000732482     0.000732482     0.000732482     0.000566666     0.000435744     0.000642483
1214    0.000156647     0.000706597     0.000706597     0.000706597     0.000523581     0.000378501     0.000607444
1218    0.0001519     0.000688508     0.000688508     0.000688508     0.000527358     0.000399026     0.00060139
1222    0.00015546     0.000707995     0.000707995     0.000707995     0.00053949     0.000404509     0.000617147
1226    0.000176228     0.000806296     0.000806296     0.000806296     0.000596983     0.000428591     0.000693677
1230    0.000159614     0.000733594     0.000733594     0.000733594     0.000553838     0.000408615     0.000637068
1234    0.000147747     0.000682126     0.000682126     0.000682126     0.00051248     0.000374788     0.000591225
1238    0.00015546     0.000720979     0.000720979     0.000720979     0.000539185     0.000390978     0.000623768
1242    0.000143     0.000665979     0.000665979     0.000665979     0.000487584     0.000341314     0.00057085
1246    0.000138846     0.000649535     0.000649535     0.000649535     0.000457666     0.000299612     0.000547442
1250    0.000140033     0.000657703     0.000657703     0.000657703     0.000477139     0.000327773     0.000561818
1254    0.00014122     0.000666162     0.000666162     0.000666162     0.000481203     0.000327549     0.000568144
1258    0.000118672     0.00056196     0.00056196     0.00056196     0.000386866     0.000240744     0.000469366
1262    0.000109772     0.000521978     0.000521978     0.000521978     0.000379406     0.000259719     0.000446794
1266    0.000113332     0.000541131     0.000541131     0.000541131     0.0003835     0.000250584     0.000458188
1270    0.000129946     0.000622875     0.000622875     0.000622875     0.000449186     0.000302113     0.000531667
1274    0.000132913     0.000639658     0.000639658     0.000639658     0.000459335     0.000305928     0.000545178
1278    0.000122232     0.000590571     0.000590571     0.000590571     0.000414071     0.000263262     0.000498288
1282    0.000113925     0.000552594     0.000552594     0.000552594     0.000393587     0.000256913     0.000469692
1286    0.000122232     0.000595153     0.000595153     0.000595153     0.000422021     0.000272524     0.00050509
1290    0.000121045     0.000591564     0.000591564     0.000591564     0.000409115     0.000250878     0.000496863
1294    0.000104431     0.000512254     0.000512254     0.000512254     0.000360698     0.000228729     0.000433743
1298    0.000100871     0.000496728     0.000496728     0.000496728     0.00033927     0.000201506     0.000415346
1302    9.79043e-05     0.000483906     0.000483906     0.000483906     0.000337709     0.000209029     0.000408562
1306    9.43442e-05     0.000467998     0.000467998     0.000467998     0.000325573     0.000199641     0.000394761
1310    8.72239e-05     0.000434354     0.000434354     0.000434354     0.000282594     0.000147777     0.000356499
1314    9.25641e-05     0.000462659     0.000462659     0.000462659     0.000319415     0.000191617     0.000389329
1318    9.61243e-05     0.00048218     0.00048218     0.00048218     0.000312742     0.000160882     0.00039563
1322    8.78172e-05     0.000442124     0.000442124     0.000442124     0.000302808     0.000177192     0.000371175
1326    9.55309e-05     0.000482756     0.000482756     0.000482756     0.000329618     0.000190923     0.00040494
1330    8.60371e-05     0.000436303     0.000436303     0.000436303     0.000296856     0.000170013     0.000365595
1334    9.31575e-05     0.000474255     0.000474255     0.000474255     0.000321332     0.000181463     0.000396926
1338    8.78172e-05     0.000448644     0.000448644     0.000448644     0.000303301     0.000169841     0.00037529
1342    8.2477e-05     0.000422834     0.000422834     0.000422834     0.000284509     0.000156728     0.000353237
1346    9.25641e-05     0.000476339     0.000476339     0.000476339     0.00031961     0.000174163     0.000397663
1350    8.42571e-05     0.000435146     0.000435146     0.000435146     0.000281192     0.000137701     0.00035803
1354    7.53567e-05     0.000390581     0.000390581     0.000390581     0.000250453     0.000119231     0.000320555
1358    7.00164e-05     0.000364245     0.000364245     0.000364245     0.000232071     0.000107713     0.00029835
1362    7.71367e-05     0.000402712     0.000402712     0.000402712     0.000256382     0.000117863     0.000329987
1366    8.60371e-05     0.000450839     0.000450839     0.000450839     0.000297659     0.000151918     0.000374902
1370    7.595e-05     0.000399388     0.000399388     0.000399388     0.000252868     0.000112862     0.000326914
1374    7.417e-05     0.000391485     0.000391485     0.000391485     0.000236673     8.81482e-05     0.000315068
1378    7.29832e-05     0.00038655     0.00038655     0.00038655     0.000232135     8.32477e-05     0.000310521
1382    5.69625e-05     0.000302844     0.000302844     0.000302844     0.000197398     9.50996e-05     0.000251089
1386    6.70496e-05     0.000357721     0.000357721     0.000357721     0.000232762     0.00011101     0.000296525
1390    6.82364e-05     0.000365397     0.000365397     0.000365397     0.000226407     9.03096e-05     0.000297503
1394    7.06098e-05     0.00037942     0.00037942     0.00037942     0.000234701     9.23943e-05     0.00030888
1398    6.82364e-05     0.000367975     0.000367975     0.000367975     0.000226829     8.73496e-05     0.000299354
1402    6.58629e-05     0.000356548     0.000356548     0.000356548     0.000229149     0.000102478     0.000294809
1406    5.63692e-05     0.000306215     0.000306215     0.000306215     0.000196421     8.6756e-05     0.000253131
1410    5.2809e-05     0.000287975     0.000287975     0.000287975     0.000184233     8.00835e-05     0.00023795
1414    5.87426e-05     0.000321465     0.000321465     0.000321465     0.000205148     8.78723e-05     0.000265501
1418    5.81492e-05     0.000319352     0.000319352     0.000319352     0.000203211     8.55607e-05     0.000263609
1422    5.22156e-05     0.000287854     0.000287854     0.000287854     0.000171457     5.28278e-05     0.00023217
1426    4.98422e-05     0.000275741     0.000275741     0.000275741     0.00016341     4.84339e-05     0.00022212
1430    4.98422e-05     0.000276715     0.000276715     0.000276715     0.000174706     6.98058e-05     0.000228141
1434    5.63692e-05     0.000314162     0.000314162     0.000314162     0.000186789     5.51212e-05     0.000253679
1438    4.92488e-05     0.000275475     0.000275475     0.000275475     0.00017311     6.68212e-05     0.000226982
1442    4.21285e-05     0.000236496     0.000236496     0.000236496     0.000148305     5.61659e-05     0.000194855
1446    4.4502e-05     0.000250709     0.000250709     0.000250709     0.00015668     5.79955e-05     0.000206417
1450    4.4502e-05     0.000251625     0.000251625     0.000251625     0.000156902     5.7019e-05     0.000207118
1454    4.50953e-05     0.000255885     0.000255885     0.000255885     0.000159313     5.7011e-05     0.000210621
1458    3.38215e-05     0.000192703     0.000192703     0.000192703     0.000119744     4.20775e-05     0.000158596
1462    4.98422e-05     0.000284967     0.000284967     0.000284967     0.000176418     6.0146e-05     0.000234387
1466    4.09418e-05     0.00023489     0.00023489     0.00023489     0.000133646     2.47096e-05     0.000187829
1470    3.08547e-05     0.000177662     0.000177662     0.000177662     0.000109553     3.59284e-05     0.000146083
1474    4.6282e-05     0.000267475     0.000267475     0.000267475     0.000164643     5.29561e-05     0.000219918
1478    4.15352e-05     0.000240935     0.000240935     0.000240935     0.00013644     2.23871e-05     0.000192736
1482    4.4502e-05     0.000259075     0.000259075     0.000259075     0.000147233     2.43943e-05     0.000207663
1486    3.61949e-05     0.000211525     0.000211525     0.000211525     0.000117806     1.43399e-05     0.000168566
1490    4.03485e-05     0.000236621     0.000236621     0.000236621     0.00014454     4.24702e-05     0.000194506
1494    3.44149e-05     0.000202548     0.000202548     0.000202548     0.000123428     3.53068e-05     0.000166454
1498    3.44149e-05     0.000203299     0.000203299     0.000203299     0.000123548     3.42901e-05     0.000167014
1502    3.38215e-05     0.000200551     0.000200551     0.000200551     0.000121784     3.30699e-05     0.000164837
1506    3.26348e-05     0.000194228     0.000194228     0.000194228     0.000117738     3.12159e-05     0.00015963
1510    3.50082e-05     0.000209112     0.000209112     0.000209112     0.000126555     3.27384e-05     0.000171865
1514    4.68754e-05     0.000281037     0.000281037     0.000281037     0.000157869     1.71563e-05     0.000225629
1518    2.84813e-05     0.000171365     0.000171365     0.000171365     9.13429e-05     -5.03181e-07     0.000135458
1522    4.21285e-05     0.000254349     0.000254349     0.000254349     0.000153144     3.62442e-05     0.000209095
1526    2.61078e-05     0.000158238     0.000158238     0.000158238     9.50737e-05     2.17763e-05     0.000130067
1530    3.44149e-05     0.000209372     0.000209372     0.000209372     0.000101414     -2.45518e-05     0.00016137
1534    3.32281e-05     0.000202909     0.000202909     0.000202909     0.000121391     2.58944e-05     0.000166744
1538    3.14481e-05     0.000192759     0.000192759     0.000192759     0.000115172     2.3844e-05     0.000158431
1542    3.44149e-05     0.000211661     0.000211661     0.000211661     0.000126236     2.50408e-05     0.000173999
1546    2.25477e-05     0.000139229     0.000139229     0.000139229     7.0729e-05     -1.0808e-05     0.000109111
1550    2.43277e-05     0.000150747     0.000150747     0.000150747     7.7452e-05     -1.02639e-05     0.000118618
1554    2.72945e-05     0.000169765     0.000169765     0.000169765     8.86543e-05     -8.77625e-06     0.000134285
1558    2.84813e-05     0.000177782     0.000177782     0.000177782     0.000105399     1.8017e-05     0.00014621
1562    3.20414e-05     0.000200777     0.000200777     0.000200777     0.00010666     -7.6857e-06     0.000159871
1566    2.25477e-05     0.000141765     0.000141765     0.000141765     7.14793e-05     -1.43239e-05     0.0001113
1570    2.55145e-05     0.000161026     0.000161026     0.000161026     8.27482e-05     -1.32861e-05     0.000127193
1574    2.49211e-05     0.000157856     0.000157856     0.000157856     9.30943e-05     1.32843e-05     0.000129936
1578    2.19543e-05     0.000139597     0.000139597     0.000139597     8.21844e-05     1.10988e-05     0.000114911
1582    2.13609e-05     0.000136289     0.000136289     0.000136289     8.01518e-05     1.02096e-05     0.000112239
1586    1.89875e-05     0.000121609     0.000121609     0.000121609     7.14165e-05     8.59504e-06     0.000100162
1590    1.72074e-05     0.000110595     0.000110595     0.000110595     6.48868e-05     7.42749e-06     9.11126e-05
1594    1.89875e-05     0.000122528     0.000122528     0.000122528     7.17781e-05     7.59412e-06     0.000100972
1598    2.90746e-05     0.000188281     0.000188281     0.000188281     0.000110117     1.08726e-05     0.000155155
1602    2.3141e-05     0.000150408     0.000150408     0.000150408     7.54364e-05     -2.03532e-05     0.00011875
1606    2.72945e-05     0.000178035     0.000178035     0.000178035     0.000103948     8.8768e-06     0.000146831
1610    2.01742e-05     0.000132076     0.000132076     0.000132076     7.70806e-05     6.15159e-06     0.000108981
1614    2.25477e-05     0.000148142     0.000148142     0.000148142     8.63991e-05     6.39918e-06     0.000122283
1618    1.18672e-05     7.82662e-05     7.82662e-05     7.82662e-05     4.55501e-05     2.95768e-06     6.4602e-05
1622    1.4834e-05     9.81771e-05     9.81771e-05     9.81771e-05     4.44188e-05     -2.60128e-05     7.58057e-05
1626    2.49211e-05     0.00016553     0.00016553     0.00016553     9.6088e-05     4.65031e-06     0.000136718
1630    1.00871e-05     6.72302e-05     6.72302e-05     6.72302e-05     3.90098e-05     1.71147e-06     5.55475e-05
1634    1.66141e-05     0.000111156     0.000111156     0.000111156     6.44269e-05     2.35614e-06     9.18679e-05
1638    1.78008e-05     0.00011953     0.00011953     0.00011953     6.91391e-05     1.87029e-06     9.87904e-05
1642    1.06805e-05     7.19761e-05     7.19761e-05     7.19761e-05     4.16085e-05     8.18297e-07     5.95238e-05
1646    1.72074e-05     0.000116419     0.000116419     0.000116419     4.18669e-05     -5.87121e-05     8.59263e-05
1650    1.42406e-05     9.6629e-05     9.6629e-05     9.6629e-05     5.57766e-05     4.40815e-07     7.99595e-05
1654    1.89875e-05     0.000129389     0.000129389     0.000129389     7.46611e-05     9.18171e-08     0.000107136
1658    1.72074e-05     0.00011769     0.00011769     0.00011769     5.50781e-05     -3.06158e-05     9.22999e-05
1662    1.83941e-05     0.000126177     0.000126177     0.000126177     7.27565e-05     -8.17374e-07     0.000104595
1666    1.24606e-05     8.58233e-05     8.58233e-05     8.58233e-05     4.94002e-05     -1.0439e-06     7.11579e-05
1670    1.83941e-05     0.000127117     0.000127117     0.000127117     7.31153e-05     -1.90307e-06     0.000105413
1674    1.78008e-05     0.000123496     0.000123496     0.000123496     7.09598e-05     -2.414e-06     0.000102448
1678    1.24606e-05     8.67372e-05     8.67372e-05     8.67372e-05     4.9813e-05     -2.00363e-06     7.19864e-05
1682    1.24606e-05     8.70796e-05     8.70796e-05     8.70796e-05     4.99389e-05     -2.50972e-06     7.22978e-05
1686    1.4834e-05     0.000103996     0.000103996     0.000103996     5.9607e-05     -3.37855e-06     8.63801e-05
1690    1.24606e-05     8.77101e-05     8.77101e-05     8.77101e-05     5.02323e-05     -3.26208e-06     7.28906e-05
1694    2.25477e-05     0.000159274     0.000159274     0.000159274     9.119e-05     -6.33873e-06     0.000132411
1698    1.00871e-05     7.14702e-05     7.14702e-05     7.14702e-05     4.09137e-05     -3.05263e-06     5.94467e-05
1702    1.00871e-05     7.17272e-05     7.17272e-05     7.17272e-05     1.52502e-05     -6.65176e-05     4.95888e-05
1706    1.18672e-05     8.47452e-05     8.47452e-05     8.47452e-05     4.83932e-05     -4.52053e-06     7.05416e-05
1710    1.12738e-05     8.07825e-05     8.07825e-05     8.07825e-05     3.32491e-05     -3.61897e-05     6.22508e-05
1714    1.12738e-05     8.10499e-05     8.10499e-05     8.10499e-05     4.62695e-05     -4.79034e-06     6.75312e-05
1718    1.42406e-05     0.000102721     0.000102721     0.000102721     5.86511e-05     -6.36251e-06     8.56427e-05
1722    1.06805e-05     7.73347e-05     7.73347e-05     7.73347e-05     4.4161e-05     -5.08715e-06     6.45283e-05
1726    1.18672e-05     8.6225e-05     8.6225e-05     8.6225e-05     4.91811e-05     -6.0716e-06     7.19662e-05
1730    1.54273e-05     0.000112457     0.000112457     0.000112457     6.41125e-05     -8.28344e-06     9.38941e-05
1734    1.60207e-05     0.00011723     0.00011723     0.00011723     6.68131e-05     -9.1172e-06     9.79393e-05
1738    7.71367e-06     5.66169e-05     5.66169e-05     5.66169e-05     3.22567e-05     -4.59083e-06     4.73216e-05
1742    1.18672e-05     8.74236e-05     8.74236e-05     8.74236e-05     4.98785e-05     -7.27329e-06     7.31527e-05
1746    1.24606e-05     9.21489e-05     9.21489e-05     9.21489e-05     5.24537e-05     -8.2967e-06     7.71108e-05
1750    1.06805e-05     7.9265e-05     7.9265e-05     7.9265e-05     4.51245e-05     -7.3342e-06     6.63637e-05
1754    1.42406e-05     0.000106055     0.000106055     0.000106055     4.74828e-05     -4.28514e-05     8.39734e-05
1758    1.30539e-05     9.75403e-05     9.75403e-05     9.75403e-05     5.54936e-05     -9.71843e-06     8.17439e-05
1762    7.12032e-06     5.3393e-05     5.3393e-05     5.3393e-05     3.03706e-05     -5.55987e-06     4.47778e-05
1766    9.49375e-06     7.14338e-05     7.14338e-05     7.14338e-05     4.05745e-05     -7.79437e-06     5.99171e-05
1770    7.71367e-06     5.82499e-05     5.82499e-05     5.82499e-05     3.30748e-05     -6.55557e-06     4.88801e-05
1774    9.49375e-06     7.19534e-05     7.19534e-05     7.19534e-05     4.08694e-05     -8.32686e-06     6.04235e-05
1778    7.12032e-06     5.41635e-05     5.41635e-05     5.41635e-05     3.075e-05     -6.48185e-06     4.55043e-05
1782    2.9668e-06     2.26354e-05     2.26354e-05     2.26354e-05     1.28686e-05     -2.75762e-06     1.90375e-05
1786    1.12738e-05     8.63491e-05     8.63491e-05     8.63491e-05     4.90059e-05     -1.10364e-05     7.26354e-05
1790    9.49375e-06     7.29473e-05     7.29473e-05     7.29473e-05     2.84279e-05     -4.34054e-05     5.66346e-05
1794    7.12032e-06     5.48825e-05     5.48825e-05     5.48825e-05     3.1178e-05     -7.22423e-06     4.62189e-05
1798    1.12738e-05     8.72148e-05     8.72148e-05     8.72148e-05     4.956e-05     -1.18239e-05     7.35072e-05
1802    4.74688e-06     3.68493e-05     3.68493e-05     3.68493e-05     2.09069e-05     -5.2434e-06     3.10684e-05
1806    1.12738e-05     8.78161e-05     8.78161e-05     8.78161e-05     3.6861e-05     -4.71251e-05     6.93954e-05
1810    8.90039e-06     6.95951e-05     6.95951e-05     6.95951e-05     3.94786e-05     -1.04586e-05     5.87496e-05
1814    5.34024e-06     4.18995e-05     4.18995e-05     4.18995e-05     2.37596e-05     -6.43113e-06     3.53825e-05
1818    1.18672e-05     9.33827e-05     9.33827e-05     9.33827e-05     5.29365e-05     -1.46608e-05     7.88906e-05
1822    6.52696e-06     5.15352e-05     5.15352e-05     5.15352e-05     1.62344e-05     -4.31252e-05     3.89363e-05
1826    7.12032e-06     5.64254e-05     5.64254e-05     5.64254e-05     3.20174e-05     -9.21541e-06     4.77402e-05
1830    8.90039e-06     7.07973e-05     7.07973e-05     7.07973e-05     4.01754e-05     -1.18487e-05     5.9941e-05
1834    8.90039e-06     7.10145e-05     7.10145e-05     7.10145e-05     4.03028e-05     -1.2045e-05     6.01496e-05
1838    1.00871e-05     8.07202e-05     8.07202e-05     8.07202e-05     4.58434e-05     -1.38941e-05     6.84215e-05
1842    8.30703e-06     6.67182e-05     6.67182e-05     6.67182e-05     3.78348e-05     -1.194e-05     5.65733e-05
1846    5.9336e-06     4.78258e-05     4.78258e-05     4.78258e-05     1.42516e-05     -4.39235e-05     3.60746e-05
1850    7.71367e-06     6.23859e-05     6.23859e-05     6.23859e-05     3.54438e-05     -1.14056e-05     5.29781e-05
1854    7.12032e-06     5.77817e-05     5.77817e-05     5.77817e-05     3.27986e-05     -1.08978e-05     4.90912e-05
1858    5.9336e-06     4.83087e-05     4.83087e-05     4.83087e-05     2.7441e-05     -9.18996e-06     4.10665e-05
1862    7.12032e-06     5.81642e-05     5.81642e-05     5.81642e-05     3.30604e-05     -1.12771e-05     4.94868e-05
1866    1.00871e-05     8.26995e-05     8.26995e-05     8.26995e-05     4.69553e-05     -1.65149e-05     7.03877e-05
1870    7.71367e-06     6.34398e-05     6.34398e-05     6.34398e-05     3.6035e-05     -1.27974e-05     5.40222e-05
1874    7.12032e-06     5.87426e-05     5.87426e-05     5.87426e-05     3.33948e-05     -1.19642e-05     5.00563e-05
1878    5.9336e-06     4.91178e-05     4.91178e-05     4.91178e-05     2.79486e-05     -1.01234e-05     4.18876e-05
1882    4.74688e-06     3.94265e-05     3.94265e-05     3.94265e-05     2.23965e-05     -8.41933e-06     3.36334e-05
1886    5.34024e-06     4.45005e-05     4.45005e-05     4.45005e-05     2.52806e-05     -9.68505e-06     3.79855e-05
1890    5.34024e-06     4.46418e-05     4.46418e-05     4.46418e-05     1.24125e-05     -4.63543e-05     3.37334e-05
1894    4.15352e-06     3.48479e-05     3.48479e-05     3.48479e-05     1.98241e-05     -7.73907e-06     2.97837e-05
1898    5.34024e-06     4.49454e-05     4.49454e-05     4.49454e-05     2.56033e-05     -1.00344e-05     3.8444e-05
1902    5.9336e-06     5.0136e-05     5.0136e-05     5.0136e-05     2.85413e-05     -1.14865e-05     4.29064e-05
1906    4.15352e-06     3.52181e-05     3.52181e-05     3.52181e-05     2.00607e-05     -8.20253e-06     3.01639e-05
1910    7.12032e-06     6.05214e-05     6.05214e-05     6.05214e-05     3.44813e-05     -1.41961e-05     5.18529e-05
1914    8.90039e-06     7.5917e-05     7.5917e-05     7.5917e-05     4.32704e-05     -1.80428e-05     6.50832e-05
1918    5.34024e-06     4.56816e-05     4.56816e-05     4.56816e-05     2.60482e-05     -1.10001e-05     3.91871e-05
1922    1.00871e-05     8.66078e-05     8.66078e-05     8.66078e-05     4.94087e-05     -2.12048e-05     7.43519e-05
1926    3.56016e-06     3.06791e-05     3.06791e-05     3.06791e-05     1.75266e-05     -7.56414e-06     2.63601e-05
1930    5.9336e-06     5.12683e-05     5.12683e-05     5.12683e-05     2.92899e-05     -1.28032e-05     4.40703e-05
1934    7.12032e-06     6.17022e-05     6.17022e-05     6.17022e-05     3.52489e-05     -1.56387e-05     5.30645e-05
1938    4.74688e-06     4.12837e-05     4.12837e-05     4.12837e-05     2.35979e-05     -1.05745e-05     3.5526e-05
1942    2.37344e-06     2.0699e-05     2.0699e-05     2.0699e-05     1.18335e-05     -5.3974e-06     1.78242e-05
1946    4.74688e-06     4.15279e-05     4.15279e-05     4.15279e-05     2.37571e-05     -1.08841e-05     3.57769e-05
1950    2.9668e-06     2.60536e-05     2.60536e-05     2.60536e-05     1.49095e-05     -6.92881e-06     2.24601e-05
1954    8.30703e-06     7.31688e-05     7.31688e-05     7.31688e-05     4.18638e-05     -1.97735e-05     6.31069e-05
1958    4.74688e-06     4.19484e-05     4.19484e-05     4.19484e-05     2.40287e-05     -1.14168e-05     3.62066e-05
1962    5.9336e-06     5.26145e-05     5.26145e-05     5.26145e-05     3.01754e-05     -1.44673e-05     4.5453e-05
1966    4.74688e-06     4.22314e-05     4.22314e-05     4.22314e-05     2.41912e-05     -1.18818e-05     3.64939e-05
1970    5.34024e-06     4.76401e-05     4.76401e-05     4.76401e-05     2.73029e-05     -1.34968e-05     4.11867e-05
1974    2.9668e-06     2.6549e-05     2.6549e-05     2.6549e-05     1.52289e-05     -7.5803e-06     2.29676e-05
1978    4.15352e-06     3.72993e-05     3.72993e-05     3.72993e-05     8.61083e-06     -4.94611e-05     2.82516e-05
1982    5.34024e-06     4.81053e-05     4.81053e-05     4.81053e-05     2.76452e-05     -1.40095e-05     4.1678e-05
1986    1.78008e-06     1.60874e-05     1.60874e-05     1.60874e-05     9.2458e-06     -4.7628e-06     1.39467e-05
1990    2.9668e-06     2.68903e-05     2.68903e-05     2.68903e-05     1.54615e-05     -7.99336e-06     2.33198e-05
1994    4.74688e-06     4.31767e-05     4.31767e-05     4.31767e-05     2.48079e-05     -1.30187e-05     3.74517e-05
1998    3.56016e-06     3.24686e-05     3.24686e-05     3.24686e-05     1.86292e-05     -9.86984e-06     2.81552e-05
2002    1.78008e-06     1.62798e-05     1.62798e-05     1.62798e-05     1.62798e-05     1.62798e-05     1.62798e-05
2006    2.9668e-06     2.72393e-05     2.72393e-05     2.72393e-05     2.72393e-05     2.72393e-05     2.72393e-05
2010    6.52696e-06     6.01177e-05     6.01177e-05     6.01177e-05     6.01177e-05     6.01177e-05     6.01177e-05
2014    2.9668e-06     2.74124e-05     2.74124e-05     2.74124e-05     2.74124e-05     2.74124e-05     2.74124e-05
2018    1.18672e-06     1.10053e-05     1.10053e-05     1.10053e-05     1.10053e-05     1.10053e-05     1.10053e-05
2022    4.15352e-06     3.85884e-05     3.85884e-05     3.85884e-05     3.85884e-05     3.85884e-05     3.85884e-05
2026    2.37344e-06     2.21155e-05     2.21155e-05     2.21155e-05     2.21155e-05     2.21155e-05     2.21155e-05
2030    3.56016e-06     3.33033e-05     3.33033e-05     3.33033e-05     3.33033e-05     3.33033e-05     3.33033e-05
2034    4.15352e-06     3.8966e-05     3.8966e-05     3.8966e-05     3.8966e-05     3.8966e-05     3.8966e-05
2038    1.78008e-06     1.67468e-05     1.67468e-05     1.67468e-05     1.67468e-05     1.67468e-05     1.67468e-05
2042    4.15352e-06     3.92004e-05     3.92004e-05     3.92004e-05     3.92004e-05     3.92004e-05     3.92004e-05
2046    2.9668e-06     2.80988e-05     2.80988e-05     2.80988e-05     2.80988e-05     2.80988e-05     2.80988e-05
2050    3.56016e-06     3.38012e-05     3.38012e-05     3.38012e-05     3.38012e-05     3.38012e-05     3.38012e-05
2054    3.56016e-06     3.39035e-05     3.39035e-05     3.39035e-05     3.39035e-05     3.39035e-05     3.39035e-05
2058    1.78008e-06     1.69953e-05     1.69953e-05     1.69953e-05     1.69953e-05     1.69953e-05     1.69953e-05
2062    2.9668e-06     2.84176e-05     2.84176e-05     2.84176e-05     2.84176e-05     2.84176e-05     2.84176e-05
2066    5.9336e-07     5.70467e-06     5.70467e-06     5.70467e-06     5.70467e-06     5.70467e-06     5.70467e-06
2070    2.9668e-06     2.86143e-05     2.86143e-05     2.86143e-05     2.86143e-05     2.86143e-05     2.86143e-05
2074    2.37344e-06     2.2948e-05     2.2948e-05     2.2948e-05     2.2948e-05     2.2948e-05     2.2948e-05
2078    2.9668e-06     2.87691e-05     2.87691e-05     2.87691e-05     2.87691e-05     2.87691e-05     2.87691e-05
2082    2.9668e-06     2.88757e-05     2.88757e-05     2.88757e-05     2.88757e-05     2.88757e-05     2.88757e-05
2086    1.78008e-06     1.73707e-05     1.73707e-05     1.73707e-05     1.73707e-05     1.73707e-05     1.73707e-05
2090    2.37344e-06     2.32487e-05     2.32487e-05     2.32487e-05     2.32487e-05     2.32487e-05     2.32487e-05
2094    2.9668e-06     2.91114e-05     2.91114e-05     2.91114e-05     2.91114e-05     2.91114e-05     2.91114e-05
2098    0     0     0     0     0     0     0
2102    3.56016e-06     3.51485e-05     3.51485e-05     3.51485e-05     3.51485e-05     3.51485e-05     3.51485e-05
2106    4.15352e-06     4.11266e-05     4.11266e-05     4.11266e-05     4.11266e-05     4.11266e-05     4.11266e-05
2110    2.37344e-06     2.35726e-05     2.35726e-05     2.35726e-05     2.35726e-05     2.35726e-05     2.35726e-05
2114    1.18672e-06     1.18275e-05     1.18275e-05     1.18275e-05     1.18275e-05     1.18275e-05     1.18275e-05
2118    5.9336e-07     5.93481e-06     5.93481e-06     5.93481e-06     5.93481e-06     5.93481e-06     5.93481e-06
2122    2.37344e-06     2.37886e-05     2.37886e-05     2.37886e-05     2.37886e-05     2.37886e-05     2.37886e-05
2126    2.37344e-06     2.38622e-05     2.38622e-05     2.38622e-05     2.38622e-05     2.38622e-05     2.38622e-05
2130    1.18672e-06     1.1967e-05     1.1967e-05     1.1967e-05     1.1967e-05     1.1967e-05     1.1967e-05
2134    3.56016e-06     3.60088e-05     3.60088e-05     3.60088e-05     3.60088e-05     3.60088e-05     3.60088e-05
2138    1.18672e-06     1.20295e-05     1.20295e-05     1.20295e-05     1.20295e-05     1.20295e-05     1.20295e-05
2142    2.37344e-06     2.41288e-05     2.41288e-05     2.41288e-05     2.41288e-05     2.41288e-05     2.41288e-05
2146    3.56016e-06     3.63298e-05     3.63298e-05     3.63298e-05     3.63298e-05     3.63298e-05     3.63298e-05
2150    1.78008e-06     1.8208e-05     1.8208e-05     1.8208e-05     1.8208e-05     1.8208e-05     1.8208e-05
2154    2.37344e-06     2.43599e-05     2.43599e-05     2.43599e-05     2.43599e-05     2.43599e-05     2.43599e-05
2158    5.9336e-07     6.10645e-06     6.10645e-06     6.10645e-06     6.10645e-06     6.10645e-06     6.10645e-06
2162    2.9668e-06     3.06401e-05     3.06401e-05     3.06401e-05     3.06401e-05     3.06401e-05     3.06401e-05
2166    1.18672e-06     1.22749e-05     1.22749e-05     1.22749e-05     1.22749e-05     1.22749e-05     1.22749e-05
2170    2.37344e-06     2.46261e-05     2.46261e-05     2.46261e-05     2.46261e-05     2.46261e-05     2.46261e-05
2174    1.78008e-06     1.85238e-05     1.85238e-05     1.85238e-05     1.85238e-05     1.85238e-05     1.85238e-05
2178    1.18672e-06     1.23943e-05     1.23943e-05     1.23943e-05     1.23943e-05     1.23943e-05     1.23943e-05
2182    1.78008e-06     1.863e-05     1.863e-05     1.863e-05     1.863e-05     1.863e-05     1.863e-05
2186    1.18672e-06     1.2461e-05     1.2461e-05     1.2461e-05     1.2461e-05     1.2461e-05     1.2461e-05
2190    3.56016e-06     3.74819e-05     3.74819e-05     3.74819e-05     3.74819e-05     3.74819e-05     3.74819e-05
2194    3.56016e-06     3.75794e-05     3.75794e-05     3.75794e-05     3.75794e-05     3.75794e-05     3.75794e-05
2198    1.18672e-06     1.25701e-05     1.25701e-05     1.25701e-05     1.25701e-05     1.25701e-05     1.25701e-05
2202    1.18672e-06     1.25952e-05     1.25952e-05     1.25952e-05     1.25952e-05     1.25952e-05     1.25952e-05
2206    5.9336e-07     6.31621e-06     6.31621e-06     6.31621e-06     6.31621e-06     6.31621e-06     6.31621e-06
2210    4.15352e-06     4.43526e-05     4.43526e-05     4.43526e-05     4.43526e-05     4.43526e-05     4.43526e-05
2214    5.9336e-07     6.36358e-06     6.36358e-06     6.36358e-06     6.36358e-06     6.36358e-06     6.36358e-06
2218    1.18672e-06     1.27389e-05     1.27389e-05     1.27389e-05     1.27389e-05     1.27389e-05     1.27389e-05
2222    5.9336e-07     6.38677e-06     6.38677e-06     6.38677e-06     6.38677e-06     6.38677e-06     6.38677e-06
2226    5.9336e-07     6.40991e-06     6.40991e-06     6.40991e-06     6.40991e-06     6.40991e-06     6.40991e-06
2230    1.18672e-06     1.28489e-05     1.28489e-05     1.28489e-05     1.28489e-05     1.28489e-05     1.28489e-05
2234    5.9336e-07     6.43592e-06     6.43592e-06     6.43592e-06     6.43592e-06     6.43592e-06     6.43592e-06
2238    1.18672e-06     1.29188e-05     1.29188e-05     1.29188e-05     1.29188e-05     1.29188e-05     1.29188e-05
2242    1.18672e-06     1.29554e-05     1.29554e-05     1.29554e-05     1.29554e-05     1.29554e-05     1.29554e-05
2246    1.78008e-06     1.95022e-05     1.95022e-05     1.95022e-05     1.95022e-05     1.95022e-05     1.95022e-05
2250    1.18672e-06     1.30283e-05     1.30283e-05     1.30283e-05     1.30283e-05     1.30283e-05     1.30283e-05
2254    1.78008e-06     1.95876e-05     1.95876e-05     1.95876e-05     1.95876e-05     1.95876e-05     1.95876e-05
2258    1.18672e-06     1.30932e-05     1.30932e-05     1.30932e-05     1.30932e-05     1.30932e-05     1.30932e-05
2262    2.37344e-06     2.62704e-05     2.62704e-05     2.62704e-05     2.62704e-05     2.62704e-05     2.62704e-05
2266    1.78008e-06     1.97708e-05     1.97708e-05     1.97708e-05     1.97708e-05     1.97708e-05     1.97708e-05
2270    5.9336e-07     6.61337e-06     6.61337e-06     6.61337e-06     6.61337e-06     6.61337e-06     6.61337e-06
2274    5.9336e-07     6.62739e-06     6.62739e-06     6.62739e-06     6.62739e-06     6.62739e-06     6.62739e-06
2278    5.9336e-07     6.64428e-06     6.64428e-06     6.64428e-06     6.64428e-06     6.64428e-06     6.64428e-06
2282    5.9336e-07     6.65406e-06     6.65406e-06     6.65406e-06     6.65406e-06     6.65406e-06     6.65406e-06
2286    5.9336e-07     6.67312e-06     6.67312e-06     6.67312e-06     6.67312e-06     6.67312e-06     6.67312e-06
2290    1.18672e-06     1.3397e-05     1.3397e-05     1.3397e-05     1.3397e-05     1.3397e-05     1.3397e-05
2294    2.37344e-06     2.68439e-05     2.68439e-05     2.68439e-05     2.68439e-05     2.68439e-05     2.68439e-05
2298    5.9336e-07     6.73743e-06     6.73743e-06     6.73743e-06     6.73743e-06     6.73743e-06     6.73743e-06
2302    5.9336e-07     6.74732e-06     6.74732e-06     6.74732e-06     6.74732e-06     6.74732e-06     6.74732e-06
2306    1.18672e-06     1.35402e-05     1.35402e-05     1.35402e-05     1.35402e-05     1.35402e-05     1.35402e-05
2310    1.78008e-06     2.0367e-05     2.0367e-05     2.0367e-05     2.0367e-05     2.0367e-05     2.0367e-05
2314    1.18672e-06     1.36044e-05     1.36044e-05     1.36044e-05     1.36044e-05     1.36044e-05     1.36044e-05
2318    1.18672e-06     1.36567e-05     1.36567e-05     1.36567e-05     1.36567e-05     1.36567e-05     1.36567e-05
2322    0     0     0     0     0     0     0
2326    5.9336e-07     6.86225e-06     6.86225e-06     6.86225e-06     6.86225e-06     6.86225e-06     6.86225e-06
2330    1.18672e-06     1.37467e-05     1.37467e-05     1.37467e-05     1.37467e-05     1.37467e-05     1.37467e-05
2334    1.18672e-06     1.37875e-05     1.37875e-05     1.37875e-05     1.37875e-05     1.37875e-05     1.37875e-05
2338    0     0     0     0     0     0     0
2342    1.18672e-06     1.3874e-05     1.3874e-05     1.3874e-05     1.3874e-05     1.3874e-05     1.3874e-05
2346    1.18672e-06     1.38925e-05     1.38925e-05     1.38925e-05     1.38925e-05     1.38925e-05     1.38925e-05
2350    5.9336e-07     6.96099e-06     6.96099e-06     6.96099e-06     6.96099e-06     6.96099e-06     6.96099e-06
2354    5.9336e-07     6.98408e-06     6.98408e-06     6.98408e-06     6.98408e-06     6.98408e-06     6.98408e-06
2358    5.9336e-07     7.00189e-06     7.00189e-06     7.00189e-06     7.00189e-06     7.00189e-06     7.00189e-06
2362    5.9336e-07     7.01928e-06     7.01928e-06     7.01928e-06     7.01928e-06     7.01928e-06     7.01928e-06
2366    2.9668e-06     3.52213e-05     3.52213e-05     3.52213e-05     3.52213e-05     3.52213e-05     3.52213e-05
2370    1.78008e-06     2.11753e-05     2.11753e-05     2.11753e-05     2.11753e-05     2.11753e-05     2.11753e-05
2374    0     0     0     0     0     0     0
2378    5.9336e-07     7.09293e-06     7.09293e-06     7.09293e-06     7.09293e-06     7.09293e-06     7.09293e-06
2382    1.18672e-06     1.42269e-05     1.42269e-05     1.42269e-05     1.42269e-05     1.42269e-05     1.42269e-05
2386    1.18672e-06     1.42702e-05     1.42702e-05     1.42702e-05     1.42702e-05     1.42702e-05     1.42702e-05
2390    0     0     0     0     0     0     0
2394    1.18672e-06     1.43455e-05     1.43455e-05     1.43455e-05     1.43455e-05     1.43455e-05     1.43455e-05
2398    1.18672e-06     1.43738e-05     1.43738e-05     1.43738e-05     1.43738e-05     1.43738e-05     1.43738e-05
2402    0     0     0     0     0     0     0
2406    5.9336e-07     7.21921e-06     7.21921e-06     7.21921e-06     7.21921e-06     7.21921e-06     7.21921e-06
2410    1.78008e-06     2.17364e-05     2.17364e-05     2.17364e-05     2.17364e-05     2.17364e-05     2.17364e-05
2414    1.18672e-06     1.45362e-05     1.45362e-05     1.45362e-05     1.45362e-05     1.45362e-05     1.45362e-05
2418    5.9336e-07     7.27575e-06     7.27575e-06     7.27575e-06     7.27575e-06     7.27575e-06     7.27575e-06
2422    0     0     0     0     0     0     0
2426    1.18672e-06     1.46272e-05     1.46272e-05     1.46272e-05     1.46272e-05     1.46272e-05     1.46272e-05
2430    5.9336e-07     7.34387e-06     7.34387e-06     7.34387e-06     7.34387e-06     7.34387e-06     7.34387e-06
2434    5.9336e-07     7.36239e-06     7.36239e-06     7.36239e-06     7.36239e-06     7.36239e-06     7.36239e-06
2438    0     0     0     0     0     0     0
2442    1.78008e-06     2.21746e-05     2.21746e-05     2.21746e-05     2.21746e-05     2.21746e-05     2.21746e-05
2446    1.18672e-06     1.48161e-05     1.48161e-05     1.48161e-05     1.48161e-05     1.48161e-05     1.48161e-05
2450    5.9336e-07     7.42491e-06     7.42491e-06     7.42491e-06     7.42491e-06     7.42491e-06     7.42491e-06
2454    1.78008e-06     2.23468e-05     2.23468e-05     2.23468e-05     2.23468e-05     2.23468e-05     2.23468e-05
2458    0     0     0     0     0     0     0
2462    5.9336e-07     7.4865e-06     7.4865e-06     7.4865e-06     7.4865e-06     7.4865e-06     7.4865e-06
2466    5.9336e-07     7.50535e-06     7.50535e-06     7.50535e-06     7.50535e-06     7.50535e-06     7.50535e-06
2470    0     0     0     0     0     0     0
2474    0     0     0     0     0     0     0
2478    0     0     0     0     0     0     0
2482    0     0     0     0     0     0     0
2486    1.18672e-06     1.5204e-05     1.5204e-05     1.5204e-05     1.5204e-05     1.5204e-05     1.5204e-05
2490    1.78008e-06     2.28627e-05     2.28627e-05     2.28627e-05     2.28627e-05     2.28627e-05     2.28627e-05
2494    0     0     0     0     0     0     0
2498    5.9336e-07     7.6508e-06     7.6508e-06     7.6508e-06     7.6508e-06     7.6508e-06     7.6508e-06
2502    5.9336e-07     7.66878e-06     7.66878e-06     7.66878e-06     7.66878e-06     7.66878e-06     7.66878e-06
2506    5.9336e-07     7.69925e-06     7.69925e-06     7.69925e-06     7.69925e-06     7.69925e-06     7.69925e-06
2510    1.18672e-06     1.54179e-05     1.54179e-05     1.54179e-05     1.54179e-05     1.54179e-05     1.54179e-05
2514    5.9336e-07     7.73081e-06     7.73081e-06     7.73081e-06     7.73081e-06     7.73081e-06     7.73081e-06
2518    5.9336e-07     7.74537e-06     7.74537e-06     7.74537e-06     7.74537e-06     7.74537e-06     7.74537e-06
2522    5.9336e-07     7.76834e-06     7.76834e-06     7.76834e-06     7.76834e-06     7.76834e-06     7.76834e-06
2526    0     0     0     0     0     0     0
2530    5.9336e-07     7.79757e-06     7.79757e-06     7.79757e-06     7.79757e-06     7.79757e-06     7.79757e-06
2534    5.9336e-07     7.82021e-06     7.82021e-06     7.82021e-06     7.82021e-06     7.82021e-06     7.82021e-06
2538    5.9336e-07     7.84194e-06     7.84194e-06     7.84194e-06     7.84194e-06     7.84194e-06     7.84194e-06
2542    0     0     0     0     0     0     0
2546    5.9336e-07     7.87258e-06     7.87258e-06     7.87258e-06     7.87258e-06     7.87258e-06     7.87258e-06
2550    0     0     0     0     0     0     0
2554    5.9336e-07     7.91358e-06     7.91358e-06     7.91358e-06     7.91358e-06     7.91358e-06     7.91358e-06
2558    2.37344e-06     3.1726e-05     3.1726e-05     3.1726e-05     3.1726e-05     3.1726e-05     3.1726e-05
2562    0     0     0     0     0     0     0
2566    5.9336e-07     7.97007e-06     7.97007e-06     7.97007e-06     7.97007e-06     7.97007e-06     7.97007e-06
2570    5.9336e-07     8.00027e-06     8.00027e-06     8.00027e-06     8.00027e-06     8.00027e-06     8.00027e-06
2574    1.78008e-06     2.40392e-05     2.40392e-05     2.40392e-05     2.40392e-05     2.40392e-05     2.40392e-05
2578    5.9336e-07     8.02444e-06     8.02444e-06     8.02444e-06     8.02444e-06     8.02444e-06     8.02444e-06
2582    0     0     0     0     0     0     0
2586    0     0     0     0     0     0     0
2590    0     0     0     0     0     0     0
2594    5.9336e-07     8.09576e-06     8.09576e-06     8.09576e-06     8.09576e-06     8.09576e-06     8.09576e-06
2598    5.9336e-07     8.12303e-06     8.12303e-06     8.12303e-06     8.12303e-06     8.12303e-06     8.12303e-06
2602    5.9336e-07     8.14557e-06     8.14557e-06     8.14557e-06     8.14557e-06     8.14557e-06     8.14557e-06
2606    1.78008e-06     2.44956e-05     2.44956e-05     2.44956e-05     2.44956e-05     2.44956e-05     2.44956e-05
2610    5.9336e-07     8.18782e-06     8.18782e-06     8.18782e-06     8.18782e-06     8.18782e-06     8.18782e-06
2614    1.78008e-06     2.45921e-05     2.45921e-05     2.45921e-05     2.45921e-05     2.45921e-05     2.45921e-05
2618    0     0     0     0     0     0     0
2622    5.9336e-07     8.22867e-06     8.22867e-06     8.22867e-06     8.22867e-06     8.22867e-06     8.22867e-06
2626    5.9336e-07     8.25338e-06     8.25338e-06     8.25338e-06     8.25338e-06     8.25338e-06     8.25338e-06
2630    0     0     0     0     0     0     0
2634    5.9336e-07     8.29276e-06     8.29276e-06     8.29276e-06     8.29276e-06     8.29276e-06     8.29276e-06
2638    0     0     0     0     0     0     0
2642    0     0     0     0     0     0     0
2646    0     0     0     0     0     0     0
2650    0     0     0     0     0     0     0
2654    1.18672e-06     1.67907e-05     1.67907e-05     1.67907e-05     1.67907e-05     1.67907e-05     1.67907e-05
2658    1.18672e-06     1.68179e-05     1.68179e-05     1.68179e-05     1.68179e-05     1.68179e-05     1.68179e-05
2662    0     0     0     0     0     0     0
2666    1.18672e-06     1.69022e-05     1.69022e-05     1.69022e-05     1.69022e-05     1.69022e-05     1.69022e-05
2670    0     0     0     0     0     0     0
2674    5.9336e-07     8.47624e-06     8.47624e-06     8.47624e-06     8.47624e-06     8.47624e-06     8.47624e-06
2678    0     0     0     0     0     0     0
2682    0     0     0     0     0     0     0
2686    0     0     0     0     0     0     0
2690    0     0     0     0     0     0     0
2694    0     0     0     0     0     0     0
2698    0     0     0     0     0     0     0
2702    0     0     0     0     0     0     0
2706    1.18672e-06     1.72834e-05     1.72834e-05     1.72834e-05     1.72834e-05     1.72834e-05     1.72834e-05
2710    0     0     0     0     0     0     0
2714    5.9336e-07     8.66683e-06     8.66683e-06     8.66683e-06     8.66683e-06     8.66683e-06     8.66683e-06
2718    5.9336e-07     8.684e-06     8.684e-06     8.684e-06     8.684e-06     8.684e-06     8.684e-06
2722    0     0     0     0     0     0     0
2726    0     0     0     0     0     0     0
2730    1.18672e-06     1.75007e-05     1.75007e-05     1.75007e-05     1.75007e-05     1.75007e-05     1.75007e-05
2734    5.9336e-07     8.76792e-06     8.76792e-06     8.76792e-06     8.76792e-06     8.76792e-06     8.76792e-06
2738    0     0     0     0     0     0     0
2742    5.9336e-07     8.81713e-06     8.81713e-06     8.81713e-06     8.81713e-06     8.81713e-06     8.81713e-06
2746    0     0     0     0     0     0     0
2750    5.9336e-07     8.85395e-06     8.85395e-06     8.85395e-06     8.85395e-06     8.85395e-06     8.85395e-06
2754    0     0     0     0     0     0     0
2758    0     0     0     0     0     0     0
2762    0     0     0     0     0     0     0
2766    0     0     0     0     0     0     0
2770    0     0     0     0     0     0     0
2774    5.9336e-07     8.96291e-06     8.96291e-06     8.96291e-06     8.96291e-06     8.96291e-06     8.96291e-06
2778    0     0     0     0     0     0     0
2782    5.9336e-07     8.99577e-06     8.99577e-06     8.99577e-06     8.99577e-06     8.99577e-06     8.99577e-06
2786    5.9336e-07     9.01353e-06     9.01353e-06     9.01353e-06     9.01353e-06     9.01353e-06     9.01353e-06
2790    0     0     0     0     0     0     0
2794    0     0     0     0     0     0     0
2798    5.9336e-07     9.08387e-06     9.08387e-06     9.08387e-06     9.08387e-06     9.08387e-06     9.08387e-06
2802    0     0     0     0     0     0     0
2806    5.9336e-07     9.11092e-06     9.11092e-06     9.11092e-06     9.11092e-06     9.11092e-06     9.11092e-06
2810    0     0     0     0     0     0     0
2814    0     0     0     0     0     0     0
2818    0     0     0     0     0     0     0
2822    5.9336e-07     9.18408e-06     9.18408e-06     9.18408e-06     9.18408e-06     9.18408e-06     9.18408e-06
2826    0     0     0     0     0     0     0
2830    0     0     0     0     0     0     0
2834    0     0     0     0     0     0     0
2838    0     0     0     0     0     0     0
2842    0     0     0     0     0     0     0
2846    0     0     0     0     0     0     0
2850    0     0     0     0     0     0     0
2854    0     0     0     0     0     0     0
2858    0     0     0     0     0     0     0
2862    0     0     0     0     0     0     0
2866    0     0     0     0     0     0     0
2870    0     0     0     0     0     0     0
2874    0     0     0     0     0     0     0
2878    5.9336e-07     9.45425e-06     9.45425e-06     9.45425e-06     9.45425e-06     9.45425e-06     9.45425e-06
2882    0     0     0     0     0     0     0
2886    0     0     0     0     0     0     0
2890    5.9336e-07     9.52562e-06     9.52562e-06     9.52562e-06     9.52562e-06     9.52562e-06     9.52562e-06
2894    0     0     0     0     0     0     0
2898    5.9336e-07     9.55294e-06     9.55294e-06     9.55294e-06     9.55294e-06     9.55294e-06     9.55294e-06
2902    0     0     0     0     0     0     0
2906    0     0     0     0     0     0     0
2910    0     0     0     0     0     0     0
2914    0     0     0     0     0     0     0
2918    0     0     0     0     0     0     0
2922    5.9336e-07     9.67825e-06     9.67825e-06     9.67825e-06     9.67825e-06     9.67825e-06     9.67825e-06
2926    0     0     0     0     0     0     0
2930    5.9336e-07     9.71513e-06     9.71513e-06     9.71513e-06     9.71513e-06     9.71513e-06     9.71513e-06
2934    0     0     0     0     0     0     0
2938    5.9336e-07     9.7626e-06     9.7626e-06     9.7626e-06     9.7626e-06     9.7626e-06     9.7626e-06
2942    0     0     0     0     0     0     0
2946    0     0     0     0     0     0     0
2950    0     0     0     0     0     0     0
2954    0     0     0     0     0     0     0
2958    0     0     0     0     0     0     0
2962    0     0     0     0     0     0     0
2966    5.9336e-07     9.88845e-06     9.88845e-06     9.88845e-06     9.88845e-06     9.88845e-06     9.88845e-06
2970    0     0     0     0     0     0     0
2974    5.9336e-07     9.93826e-06     9.93826e-06     9.93826e-06     9.93826e-06     9.93826e-06     9.93826e-06
2978    0     0     0     0     0     0     0
2982    0     0     0     0     0     0     0
2986    0     0     0     0     0     0     0
2990    0     0     0     0     0     0     0
2994    0     0     0     0     0     0     0
2998    0     0     0     0     0     0     0
3002    0     0     0     0     0     0     0
3006    0     0     0     0     0     0     0
3010    0     0     0     0     0     0     0
3014    0     0     0     0     0     0     0
3018    0     0     0     0     0     0     0
3022    0     0     0     0     0     0     0
3026    0     0     0     0     0     0     0
3030    5.9336e-07     1.01999e-05     1.01999e-05     1.01999e-05     1.01999e-05     1.01999e-05     1.01999e-05
3034    0     0     0     0     0     0     0
3038    0     0     0     0     0     0     0
3042    0     0     0     0     0     0     0
3046    0     0     0     0     0     0     0
3050    0     0     0     0     0     0     0
3054    0     0     0     0     0     0     0
3058    0     0     0     0     0     0     0
3062    5.9336e-07     1.03557e-05     1.03557e-05     1.03557e-05     1.03557e-05     1.03557e-05     1.03557e-05
3066    0     0     0     0     0     0     0
3070    0     0     0     0     0     0     0
3074    5.9336e-07     1.04136e-05     1.04136e-05     1.04136e-05     1.04136e-05     1.04136e-05     1.04136e-05
3078    0     0     0     0     0     0     0
3082    0     0     0     0     0     0     0
3086    0     0     0     0     0     0     0
3090    0     0     0     0     0     0     0
3094    0     0     0     0     0     0     0
3098    0     0     0     0     0     0     0
3102    0     0     0     0     0     0     0
3106    5.9336e-07     1.05835e-05     1.05835e-05     1.05835e-05     1.05835e-05     1.05835e-05     1.05835e-05
3110    0     0     0     0     0     0     0
3114    5.9336e-07     1.06124e-05     1.06124e-05     1.06124e-05     1.06124e-05     1.06124e-05     1.06124e-05
3118    0     0     0     0     0     0     0
3122    5.9336e-07     1.06485e-05     1.06485e-05     1.06485e-05     1.06485e-05     1.06485e-05     1.06485e-05
3126    0     0     0     0     0     0     0
3130    0     0     0     0     0     0     0
3134    0     0     0     0     0     0     0
3138    0     0     0     0     0     0     0
3142    0     0     0     0     0     0     0
3146    0     0     0     0     0     0     0
3150    0     0     0     0     0     0     0
3154    0     0     0     0     0     0     0
3158    0     0     0     0     0     0     0
3162    0     0     0     0     0     0     0
3166    0     0     0     0     0     0     0
3170    0     0     0     0     0     0     0
3174    0     0     0     0     0     0     0
3178    0     0     0     0     0     0     0
3182    0     0     0     0     0     0     0
3186    0     0     0     0     0     0     0
3190    0     0     0     0     0     0     0
3194    0     0     0     0     0     0     0
3198    0     0     0     0     0     0     0
3202    0     0     0     0     0     0     0
3206    0     0     0     0     0     0     0
3210    0     0     0     0     0     0     0
3214    0     0     0     0     0     0     0
3218    0     0     0     0     0     0     0
3222    0     0     0     0     0     0     0
3226    0     0     0     0     0     0     0
3230    0     0     0     0     0     0     0
3234    0     0     0     0     0     0     0
3238    0     0     0     0     0     0     0
3242    0     0     0     0     0     0     0
3246    0     0     0     0     0     0     0
3250    0     0     0     0     0     0     0
3254    0     0     0     0     0     0     0
3258    0     0     0     0     0     0     0
3262    5.9336e-07     1.13462e-05     1.13462e-05     1.13462e-05     1.13462e-05     1.13462e-05     1.13462e-05
3266    0     0     0     0     0     0     0
3270    0     0     0     0     0     0     0
3274    0     0     0     0     0     0     0
3278    0     0     0     0     0     0     0
3282    0     0     0     0     0     0     0
3286    0     0     0     0     0     0     0
3290    0     0     0     0     0     0     0
3294    0     0     0     0     0     0     0
3298    5.9336e-07     1.15178e-05     1.15178e-05     1.15178e-05     1.15178e-05     1.15178e-05     1.15178e-05
3302    0     0     0     0     0     0     0
3306    0     0     0     0     0     0     0
3310    0     0     0     0     0     0     0
3314    0     0     0     0     0     0     0
3318    0     0     0     0     0     0     0
3322    0     0     0     0     0     0     0
3326    0     0     0     0     0     0     0
3330    0     0     0     0     0     0     0
3334    0     0     0     0     0     0     0
3338    0     0     0     0     0     0     0
3342    0     0     0     0     0     0     0
3346    0     0     0     0     0     0     0
3350    0     0     0     0     0     0     0
3354    0     0     0     0     0     0     0
3358    0     0     0     0     0     0     0
3362    0     0     0     0     0     0     0
3366    0     0     0     0     0     0     0
3370    0     0     0     0     0     0     0
3374    0     0     0     0     0     0     0
3378    0     0     0     0     0     0     0
3382    0     0     0     0     0     0     0
3386    0     0     0     0     0     0     0
3390    0     0     0     0     0     0     0
3394    0     0     0     0     0     0     0
3398    0     0     0     0     0     0     0
3402    0     0     0     0     0     0     0
3406    0     0     0     0     0     0     0
3410    0     0     0     0     0     0     0
3414    0     0     0     0     0     0     0
3418    0     0     0     0     0     0     0
3422    0     0     0     0     0     0     0
3426    0     0     0     0     0     0     0
3430    0     0     0     0     0     0     0
3434    0     0     0     0     0     0     0
3438    0     0     0     0     0     0     0
3442    0     0     0     0     0     0     0
3446    0     0     0     0     0     0     0
3450    0     0     0     0     0     0     0
3454    0     0     0     0     0     0     0
3458    0     0     0     0     0     0     0
3462    0     0     0     0     0     0     0
3466    0     0     0     0     0     0     0
3470    0     0     0     0     0     0     0
3474    0     0     0     0     0     0     0
3478    0     0     0     0     0     0     0
3482    0     0     0     0     0     0     0
3486    0     0     0     0     0     0     0
3490    0     0     0     0     0     0     0
3494    0     0     0     0     0     0     0
3498    0     0     0     0     0     0     0
3502    0     0     0     0     0     0     0
3506    0     0     0     0     0     0     0
3510    0     0     0     0     0     0     0
3514    0     0     0     0     0     0     0
3518    0     0     0     0     0     0     0
3522    0     0     0     0     0     0     0
3526    0     0     0     0     0     0     0
3530    0     0     0     0     0     0     0
3534    0     0     0     0     0     0     0
3538    0     0     0     0     0     0     0
3542    0     0     0     0     0     0     0
3546    0     0     0     0     0     0     0
3550    0     0     0     0     0     0     0
3554    0     0     0     0     0     0     0
3558    0     0     0     0     0     0     0
3562    0     0     0     0     0     0     0
3566    0     0     0     0     0     0     0
3570    0     0     0     0     0     0     0
3574    0     0     0     0     0     0     0
3578    0     0     0     0     0     0     0
3582    0     0     0     0     0     0     0
3586    0     0     0     0     0     0     0
3590    0     0     0     0     0     0     0
3594    0     0     0     0     0     0     0
3598    0     0     0     0     0     0     0
3602    0     0     0     0     0     0     0
3606    0     0     0     0     0     0     0
3610    0     0     0     0     0     0     0
3614    0     0     0     0     0     0     0
3618    0     0     0     0     0     0     0
3622    0     0     0     0     0     0     0
3626    0     0     0     0     0     0     0
3630    0     0     0     0     0     0     0
3634    0     0     0     0     0     0     0
3638    0     0     0     0     0     0     0
3642    0     0     0     0     0     0     0
3646    0     0     0     0     0     0     0
3650    0     0     0     0     0     0     0
3654    0     0     0     0     0     0     0
3658    0     0     0     0     0     0     0
3662    0     0     0     0     0     0     0
3666    0     0     0     0     0     0     0
3670    0     0     0     0     0     0     0
3674    0     0     0     0     0     0     0
3678    0     0     0     0     0     0     0
3682    0     0     0     0     0     0     0
3686    0     0     0     0     0     0     0
3690    0     0     0     0     0     0     0
3694    0     0     0     0     0     0     0
3698    0     0     0     0     0     0     0
3702    0     0     0     0     0     0     0
3706    0     0     0     0     0     0     0
3710    0     0     0     0     0     0     0
3714    0     0     0     0     0     0     0
3718    0     0     0     0     0     0     0
3722    0     0     0     0     0     0     0
3726    0     0     0     0     0     0     0
3730    0     0     0     0     0     0     0
3734    0     0     0     0     0     0     0
3738    0     0     0     0     0     0     0
3742    0     0     0     0     0     0     0
3746    0     0     0     0     0     0     0
3750    0     0     0     0     0     0     0
3754    0     0     0     0     0     0     0
3758    0     0     0     0     0     0     0
3762    0     0     0     0     0     0     0
3766    0     0     0     0     0     0     0
3770    0     0     0     0     0     0     0
3774    0     0     0     0     0     0     0
3778    0     0     0     0     0     0     0
3782    0     0     0     0     0     0     0
3786    0     0     0     0     0     0     0
3790    0     0     0     0     0     0     0
3794    0     0     0     0     0     0     0
3798    0     0     0     0     0     0     0
3802    0     0     0     0     0     0     0
3806    0     0     0     0     0     0     0
3810    0     0     0     0     0     0     0
3814    0     0     0     0     0     0     0
3818    0     0     0     0     0     0     0
3822    0     0     0     0     0     0     0
3826    0     0     0     0     0     0     0
3830    0     0     0     0     0     0     0
3834    0     0     0     0     0     0     0
3838    0     0     0     0     0     0     0
3842    0     0     0     0     0     0     0
3846    0     0     0     0     0     0     0
3850    0     0     0     0     0     0     0
3854    0     0     0     0     0     0     0
3858    0     0     0     0     0     0     0
3862    0     0     0     0     0     0     0
3866    0     0     0     0     0     0     0
3870    0     0     0     0     0     0     0
3874    0     0     0     0     0     0     0
3878    0     0     0     0     0     0     0
3882    0     0     0     0     0     0     0
3886    0     0     0     0     0     0     0
3890    0     0     0     0     0     0     0
3894    0     0     0     0     0     0     0
3898    0     0     0     0     0     0     0
3902    0     0     0     0     0     0     0
3906    0     0     0     0     0     0     0
3910    0     0     0     0     0     0     0
3914    0     0     0     0     0     0     0
3918    0     0     0     0     0     0     0
3922    0     0     0     0     0     0     0
3926    0     0     0     0     0     0     0
3930    0     0     0     0     0     0     0
3934    0     0     0     0     0     0     0
3938    0     0     0     0     0     0     0
3942    0     0     0     0     0     0     0
3946    0     0     0     0     0     0     0
3950    0     0     0     0     0     0     0
3954    0     0     0     0     0     0     0
3958    0     0     0     0     0     0     0
3962    0     0     0     0     0     0     0
3966    0     0     0     0     0     0     0
3970    0     0     0     0     0     0     0
3974    0     0     0     0     0     0     0
3978    0     0     0     0     0     0     0
3982    0     0     0     0     0     0     0
3986    0     0     0     0     0     0     0
3990    0     0     0     0     0     0     0
3994    0     0     0     0     0     0     0
3998    0     0     0     0     0     0     0
