1     0     0     0     0
3     0     0     0     0
5     0     0     0     0
7     0     0     0     0
9     0     0     0     0
11     0     0     0     0
13     0     0     0     0
15     0     0     0     0
17     0     0     0     0
19     0     0     0     0
21     0     0     0     0
23     0     0     0     0
25     6.19841e-05     7.62949e-11     7.62824e-11     7.63015e-11
27     6.88712e-05     8.88113e-11     8.87968e-11     8.8819e-11
29     9.64197e-05     1.31239e-10     1.31218e-10     1.3125e-10
31     5.5097e-05     7.82995e-11     7.82867e-11     7.83063e-11
33     0.000130855     1.92002e-10     1.91971e-10     1.92019e-10
35     0.000103307     1.58097e-10     1.58071e-10     1.58111e-10
37     7.57583e-05     1.20076e-10     1.20056e-10     1.20087e-10
39     6.88712e-05     1.12857e-10     1.12838e-10     1.12866e-10
41     0.00014463     2.43802e-10     2.43762e-10     2.43823e-10
43     0.000117081     2.02888e-10     2.02855e-10     2.02906e-10
45     0.000117081     2.09053e-10     2.09019e-10     2.09071e-10
47     0.000110194     2.02394e-10     2.02361e-10     2.02411e-10
49     0.000172178     3.2692e-10     3.26867e-10     3.26949e-10
51     0.000165291     3.21894e-10     3.21842e-10     3.21922e-10
53     0.000151517     3.03839e-10     3.0379e-10     3.03866e-10
55     0.000117081     2.41918e-10     2.41878e-10     2.41939e-10
57     0.000199727     4.24791e-10     4.24721e-10     4.24828e-10
59     0.000158404     3.46897e-10     3.46841e-10     3.46927e-10
61     0.000123968     2.79154e-10     2.79109e-10     2.79178e-10
63     0.000199727     4.64686e-10     4.6461e-10     4.64726e-10
65     0.000234162     5.61555e-10     5.61463e-10     5.61603e-10
67     0.000206614     5.11312e-10     5.11228e-10     5.11356e-10
69     0.000261711     6.70046e-10     6.69937e-10     6.70104e-10
71     0.000275485     7.27633e-10     7.27514e-10     7.27696e-10
73     0.000206614     5.6706e-10     5.66967e-10     5.67109e-10
75     0.000247936     7.04778e-10     7.04663e-10     7.0484e-10
77     0.000213501     6.27177e-10     6.27074e-10     6.27231e-10
79     0.000220388     6.7501e-10     6.749e-10     6.75069e-10
81     0.000303033     9.62957e-10     9.628e-10     9.63041e-10
83     0.000275485     9.11736e-10     9.11587e-10     9.11815e-10
85     0.000282372     9.74444e-10     9.74285e-10     9.74529e-10
87     0.000309921     1.10744e-09     1.10726e-09     1.10754e-09
89     0.000344356     1.28746e-09     1.28725e-09     1.28757e-09
91     0.000289259     1.12864e-09     1.12845e-09     1.12874e-09
93     0.000337469     1.37238e-09     1.37216e-09     1.3725e-09
95     0.000399453     1.69262e-09     1.69234e-09     1.69276e-09
97     0.000344356     1.53017e-09     1.52992e-09     1.5303e-09
99     0.000330582     1.5366e-09     1.53635e-09     1.53674e-09
101     0.000351243     1.70178e-09     1.7015e-09     1.70192e-09
103     0.000447663     2.27082e-09     2.27045e-09     2.27102e-09
105     0.00035813     1.90395e-09     1.90364e-09     1.90412e-09
107     0.000344356     1.90724e-09     1.90693e-09     1.9074e-09
109     0.000378792     2.21056e-09     2.2102e-09     2.21075e-09
111     0.00045455     2.78492e-09     2.78446e-09     2.78516e-09
113     0.000468324     3.02848e-09     3.02799e-09     3.02875e-09
115     0.00045455     3.11393e-09     3.11342e-09     3.1142e-09
117     0.000433889     3.15586e-09     3.15535e-09     3.15614e-09
119     0.000447663     3.46818e-09     3.46761e-09     3.46848e-09
121     0.000420114     3.49565e-09     3.49508e-09     3.49595e-09
123     0.000530308     4.77148e-09     4.7707e-09     4.7719e-09
125     0.000482099     4.69068e-09     4.68992e-09     4.69109e-09
127     0.000523421     5.53143e-09     5.53053e-09     5.53191e-09
129     0.000557857     6.48142e-09     6.48036e-09     6.48199e-09
131     0.000495873     6.34027e-09     6.33924e-09     6.34082e-09
133     0.000495873     7.04119e-09     7.04004e-09     7.0418e-09
135     0.000612954     9.75627e-09     9.75467e-09     9.75711e-09
137     0.000488986     8.80414e-09     8.8027e-09     8.8049e-09
139     0.000516534     1.06092e-08     1.06075e-08     1.06101e-08
141     0.000564744     1.33195e-08     1.33174e-08     1.33207e-08
143     0.000592293     1.62222e-08     1.62195e-08     1.62236e-08
145     0.00055097     1.76299e-08     1.7627e-08     1.76315e-08
147     0.000509647     1.91264e-08     1.91233e-08     1.9128e-08
149     0.000695599     3.13438e-08     3.13386e-08     3.13465e-08
151     0.000516534     2.90376e-08     2.90328e-08     2.90401e-08
153     0.000544083     3.86197e-08     3.86134e-08     3.86231e-08
155     0.00059918     5.42205e-08     5.42116e-08     5.42252e-08
157     0.000571631     7.08168e-08     7.08052e-08     7.0823e-08
159     0.000606067     1.23392e-07     1.23371e-07     1.23402e-07
161     0.000606067     2.06599e-07     2.06565e-07     2.06617e-07
163     0.000736922     4.03887e-07     4.03821e-07     4.03922e-07
165     0.000585405     4.58176e-07     4.58101e-07     4.58216e-07
167     0.000716261     7.10145e-07     7.10029e-07     7.10207e-07
169     0.000695599     8.11461e-07     8.11329e-07     8.11532e-07
171     0.000750696     1.00292e-06     1.00275e-06     1.003e-06
173     0.000661164     9.98092e-07     9.97929e-07     9.98179e-07
175     0.000557857     9.40849e-07     9.40696e-07     9.40931e-07
177     0.00086089     1.61128e-06     1.61102e-06     1.61142e-06
179     0.000826455     1.70475e-06     1.70447e-06     1.7049e-06
181     0.000716261     1.66702e-06     1.66675e-06     1.66716e-06
183     0.000764471     2.01274e-06     2.01242e-06     2.01292e-06
185     0.000785132     2.33115e-06     2.33077e-06     2.33135e-06
187     0.000730035     2.42167e-06     2.42127e-06     2.42188e-06
189     0.000785132     2.85904e-06     2.85858e-06     2.85929e-06
191     0.000771358     3.07088e-06     3.07038e-06     3.07115e-06
193     0.000709374     3.0703e-06     3.0698e-06     3.07056e-06
195     0.00081268     3.79849e-06     3.79787e-06     3.79882e-06
197     0.000840229     4.20657e-06     4.20588e-06     4.20694e-06
199     0.00081268     4.34351e-06     4.3428e-06     4.34389e-06
201     0.000950423     5.43103e-06     5.43014e-06     5.4315e-06
203     0.000771358     4.66802e-06     4.66726e-06     4.66842e-06
205     0.000950423     6.14673e-06     6.14572e-06     6.14726e-06
207     0.000840229     5.78691e-06     5.78597e-06     5.78742e-06
209     0.00081268     5.91267e-06     5.9117e-06     5.91318e-06
211     0.000805793     6.21871e-06     6.21769e-06     6.21925e-06
213     0.000964197     7.86018e-06     7.85889e-06     7.86086e-06
215     0.000888439     7.64196e-06     7.64071e-06     7.64262e-06
217     0.00106062     9.63123e-06     9.62965e-06     9.63206e-06
219     0.000998633     9.56998e-06     9.56842e-06     9.57081e-06
221     0.000964197     9.69095e-06     9.68937e-06     9.69179e-06
223     0.000950423     1.00372e-05     1.00356e-05     1.00381e-05
225     0.000895326     9.93787e-06     9.93625e-06     9.93874e-06
227     0.000977971     1.14192e-05     1.14173e-05     1.14202e-05
229     0.00095731     1.17034e-05     1.17015e-05     1.17044e-05
231     0.000950423     1.2198e-05     1.2196e-05     1.21991e-05
233     0.00101929     1.36984e-05     1.36962e-05     1.36996e-05
235     0.000991746     1.3962e-05     1.39597e-05     1.39632e-05
237     0.00095731     1.41032e-05     1.41009e-05     1.41044e-05
239     0.00114326     1.76557e-05     1.76528e-05     1.76572e-05
241     0.00100552     1.62233e-05     1.62206e-05     1.62247e-05
243     0.0011226     1.88782e-05     1.88751e-05     1.88799e-05
245     0.00118459     2.08333e-05     2.08299e-05     2.08351e-05
247     0.00113638     2.08018e-05     2.07984e-05     2.08036e-05
249     0.00122591     2.34365e-05     2.34327e-05     2.34386e-05
251     0.00119836     2.3894e-05     2.38901e-05     2.38961e-05
253     0.001281     2.66307e-05     2.66264e-05     2.6633e-05
255     0.00128789     2.78857e-05     2.78811e-05     2.78881e-05
257     0.00108128     2.43708e-05     2.43668e-05     2.43729e-05
259     0.00137054     3.2129e-05     3.21237e-05     3.21318e-05
261     0.00125346     3.05767e-05     3.05717e-05     3.05794e-05
263     0.00116392     2.95643e-05     2.95594e-05     2.95668e-05
265     0.00117081     3.08936e-05     3.08885e-05     3.08962e-05
267     0.00132921     3.64185e-05     3.64126e-05     3.64217e-05
269     0.00130167     3.70547e-05     3.70487e-05     3.70579e-05
271     0.00108128     3.19401e-05     3.19349e-05     3.19429e-05
273     0.00128789     3.94889e-05     3.94824e-05     3.94923e-05
275     0.00152205     4.84608e-05     4.84529e-05     4.8465e-05
277     0.00141186     4.65921e-05     4.65845e-05     4.65961e-05
279     0.0014463     4.94734e-05     4.94653e-05     4.94777e-05
281     0.00135676     4.81871e-05     4.81792e-05     4.81913e-05
283     0.00163914     6.02627e-05     6.02529e-05     6.0268e-05
285     0.00136365     5.19438e-05     5.19353e-05     5.19483e-05
287     0.00158404     6.24786e-05     6.24684e-05     6.24841e-05
289     0.00152205     6.20931e-05     6.20829e-05     6.20985e-05
291     0.00150828     6.37421e-05     6.37317e-05     6.37476e-05
293     0.00163225     7.13488e-05     7.13371e-05     7.1355e-05
295     0.00170112     7.68215e-05     7.6809e-05     7.68282e-05
297     0.00152205     7.10329e-05     7.10213e-05     7.10391e-05
299     0.00149451     7.20874e-05     7.20757e-05     7.20937e-05
301     0.00153583     7.6511e-05     7.64985e-05     7.65177e-05
303     0.0015496     7.98184e-05     7.98054e-05     7.98254e-05
305     0.00168734     8.97619e-05     8.97473e-05     8.97697e-05
307     0.00157026     8.62294e-05     8.62153e-05     8.62369e-05
309     0.00166668     9.4537e-05     9.45215e-05     9.45452e-05
311     0.00157026     9.18327e-05     9.18177e-05     9.18407e-05
313     0.00205925     0.000124228     0.000124208     0.000124239
315     0.00190773     0.000118761     0.000118741     0.000118771
317     0.00194217     0.000124564     0.000124544     0.000124575
319     0.00189396     0.000125315     0.000125294     0.000125326
321     0.00207302     0.000141307     0.000141284     0.000141319
323     0.00196972     0.000138265     0.000138242     0.000138277
325     0.00196283     0.000141745     0.000141722     0.000141757
327     0.00205236     0.000152576     0.000152551     0.000152589
329     0.00189396     0.000145026     0.000145003     0.000145039
331     0.0021419     0.000168653     0.000168625     0.000168667
333     0.00214878     0.000174056     0.000174028     0.000174071
335     0.00216944     0.000180705     0.000180675     0.00018072
337     0.00223143     0.000191228     0.000191197     0.000191245
339     0.00231407     0.000203885     0.000203851     0.000203902
341     0.00209369     0.000189688     0.000189657     0.000189704
343     0.00234851     0.000219032     0.000218996     0.000219051
345     0.00223143     0.000214273     0.000214238     0.000214291
347     0.00248625     0.000245916     0.000245876     0.000245937
349     0.00261711     0.000266893     0.00026685     0.000266917
351     0.00277551     0.000292965     0.000292917     0.00029299
353     0.00255512     0.000279139     0.000279093     0.000279163
355     0.00250691     0.000283625     0.000283579     0.00028365
357     0.00285127     0.0003345     0.000334446     0.000334529
359     0.0029959     0.000364288     0.000364228     0.00036432
361     0.00308543     0.000388644     0.000388581     0.000388678
363     0.00327138     0.000426209     0.000426139     0.000426246
365     0.0029408     0.000396023     0.000395958     0.000396058
367     0.00294769     0.000410447     0.00041038     0.000410483
369     0.00309921     0.000445765     0.000445692     0.000445803
371     0.00298901     0.000444197     0.000444131     0.000444229
373     0.00305788     0.000470027     0.000469963     0.000470056
375     0.00338158     0.000537102     0.000537029     0.000537133
377     0.00334025     0.000548576     0.000548502     0.000548607
379     0.00343667     0.000582775     0.000582697     0.000582808
381     0.00334714     0.000585279     0.000585202     0.000585311
383     0.00329893     0.00059537     0.000595292     0.000595402
385     0.00378103     0.000703153     0.000703062     0.00070319
387     0.00365017     0.000700113     0.000700023     0.000700148
389     0.00360885     0.000712345     0.000712254     0.000712381
391     0.00389122     0.000790901     0.000790802     0.000790938
393     0.00398076     0.000832318     0.000832215     0.000832357
395     0.00398764     0.000857021     0.000856917     0.00085706
397     0.0045455     0.00100555     0.00100543     0.00100559
399     0.00431823     0.000982026     0.000981909     0.000982067
401     0.00413227     0.000965864     0.000965752     0.000965901
403     0.0048141     0.00115775     0.00115761     0.00115779
405     0.00464881     0.00114868     0.00114855     0.00114872
407     0.00466947     0.00118508     0.00118495     0.00118511
409     0.00495184     0.00129097     0.00129083     0.00129101
411     0.00511713     0.00137062     0.00137047     0.00137065
413     0.00533752     0.00146682     0.00146667     0.00146686
415     0.00500005     0.00141052     0.00141038     0.00141055
417     0.00536507     0.00155205     0.0015519     0.00155208
419     0.00551658     0.00163698     0.00163683     0.00163701
421     0.00573009     0.00174408     0.00174393     0.0017441
423     0.00632927     0.0019743     0.00197413     0.00197431
425     0.00608822     0.00194799     0.00194783     0.00194799
427     0.00621907     0.00203745     0.00203729     0.00203744
429     0.00667362     0.00224106     0.0022409     0.00224104
431     0.00666673     0.00229432     0.00229416     0.0022943
433     0.00694911     0.00245136     0.00245121     0.00245131
435     0.00703864     0.00254459     0.00254445     0.00254453
437     0.00776867     0.00287588     0.00287573     0.0028758
439     0.00763093     0.00289507     0.00289496     0.00289496
441     0.00806482     0.00313172     0.00313161     0.00313159
443     0.00825766     0.00328357     0.00328348     0.0032834
445     0.00873976     0.00356133     0.00356128     0.00356111
447     0.00878108     0.00366256     0.00366252     0.00366232
449     0.00900836     0.0038463     0.00384632     0.00384598
451     0.00949045     0.00414827     0.00414833     0.00414788
453     0.00981415     0.00439024     0.00439033     0.0043898
455     0.0108472     0.00496618     0.0049664     0.00496558
457     0.0113844     0.00533747     0.00533774     0.00533678
459     0.0113638     0.00545198     0.00545236     0.00545118
461     0.01135     0.00557637     0.00557688     0.00557544
463     0.0123762     0.00622376     0.00622439     0.00622267
465     0.0128996     0.00664546     0.00664635     0.00664407
467     0.0141599     0.00747079     0.00747193     0.00746909
469     0.0137536     0.00743241     0.00743367     0.0074306
471     0.0149588     0.00828195     0.00828373     0.00827956
473     0.0147384     0.00835362     0.00835555     0.00835109
475     0.0161228     0.00936404     0.00936658     0.00936085
477     0.0169836     0.0101102     0.0101134     0.0101063
479     0.0180167     0.0109927     0.0109964     0.0109882
481     0.0194906     0.0121939     0.0121989     0.0121882
483     0.0192082     0.0123285     0.0123341     0.0123222
485     0.0199107     0.0131105     0.0131169     0.0131033
487     0.0209024     0.0141203     0.0141286     0.0141113
489     0.0216669     0.0150289     0.0150384     0.0150188
491     0.0234093     0.0166703     0.0166821     0.0166577
493     0.024408     0.0178453     0.0178597     0.0178303
495     0.0253653     0.0190524     0.0190687     0.0190356
497     0.0262606     0.0202682     0.0202886     0.0202477
499     0.0270664     0.0214646     0.0214878     0.0214413
501     0.0278309     0.0226933     0.0227197     0.0226672
503     0.030021     0.0251521     0.0251859     0.0251192
505     0.0306339     0.026383     0.02642     0.0263472
507     0.0314397     0.0278271     0.0278701     0.0277859
509     0.0324177     0.0294796     0.0295291     0.0294327
511     0.0334921     0.031274     0.0313284     0.0312228
513     0.0329962     0.0316231     0.0316839     0.0315665
515     0.0329618     0.0323942     0.0324583     0.0323347
517     0.0339191     0.0341335     0.0342032     0.0340691
519     0.0336092     0.0345868     0.0346608     0.0345188
521     0.033616     0.0353243     0.0354     0.0352549
523     0.0342703     0.0367067     0.0367863     0.036634
525     0.0331684     0.0361431     0.0362204     0.0360724
527     0.033189     0.03672     0.0366401     0.0368065
529     0.0319838     0.0358626     0.0357874     0.0359438
531     0.0311918     0.0353887     0.0353171     0.0354657
533     0.0298419     0.0341958     0.0341293     0.034267
535     0.0284576     0.0328887     0.0328296     0.0329514
537     0.0270457     0.0314833     0.0314291     0.0315403
539     0.0261435     0.0306232     0.0305749     0.0306736
541     0.0254548     0.0299822     0.0299388     0.030027
543     0.0241876     0.0286309     0.0285917     0.0286711
545     0.0230099     0.0273658     0.0273331     0.0273987
547     0.0221903     0.0265132     0.0264837     0.0265426
549     0.0202688     0.0243299     0.0243051     0.0243544
551     0.0196696     0.023725     0.0237038     0.0237456
553     0.018609     0.0225618     0.0225429     0.0225799
555     0.0177343     0.0216133     0.0215972     0.0216284
557     0.0164878     0.0202047     0.0201911     0.0202173
559     0.0154616     0.0190514     0.0190393     0.0190623
561     0.0147935     0.018329     0.018319     0.0183379
563     0.0141737     0.017661     0.0176519     0.0176689
565     0.0130786     0.0163919     0.0163841     0.0163985
567     0.012142     0.0153138     0.0153073     0.0153192
569     0.0120594     0.0153158     0.0153096     0.0153208
571     0.0115359     0.0147661     0.0147607     0.0147705
573     0.0106957     0.0138085     0.0138038     0.0138122
575     0.0101172     0.0131789     0.0131746     0.0131822
577     0.0098968     0.0130147     0.0130108     0.0130176
579     0.00858135     0.0113922     0.011389     0.0113946
581     0.00816813     0.0109457     0.0109428     0.0109479
583     0.00827832     0.0111998     0.0111969     0.0112017
585     0.0080235     0.010959     0.0109563     0.0109609
587     0.00765848     0.0105672     0.0105648     0.0105689
589     0.00695599     0.00969999     0.00969779     0.00970144
591     0.0063637     0.00897555     0.00897356     0.00897684
593     0.0064739     0.00924151     0.00923955     0.00924275
595     0.00632927     0.00914688     0.00914498     0.00914807
597     0.00607444     0.00888905     0.00888725     0.00889016
599     0.00580584     0.00860144     0.00859974     0.00860247
601     0.00534441     0.00800637     0.00800482     0.00800731
603     0.00491052     0.00743751     0.00743609     0.00743834
605     0.00538573     0.00824093     0.00823939     0.00824183
607     0.0043871     0.00678324     0.00678198     0.00678397
609     0.0041736     0.00652186     0.00652068     0.00652254
611     0.00435266     0.00688155     0.00688031     0.00688225
613     0.00426313     0.00681907     0.00681785     0.00681976
615     0.00402897     0.00652349     0.00652235     0.00652414
617     0.00371216     0.00608662     0.00608555     0.00608721
619     0.00352621     0.00585498     0.00585397     0.00585555
621     0.0035813     0.00602055     0.00601952     0.00602112
623     0.00306477     0.00521556     0.00521467     0.00521606
625     0.00302345     0.00520829     0.00520741     0.00520877
627     0.00311298     0.00542567     0.00542475     0.00542617
629     0.00323006     0.00569561     0.00569466     0.00569614
631     0.00279617     0.0049896     0.00498876     0.00499005
633     0.00285816     0.00515997     0.00515911     0.00516044
635     0.0025689     0.00469295     0.00469217     0.00469337
637     0.00266532     0.00492598     0.00492516     0.00492642
639     0.00252757     0.00472623     0.00472545     0.00472665
641     0.00240361     0.00455023     0.00454948     0.00455064
643     0.00227964     0.00437052     0.0043698     0.00437091
645     0.00223831     0.00434845     0.00434773     0.00434883
647     0.00225209     0.00443082     0.00443009     0.00443121
649     0.00200415     0.00399377     0.00399311     0.00399412
651     0.00203859     0.00411371     0.00411304     0.00411407
653     0.00169423     0.00346148     0.00346091     0.00346178
655     0.00171489     0.00354862     0.00354804     0.00354892
657     0.00168734     0.00353194     0.00353136     0.00353225
659     0.00181131     0.00383918     0.00383855     0.00383951
661     0.00175622     0.00376811     0.00376749     0.00376843
663     0.00157715     0.00342518     0.00342462     0.00342548
665     0.00168046     0.00369404     0.00369344     0.00369437
667     0.00157715     0.00350769     0.00350711     0.00350799
669     0.00177688     0.00399966     0.003999     0.00400001
671     0.0014463     0.00329451     0.00329397     0.0032948
673     0.00145318     0.00334968     0.00334913     0.00334997
675     0.00143252     0.00334115     0.0033406     0.00334145
677     0.00154272     0.00363778     0.00363719     0.0036381
679     0.00128789     0.0030712     0.0030707     0.00307147
681     0.00127412     0.00307492     0.00307441     0.00307519
683     0.00110883     0.00270454     0.00270409     0.00270477
685     0.00126034     0.0031096     0.00310909     0.00310987
687     0.00115015     0.00286895     0.00286848     0.0028692
689     0.00111571     0.00281517     0.0028147     0.00281542
691     0.0010675     0.00272401     0.00272357     0.00272425
693     0.00110194     0.00284654     0.00284607     0.00284678
695     0.000998633     0.00261054     0.00261011     0.00261077
697     0.00112949     0.00298751     0.00298703     0.00298777
699     0.000943536     0.00252584     0.00252543     0.00252606
701     0.00107439     0.00290878     0.0029083     0.00290903
703     0.00100552     0.00275437     0.00275392     0.00275461
705     0.00086089     0.00238502     0.00238463     0.00238523
707     0.000984858     0.00275889     0.00275844     0.00275913
709     0.000785132     0.00222626     0.0022259     0.00222645
711     0.000888439     0.00254888     0.00254847     0.0025491
713     0.000819568     0.00237875     0.00237836     0.00237896
715     0.000991746     0.00291373     0.00291325     0.00291398
717     0.000826455     0.00246059     0.00246019     0.00246081
719     0.000778245     0.00234351     0.00234313     0.00234372
721     0.000757583     0.00230657     0.00230619     0.00230677
723     0.000757583     0.00233158     0.0023312     0.00233178
725     0.000681825     0.00212191     0.00212156     0.00212209
727     0.000640502     0.00201308     0.00201275     0.00201325
729     0.000709374     0.0022534     0.00225303     0.00225359
731     0.000716261     0.00229968     0.00229931     0.00229988
733     0.000730035     0.00236915     0.00236876     0.00236935
735     0.000633615     0.00207983     0.00207949     0.00208001
737     0.000633615     0.00210329     0.00210295     0.00210347
739     0.000606067     0.00203521     0.00203488     0.00203538
741     0.000688712     0.00234048     0.0023401     0.00234069
743     0.000626728     0.0021546     0.00215425     0.00215478
745     0.00064739     0.00225067     0.00225031     0.00225087
747     0.000626728     0.0022063     0.00220594     0.00220649
749     0.000557857     0.00198666     0.00198633     0.00198683
751     0.000681825     0.00245404     0.00245364     0.00245425
753     0.00055097     0.00200433     0.002004     0.0020045
755     0.000371905     0.00136729     0.00136707     0.00136741
757     0.000440776     0.00163654     0.00163628     0.00163669
759     0.000537196     0.00201509     0.00201476     0.00201527
761     0.000523421     0.00198468     0.00198435     0.00198485
763     0.000475211     0.00182092     0.00182062     0.00182107
765     0.000509647     0.00197434     0.00197402     0.00197451
767     0.000475211     0.00186134     0.00186104     0.0018615
769     0.000420114     0.00166393     0.00166366     0.00166407
771     0.00040634     0.00162695     0.00162669     0.00162709
773     0.00040634     0.00164659     0.00164632     0.00164674
775     0.000378792     0.00155173     0.00155147     0.00155186
777     0.000447663     0.00185574     0.00185544     0.0018559
779     0.000440776     0.00184577     0.00184547     0.00184593
781     0.000261711     0.00110834     0.00110815     0.00110843
783     0.000399453     0.00170836     0.00170808     0.00170851
785     0.000323695     0.00139848     0.00139825     0.0013986
787     0.000323695     0.0014132     0.00141297     0.00141333
789     0.000392566     0.00173118     0.0017309     0.00173133
791     0.00035813     0.001595     0.00159474     0.00159514
793     0.000282372     0.00127122     0.00127101     0.00127133
795     0.000365017     0.00166021     0.00165994     0.00166035
797     0.000413227     0.00189822     0.00189791     0.00189838
799     0.000303033     0.00140743     0.0014072     0.00140755
801     0.000323695     0.00151931     0.00151906     0.00151944
803     0.000337469     0.00160114     0.00160088     0.00160128
805     0.000303033     0.00145471     0.00145447     0.00145484
807     0.000351243     0.00170542     0.00170514     0.00170556
809     0.000247936     0.00121573     0.00121554     0.00121584
811     0.000275485     0.00136569     0.00136546     0.00136581
813     0.000247936     0.00124308     0.00124287     0.00124318
815     0.000330582     0.00167447     0.00167419     0.00167461
817     0.000254824     0.00130323     0.00130301     0.00130334
819     0.000303033     0.00156539     0.00156513     0.00156552
821     0.000241049     0.00125814     0.00125793     0.00125825
823     0.000227275     0.00119838     0.00119819     0.00119849
825     0.000275485     0.00146799     0.00146775     0.00146812
827     0.000275485     0.00148252     0.00148228     0.00148265
829     0.000227275     0.00123575     0.00123555     0.00123586
831     0.000241049     0.00132362     0.0013234     0.00132373
833     0.000275485     0.00152997     0.00152972     0.00153011
835     0.000206614     0.00115831     0.00115813     0.00115842
837     0.000289259     0.00163973     0.00163946     0.00163987
839     0.000213501     0.00122231     0.00122211     0.00122242
841     0.000275485     0.00159496     0.0015947     0.0015951
843     0.000206614     0.00120668     0.00120648     0.00120678
845     0.000172178     0.00101569     0.00101552     0.00101578
847     0.000158404     0.000944338     0.000944183     0.00094442
849     0.000241049     0.00145127     0.00145103     0.00145139
851     0.000220388     0.00133866     0.00133844     0.00133877
853     0.000234162     0.00143898     0.00143875     0.00143911
855     0.000185952     0.00115418     0.00115399     0.00115428
857     0.000206614     0.00129439     0.00129418     0.0012945
859     0.000130855     0.000828189     0.000828054     0.000828261
861     0.000241049     0.0015435     0.00154325     0.00154364
863     0.000185952     0.00120108     0.00120088     0.00120118
865     0.000199727     0.00130403     0.00130381     0.00130414
867     0.000179065     0.00118078     0.00118058     0.00118088
869     0.000117081     0.000779338     0.00077921     0.000779405
871     0.000172178     0.0011564     0.00115621     0.0011565
873     0.000241049     0.00163605     0.00163578     0.00163619
875     0.000220388     0.0015096     0.00150935     0.00150973
877     0.000165291     0.00114423     0.00114404     0.00114433
879     0.000130855     0.000913988     0.000913838     0.000914067
881     0.000199727     0.0014081     0.00140787     0.00140823
883     0.000137742     0.000981035     0.000980875     0.00098112
885     0.000172178     0.00123763     0.00123742     0.00123773
887     0.000199727     0.0014505     0.00145027     0.00145063
889     0.000137742     0.00100985     0.00100968     0.00100994
891     0.000165291     0.00122455     0.00122435     0.00122465
893     0.000117081     0.000876285     0.000876142     0.000876361
895     0.000172178     0.00130108     0.00130087     0.00130119
897     0.000185952     0.00141993     0.0014197     0.00142005
899     0.000165291     0.00127501     0.0012748     0.00127512
901     8.95326e-05     0.000696653     0.000696539     0.000696713
903     0.000123968     0.000974387     0.000974228     0.000974472
905     0.000192839     0.00153095     0.0015307     0.00153109
907     0.000130855     0.00104837     0.0010482     0.00104846
909     0.000110194     0.00089125     0.000891105     0.000891328
911     0.000137742     0.00112532     0.00112513     0.00112541
913     8.26455e-05     0.000682212     0.000682101     0.000682271
915     0.000151517     0.00126347     0.00126327     0.00126358
917     0.000158404     0.00133218     0.00133196     0.0013323
919     0.000179065     0.00152243     0.00152218     0.00152256
921     0.000151517     0.00129825     0.00129804     0.00129836
923     8.95326e-05     0.000775014     0.000774887     0.000775081
925     8.95326e-05     0.000781234     0.000781107     0.000781302
927     9.64197e-05     0.000850988     0.000850849     0.000851062
929     0.000137742     0.00122691     0.0012267     0.00122701
931     0.000110194     0.000990244     0.000990082     0.00099033
933     0.000137742     0.00125081     0.0012506     0.00125092
935     8.95326e-05     0.000821318     0.000821184     0.000821389
937     0.000110194     0.00102019     0.00102002     0.00102028
939     9.64197e-05     0.000900697     0.00090055     0.000900776
941     0.000110194     0.00103922     0.00103905     0.00103931
943     6.19841e-05     0.00059018     0.000590084     0.000590232
945     0.000110194     0.00105867     0.0010585     0.00105876
947     0.000137742     0.00133677     0.00133656     0.00133689
949     0.000130855     0.00128131     0.0012811     0.00128142
951     5.5097e-05     0.00054369     0.000543601     0.000543737
953     0.000103307     0.00102912     0.00102895     0.00102921
955     8.95326e-05     0.00089954     0.000899394     0.000899619
957     6.88712e-05     0.000698726     0.000698612     0.000698787
959     0.000110194     0.00112942     0.00112924     0.00112952
961     0.000117081     0.0012127     0.0012125     0.0012128
963     7.57583e-05     0.000791719     0.00079159     0.000791788
965     7.57583e-05     0.000799357     0.000799227     0.000799427
967     7.57583e-05     0.000806027     0.000805896     0.000806097
969     4.82099e-05     0.000518269     0.000518185     0.000518314
971     5.5097e-05     0.00059703     0.000596933     0.000597082
973     5.5097e-05     0.000602733     0.000602635     0.000602786
975     0.000123968     0.00137156     0.00137134     0.00137168
977     7.57583e-05     0.000844633     0.000844495     0.000844706
979     7.57583e-05     0.000852673     0.000852534     0.000852747
981     8.26455e-05     0.000937142     0.000936989     0.000937224
983     9.64197e-05     0.00110624     0.00110606     0.00110634
985     6.19841e-05     0.000717674     0.000717557     0.000717737
987     8.26455e-05     0.000965108     0.00096495     0.000965192
989     0.000103307     0.00121727     0.00121708     0.00121738
991     6.19841e-05     0.000737262     0.000737141     0.000737326
993     4.13227e-05     0.000495472     0.000495391     0.000495515
995     3.44356e-05     0.000417172     0.000417104     0.000417209
997     2.06614e-05     0.000252474     0.000252433     0.000252496
999     0.000103307     0.00127385     0.00127364     0.00127396
1001     4.82099e-05     0.000600032     0.000599934     0.000600084
1003     4.13227e-05     0.000520207     0.000520122     0.000520252
1005     3.44356e-05     0.000436301     0.00043623     0.000436339
1007     6.88712e-05     0.000882013     0.000881869     0.00088209
1009     5.5097e-05     0.000711925     0.000711808     0.000711986
1011     5.5097e-05     0.000719019     0.000718901     0.000719081
1013     6.88712e-05     0.000905903     0.000905755     0.000905982
1015     4.82099e-05     0.000640516     0.000640412     0.000640572
1017     7.57583e-05     0.00101512     0.00101496     0.00101521
1019     6.19841e-05     0.000837382     0.000837246     0.000837455
1021     5.5097e-05     0.000752426     0.000752303     0.000752491
1023     1.37742e-05     0.000189995     0.000189964     0.000190012
1025     6.19841e-05     0.000862175     0.000862035     0.00086225
1027     6.19841e-05     0.000870186     0.000870044     0.000870262
1029     4.13227e-05     0.000585184     0.000585089     0.000585235
1031     4.82099e-05     0.00069038     0.000690267     0.00069044
1033     4.82099e-05     0.000695497     0.000695383     0.000695557
1035     3.44356e-05     0.000500885     0.000500803     0.000500929
1037     8.95326e-05     0.00131549     0.00131527     0.0013156
1039     4.13227e-05     0.000614427     0.000614327     0.000614481
1041     6.19841e-05     0.000927543     0.000927392     0.000927624
1043     3.44356e-05     0.000520131     0.000520046     0.000520176
1045     1.37742e-05     0.000209985     0.000209951     0.000210004
1047     5.5097e-05     0.000847578     0.00084744     0.000847652
1049     2.75485e-05     0.000427841     0.000427771     0.000427878
1051     3.44356e-05     0.00054003     0.000539942     0.000540077
1053     6.19841e-05     0.000979971     0.000979811     0.000980056
1055     6.19841e-05     0.000989117     0.000988956     0.000989203
1057     4.13227e-05     0.000664818     0.000664709     0.000664876
1059     4.13227e-05     0.000671605     0.000671495     0.000671663
1061     2.75485e-05     0.000452216     0.000452143     0.000452256
1063     2.06614e-05     0.000341859     0.000341804     0.000341889
1065     6.19841e-05     0.00103362     0.00103345     0.00103371
1067     6.88712e-06     0.000115588     0.000115569     0.000115598
1069     2.06614e-05     0.000351066     0.000351009     0.000351097
1071     3.44356e-05     0.000590649     0.000590552     0.0005907
1073     4.82099e-05     0.000833931     0.000833795     0.000834004
1075     2.75485e-05     0.000480314     0.000480236     0.000480356
1077     2.75485e-05     0.000486577     0.000486497     0.000486619
1079     3.44356e-05     0.000612855     0.000612755     0.000612908
1081     2.75485e-05     0.000495293     0.000495212     0.000495336
1083     2.75485e-05     0.000499657     0.000499575     0.0004997
1085     1.37742e-05     0.000251521     0.00025148     0.000251543
1087     4.13227e-05     0.000761714     0.00076159     0.000761781
1089     2.75485e-05     0.000512823     0.000512739     0.000512867
1091     2.75485e-05     0.000517846     0.000517761     0.000517891
1093     5.5097e-05     0.00104481     0.00104463     0.0010449
1095     2.75485e-05     0.000526559     0.000526473     0.000526605
1097     4.13227e-05     0.000795467     0.000795337     0.000795536
1099     6.19841e-05     0.00120367     0.00120347     0.00120377
1101     3.44356e-05     0.000675703     0.000675592     0.000675761
1103     3.44356e-05     0.000680669     0.000680558     0.000680728
1105     4.13227e-05     0.000824985     0.00082485     0.000825056
1107     3.44356e-05     0.000694088     0.000693974     0.000694148
1109     3.44356e-05     0.000701299     0.000701184     0.00070136
1111     0     0     0     0
1113     3.44356e-05     0.000712182     0.000712066     0.000712244
1115     2.06614e-05     0.000430547     0.000430476     0.000430584
1117     2.06614e-05     0.000435332     0.000435261     0.00043537
1119     2.75485e-05     0.000585393     0.000585297     0.000585444
1121     2.06614e-05     0.000441708     0.000441636     0.000441746
1123     1.37742e-05     0.000297825     0.000297776     0.000297851
1125     1.37742e-05     0.000300425     0.000300376     0.000300451
1127     0     0     0     0
1129     2.06614e-05     0.000458938     0.000458863     0.000458978
1131     5.5097e-05     0.00123371     0.0012335     0.00123381
1133     0     0     0     0
1135     1.37742e-05     0.000312944     0.000312893     0.000312971
1137     2.75485e-05     0.00063285     0.000632746     0.000632905
1139     2.06614e-05     0.000476938     0.00047686     0.00047698
1141     4.82099e-05     0.00112539     0.0011252     0.00112549
1143     2.06614e-05     0.000487383     0.000487303     0.000487425
1145     3.44356e-05     0.00081737     0.000817237     0.000817441
1147     0     0     0     0
1149     3.44356e-05     0.000829883     0.000829748     0.000829955
1151     2.75485e-05     0.00067206     0.00067195     0.000672118
1153     2.75485e-05     0.000676881     0.00067677     0.000676939
1155     1.37742e-05     0.000341224     0.000341168     0.000341254
1157     2.06614e-05     0.000515126     0.000515042     0.000515171
1159     6.88712e-06     0.000174138     0.00017411     0.000174153
1161     2.75485e-05     0.000699784     0.00069967     0.000699845
1163     0     0     0     0
1165     4.13227e-05     0.00106825     0.00106808     0.00106835
1167     0     0     0     0
1169     3.44356e-05     0.000903465     0.000903318     0.000903544
1171     5.5097e-05     0.00146125     0.00146101     0.00146138
1173     2.06614e-05     0.000552191     0.000552101     0.000552239
1175     2.06614e-05     0.000556158     0.000556067     0.000556207
1177     2.75485e-05     0.000747938     0.000747816     0.000748003
1179     6.88712e-06     0.00018851     0.000188479     0.000188526
1181     1.37742e-05     0.000380774     0.000380712     0.000380808
1183     6.88712e-06     0.0001916     0.000191569     0.000191617
1185     1.37742e-05     0.000385925     0.000385862     0.000385958
1187     0     0     0     0
1189     1.37742e-05     0.000393558     0.000393494     0.000393593
1191     1.37742e-05     0.000396508     0.000396444     0.000396543
1193     3.44356e-05     0.000998974     0.000998811     0.000999061
1195     2.06614e-05     0.000603606     0.000603508     0.000603659
1197     3.44356e-05     0.00101477     0.0010146     0.00101485
1199     2.06614e-05     0.000614617     0.000614517     0.000614671
1201     2.06614e-05     0.00061793     0.000617829     0.000617984
1203     1.37742e-05     0.000415708     0.00041564     0.000415744
1205     2.06614e-05     0.000627664     0.000627562     0.000627719
1207     4.82099e-05     0.00148108     0.00148084     0.00148121
1209     2.75485e-05     0.000852908     0.000852768     0.000852982
1211     0     0     0     0
1213     0     0     0     0
1215     0     0     0     0
1217     6.88712e-06     0.000219078     0.000219042     0.000219097
1219     6.88712e-06     0.000221265     0.000221229     0.000221285
1221     0     0     0     0
1223     6.88712e-06     0.000225937     0.000225901     0.000225957
1225     2.06614e-05     0.000682076     0.000681965     0.000682136
1227     1.37742e-05     0.000457359     0.000457284     0.000457399
1229     2.06614e-05     0.00069204     0.000691927     0.0006921
1231     1.37742e-05     0.000465228     0.000465152     0.000465268
1233     3.44356e-05     0.0011716     0.00117141     0.0011717
1235     2.06614e-05     0.000706839     0.000706723     0.0007069
1237     2.06614e-05     0.00071255     0.000712434     0.000712612
1239     1.37742e-05     0.00048054     0.000480461     0.000480581
1241     1.37742e-05     0.000483843     0.000483764     0.000483885
1243     3.44356e-05     0.00121582     0.00121562     0.00121593
1245     6.88712e-06     0.000245962     0.000245922     0.000245983
1247     6.88712e-06     0.000248192     0.000248151     0.000248213
1249     0     0     0     0
1251     0     0     0     0
1253     2.75485e-05     0.00101145     0.00101128     0.00101153
1255     2.75485e-05     0.00102022     0.00102005     0.00102031
1257     1.37742e-05     0.000512316     0.000512232     0.00051236
1259     2.75485e-05     0.00103505     0.00103488     0.00103514
1261     1.37742e-05     0.000521725     0.00052164     0.000521771
1263     2.06614e-05     0.00078654     0.000786412     0.000786608
1265     6.88712e-06     0.000263989     0.000263946     0.000264012
1267     6.88712e-06     0.000267882     0.000267838     0.000267905
1269     1.37742e-05     0.000536594     0.000536506     0.00053664
1271     4.13227e-05     0.00162535     0.00162509     0.0016255
1273     6.88712e-06     0.000273372     0.000273328     0.000273396
1275     1.37742e-05     0.000548666     0.000548577     0.000548714
1277     0     0     0     0
1279     6.88712e-06     0.000279539     0.000279493     0.000279563
1281     0     0     0     0
1283     4.13227e-05     0.00170135     0.00170107     0.00170149
1285     6.88712e-06     0.000285794     0.000285748     0.000285819
1287     6.88712e-06     0.000288293     0.000288246     0.000288318
1289     4.13227e-05     0.00173791     0.00173763     0.00173806
1291     6.88712e-06     0.00029171     0.000291662     0.000291735
1293     2.06614e-05     0.000884036     0.000883892     0.000884113
1295     6.88712e-06     0.000297102     0.000297054     0.000297128
1297     6.88712e-06     0.000297757     0.000297708     0.000297783
1299     6.88712e-06     0.000301067     0.000301018     0.000301093
1301     0     0     0     0
1303     1.37742e-05     0.000611251     0.000611151     0.000611304
1305     2.75485e-05     0.00122771     0.00122751     0.00122781
1307     1.37742e-05     0.000619108     0.000619007     0.000619162
1309     6.88712e-06     0.000311664     0.000311613     0.000311691
1311     6.88712e-06     0.000314209     0.000314158     0.000314237
1313     6.88712e-06     0.000317136     0.000317084     0.000317163
1315     1.37742e-05     0.000637924     0.000637819     0.000637979
1317     2.06614e-05     0.000962489     0.000962332     0.000962573
1319     0     0     0     0
1321     1.37742e-05     0.000650818     0.000650711     0.000650874
1323     2.06614e-05     0.000986426     0.000986265     0.000986512
1325     1.37742e-05     0.000659468     0.000659361     0.000659526
1327     0     0     0     0
1329     0     0     0     0
1331     0     0     0     0
1333     0     0     0     0
1335     0     0     0     0
1337     0     0     0     0
1339     0     0     0     0
1341     0     0     0     0
1343     0     0     0     0
1345     0     0     0     0
1347     0     0     0     0
1349     0     0     0     0
1351     0     0     0     0
1353     0     0     0     0
1355     0     0     0     0
1357     0     0     0     0
1359     0     0     0     0
1361     0     0     0     0
1363     0     0     0     0
1365     0     0     0     0
1367     0     0     0     0
1369     0     0     0     0
1371     0     0     0     0
1373     0     0     0     0
1375     0     0     0     0
1377     0     0     0     0
1379     0     0     0     0
1381     0     0     0     0
1383     0     0     0     0
1385     0     0     0     0
1387     0     0     0     0
1389     0     0     0     0
1391     0     0     0     0
1393     0     0     0     0
1395     0     0     0     0
1397     0     0     0     0
1399     0     0     0     0
1401     0     0     0     0
1403     0     0     0     0
1405     0     0     0     0
1407     0     0     0     0
1409     0     0     0     0
1411     0     0     0     0
1413     0     0     0     0
1415     0     0     0     0
1417     0     0     0     0
1419     0     0     0     0
1421     0     0     0     0
1423     0     0     0     0
1425     0     0     0     0
1427     0     0     0     0
1429     0     0     0     0
1431     0     0     0     0
1433     0     0     0     0
1435     0     0     0     0
1437     0     0     0     0
1439     0     0     0     0
1441     0     0     0     0
1443     0     0     0     0
1445     0     0     0     0
1447     0     0     0     0
1449     0     0     0     0
1451     0     0     0     0
1453     0     0     0     0
1455     0     0     0     0
1457     0     0     0     0
1459     0     0     0     0
1461     0     0     0     0
1463     0     0     0     0
1465     0     0     0     0
1467     0     0     0     0
1469     0     0     0     0
1471     0     0     0     0
1473     0     0     0     0
1475     0     0     0     0
1477     0     0     0     0
1479     0     0     0     0
1481     0     0     0     0
1483     0     0     0     0
1485     0     0     0     0
1487     0     0     0     0
1489     0     0     0     0
1491     0     0     0     0
1493     0     0     0     0
1495     0     0     0     0
1497     0     0     0     0
1499     0     0     0     0
1501     0     0     0     0
1503     0     0     0     0
1505     0     0     0     0
1507     0     0     0     0
1509     0     0     0     0
1511     0     0     0     0
1513     0     0     0     0
1515     0     0     0     0
1517     0     0     0     0
1519     0     0     0     0
1521     0     0     0     0
1523     0     0     0     0
1525     0     0     0     0
1527     0     0     0     0
1529     0     0     0     0
1531     0     0     0     0
1533     0     0     0     0
1535     0     0     0     0
1537     0     0     0     0
1539     0     0     0     0
1541     0     0     0     0
1543     0     0     0     0
1545     0     0     0     0
1547     0     0     0     0
1549     0     0     0     0
1551     0     0     0     0
1553     0     0     0     0
1555     0     0     0     0
1557     0     0     0     0
1559     0     0     0     0
1561     0     0     0     0
1563     0     0     0     0
1565     0     0     0     0
1567     0     0     0     0
1569     0     0     0     0
1571     0     0     0     0
1573     0     0     0     0
1575     0     0     0     0
1577     0     0     0     0
1579     0     0     0     0
1581     0     0     0     0
1583     0     0     0     0
1585     0     0     0     0
1587     0     0     0     0
1589     0     0     0     0
1591     0     0     0     0
1593     0     0     0     0
1595     0     0     0     0
1597     0     0     0     0
1599     0     0     0     0
1601     0     0     0     0
1603     0     0     0     0
1605     0     0     0     0
1607     0     0     0     0
1609     0     0     0     0
1611     0     0     0     0
1613     0     0     0     0
1615     0     0     0     0
1617     0     0     0     0
1619     0     0     0     0
1621     0     0     0     0
1623     0     0     0     0
1625     0     0     0     0
1627     0     0     0     0
1629     0     0     0     0
1631     0     0     0     0
1633     0     0     0     0
1635     0     0     0     0
1637     0     0     0     0
1639     0     0     0     0
1641     0     0     0     0
1643     0     0     0     0
1645     0     0     0     0
1647     0     0     0     0
1649     0     0     0     0
1651     0     0     0     0
1653     0     0     0     0
1655     0     0     0     0
1657     0     0     0     0
1659     0     0     0     0
1661     0     0     0     0
1663     0     0     0     0
1665     0     0     0     0
1667     0     0     0     0
1669     0     0     0     0
1671     0     0     0     0
1673     0     0     0     0
1675     0     0     0     0
1677     0     0     0     0
1679     0     0     0     0
1681     0     0     0     0
1683     0     0     0     0
1685     0     0     0     0
1687     0     0     0     0
1689     0     0     0     0
1691     0     0     0     0
1693     0     0     0     0
1695     0     0     0     0
1697     0     0     0     0
1699     0     0     0     0
1701     0     0     0     0
1703     0     0     0     0
1705     0     0     0     0
1707     0     0     0     0
1709     0     0     0     0
1711     0     0     0     0
1713     0     0     0     0
1715     0     0     0     0
1717     0     0     0     0
1719     0     0     0     0
1721     0     0     0     0
1723     0     0     0     0
1725     0     0     0     0
1727     0     0     0     0
1729     0     0     0     0
1731     0     0     0     0
1733     0     0     0     0
1735     0     0     0     0
1737     0     0     0     0
1739     0     0     0     0
1741     0     0     0     0
1743     0     0     0     0
1745     0     0     0     0
1747     0     0     0     0
1749     0     0     0     0
1751     0     0     0     0
1753     0     0     0     0
1755     0     0     0     0
1757     0     0     0     0
1759     0     0     0     0
1761     0     0     0     0
1763     0     0     0     0
1765     0     0     0     0
1767     0     0     0     0
1769     0     0     0     0
1771     0     0     0     0
1773     0     0     0     0
1775     0     0     0     0
1777     0     0     0     0
1779     0     0     0     0
1781     0     0     0     0
1783     0     0     0     0
1785     0     0     0     0
1787     0     0     0     0
1789     0     0     0     0
1791     0     0     0     0
1793     0     0     0     0
1795     0     0     0     0
1797     0     0     0     0
1799     0     0     0     0
1801     0     0     0     0
1803     0     0     0     0
1805     0     0     0     0
1807     0     0     0     0
1809     0     0     0     0
1811     0     0     0     0
1813     0     0     0     0
1815     0     0     0     0
1817     0     0     0     0
1819     0     0     0     0
1821     0     0     0     0
1823     0     0     0     0
1825     0     0     0     0
1827     0     0     0     0
1829     0     0     0     0
1831     0     0     0     0
1833     0     0     0     0
1835     0     0     0     0
1837     0     0     0     0
1839     0     0     0     0
1841     0     0     0     0
1843     0     0     0     0
1845     0     0     0     0
1847     0     0     0     0
1849     0     0     0     0
1851     0     0     0     0
1853     0     0     0     0
1855     0     0     0     0
1857     0     0     0     0
1859     0     0     0     0
1861     0     0     0     0
1863     0     0     0     0
1865     0     0     0     0
1867     0     0     0     0
1869     0     0     0     0
1871     0     0     0     0
1873     0     0     0     0
1875     0     0     0     0
1877     0     0     0     0
1879     0     0     0     0
1881     0     0     0     0
1883     0     0     0     0
1885     0     0     0     0
1887     0     0     0     0
1889     0     0     0     0
1891     0     0     0     0
1893     0     0     0     0
1895     0     0     0     0
1897     0     0     0     0
1899     0     0     0     0
1901     0     0     0     0
1903     0     0     0     0
1905     0     0     0     0
1907     0     0     0     0
1909     0     0     0     0
1911     0     0     0     0
1913     0     0     0     0
1915     0     0     0     0
1917     0     0     0     0
1919     0     0     0     0
1921     0     0     0     0
1923     0     0     0     0
1925     0     0     0     0
1927     0     0     0     0
1929     0     0     0     0
1931     0     0     0     0
1933     0     0     0     0
1935     0     0     0     0
1937     0     0     0     0
1939     0     0     0     0
1941     0     0     0     0
1943     0     0     0     0
1945     0     0     0     0
1947     0     0     0     0
1949     0     0     0     0
1951     0     0     0     0
1953     0     0     0     0
1955     0     0     0     0
1957     0     0     0     0
1959     0     0     0     0
1961     0     0     0     0
1963     0     0     0     0
1965     0     0     0     0
1967     0     0     0     0
1969     0     0     0     0
1971     0     0     0     0
1973     0     0     0     0
1975     0     0     0     0
1977     0     0     0     0
1979     0     0     0     0
1981     0     0     0     0
1983     0     0     0     0
1985     0     0     0     0
1987     0     0     0     0
1989     0     0     0     0
1991     0     0     0     0
1993     0     0     0     0
1995     0     0     0     0
1997     0     0     0     0
1999     0     0     0     0
2001     0     0     0     0
2003     0     0     0     0
2005     0     0     0     0
2007     0     0     0     0
2009     0     0     0     0
2011     0     0     0     0
2013     0     0     0     0
2015     0     0     0     0
2017     0     0     0     0
2019     0     0     0     0
2021     0     0     0     0
2023     0     0     0     0
2025     0     0     0     0
2027     0     0     0     0
2029     0     0     0     0
2031     0     0     0     0
2033     0     0     0     0
2035     0     0     0     0
2037     0     0     0     0
2039     0     0     0     0
2041     0     0     0     0
2043     0     0     0     0
2045     0     0     0     0
2047     0     0     0     0
2049     0     0     0     0
2051     0     0     0     0
2053     0     0     0     0
2055     0     0     0     0
2057     0     0     0     0
2059     0     0     0     0
2061     0     0     0     0
2063     0     0     0     0
2065     0     0     0     0
2067     0     0     0     0
2069     0     0     0     0
2071     0     0     0     0
2073     0     0     0     0
2075     0     0     0     0
2077     0     0     0     0
2079     0     0     0     0
2081     0     0     0     0
2083     0     0     0     0
2085     0     0     0     0
2087     0     0     0     0
2089     0     0     0     0
2091     0     0     0     0
2093     0     0     0     0
2095     0     0     0     0
2097     0     0     0     0
2099     0     0     0     0
2101     0     0     0     0
2103     0     0     0     0
2105     0     0     0     0
2107     0     0     0     0
2109     0     0     0     0
2111     0     0     0     0
2113     0     0     0     0
2115     0     0     0     0
2117     0     0     0     0
2119     0     0     0     0
2121     0     0     0     0
2123     0     0     0     0
2125     0     0     0     0
2127     0     0     0     0
2129     0     0     0     0
2131     0     0     0     0
2133     0     0     0     0
2135     0     0     0     0
2137     0     0     0     0
2139     0     0     0     0
2141     0     0     0     0
2143     0     0     0     0
2145     0     0     0     0
2147     0     0     0     0
2149     0     0     0     0
2151     0     0     0     0
2153     0     0     0     0
2155     0     0     0     0
2157     0     0     0     0
2159     0     0     0     0
2161     0     0     0     0
2163     0     0     0     0
2165     0     0     0     0
2167     0     0     0     0
2169     0     0     0     0
2171     0     0     0     0
2173     0     0     0     0
2175     0     0     0     0
2177     0     0     0     0
2179     0     0     0     0
2181     0     0     0     0
2183     0     0     0     0
2185     0     0     0     0
2187     0     0     0     0
2189     0     0     0     0
2191     0     0     0     0
2193     0     0     0     0
2195     0     0     0     0
2197     0     0     0     0
2199     0     0     0     0
2201     0     0     0     0
2203     0     0     0     0
2205     0     0     0     0
2207     0     0     0     0
2209     0     0     0     0
2211     0     0     0     0
2213     0     0     0     0
2215     0     0     0     0
2217     0     0     0     0
2219     0     0     0     0
2221     0     0     0     0
2223     0     0     0     0
2225     0     0     0     0
2227     0     0     0     0
2229     0     0     0     0
2231     0     0     0     0
2233     0     0     0     0
2235     0     0     0     0
2237     0     0     0     0
2239     0     0     0     0
2241     0     0     0     0
2243     0     0     0     0
2245     0     0     0     0
2247     0     0     0     0
2249     0     0     0     0
2251     0     0     0     0
2253     0     0     0     0
2255     0     0     0     0
2257     0     0     0     0
2259     0     0     0     0
2261     0     0     0     0
2263     0     0     0     0
2265     0     0     0     0
2267     0     0     0     0
2269     0     0     0     0
2271     0     0     0     0
2273     0     0     0     0
2275     0     0     0     0
2277     0     0     0     0
2279     0     0     0     0
2281     0     0     0     0
2283     0     0     0     0
2285     0     0     0     0
2287     0     0     0     0
2289     0     0     0     0
2291     0     0     0     0
2293     0     0     0     0
2295     0     0     0     0
2297     0     0     0     0
2299     0     0     0     0
2301     0     0     0     0
2303     0     0     0     0
2305     0     0     0     0
2307     0     0     0     0
2309     0     0     0     0
2311     0     0     0     0
2313     0     0     0     0
2315     0     0     0     0
2317     0     0     0     0
2319     0     0     0     0
2321     0     0     0     0
2323     0     0     0     0
2325     0     0     0     0
2327     0     0     0     0
2329     0     0     0     0
2331     0     0     0     0
2333     0     0     0     0
2335     0     0     0     0
2337     0     0     0     0
2339     0     0     0     0
2341     0     0     0     0
2343     0     0     0     0
2345     0     0     0     0
2347     0     0     0     0
2349     0     0     0     0
2351     0     0     0     0
2353     0     0     0     0
2355     0     0     0     0
2357     0     0     0     0
2359     0     0     0     0
2361     0     0     0     0
2363     0     0     0     0
2365     0     0     0     0
2367     0     0     0     0
2369     0     0     0     0
2371     0     0     0     0
2373     0     0     0     0
2375     0     0     0     0
2377     0     0     0     0
2379     0     0     0     0
2381     0     0     0     0
2383     0     0     0     0
2385     0     0     0     0
2387     0     0     0     0
2389     0     0     0     0
2391     0     0     0     0
2393     0     0     0     0
2395     0     0     0     0
2397     0     0     0     0
2399     0     0     0     0
2401     0     0     0     0
2403     0     0     0     0
2405     0     0     0     0
2407     0     0     0     0
2409     0     0     0     0
2411     0     0     0     0
2413     0     0     0     0
2415     0     0     0     0
2417     0     0     0     0
2419     0     0     0     0
2421     0     0     0     0
2423     0     0     0     0
2425     0     0     0     0
2427     0     0     0     0
2429     0     0     0     0
2431     0     0     0     0
2433     0     0     0     0
2435     0     0     0     0
2437     0     0     0     0
2439     0     0     0     0
2441     0     0     0     0
2443     0     0     0     0
2445     0     0     0     0
2447     0     0     0     0
2449     0     0     0     0
2451     0     0     0     0
2453     0     0     0     0
2455     0     0     0     0
2457     0     0     0     0
2459     0     0     0     0
2461     0     0     0     0
2463     0     0     0     0
2465     0     0     0     0
2467     0     0     0     0
2469     0     0     0     0
2471     0     0     0     0
2473     0     0     0     0
2475     0     0     0     0
2477     0     0     0     0
2479     0     0     0     0
2481     0     0     0     0
2483     0     0     0     0
2485     0     0     0     0
2487     0     0     0     0
2489     0     0     0     0
2491     0     0     0     0
2493     0     0     0     0
2495     0     0     0     0
2497     0     0     0     0
2499     0     0     0     0
2501     0     0     0     0
2503     0     0     0     0
2505     0     0     0     0
2507     0     0     0     0
2509     0     0     0     0
2511     0     0     0     0
2513     0     0     0     0
2515     0     0     0     0
2517     0     0     0     0
2519     0     0     0     0
2521     0     0     0     0
2523     0     0     0     0
2525     0     0     0     0
2527     0     0     0     0
2529     0     0     0     0
2531     0     0     0     0
2533     0     0     0     0
2535     0     0     0     0
2537     0     0     0     0
2539     0     0     0     0
2541     0     0     0     0
2543     0     0     0     0
2545     0     0     0     0
2547     0     0     0     0
2549     0     0     0     0
2551     0     0     0     0
2553     0     0     0     0
2555     0     0     0     0
2557     0     0     0     0
2559     0     0     0     0
2561     0     0     0     0
2563     0     0     0     0
2565     0     0     0     0
2567     0     0     0     0
2569     0     0     0     0
2571     0     0     0     0
2573     0     0     0     0
2575     0     0     0     0
2577     0     0     0     0
2579     0     0     0     0
2581     0     0     0     0
2583     0     0     0     0
2585     0     0     0     0
2587     0     0     0     0
2589     0     0     0     0
2591     0     0     0     0
2593     0     0     0     0
2595     0     0     0     0
2597     0     0     0     0
2599     0     0     0     0
2601     0     0     0     0
2603     0     0     0     0
2605     0     0     0     0
2607     0     0     0     0
2609     0     0     0     0
2611     0     0     0     0
2613     0     0     0     0
2615     0     0     0     0
2617     0     0     0     0
2619     0     0     0     0
2621     0     0     0     0
2623     0     0     0     0
2625     0     0     0     0
2627     0     0     0     0
2629     0     0     0     0
2631     0     0     0     0
2633     0     0     0     0
2635     0     0     0     0
2637     0     0     0     0
2639     0     0     0     0
2641     0     0     0     0
2643     0     0     0     0
2645     0     0     0     0
2647     0     0     0     0
2649     0     0     0     0
2651     0     0     0     0
2653     0     0     0     0
2655     0     0     0     0
2657     0     0     0     0
2659     0     0     0     0
2661     0     0     0     0
2663     0     0     0     0
2665     0     0     0     0
2667     0     0     0     0
2669     0     0     0     0
2671     0     0     0     0
2673     0     0     0     0
2675     0     0     0     0
2677     0     0     0     0
2679     0     0     0     0
2681     0     0     0     0
2683     0     0     0     0
2685     0     0     0     0
2687     0     0     0     0
2689     0     0     0     0
2691     0     0     0     0
2693     0     0     0     0
2695     0     0     0     0
2697     0     0     0     0
2699     0     0     0     0
2701     0     0     0     0
2703     0     0     0     0
2705     0     0     0     0
2707     0     0     0     0
2709     0     0     0     0
2711     0     0     0     0
2713     0     0     0     0
2715     0     0     0     0
2717     0     0     0     0
2719     0     0     0     0
2721     0     0     0     0
2723     0     0     0     0
2725     0     0     0     0
2727     0     0     0     0
2729     0     0     0     0
2731     0     0     0     0
2733     0     0     0     0
2735     0     0     0     0
2737     0     0     0     0
2739     0     0     0     0
2741     0     0     0     0
2743     0     0     0     0
2745     0     0     0     0
2747     0     0     0     0
2749     0     0     0     0
2751     0     0     0     0
2753     0     0     0     0
2755     0     0     0     0
2757     0     0     0     0
2759     0     0     0     0
2761     0     0     0     0
2763     0     0     0     0
2765     0     0     0     0
2767     0     0     0     0
2769     0     0     0     0
2771     0     0     0     0
2773     0     0     0     0
2775     0     0     0     0
2777     0     0     0     0
2779     0     0     0     0
2781     0     0     0     0
2783     0     0     0     0
2785     0     0     0     0
2787     0     0     0     0
2789     0     0     0     0
2791     0     0     0     0
2793     0     0     0     0
2795     0     0     0     0
2797     0     0     0     0
2799     0     0     0     0
2801     0     0     0     0
2803     0     0     0     0
2805     0     0     0     0
2807     0     0     0     0
2809     0     0     0     0
2811     0     0     0     0
2813     0     0     0     0
2815     0     0     0     0
2817     0     0     0     0
2819     0     0     0     0
2821     0     0     0     0
2823     0     0     0     0
2825     0     0     0     0
2827     0     0     0     0
2829     0     0     0     0
2831     0     0     0     0
2833     0     0     0     0
2835     0     0     0     0
2837     0     0     0     0
2839     0     0     0     0
2841     0     0     0     0
2843     0     0     0     0
2845     0     0     0     0
2847     0     0     0     0
2849     0     0     0     0
2851     0     0     0     0
2853     0     0     0     0
2855     0     0     0     0
2857     0     0     0     0
2859     0     0     0     0
2861     0     0     0     0
2863     0     0     0     0
2865     0     0     0     0
2867     0     0     0     0
2869     0     0     0     0
2871     0     0     0     0
2873     0     0     0     0
2875     0     0     0     0
2877     0     0     0     0
2879     0     0     0     0
2881     0     0     0     0
2883     0     0     0     0
2885     0     0     0     0
2887     0     0     0     0
2889     0     0     0     0
2891     0     0     0     0
2893     0     0     0     0
2895     0     0     0     0
2897     0     0     0     0
2899     0     0     0     0
2901     0     0     0     0
2903     0     0     0     0
2905     0     0     0     0
2907     0     0     0     0
2909     0     0     0     0
2911     0     0     0     0
2913     0     0     0     0
2915     0     0     0     0
2917     0     0     0     0
2919     0     0     0     0
2921     0     0     0     0
2923     0     0     0     0
2925     0     0     0     0
2927     0     0     0     0
2929     0     0     0     0
2931     0     0     0     0
2933     0     0     0     0
2935     0     0     0     0
2937     0     0     0     0
2939     0     0     0     0
2941     0     0     0     0
2943     0     0     0     0
2945     0     0     0     0
2947     0     0     0     0
2949     0     0     0     0
2951     0     0     0     0
2953     0     0     0     0
2955     0     0     0     0
2957     0     0     0     0
2959     0     0     0     0
2961     0     0     0     0
2963     0     0     0     0
2965     0     0     0     0
2967     0     0     0     0
2969     0     0     0     0
2971     0     0     0     0
2973     0     0     0     0
2975     0     0     0     0
2977     0     0     0     0
2979     0     0     0     0
2981     0     0     0     0
2983     0     0     0     0
2985     0     0     0     0
2987     0     0     0     0
2989     0     0     0     0
2991     0     0     0     0
2993     0     0     0     0
2995     0     0     0     0
2997     0     0     0     0
2999     0     0     0     0
3001     0     0     0     0
3003     0     0     0     0
3005     0     0     0     0
3007     0     0     0     0
3009     0     0     0     0
3011     0     0     0     0
3013     0     0     0     0
3015     0     0     0     0
3017     0     0     0     0
3019     0     0     0     0
3021     0     0     0     0
3023     0     0     0     0
3025     0     0     0     0
3027     0     0     0     0
3029     0     0     0     0
3031     0     0     0     0
3033     0     0     0     0
3035     0     0     0     0
3037     0     0     0     0
3039     0     0     0     0
3041     0     0     0     0
3043     0     0     0     0
3045     0     0     0     0
3047     0     0     0     0
3049     0     0     0     0
3051     0     0     0     0
3053     0     0     0     0
3055     0     0     0     0
3057     0     0     0     0
3059     0     0     0     0
3061     0     0     0     0
3063     0     0     0     0
3065     0     0     0     0
3067     0     0     0     0
3069     0     0     0     0
3071     0     0     0     0
3073     0     0     0     0
3075     0     0     0     0
3077     0     0     0     0
3079     0     0     0     0
3081     0     0     0     0
3083     0     0     0     0
3085     0     0     0     0
3087     0     0     0     0
3089     0     0     0     0
3091     0     0     0     0
3093     0     0     0     0
3095     0     0     0     0
3097     0     0     0     0
3099     0     0     0     0
3101     0     0     0     0
3103     0     0     0     0
3105     0     0     0     0
3107     0     0     0     0
3109     0     0     0     0
3111     0     0     0     0
3113     0     0     0     0
3115     0     0     0     0
3117     0     0     0     0
3119     0     0     0     0
3121     0     0     0     0
3123     0     0     0     0
3125     0     0     0     0
3127     0     0     0     0
3129     0     0     0     0
3131     0     0     0     0
3133     0     0     0     0
3135     0     0     0     0
3137     0     0     0     0
3139     0     0     0     0
3141     0     0     0     0
3143     0     0     0     0
3145     0     0     0     0
3147     0     0     0     0
3149     0     0     0     0
3151     0     0     0     0
3153     0     0     0     0
3155     0     0     0     0
3157     0     0     0     0
3159     0     0     0     0
3161     0     0     0     0
3163     0     0     0     0
3165     0     0     0     0
3167     0     0     0     0
3169     0     0     0     0
3171     0     0     0     0
3173     0     0     0     0
3175     0     0     0     0
3177     0     0     0     0
3179     0     0     0     0
3181     0     0     0     0
3183     0     0     0     0
3185     0     0     0     0
3187     0     0     0     0
3189     0     0     0     0
3191     0     0     0     0
3193     0     0     0     0
3195     0     0     0     0
3197     0     0     0     0
3199     0     0     0     0
3201     0     0     0     0
3203     0     0     0     0
3205     0     0     0     0
3207     0     0     0     0
3209     0     0     0     0
3211     0     0     0     0
3213     0     0     0     0
3215     0     0     0     0
3217     0     0     0     0
3219     0     0     0     0
3221     0     0     0     0
3223     0     0     0     0
3225     0     0     0     0
3227     0     0     0     0
3229     0     0     0     0
3231     0     0     0     0
3233     0     0     0     0
3235     0     0     0     0
3237     0     0     0     0
3239     0     0     0     0
3241     0     0     0     0
3243     0     0     0     0
3245     0     0     0     0
3247     0     0     0     0
3249     0     0     0     0
3251     0     0     0     0
3253     0     0     0     0
3255     0     0     0     0
3257     0     0     0     0
3259     0     0     0     0
3261     0     0     0     0
3263     0     0     0     0
3265     0     0     0     0
3267     0     0     0     0
3269     0     0     0     0
3271     0     0     0     0
3273     0     0     0     0
3275     0     0     0     0
3277     0     0     0     0
3279     0     0     0     0
3281     0     0     0     0
3283     0     0     0     0
3285     0     0     0     0
3287     0     0     0     0
3289     0     0     0     0
3291     0     0     0     0
3293     0     0     0     0
3295     0     0     0     0
3297     0     0     0     0
3299     0     0     0     0
3301     0     0     0     0
3303     0     0     0     0
3305     0     0     0     0
3307     0     0     0     0
3309     0     0     0     0
3311     0     0     0     0
3313     0     0     0     0
3315     0     0     0     0
3317     0     0     0     0
3319     0     0     0     0
3321     0     0     0     0
3323     0     0     0     0
3325     0     0     0     0
3327     0     0     0     0
3329     0     0     0     0
3331     0     0     0     0
3333     0     0     0     0
3335     0     0     0     0
3337     0     0     0     0
3339     0     0     0     0
3341     0     0     0     0
3343     0     0     0     0
3345     0     0     0     0
3347     0     0     0     0
3349     0     0     0     0
3351     0     0     0     0
3353     0     0     0     0
3355     0     0     0     0
3357     0     0     0     0
3359     0     0     0     0
3361     0     0     0     0
3363     0     0     0     0
3365     0     0     0     0
3367     0     0     0     0
3369     0     0     0     0
3371     0     0     0     0
3373     0     0     0     0
3375     0     0     0     0
3377     0     0     0     0
3379     0     0     0     0
3381     0     0     0     0
3383     0     0     0     0
3385     0     0     0     0
3387     0     0     0     0
3389     0     0     0     0
3391     0     0     0     0
3393     0     0     0     0
3395     0     0     0     0
3397     0     0     0     0
3399     0     0     0     0
3401     0     0     0     0
3403     0     0     0     0
3405     0     0     0     0
3407     0     0     0     0
3409     0     0     0     0
3411     0     0     0     0
3413     0     0     0     0
3415     0     0     0     0
3417     0     0     0     0
3419     0     0     0     0
3421     0     0     0     0
3423     0     0     0     0
3425     0     0     0     0
3427     0     0     0     0
3429     0     0     0     0
3431     0     0     0     0
3433     0     0     0     0
3435     0     0     0     0
3437     0     0     0     0
3439     0     0     0     0
3441     0     0     0     0
3443     0     0     0     0
3445     0     0     0     0
3447     0     0     0     0
3449     0     0     0     0
3451     0     0     0     0
3453     0     0     0     0
3455     0     0     0     0
3457     0     0     0     0
3459     0     0     0     0
3461     0     0     0     0
3463     0     0     0     0
3465     0     0     0     0
3467     0     0     0     0
3469     0     0     0     0
3471     0     0     0     0
3473     0     0     0     0
3475     0     0     0     0
3477     0     0     0     0
3479     0     0     0     0
3481     0     0     0     0
3483     0     0     0     0
3485     0     0     0     0
3487     0     0     0     0
3489     0     0     0     0
3491     0     0     0     0
3493     0     0     0     0
3495     0     0     0     0
3497     0     0     0     0
3499     0     0     0     0
3501     0     0     0     0
3503     0     0     0     0
3505     0     0     0     0
3507     0     0     0     0
3509     0     0     0     0
3511     0     0     0     0
3513     0     0     0     0
3515     0     0     0     0
3517     0     0     0     0
3519     0     0     0     0
3521     0     0     0     0
3523     0     0     0     0
3525     0     0     0     0
3527     0     0     0     0
3529     0     0     0     0
3531     0     0     0     0
3533     0     0     0     0
3535     0     0     0     0
3537     0     0     0     0
3539     0     0     0     0
3541     0     0     0     0
3543     0     0     0     0
3545     0     0     0     0
3547     0     0     0     0
3549     0     0     0     0
3551     0     0     0     0
3553     0     0     0     0
3555     0     0     0     0
3557     0     0     0     0
3559     0     0     0     0
3561     0     0     0     0
3563     0     0     0     0
3565     0     0     0     0
3567     0     0     0     0
3569     0     0     0     0
3571     0     0     0     0
3573     0     0     0     0
3575     0     0     0     0
3577     0     0     0     0
3579     0     0     0     0
3581     0     0     0     0
3583     0     0     0     0
3585     0     0     0     0
3587     0     0     0     0
3589     0     0     0     0
3591     0     0     0     0
3593     0     0     0     0
3595     0     0     0     0
3597     0     0     0     0
3599     0     0     0     0
3601     0     0     0     0
3603     0     0     0     0
3605     0     0     0     0
3607     0     0     0     0
3609     0     0     0     0
3611     0     0     0     0
3613     0     0     0     0
3615     0     0     0     0
3617     0     0     0     0
3619     0     0     0     0
3621     0     0     0     0
3623     0     0     0     0
3625     0     0     0     0
3627     0     0     0     0
3629     0     0     0     0
3631     0     0     0     0
3633     0     0     0     0
3635     0     0     0     0
3637     0     0     0     0
3639     0     0     0     0
3641     0     0     0     0
3643     0     0     0     0
3645     0     0     0     0
3647     0     0     0     0
3649     0     0     0     0
3651     0     0     0     0
3653     0     0     0     0
3655     0     0     0     0
3657     0     0     0     0
3659     0     0     0     0
3661     0     0     0     0
3663     0     0     0     0
3665     0     0     0     0
3667     0     0     0     0
3669     0     0     0     0
3671     0     0     0     0
3673     0     0     0     0
3675     0     0     0     0
3677     0     0     0     0
3679     0     0     0     0
3681     0     0     0     0
3683     0     0     0     0
3685     0     0     0     0
3687     0     0     0     0
3689     0     0     0     0
3691     0     0     0     0
3693     0     0     0     0
3695     0     0     0     0
3697     0     0     0     0
3699     0     0     0     0
3701     0     0     0     0
3703     0     0     0     0
3705     0     0     0     0
3707     0     0     0     0
3709     0     0     0     0
3711     0     0     0     0
3713     0     0     0     0
3715     0     0     0     0
3717     0     0     0     0
3719     0     0     0     0
3721     0     0     0     0
3723     0     0     0     0
3725     0     0     0     0
3727     0     0     0     0
3729     0     0     0     0
3731     0     0     0     0
3733     0     0     0     0
3735     0     0     0     0
3737     0     0     0     0
3739     0     0     0     0
3741     0     0     0     0
3743     0     0     0     0
3745     0     0     0     0
3747     0     0     0     0
3749     0     0     0     0
3751     0     0     0     0
3753     0     0     0     0
3755     0     0     0     0
3757     0     0     0     0
3759     0     0     0     0
3761     0     0     0     0
3763     0     0     0     0
3765     0     0     0     0
3767     0     0     0     0
3769     0     0     0     0
3771     0     0     0     0
3773     0     0     0     0
3775     0     0     0     0
3777     0     0     0     0
3779     0     0     0     0
3781     0     0     0     0
3783     0     0     0     0
3785     0     0     0     0
3787     0     0     0     0
3789     0     0     0     0
3791     0     0     0     0
3793     0     0     0     0
3795     0     0     0     0
3797     0     0     0     0
3799     0     0     0     0
3801     0     0     0     0
3803     0     0     0     0
3805     0     0     0     0
3807     0     0     0     0
3809     0     0     0     0
3811     0     0     0     0
3813     0     0     0     0
3815     0     0     0     0
3817     0     0     0     0
3819     0     0     0     0
3821     0     0     0     0
3823     0     0     0     0
3825     0     0     0     0
3827     0     0     0     0
3829     0     0     0     0
3831     0     0     0     0
3833     0     0     0     0
3835     0     0     0     0
3837     0     0     0     0
3839     0     0     0     0
3841     0     0     0     0
3843     0     0     0     0
3845     0     0     0     0
3847     0     0     0     0
3849     0     0     0     0
3851     0     0     0     0
3853     0     0     0     0
3855     0     0     0     0
3857     0     0     0     0
3859     0     0     0     0
3861     0     0     0     0
3863     0     0     0     0
3865     0     0     0     0
3867     0     0     0     0
3869     0     0     0     0
3871     0     0     0     0
3873     0     0     0     0
3875     0     0     0     0
3877     0     0     0     0
3879     0     0     0     0
3881     0     0     0     0
3883     0     0     0     0
3885     0     0     0     0
3887     0     0     0     0
3889     0     0     0     0
3891     0     0     0     0
3893     0     0     0     0
3895     0     0     0     0
3897     0     0     0     0
3899     0     0     0     0
3901     0     0     0     0
3903     0     0     0     0
3905     0     0     0     0
3907     0     0     0     0
3909     0     0     0     0
3911     0     0     0     0
3913     0     0     0     0
3915     0     0     0     0
3917     0     0     0     0
3919     0     0     0     0
3921     0     0     0     0
3923     0     0     0     0
3925     0     0     0     0
3927     0     0     0     0
3929     0     0     0     0
3931     0     0     0     0
3933     0     0     0     0
3935     0     0     0     0
3937     0     0     0     0
3939     0     0     0     0
3941     0     0     0     0
3943     0     0     0     0
3945     0     0     0     0
3947     0     0     0     0
3949     0     0     0     0
3951     0     0     0     0
3953     0     0     0     0
3955     0     0     0     0
3957     0     0     0     0
3959     0     0     0     0
3961     0     0     0     0
3963     0     0     0     0
3965     0     0     0     0
3967     0     0     0     0
3969     0     0     0     0
3971     0     0     0     0
3973     0     0     0     0
3975     0     0     0     0
3977     0     0     0     0
3979     0     0     0     0
3981     0     0     0     0
3983     0     0     0     0
3985     0     0     0     0
3987     0     0     0     0
3989     0     0     0     0
3991     0     0     0     0
3993     0     0     0     0
3995     0     0     0     0
3997     0     0     0     0
3999     0     0     0     0
4001     0     0     0     0
4003     0     0     0     0
4005     0     0     0     0
4007     0     0     0     0
4009     0     0     0     0
4011     0     0     0     0
4013     0     0     0     0
4015     0     0     0     0
4017     0     0     0     0
4019     0     0     0     0
4021     0     0     0     0
4023     0     0     0     0
4025     0     0     0     0
4027     0     0     0     0
4029     0     0     0     0
4031     0     0     0     0
4033     0     0     0     0
4035     0     0     0     0
4037     0     0     0     0
4039     0     0     0     0
4041     0     0     0     0
4043     0     0     0     0
4045     0     0     0     0
4047     0     0     0     0
4049     0     0     0     0
4051     0     0     0     0
4053     0     0     0     0
4055     0     0     0     0
4057     0     0     0     0
4059     0     0     0     0
4061     0     0     0     0
4063     0     0     0     0
4065     0     0     0     0
4067     0     0     0     0
4069     0     0     0     0
4071     0     0     0     0
4073     0     0     0     0
4075     0     0     0     0
4077     0     0     0     0
4079     0     0     0     0
4081     0     0     0     0
4083     0     0     0     0
4085     0     0     0     0
4087     0     0     0     0
4089     0     0     0     0
4091     0     0     0     0
4093     0     0     0     0
4095     0     0     0     0
4097     0     0     0     0
4099     0     0     0     0
4101     0     0     0     0
4103     0     0     0     0
4105     0     0     0     0
4107     0     0     0     0
4109     0     0     0     0
4111     0     0     0     0
4113     0     0     0     0
4115     0     0     0     0
4117     0     0     0     0
4119     0     0     0     0
4121     0     0     0     0
4123     0     0     0     0
4125     0     0     0     0
4127     0     0     0     0
4129     0     0     0     0
4131     0     0     0     0
4133     0     0     0     0
4135     0     0     0     0
4137     0     0     0     0
4139     0     0     0     0
4141     0     0     0     0
4143     0     0     0     0
4145     0     0     0     0
4147     0     0     0     0
4149     0     0     0     0
4151     0     0     0     0
4153     0     0     0     0
4155     0     0     0     0
4157     0     0     0     0
4159     0     0     0     0
4161     0     0     0     0
4163     0     0     0     0
4165     0     0     0     0
4167     0     0     0     0
4169     0     0     0     0
4171     0     0     0     0
4173     0     0     0     0
4175     0     0     0     0
4177     0     0     0     0
4179     0     0     0     0
4181     0     0     0     0
4183     0     0     0     0
4185     0     0     0     0
4187     0     0     0     0
4189     0     0     0     0
4191     0     0     0     0
4193     0     0     0     0
4195     0     0     0     0
4197     0     0     0     0
4199     0     0     0     0
4201     0     0     0     0
4203     0     0     0     0
4205     0     0     0     0
4207     0     0     0     0
4209     0     0     0     0
4211     0     0     0     0
4213     0     0     0     0
4215     0     0     0     0
4217     0     0     0     0
4219     0     0     0     0
4221     0     0     0     0
4223     0     0     0     0
4225     0     0     0     0
4227     0     0     0     0
4229     0     0     0     0
4231     0     0     0     0
4233     0     0     0     0
4235     0     0     0     0
4237     0     0     0     0
4239     0     0     0     0
4241     0     0     0     0
4243     0     0     0     0
4245     0     0     0     0
4247     0     0     0     0
4249     0     0     0     0
4251     0     0     0     0
4253     0     0     0     0
4255     0     0     0     0
4257     0     0     0     0
4259     0     0     0     0
4261     0     0     0     0
4263     0     0     0     0
4265     0     0     0     0
4267     0     0     0     0
4269     0     0     0     0
4271     0     0     0     0
4273     0     0     0     0
4275     0     0     0     0
4277     0     0     0     0
4279     0     0     0     0
4281     0     0     0     0
4283     0     0     0     0
4285     0     0     0     0
4287     0     0     0     0
4289     0     0     0     0
4291     0     0     0     0
4293     0     0     0     0
4295     0     0     0     0
4297     0     0     0     0
4299     0     0     0     0
4301     0     0     0     0
4303     0     0     0     0
4305     0     0     0     0
4307     0     0     0     0
4309     0     0     0     0
4311     0     0     0     0
4313     0     0     0     0
4315     0     0     0     0
4317     0     0     0     0
4319     0     0     0     0
4321     0     0     0     0
4323     0     0     0     0
4325     0     0     0     0
4327     0     0     0     0
4329     0     0     0     0
4331     0     0     0     0
4333     0     0     0     0
4335     0     0     0     0
4337     0     0     0     0
4339     0     0     0     0
4341     0     0     0     0
4343     0     0     0     0
4345     0     0     0     0
4347     0     0     0     0
4349     0     0     0     0
4351     0     0     0     0
4353     0     0     0     0
4355     0     0     0     0
4357     0     0     0     0
4359     0     0     0     0
4361     0     0     0     0
4363     0     0     0     0
4365     0     0     0     0
4367     0     0     0     0
4369     0     0     0     0
4371     0     0     0     0
4373     0     0     0     0
4375     0     0     0     0
4377     0     0     0     0
4379     0     0     0     0
4381     0     0     0     0
4383     0     0     0     0
4385     0     0     0     0
4387     0     0     0     0
4389     0     0     0     0
4391     0     0     0     0
4393     0     0     0     0
4395     0     0     0     0
4397     0     0     0     0
4399     0     0     0     0
4401     0     0     0     0
4403     0     0     0     0
4405     0     0     0     0
4407     0     0     0     0
4409     0     0     0     0
4411     0     0     0     0
4413     0     0     0     0
4415     0     0     0     0
4417     0     0     0     0
4419     0     0     0     0
4421     0     0     0     0
4423     0     0     0     0
4425     0     0     0     0
4427     0     0     0     0
4429     0     0     0     0
4431     0     0     0     0
4433     0     0     0     0
4435     0     0     0     0
4437     0     0     0     0
4439     0     0     0     0
4441     0     0     0     0
4443     0     0     0     0
4445     0     0     0     0
4447     0     0     0     0
4449     0     0     0     0
4451     0     0     0     0
4453     0     0     0     0
4455     0     0     0     0
4457     0     0     0     0
4459     0     0     0     0
4461     0     0     0     0
4463     0     0     0     0
4465     0     0     0     0
4467     0     0     0     0
4469     0     0     0     0
4471     0     0     0     0
4473     0     0     0     0
4475     0     0     0     0
4477     0     0     0     0
4479     0     0     0     0
4481     0     0     0     0
4483     0     0     0     0
4485     0     0     0     0
4487     0     0     0     0
4489     0     0     0     0
4491     0     0     0     0
4493     0     0     0     0
4495     0     0     0     0
4497     0     0     0     0
4499     0     0     0     0
4501     0     0     0     0
4503     0     0     0     0
4505     0     0     0     0
4507     0     0     0     0
4509     0     0     0     0
4511     0     0     0     0
4513     0     0     0     0
4515     0     0     0     0
4517     0     0     0     0
4519     0     0     0     0
4521     0     0     0     0
4523     0     0     0     0
4525     0     0     0     0
4527     0     0     0     0
4529     0     0     0     0
4531     0     0     0     0
4533     0     0     0     0
4535     0     0     0     0
4537     0     0     0     0
4539     0     0     0     0
4541     0     0     0     0
4543     0     0     0     0
4545     0     0     0     0
4547     0     0     0     0
4549     0     0     0     0
4551     0     0     0     0
4553     0     0     0     0
4555     0     0     0     0
4557     0     0     0     0
4559     0     0     0     0
4561     0     0     0     0
4563     0     0     0     0
4565     0     0     0     0
4567     0     0     0     0
4569     0     0     0     0
4571     0     0     0     0
4573     0     0     0     0
4575     0     0     0     0
4577     0     0     0     0
4579     0     0     0     0
4581     0     0     0     0
4583     0     0     0     0
4585     0     0     0     0
4587     0     0     0     0
4589     0     0     0     0
4591     0     0     0     0
4593     0     0     0     0
4595     0     0     0     0
4597     0     0     0     0
4599     0     0     0     0
4601     0     0     0     0
4603     0     0     0     0
4605     0     0     0     0
4607     0     0     0     0
4609     0     0     0     0
4611     0     0     0     0
4613     0     0     0     0
4615     0     0     0     0
4617     0     0     0     0
4619     0     0     0     0
4621     0     0     0     0
4623     0     0     0     0
4625     0     0     0     0
4627     0     0     0     0
4629     0     0     0     0
4631     0     0     0     0
4633     0     0     0     0
4635     0     0     0     0
4637     0     0     0     0
4639     0     0     0     0
4641     0     0     0     0
4643     0     0     0     0
4645     0     0     0     0
4647     0     0     0     0
4649     0     0     0     0
4651     0     0     0     0
4653     0     0     0     0
4655     0     0     0     0
4657     0     0     0     0
4659     0     0     0     0
4661     0     0     0     0
4663     0     0     0     0
4665     0     0     0     0
4667     0     0     0     0
4669     0     0     0     0
4671     0     0     0     0
4673     0     0     0     0
4675     0     0     0     0
4677     0     0     0     0
4679     0     0     0     0
4681     0     0     0     0
4683     0     0     0     0
4685     0     0     0     0
4687     0     0     0     0
4689     0     0     0     0
4691     0     0     0     0
4693     0     0     0     0
4695     0     0     0     0
4697     0     0     0     0
4699     0     0     0     0
4701     0     0     0     0
4703     0     0     0     0
4705     0     0     0     0
4707     0     0     0     0
4709     0     0     0     0
4711     0     0     0     0
4713     0     0     0     0
4715     0     0     0     0
4717     0     0     0     0
4719     0     0     0     0
4721     0     0     0     0
4723     0     0     0     0
4725     0     0     0     0
4727     0     0     0     0
4729     0     0     0     0
4731     0     0     0     0
4733     0     0     0     0
4735     0     0     0     0
4737     0     0     0     0
4739     0     0     0     0
4741     0     0     0     0
4743     0     0     0     0
4745     0     0     0     0
4747     0     0     0     0
4749     0     0     0     0
4751     0     0     0     0
4753     0     0     0     0
4755     0     0     0     0
4757     0     0     0     0
4759     0     0     0     0
4761     0     0     0     0
4763     0     0     0     0
4765     0     0     0     0
4767     0     0     0     0
4769     0     0     0     0
4771     0     0     0     0
4773     0     0     0     0
4775     0     0     0     0
4777     0     0     0     0
4779     0     0     0     0
4781     0     0     0     0
4783     0     0     0     0
4785     0     0     0     0
4787     0     0     0     0
4789     0     0     0     0
4791     0     0     0     0
4793     0     0     0     0
4795     0     0     0     0
4797     0     0     0     0
4799     0     0     0     0
4801     0     0     0     0
4803     0     0     0     0
4805     0     0     0     0
4807     0     0     0     0
4809     0     0     0     0
4811     0     0     0     0
4813     0     0     0     0
4815     0     0     0     0
4817     0     0     0     0
4819     0     0     0     0
4821     0     0     0     0
4823     0     0     0     0
4825     0     0     0     0
4827     0     0     0     0
4829     0     0     0     0
4831     0     0     0     0
4833     0     0     0     0
4835     0     0     0     0
4837     0     0     0     0
4839     0     0     0     0
4841     0     0     0     0
4843     0     0     0     0
4845     0     0     0     0
4847     0     0     0     0
4849     0     0     0     0
4851     0     0     0     0
4853     0     0     0     0
4855     0     0     0     0
4857     0     0     0     0
4859     0     0     0     0
4861     0     0     0     0
4863     0     0     0     0
4865     0     0     0     0
4867     0     0     0     0
4869     0     0     0     0
4871     0     0     0     0
4873     0     0     0     0
4875     0     0     0     0
4877     0     0     0     0
4879     0     0     0     0
4881     0     0     0     0
4883     0     0     0     0
4885     0     0     0     0
4887     0     0     0     0
4889     0     0     0     0
4891     0     0     0     0
4893     0     0     0     0
4895     0     0     0     0
4897     0     0     0     0
4899     0     0     0     0
4901     0     0     0     0
4903     0     0     0     0
4905     0     0     0     0
4907     0     0     0     0
4909     0     0     0     0
4911     0     0     0     0
4913     0     0     0     0
4915     0     0     0     0
4917     0     0     0     0
4919     0     0     0     0
4921     0     0     0     0
4923     0     0     0     0
4925     0     0     0     0
4927     0     0     0     0
4929     0     0     0     0
4931     0     0     0     0
4933     0     0     0     0
4935     0     0     0     0
4937     0     0     0     0
4939     0     0     0     0
4941     0     0     0     0
4943     0     0     0     0
4945     0     0     0     0
4947     0     0     0     0
4949     0     0     0     0
4951     0     0     0     0
4953     0     0     0     0
4955     0     0     0     0
4957     0     0     0     0
4959     0     0     0     0
4961     0     0     0     0
4963     0     0     0     0
4965     0     0     0     0
4967     0     0     0     0
4969     0     0     0     0
4971     0     0     0     0
4973     0     0     0     0
4975     0     0     0     0
4977     0     0     0     0
4979     0     0     0     0
4981     0     0     0     0
4983     0     0     0     0
4985     0     0     0     0
4987     0     0     0     0
4989     0     0     0     0
4991     0     0     0     0
4993     0     0     0     0
4995     0     0     0     0
4997     0     0     0     0
4999     0     0     0     0
