2    0     0     0     0     0     0     0
6    0     0     0     0     0     0     0
10    0     0     0     0     0     0     0
14    0     0     0     0     0     0     0
18    0     0     0     0     0     0     0
22    0     0     0     0     0     0     0
26    0     0     0     0     0     0     0
30    0     0     0     0     0     0     0
34    0     0     0     0     0     0     0
38    0     0     0     0     0     0     0
42    0     0     0     0     0     0     0
46    0     0     0     0     0     0     0
50    0.000676695     2.72156e-07     2.72188e-07     2.72125e-07     2.72156e-07     2.72156e-07     2.72156e-07
54    0.000773366     2.82463e-07     2.82495e-07     2.8243e-07     2.82463e-07     2.82463e-07     2.82463e-07
58    0.000652527     2.19087e-07     2.19113e-07     2.19062e-07     2.19087e-07     2.19087e-07     2.19087e-07
62    0.000870036     2.69709e-07     2.69741e-07     2.69678e-07     2.69709e-07     2.69709e-07     2.69709e-07
66    0.000918372     2.70135e-07     2.70166e-07     2.70104e-07     2.70135e-07     2.70135e-07     2.70135e-07
70    0.000918372     2.55314e-07     2.55344e-07     2.55285e-07     2.55314e-07     2.55314e-07     2.55314e-07
74    0.00118422     3.1631e-07     3.16347e-07     3.16273e-07     3.1631e-07     3.1631e-07     3.1631e-07
78    0.00101504     2.62255e-07     2.62286e-07     2.62225e-07     2.62255e-07     2.62255e-07     2.62255e-07
82    0.00103921     2.62683e-07     2.62713e-07     2.62652e-07     2.62683e-07     2.62683e-07     2.62683e-07
86    0.00135339     3.36562e-07     3.36601e-07     3.36523e-07     3.36562e-07     3.36562e-07     3.36562e-07
90    0.00125672     3.1017e-07     3.10206e-07     3.10134e-07     3.1017e-07     3.1017e-07     3.1017e-07
94    0.00142589     3.51243e-07     3.51284e-07     3.51202e-07     3.51243e-07     3.51243e-07     3.51243e-07
98    0.00135339     3.34693e-07     3.34732e-07     3.34654e-07     3.34693e-07     3.34693e-07     3.34693e-07
102    0.00178841     4.4621e-07     4.46261e-07     4.46158e-07     4.4621e-07     4.4621e-07     4.4621e-07
106    0.00188508     4.76525e-07     4.7658e-07     4.76469e-07     4.76525e-07     4.76525e-07     4.76525e-07
110    0.0016434     4.24716e-07     4.24766e-07     4.24667e-07     4.24716e-07     4.24716e-07     4.24716e-07
114    0.00186091     4.99315e-07     4.99373e-07     4.99257e-07     4.99315e-07     4.99315e-07     4.99315e-07
118    0.00188508     5.32443e-07     5.32505e-07     5.32381e-07     5.32443e-07     5.32443e-07     5.32443e-07
122    0.00207842     6.29656e-07     6.29729e-07     6.29583e-07     6.29656e-07     6.29656e-07     6.29656e-07
126    0.0023201     7.77996e-07     7.78086e-07     7.77906e-07     7.77996e-07     7.77996e-07     7.77996e-07
130    0.00203008     7.67674e-07     7.67763e-07     7.67585e-07     7.67674e-07     7.67674e-07     7.67674e-07
134    0.00244094     1.07416e-06     1.07429e-06     1.07404e-06     1.07416e-06     1.07416e-06     1.07416e-06
138    0.00229593     1.21326e-06     1.2134e-06     1.21312e-06     1.21326e-06     1.21326e-06     1.21326e-06
142    0.00285179     1.85727e-06     1.85749e-06     1.85706e-06     1.85727e-06     1.85727e-06     1.85727e-06
146    0.00292429     2.47022e-06     2.47051e-06     2.46993e-06     2.47022e-06     2.47022e-06     2.47022e-06
150    0.00275511     3.11687e-06     3.11723e-06     3.1165e-06     3.11687e-06     3.11687e-06     3.11687e-06
154    0.00297262     5.33487e-06     5.33549e-06     5.33425e-06     5.33487e-06     5.33487e-06     5.33487e-06
158    0.00355265     1.15572e-05     1.15586e-05     1.15559e-05     1.15572e-05     1.15572e-05     1.15572e-05
162    0.00302096     2.65387e-05     2.65417e-05     2.65356e-05     2.65387e-05     2.65387e-05     2.65387e-05
166    0.00350431     5.89207e-05     5.89275e-05     5.89138e-05     5.89207e-05     5.89207e-05     5.89207e-05
170    0.00331097     7.53978e-05     7.54066e-05     7.53891e-05     7.53978e-05     7.53978e-05     7.53978e-05
174    0.00360098     9.89283e-05     9.89398e-05     9.89168e-05     9.89283e-05     9.89283e-05     9.89283e-05
178    0.00369765     0.00012054     0.000120554     0.000120526     0.00012054     0.00012054     0.00012054
182    0.00413267     0.000162234     0.000162253     0.000162215     0.000162234     0.000162234     0.000162234
186    0.00461603     0.000218439     0.000218465     0.000218414     0.000218439     0.000218439     0.000218439
190    0.0047127     0.000258064     0.000258094     0.000258034     0.000258064     0.000258064     0.000258064
194    0.00432601     0.00026934     0.000269371     0.000269309     0.00026934     0.00026934     0.00026934
198    0.00430185     0.000294954     0.000294988     0.00029492     0.000294954     0.000294954     0.000294954
202    0.00435018     0.000327038     0.000327076     0.000327     0.000327038     0.000327038     0.000327038
206    0.0048577     0.000397301     0.000397347     0.000397255     0.000397301     0.000397301     0.000397301
210    0.00529272     0.00046848     0.000468534     0.000468425     0.000982312     0.00125934     0.00079198
214    0.00582441     0.000554632     0.000554696     0.000554567     0.00155894     0.00210169     0.00118627
218    0.00592108     0.000604558     0.000604628     0.000604488     0.00167303     0.00225125     0.00127605
222    0.00601775     0.000657262     0.000657338     0.000657185     0.00172122     0.00229708     0.0013257
226    0.00531689     0.000617354     0.000617426     0.000617282     0.00171685     0.00231193     0.00130797
230    0.0064286     0.00079187     0.000791962     0.000791779     0.0018742     0.00246017     0.00147146
234    0.0063561     0.000831339     0.000831435     0.000831242     0.00194584     0.00255024     0.00153063
238    0.00729864     0.00100962     0.00100974     0.0010095     0.00208184     0.00266408     0.00168183
242    0.00674278     0.000985636     0.00098575     0.000985522     0.00208763     0.00268632     0.00167624
246    0.00761282     0.00117302     0.00117316     0.00117288     0.00227572     0.00287467     0.001864
250    0.00705696     0.00114462     0.00114475     0.00114449     0.00227274     0.00288549     0.00185136
254    0.00841035     0.00143853     0.00143869     0.00143836     0.00256322     0.00317458     0.00214273
258    0.00848285     0.00152232     0.0015225     0.00152214     0.00264787     0.00326036     0.00222666
262    0.00891787     0.00167697     0.00167716     0.00167678     0.00281642     0.00343676     0.00238975
266    0.00954623     0.00187996     0.00188018     0.00187974     0.00305499     0.00369467     0.00261485
270    0.00901454     0.00185785     0.00185807     0.00185764     0.00300681     0.00363248     0.00257623
274    0.00983624     0.00211736     0.00211761     0.00211712     0.00324598     0.00386111     0.00282266
278    0.00995708     0.002241     0.00224126     0.00224074     0.00340256     0.00403627     0.00296644
282    0.0109238     0.00256588     0.00256617     0.00256558     0.00376438     0.00441894     0.00331396
286    0.0117938     0.00288682     0.00288716     0.00288649     0.00407048     0.00471746     0.00362534
290    0.0121805     0.0031082     0.00310856     0.00310784     0.00436807     0.0050569     0.00389398
294    0.0123738     0.00328209     0.00328247     0.00328171     0.00443735     0.00506912     0.00400248
298    0.0145973     0.00402106     0.00402153     0.0040206     0.00530183     0.00600225     0.00481947
302    0.0141864     0.00406033     0.0040608     0.00405985     0.00534629     0.00604999     0.00486168
306    0.015709     0.00466775     0.00466829     0.0046672     0.0059925     0.00671794     0.00549286
310    0.0175699     0.00541324     0.00541386     0.00541261     0.00680275     0.00756444     0.00627818
314    0.0176182     0.00562738     0.00562803     0.00562673     0.00704774     0.00782715     0.00651106
318    0.0186091     0.00615246     0.00615317     0.00615174     0.00766509     0.00849555     0.00709313
322    0.0195516     0.00668833     0.0066891     0.00668755     0.00822242     0.00906481     0.0076421
326    0.0228143     0.00806099     0.00806193     0.00806006     0.00979963     0.010754     0.00914183
330    0.0227418     0.00829671     0.00829767     0.00829574     0.010096     0.0110833     0.00941525
334    0.0237085     0.00893161     0.00893265     0.00893058     0.0108217     0.0118586     0.0101064
338    0.0265119     0.0102982     0.0102994     0.010297     0.012371     0.013509     0.0115859
342    0.0302579     0.0121303     0.0121317     0.0121289     0.0145569     0.0158926     0.013636
346    0.0308138     0.0127765     0.012778     0.012775     0.0154719     0.0169669     0.0144437
350    0.0335206     0.0144454     0.0144471     0.0144437     0.0174361     0.019095     0.0162946
354    0.0384508     0.0173463     0.0173485     0.0173441     0.0208451     0.0227932     0.0195061
358    0.044106     0.0208697     0.0208724     0.020867     0.0249584     0.0272501     0.0233872
362    0.0469578     0.0232754     0.0232786     0.0232722     0.0280075     0.0306704     0.0261843
366    0.0554648     0.0287257     0.0287297     0.0287216     0.0344152     0.0376247     0.0322193
370    0.0588241     0.0317981     0.0318029     0.0317933     0.0381381     0.0417269     0.0356856
374    0.0704004     0.0397447     0.0397511     0.0397383     0.0478717     0.0524938     0.044718
378    0.0774574     0.0456741     0.0456822     0.045666     0.0548689     0.0601269     0.0512888
382    0.0917888     0.0564185     0.0564298     0.0564072     0.067416     0.0737313     0.0631214
386    0.108078     0.0692199     0.069236     0.0692038     0.082351     0.0899144     0.0772117
390    0.127847     0.0851823     0.0852062     0.0851584     0.100538     0.109402     0.0945157
394    0.153199     0.106341     0.106379     0.106303     0.124482     0.134977     0.117352
398    0.185004     0.133982     0.134045     0.133918     0.154822     0.166911     0.146604
402    0.221473     0.168073     0.168184     0.167962     0.191435     0.205048     0.182174
406    0.282133     0.225705     0.225924     0.225485     0.252576     0.268354     0.241821
410    0.338082     0.287576     0.287989     0.287163     0.315594     0.332253     0.304188
414    0.405171     0.37047     0.371248     0.369693     0.397947     0.414668     0.386388
418    0.465421     0.461705     0.463046     0.460366     0.484996     0.499846     0.474527
422    0.496984     0.535682     0.537548     0.533816     0.549945     0.560059     0.542515
426    0.49261     0.569207     0.56733     0.571083     0.571348     0.568022     0.575078
430    0.447972     0.541352     0.53988     0.542824     0.531607     0.524391     0.53699
434    0.37588     0.463801     0.462913     0.464689     0.445949     0.434586     0.453946
438    0.30676     0.380835     0.380381     0.381289     0.359029     0.345785     0.368154
442    0.247815     0.307792     0.307579     0.308005     0.284809     0.271112     0.294158
446    0.199093     0.247328     0.247233     0.247423     0.225042     0.211867     0.233995
450    0.161102     0.200574     0.200535     0.200613     0.179772     0.167523     0.188079
454    0.131811     0.164894     0.164881     0.164907     0.145674     0.134381     0.153327
458    0.106386     0.13407     0.134068     0.134072     0.116967     0.10693     0.123768
462    0.0914263     0.116334     0.116338     0.116331     0.100376     0.091012     0.106719
466    0.0759832     0.097821     0.0978267     0.0978154     0.0834602     0.0750305     0.0891688
470    0.0644068     0.0839883     0.0839947     0.083982     0.0709644     0.0633151     0.0761429
474    0.0548365     0.0724923     0.0724987     0.0724859     0.0607359     0.0538295     0.0654115
478    0.0469336     0.0629357     0.0629417     0.0629296     0.0523527     0.0461348     0.0565628
482    0.0419551     0.0571003     0.0571061     0.0570945     0.0469774     0.0410273     0.0510061
486    0.0372182     0.0514507     0.0514561     0.0514453     0.0420918     0.0365875     0.0458187
490    0.030838     0.0433107     0.0433154     0.043306     0.0352443     0.0304971     0.0384583
494    0.027817     0.0396911     0.0396955     0.0396867     0.0321023     0.027635     0.0351272
498    0.0256661     0.0372127     0.0372169     0.0372085     0.0298595     0.0255302     0.0327915
502    0.0227176     0.0334618     0.0334656     0.0334579     0.0267719     0.0228321     0.0294404
506    0.0202767     0.0303452     0.0303487     0.0303417     0.0241487     0.0204978     0.0266216
510    0.0189716     0.0288613     0.0288647     0.028858     0.0228244     0.0192646     0.0252352
514    0.0175941     0.0272003     0.0272035     0.0271971     0.0215142     0.0181588     0.0237867
518    0.0156607     0.0246016     0.0246045     0.0245987     0.0192922     0.016156     0.0214154
522    0.0140414     0.022424     0.0224266     0.0224214     0.0174435     0.0144997     0.0194366
526    0.0124705     0.0202294     0.0202317     0.020227     0.0158101     0.0131968     0.0175795
530    0.0120355     0.0198302     0.0198325     0.0198279     0.0153484     0.0126977     0.0171434
534    0.0114071     0.0190724     0.0190746     0.0190702     0.0146878     0.012095     0.0164442
538    0.00990875     0.0168295     0.0168314     0.0168275     0.0129569     0.010667     0.0145084
542    0.00971541     0.0167504     0.0167523     0.0167484     0.0128615     0.0105616     0.0144201
546    0.00824118     0.0144262     0.0144279     0.0144245     0.0108695     0.0087648     0.0122959
550    0.00920788     0.0163781     0.01638     0.0163762     0.0124767     0.0101655     0.0140427
554    0.00712946     0.0128837     0.0128852     0.0128822     0.00971981     0.00784271     0.0109909
558    0.00749198     0.0137543     0.0137559     0.0137527     0.0103796     0.00837643     0.0117363
562    0.00679112     0.0126298     0.0126313     0.0126284     0.00946001     0.00758008     0.0107339
566    0.0063561     0.0119771     0.0119785     0.0119757     0.00892751     0.00712266     0.0101521
570    0.0063561     0.0121265     0.0121279     0.0121251     0.00901669     0.00717839     0.0102649
574    0.00609025     0.0118027     0.0118041     0.0118014     0.00877993     0.00699165     0.00999406
578    0.00517188     0.0101732     0.0101743     0.010172     0.00755785     0.00600856     0.00860927
582    0.00514771     0.0102619     0.0102631     0.0102607     0.00760395     0.00602907     0.00867285
586    0.00490604     0.00991582     0.00991697     0.00991467     0.00731299     0.00577181     0.00835962
590    0.00456769     0.0093651     0.00936619     0.00936402     0.00688251     0.00541113     0.00788162
594    0.00348015     0.0072526     0.00725344     0.00725176     0.0052369     0.00403773     0.00604999
598    0.00381849     0.00809711     0.00809805     0.00809617     0.00582155     0.00446228     0.00674179
602    0.00372182     0.00799961     0.00800053     0.00799868     0.00573962     0.00438839     0.00665421
606    0.00333514     0.00725108     0.00725192     0.00725024     0.00527362     0.00409362     0.00607319
610    0.00290012     0.006383     0.00638374     0.00638226     0.00456412     0.00348068     0.00529904
614    0.00263428     0.00587419     0.00587487     0.00587351     0.00416461     0.00314559     0.00485578
618    0.00261011     0.00590621     0.00590689     0.00590552     0.00421843     0.0032102     0.00490179
622    0.00297262     0.00682102     0.00682181     0.00682023     0.0049135     0.00377178     0.00568686
626    0.00256177     0.00595862     0.00595932     0.00595793     0.00422115     0.00318006     0.00492609
630    0.00256177     0.00603356     0.00603426     0.00603286     0.00415719     0.00303278     0.00491873
634    0.00241677     0.00576904     0.00576971     0.00576837     0.00402999     0.00298845     0.00473579
638    0.00236843     0.00572702     0.00572769     0.00572636     0.00402733     0.00300925     0.00471734
642    0.00212676     0.00520765     0.00520826     0.00520705     0.00367126     0.00274964     0.00429558
646    0.00217509     0.00540564     0.00540627     0.00540502     0.0038197     0.00286575     0.00446528
650    0.00181258     0.00456362     0.00456415     0.00456309     0.00320863     0.00239133     0.0037612
654    0.00176424     0.00450708     0.0045076     0.00450655     0.00312833     0.0022948     0.00369136
658    0.00169174     0.00437939     0.0043799     0.00437888     0.00301903     0.0021954     0.00357516
662    0.00198175     0.00519338     0.00519398     0.00519278     0.00357243     0.00258998     0.00423565
666    0.00166757     0.00443086     0.00443138     0.00443035     0.00307384     0.00225049     0.0036295
670    0.00142589     0.00383332     0.00383377     0.00383288     0.00264409     0.00192199     0.00313133
674    0.00140173     0.00381287     0.00381331     0.00381243     0.00262894     0.00190965     0.00311428
678    0.0014984     0.00412744     0.00412792     0.00412696     0.0028583     0.00208712     0.00337875
682    0.00137756     0.00383663     0.00383708     0.00383619     0.00260061     0.00184991     0.00310744
686    0.00113588     0.00319508     0.00319545     0.00319471     0.00217719     0.00155946     0.0025945
690    0.00137756     0.00392465     0.0039251     0.00392419     0.0026989     0.00195505     0.00320159
694    0.00130505     0.00376338     0.00376381     0.00376294     0.00255761     0.00182479     0.00305259
698    0.00130505     0.00381462     0.00381506     0.00381418     0.00256153     0.00179842     0.00307656
702    0.00120838     0.00357281     0.00357322     0.0035724     0.00240673     0.00169595     0.00288636
706    0.00111171     0.00332414     0.00332453     0.00332376     0.00228662     0.0016539     0.0027136
710    0.00108755     0.0032904     0.00329078     0.00329002     0.00225128     0.00161679     0.00267927
714    0.00125672     0.00385157     0.00385202     0.00385113     0.00256529     0.00177775     0.00309598
718    0.00106338     0.00330418     0.00330457     0.0033038     0.00212804     0.00140577     0.00261418
722    0.00118422     0.00372515     0.00372558     0.00372472     0.0024611     0.00168393     0.00298407
726    0.000773366     0.00245612     0.00245641     0.00245584     0.00160136     0.00107602     0.00195498
730    0.000845869     0.00271594     0.00271626     0.00271563     0.00182789     0.00128251     0.00219524
734    0.000652527     0.0021188     0.00211905     0.00211855     0.00135377     0.000883747     0.00167035
738    0.000773366     0.00254321     0.00254351     0.00254292     0.00162259     0.001056     0.00200399
742    0.000918372     0.00305161     0.00305196     0.00305125     0.0020367     0.00141068     0.00245777
746    0.000749198     0.00252539     0.00252568     0.0025251     0.00160688     0.00103841     0.00198872
750    0.000773366     0.00263848     0.00263879     0.00263818     0.00173221     0.00117012     0.00210948
754    0.000749198     0.00258181     0.00258211     0.00258151     0.001677     0.00111554     0.00205382
758    0.000580024     0.00201845     0.00201868     0.00201821     0.00129052     0.000838964     0.00159369
762    0.000483354     0.00170187     0.00170207     0.00170167     0.00106497     0.000669874     0.00133031
766    0.000700863     0.00249391     0.0024942     0.00249362     0.00165084     0.00112725     0.00200236
770    0.000773366     0.00278688     0.0027872     0.00278656     0.00176113     0.00112265     0.00218941
774    0.00041085     0.00149727     0.00149744     0.0014971     0.000873591     0.000484363     0.00113442
778    0.000652527     0.00240838     0.00240866     0.0024081     0.00152562     0.000973073     0.00189546
782    0.000652527     0.00243561     0.00243589     0.00243533     0.0015399     0.000978452     0.00191552
786    0.000459186     0.00173014     0.00173035     0.00172994     0.0010982     0.000702028     0.0013633
790    0.000531689     0.0020253     0.00202553     0.00202506     0.0012857     0.000822083     0.00159602
794    0.000507521     0.00195444     0.00195467     0.00195422     0.00115928     0.000660372     0.00149312
798    0.000459186     0.00178921     0.00178941     0.001789     0.0010688     0.000616033     0.00137158
802    0.000290012     0.00113851     0.00113865     0.00113838     0.000732994     0.000477761     0.000903599
806    0     0     0     0     -0.000166056     -0.000270932     -9.60482e-05
810    0     0     0     0     -0.00012741     -0.000208061     -7.36199e-05
814    0     0     0     0     -9.84799e-05     -0.000160924     -5.68544e-05
818    0     0     0     0     -0.000148415     -0.000242722     -8.56024e-05
822    0     0     0     0     -0.000129361     -0.000211655     -7.457e-05
826    0     0     0     0     -3.99912e-05     -6.54556e-05     -2.304e-05
830    0     0     0     0     -8.08572e-05     -0.000132426     -4.65486e-05
834    0     0     0     0     -0.000132044     -0.000216433     -7.59455e-05
838    0     0     0     0     -0.000112078     -0.000183879     -6.43908e-05
842    0     0     0     0     -5.13764e-05     -8.43474e-05     -2.94922e-05
846    0     0     0     0     -6.18245e-05     -0.000101552     -3.54682e-05
850    0     0     0     0     -0.000144741     -0.000237927     -8.29604e-05
854    0     0     0     0     -7.30416e-05     -0.000120168     -4.18237e-05
858    0     0     0     0     -0.000135775     -0.000223603     -7.76558e-05
862    0     0     0     0     -7.40327e-05     -0.000122025     -4.22985e-05
866    0     0     0     0     -5.29942e-05     -8.74167e-05     -3.02502e-05
870    0     0     0     0     -6.37821e-05     -0.000105253     -3.63907e-05
874    0     0     0     0     -0.000128008     -0.000211369     -7.29722e-05
878    0     0     0     0     -0.000117386     -0.000193932     -6.68753e-05
882    0     0     0     0     -6.4905e-05     -0.000107296     -3.69471e-05
886    0     0     0     0     -9.7624e-05     -0.000161495     -5.55295e-05
890    0     0     0     0     -8.71737e-05     -0.000144344     -4.95297e-05
894    0     0     0     0     -0.000121052     -0.000200656     -6.86936e-05
898    0     0     0     0     -5.48682e-05     -9.10452e-05     -3.10981e-05
902    0     0     0     0     -3.31334e-05     -5.5019e-05     -1.8765e-05
906    0     0     0     0     -6.64435e-05     -0.00011043     -3.75854e-05
910    0     0     0     0     -8.92857e-05     -0.00014854     -5.0451e-05
914    0     0     0     0     -5.60525e-05     -9.33379e-05     -3.16384e-05
918    0     0     0     0     -5.65475e-05     -9.42497e-05     -3.1884e-05
922    0     0     0     0     -9.06247e-05     -0.000151193     -5.10418e-05
926    0     0     0     0     -0.00010205     -0.000170377     -5.74293e-05
930    0     0     0     0     -4.5768e-05     -7.64794e-05     -2.5729e-05
934    0     0     0     0     -6.91754e-05     -0.000115715     -3.884e-05
938    0     0     0     0     -3.46113e-05     -5.79589e-05     -1.941e-05
942    0     0     0     0     -8.11245e-05     -0.000135932     -4.54605e-05
946    0     0     0     0     -0.000104394     -0.0001751     -5.84362e-05
950    0     0     0     0     -3.49554e-05     -5.86624e-05     -1.95522e-05
954    0     0     0     0     -5.86931e-05     -9.86051e-05     -3.27905e-05
958    0     0     0     0     -4.73458e-05     -7.96257e-05     -2.64198e-05
962    0     0     0     0     -4.73378e-05     -7.96783e-05     -2.63897e-05
966    0     0     0     0     -7.13816e-05     -0.000120333     -3.97248e-05
970    0     0     0     0     -8.34815e-05     -0.000140882     -4.64036e-05
974    0     0     0     0     -1.19948e-05     -2.02641e-05     -6.65859e-06
978    0     0     0     0     -2.40268e-05     -4.06189e-05     -1.33275e-05
982    0     0     0     0     -2.40992e-05     -4.07807e-05     -1.33532e-05
986    0     0     0     0     -3.62805e-05     -6.14663e-05     -2.00763e-05
990    0     0     0     0     -3.65453e-05     -6.19614e-05     -2.02053e-05
994    0     0     0     0     -3.66039e-05     -6.21679e-05     -2.01975e-05
998    0     0     0     0     -4.91888e-05     -8.35943e-05     -2.71252e-05
1002    0     0     0     0     0     0     0
1006    0     0     0     0     0     0     0
1010    0     0     0     0     0     0     0
1014    0     0     0     0     0     0     0
1018    0     0     0     0     0     0     0
1022    0     0     0     0     0     0     0
1026    0     0     0     0     0     0     0
1030    0     0     0     0     0     0     0
1034    0     0     0     0     0     0     0
1038    0     0     0     0     0     0     0
1042    0     0     0     0     0     0     0
1046    0     0     0     0     0     0     0
1050    0     0     0     0     0     0     0
1054    0     0     0     0     0     0     0
1058    0     0     0     0     0     0     0
1062    0     0     0     0     0     0     0
1066    0     0     0     0     0     0     0
1070    0     0     0     0     0     0     0
1074    0     0     0     0     0     0     0
1078    0     0     0     0     0     0     0
1082    0     0     0     0     0     0     0
1086    0     0     0     0     0     0     0
1090    0     0     0     0     0     0     0
1094    0     0     0     0     0     0     0
1098    0     0     0     0     0     0     0
1102    0     0     0     0     0     0     0
1106    0     0     0     0     0     0     0
1110    0     0     0     0     0     0     0
1114    0     0     0     0     0     0     0
1118    0     0     0     0     0     0     0
1122    0     0     0     0     0     0     0
1126    0     0     0     0     0     0     0
1130    0     0     0     0     0     0     0
1134    0     0     0     0     0     0     0
1138    0     0     0     0     0     0     0
1142    0     0     0     0     0     0     0
1146    0     0     0     0     0     0     0
1150    0     0     0     0     0     0     0
1154    0     0     0     0     0     0     0
1158    0     0     0     0     0     0     0
1162    0     0     0     0     0     0     0
1166    0     0     0     0     0     0     0
1170    0     0     0     0     0     0     0
1174    0     0     0     0     0     0     0
1178    0     0     0     0     0     0     0
1182    0     0     0     0     0     0     0
1186    0     0     0     0     0     0     0
1190    0     0     0     0     0     0     0
1194    0     0     0     0     0     0     0
1198    0     0     0     0     0     0     0
1202    0     0     0     0     0     0     0
1206    0     0     0     0     0     0     0
1210    0     0     0     0     0     0     0
1214    0     0     0     0     0     0     0
1218    0     0     0     0     0     0     0
1222    0     0     0     0     0     0     0
1226    0     0     0     0     0     0     0
1230    0     0     0     0     0     0     0
1234    0     0     0     0     0     0     0
1238    0     0     0     0     0     0     0
1242    0     0     0     0     0     0     0
1246    0     0     0     0     0     0     0
1250    0     0     0     0     0     0     0
1254    0     0     0     0     0     0     0
1258    0     0     0     0     0     0     0
1262    0     0     0     0     0     0     0
1266    0     0     0     0     0     0     0
1270    0     0     0     0     0     0     0
1274    0     0     0     0     0     0     0
1278    0     0     0     0     0     0     0
1282    0     0     0     0     0     0     0
1286    0     0     0     0     0     0     0
1290    0     0     0     0     0     0     0
1294    0     0     0     0     0     0     0
1298    0     0     0     0     0     0     0
1302    0     0     0     0     0     0     0
1306    0     0     0     0     0     0     0
1310    0     0     0     0     0     0     0
1314    0     0     0     0     0     0     0
1318    0     0     0     0     0     0     0
1322    0     0     0     0     0     0     0
1326    0     0     0     0     0     0     0
1330    0     0     0     0     0     0     0
1334    0     0     0     0     0     0     0
1338    0     0     0     0     0     0     0
1342    0     0     0     0     0     0     0
1346    0     0     0     0     0     0     0
1350    0     0     0     0     0     0     0
1354    0     0     0     0     0     0     0
1358    0     0     0     0     0     0     0
1362    0     0     0     0     0     0     0
1366    0     0     0     0     0     0     0
1370    0     0     0     0     0     0     0
1374    0     0     0     0     0     0     0
1378    0     0     0     0     0     0     0
1382    0     0     0     0     0     0     0
1386    0     0     0     0     0     0     0
1390    0     0     0     0     0     0     0
1394    0     0     0     0     0     0     0
1398    0     0     0     0     0     0     0
1402    0     0     0     0     0     0     0
1406    0     0     0     0     0     0     0
1410    0     0     0     0     0     0     0
1414    0     0     0     0     0     0     0
1418    0     0     0     0     0     0     0
1422    0     0     0     0     0     0     0
1426    0     0     0     0     0     0     0
1430    0     0     0     0     0     0     0
1434    0     0     0     0     0     0     0
1438    0     0     0     0     0     0     0
1442    0     0     0     0     0     0     0
1446    0     0     0     0     0     0     0
1450    0     0     0     0     0     0     0
1454    0     0     0     0     0     0     0
1458    0     0     0     0     0     0     0
1462    0     0     0     0     0     0     0
1466    0     0     0     0     0     0     0
1470    0     0     0     0     0     0     0
1474    0     0     0     0     0     0     0
1478    0     0     0     0     0     0     0
1482    0     0     0     0     0     0     0
1486    0     0     0     0     0     0     0
1490    0     0     0     0     0     0     0
1494    0     0     0     0     0     0     0
1498    0     0     0     0     0     0     0
1502    0     0     0     0     0     0     0
1506    0     0     0     0     0     0     0
1510    0     0     0     0     0     0     0
1514    0     0     0     0     0     0     0
1518    0     0     0     0     0     0     0
1522    0     0     0     0     0     0     0
1526    0     0     0     0     0     0     0
1530    0     0     0     0     0     0     0
1534    0     0     0     0     0     0     0
1538    0     0     0     0     0     0     0
1542    0     0     0     0     0     0     0
1546    0     0     0     0     0     0     0
1550    0     0     0     0     0     0     0
1554    0     0     0     0     0     0     0
1558    0     0     0     0     0     0     0
1562    0     0     0     0     0     0     0
1566    0     0     0     0     0     0     0
1570    0     0     0     0     0     0     0
1574    0     0     0     0     0     0     0
1578    0     0     0     0     0     0     0
1582    0     0     0     0     0     0     0
1586    0     0     0     0     0     0     0
1590    0     0     0     0     0     0     0
1594    0     0     0     0     0     0     0
1598    0     0     0     0     0     0     0
1602    0     0     0     0     0     0     0
1606    0     0     0     0     0     0     0
1610    0     0     0     0     0     0     0
1614    0     0     0     0     0     0     0
1618    0     0     0     0     0     0     0
1622    0     0     0     0     0     0     0
1626    0     0     0     0     0     0     0
1630    0     0     0     0     0     0     0
1634    0     0     0     0     0     0     0
1638    0     0     0     0     0     0     0
1642    0     0     0     0     0     0     0
1646    0     0     0     0     0     0     0
1650    0     0     0     0     0     0     0
1654    0     0     0     0     0     0     0
1658    0     0     0     0     0     0     0
1662    0     0     0     0     0     0     0
1666    0     0     0     0     0     0     0
1670    0     0     0     0     0     0     0
1674    0     0     0     0     0     0     0
1678    0     0     0     0     0     0     0
1682    0     0     0     0     0     0     0
1686    0     0     0     0     0     0     0
1690    0     0     0     0     0     0     0
1694    0     0     0     0     0     0     0
1698    0     0     0     0     0     0     0
1702    0     0     0     0     0     0     0
1706    0     0     0     0     0     0     0
1710    0     0     0     0     0     0     0
1714    0     0     0     0     0     0     0
1718    0     0     0     0     0     0     0
1722    0     0     0     0     0     0     0
1726    0     0     0     0     0     0     0
1730    0     0     0     0     0     0     0
1734    0     0     0     0     0     0     0
1738    0     0     0     0     0     0     0
1742    0     0     0     0     0     0     0
1746    0     0     0     0     0     0     0
1750    0     0     0     0     0     0     0
1754    0     0     0     0     0     0     0
1758    0     0     0     0     0     0     0
1762    0     0     0     0     0     0     0
1766    0     0     0     0     0     0     0
1770    0     0     0     0     0     0     0
1774    0     0     0     0     0     0     0
1778    0     0     0     0     0     0     0
1782    0     0     0     0     0     0     0
1786    0     0     0     0     0     0     0
1790    0     0     0     0     0     0     0
1794    0     0     0     0     0     0     0
1798    0     0     0     0     0     0     0
1802    0     0     0     0     0     0     0
1806    0     0     0     0     0     0     0
1810    0     0     0     0     0     0     0
1814    0     0     0     0     0     0     0
1818    0     0     0     0     0     0     0
1822    0     0     0     0     0     0     0
1826    0     0     0     0     0     0     0
1830    0     0     0     0     0     0     0
1834    0     0     0     0     0     0     0
1838    0     0     0     0     0     0     0
1842    0     0     0     0     0     0     0
1846    0     0     0     0     0     0     0
1850    0     0     0     0     0     0     0
1854    0     0     0     0     0     0     0
1858    0     0     0     0     0     0     0
1862    0     0     0     0     0     0     0
1866    0     0     0     0     0     0     0
1870    0     0     0     0     0     0     0
1874    0     0     0     0     0     0     0
1878    0     0     0     0     0     0     0
1882    0     0     0     0     0     0     0
1886    0     0     0     0     0     0     0
1890    0     0     0     0     0     0     0
1894    0     0     0     0     0     0     0
1898    0     0     0     0     0     0     0
1902    0     0     0     0     0     0     0
1906    0     0     0     0     0     0     0
1910    0     0     0     0     0     0     0
1914    0     0     0     0     0     0     0
1918    0     0     0     0     0     0     0
1922    0     0     0     0     0     0     0
1926    0     0     0     0     0     0     0
1930    0     0     0     0     0     0     0
1934    0     0     0     0     0     0     0
1938    0     0     0     0     0     0     0
1942    0     0     0     0     0     0     0
1946    0     0     0     0     0     0     0
1950    0     0     0     0     0     0     0
1954    0     0     0     0     0     0     0
1958    0     0     0     0     0     0     0
1962    0     0     0     0     0     0     0
1966    0     0     0     0     0     0     0
1970    0     0     0     0     0     0     0
1974    0     0     0     0     0     0     0
1978    0     0     0     0     0     0     0
1982    0     0     0     0     0     0     0
1986    0     0     0     0     0     0     0
1990    0     0     0     0     0     0     0
1994    0     0     0     0     0     0     0
1998    0     0     0     0     0     0     0
2002    0     0     0     0     0     0     0
2006    0     0     0     0     0     0     0
2010    0     0     0     0     0     0     0
2014    0     0     0     0     0     0     0
2018    0     0     0     0     0     0     0
2022    0     0     0     0     0     0     0
2026    0     0     0     0     0     0     0
2030    0     0     0     0     0     0     0
2034    0     0     0     0     0     0     0
2038    0     0     0     0     0     0     0
2042    0     0     0     0     0     0     0
2046    0     0     0     0     0     0     0
2050    0     0     0     0     0     0     0
2054    0     0     0     0     0     0     0
2058    0     0     0     0     0     0     0
2062    0     0     0     0     0     0     0
2066    0     0     0     0     0     0     0
2070    0     0     0     0     0     0     0
2074    0     0     0     0     0     0     0
2078    0     0     0     0     0     0     0
2082    0     0     0     0     0     0     0
2086    0     0     0     0     0     0     0
2090    0     0     0     0     0     0     0
2094    0     0     0     0     0     0     0
2098    0     0     0     0     0     0     0
2102    0     0     0     0     0     0     0
2106    0     0     0     0     0     0     0
2110    0     0     0     0     0     0     0
2114    0     0     0     0     0     0     0
2118    0     0     0     0     0     0     0
2122    0     0     0     0     0     0     0
2126    0     0     0     0     0     0     0
2130    0     0     0     0     0     0     0
2134    0     0     0     0     0     0     0
2138    0     0     0     0     0     0     0
2142    0     0     0     0     0     0     0
2146    0     0     0     0     0     0     0
2150    0     0     0     0     0     0     0
2154    0     0     0     0     0     0     0
2158    0     0     0     0     0     0     0
2162    0     0     0     0     0     0     0
2166    0     0     0     0     0     0     0
2170    0     0     0     0     0     0     0
2174    0     0     0     0     0     0     0
2178    0     0     0     0     0     0     0
2182    0     0     0     0     0     0     0
2186    0     0     0     0     0     0     0
2190    0     0     0     0     0     0     0
2194    0     0     0     0     0     0     0
2198    0     0     0     0     0     0     0
2202    0     0     0     0     0     0     0
2206    0     0     0     0     0     0     0
2210    0     0     0     0     0     0     0
2214    0     0     0     0     0     0     0
2218    0     0     0     0     0     0     0
2222    0     0     0     0     0     0     0
2226    0     0     0     0     0     0     0
2230    0     0     0     0     0     0     0
2234    0     0     0     0     0     0     0
2238    0     0     0     0     0     0     0
2242    0     0     0     0     0     0     0
2246    0     0     0     0     0     0     0
2250    0     0     0     0     0     0     0
2254    0     0     0     0     0     0     0
2258    0     0     0     0     0     0     0
2262    0     0     0     0     0     0     0
2266    0     0     0     0     0     0     0
2270    0     0     0     0     0     0     0
2274    0     0     0     0     0     0     0
2278    0     0     0     0     0     0     0
2282    0     0     0     0     0     0     0
2286    0     0     0     0     0     0     0
2290    0     0     0     0     0     0     0
2294    0     0     0     0     0     0     0
2298    0     0     0     0     0     0     0
2302    0     0     0     0     0     0     0
2306    0     0     0     0     0     0     0
2310    0     0     0     0     0     0     0
2314    0     0     0     0     0     0     0
2318    0     0     0     0     0     0     0
2322    0     0     0     0     0     0     0
2326    0     0     0     0     0     0     0
2330    0     0     0     0     0     0     0
2334    0     0     0     0     0     0     0
2338    0     0     0     0     0     0     0
2342    0     0     0     0     0     0     0
2346    0     0     0     0     0     0     0
2350    0     0     0     0     0     0     0
2354    0     0     0     0     0     0     0
2358    0     0     0     0     0     0     0
2362    0     0     0     0     0     0     0
2366    0     0     0     0     0     0     0
2370    0     0     0     0     0     0     0
2374    0     0     0     0     0     0     0
2378    0     0     0     0     0     0     0
2382    0     0     0     0     0     0     0
2386    0     0     0     0     0     0     0
2390    0     0     0     0     0     0     0
2394    0     0     0     0     0     0     0
2398    0     0     0     0     0     0     0
2402    0     0     0     0     0     0     0
2406    0     0     0     0     0     0     0
2410    0     0     0     0     0     0     0
2414    0     0     0     0     0     0     0
2418    0     0     0     0     0     0     0
2422    0     0     0     0     0     0     0
2426    0     0     0     0     0     0     0
2430    0     0     0     0     0     0     0
2434    0     0     0     0     0     0     0
2438    0     0     0     0     0     0     0
2442    0     0     0     0     0     0     0
2446    0     0     0     0     0     0     0
2450    0     0     0     0     0     0     0
2454    0     0     0     0     0     0     0
2458    0     0     0     0     0     0     0
2462    0     0     0     0     0     0     0
2466    0     0     0     0     0     0     0
2470    0     0     0     0     0     0     0
2474    0     0     0     0     0     0     0
2478    0     0     0     0     0     0     0
2482    0     0     0     0     0     0     0
2486    0     0     0     0     0     0     0
2490    0     0     0     0     0     0     0
2494    0     0     0     0     0     0     0
2498    0     0     0     0     0     0     0
2502    0     0     0     0     0     0     0
2506    0     0     0     0     0     0     0
2510    0     0     0     0     0     0     0
2514    0     0     0     0     0     0     0
2518    0     0     0     0     0     0     0
2522    0     0     0     0     0     0     0
2526    0     0     0     0     0     0     0
2530    0     0     0     0     0     0     0
2534    0     0     0     0     0     0     0
2538    0     0     0     0     0     0     0
2542    0     0     0     0     0     0     0
2546    0     0     0     0     0     0     0
2550    0     0     0     0     0     0     0
2554    0     0     0     0     0     0     0
2558    0     0     0     0     0     0     0
2562    0     0     0     0     0     0     0
2566    0     0     0     0     0     0     0
2570    0     0     0     0     0     0     0
2574    0     0     0     0     0     0     0
2578    0     0     0     0     0     0     0
2582    0     0     0     0     0     0     0
2586    0     0     0     0     0     0     0
2590    0     0     0     0     0     0     0
2594    0     0     0     0     0     0     0
2598    0     0     0     0     0     0     0
2602    0     0     0     0     0     0     0
2606    0     0     0     0     0     0     0
2610    0     0     0     0     0     0     0
2614    0     0     0     0     0     0     0
2618    0     0     0     0     0     0     0
2622    0     0     0     0     0     0     0
2626    0     0     0     0     0     0     0
2630    0     0     0     0     0     0     0
2634    0     0     0     0     0     0     0
2638    0     0     0     0     0     0     0
2642    0     0     0     0     0     0     0
2646    0     0     0     0     0     0     0
2650    0     0     0     0     0     0     0
2654    0     0     0     0     0     0     0
2658    0     0     0     0     0     0     0
2662    0     0     0     0     0     0     0
2666    0     0     0     0     0     0     0
2670    0     0     0     0     0     0     0
2674    0     0     0     0     0     0     0
2678    0     0     0     0     0     0     0
2682    0     0     0     0     0     0     0
2686    0     0     0     0     0     0     0
2690    0     0     0     0     0     0     0
2694    0     0     0     0     0     0     0
2698    0     0     0     0     0     0     0
2702    0     0     0     0     0     0     0
2706    0     0     0     0     0     0     0
2710    0     0     0     0     0     0     0
2714    0     0     0     0     0     0     0
2718    0     0     0     0     0     0     0
2722    0     0     0     0     0     0     0
2726    0     0     0     0     0     0     0
2730    0     0     0     0     0     0     0
2734    0     0     0     0     0     0     0
2738    0     0     0     0     0     0     0
2742    0     0     0     0     0     0     0
2746    0     0     0     0     0     0     0
2750    0     0     0     0     0     0     0
2754    0     0     0     0     0     0     0
2758    0     0     0     0     0     0     0
2762    0     0     0     0     0     0     0
2766    0     0     0     0     0     0     0
2770    0     0     0     0     0     0     0
2774    0     0     0     0     0     0     0
2778    0     0     0     0     0     0     0
2782    0     0     0     0     0     0     0
2786    0     0     0     0     0     0     0
2790    0     0     0     0     0     0     0
2794    0     0     0     0     0     0     0
2798    0     0     0     0     0     0     0
2802    0     0     0     0     0     0     0
2806    0     0     0     0     0     0     0
2810    0     0     0     0     0     0     0
2814    0     0     0     0     0     0     0
2818    0     0     0     0     0     0     0
2822    0     0     0     0     0     0     0
2826    0     0     0     0     0     0     0
2830    0     0     0     0     0     0     0
2834    0     0     0     0     0     0     0
2838    0     0     0     0     0     0     0
2842    0     0     0     0     0     0     0
2846    0     0     0     0     0     0     0
2850    0     0     0     0     0     0     0
2854    0     0     0     0     0     0     0
2858    0     0     0     0     0     0     0
2862    0     0     0     0     0     0     0
2866    0     0     0     0     0     0     0
2870    0     0     0     0     0     0     0
2874    0     0     0     0     0     0     0
2878    0     0     0     0     0     0     0
2882    0     0     0     0     0     0     0
2886    0     0     0     0     0     0     0
2890    0     0     0     0     0     0     0
2894    0     0     0     0     0     0     0
2898    0     0     0     0     0     0     0
2902    0     0     0     0     0     0     0
2906    0     0     0     0     0     0     0
2910    0     0     0     0     0     0     0
2914    0     0     0     0     0     0     0
2918    0     0     0     0     0     0     0
2922    0     0     0     0     0     0     0
2926    0     0     0     0     0     0     0
2930    0     0     0     0     0     0     0
2934    0     0     0     0     0     0     0
2938    0     0     0     0     0     0     0
2942    0     0     0     0     0     0     0
2946    0     0     0     0     0     0     0
2950    0     0     0     0     0     0     0
2954    0     0     0     0     0     0     0
2958    0     0     0     0     0     0     0
2962    0     0     0     0     0     0     0
2966    0     0     0     0     0     0     0
2970    0     0     0     0     0     0     0
2974    0     0     0     0     0     0     0
2978    0     0     0     0     0     0     0
2982    0     0     0     0     0     0     0
2986    0     0     0     0     0     0     0
2990    0     0     0     0     0     0     0
2994    0     0     0     0     0     0     0
2998    0     0     0     0     0     0     0
3002    0     0     0     0     0     0     0
3006    0     0     0     0     0     0     0
3010    0     0     0     0     0     0     0
3014    0     0     0     0     0     0     0
3018    0     0     0     0     0     0     0
3022    0     0     0     0     0     0     0
3026    0     0     0     0     0     0     0
3030    0     0     0     0     0     0     0
3034    0     0     0     0     0     0     0
3038    0     0     0     0     0     0     0
3042    0     0     0     0     0     0     0
3046    0     0     0     0     0     0     0
3050    0     0     0     0     0     0     0
3054    0     0     0     0     0     0     0
3058    0     0     0     0     0     0     0
3062    0     0     0     0     0     0     0
3066    0     0     0     0     0     0     0
3070    0     0     0     0     0     0     0
3074    0     0     0     0     0     0     0
3078    0     0     0     0     0     0     0
3082    0     0     0     0     0     0     0
3086    0     0     0     0     0     0     0
3090    0     0     0     0     0     0     0
3094    0     0     0     0     0     0     0
3098    0     0     0     0     0     0     0
3102    0     0     0     0     0     0     0
3106    0     0     0     0     0     0     0
3110    0     0     0     0     0     0     0
3114    0     0     0     0     0     0     0
3118    0     0     0     0     0     0     0
3122    0     0     0     0     0     0     0
3126    0     0     0     0     0     0     0
3130    0     0     0     0     0     0     0
3134    0     0     0     0     0     0     0
3138    0     0     0     0     0     0     0
3142    0     0     0     0     0     0     0
3146    0     0     0     0     0     0     0
3150    0     0     0     0     0     0     0
3154    0     0     0     0     0     0     0
3158    0     0     0     0     0     0     0
3162    0     0     0     0     0     0     0
3166    0     0     0     0     0     0     0
3170    0     0     0     0     0     0     0
3174    0     0     0     0     0     0     0
3178    0     0     0     0     0     0     0
3182    0     0     0     0     0     0     0
3186    0     0     0     0     0     0     0
3190    0     0     0     0     0     0     0
3194    0     0     0     0     0     0     0
3198    0     0     0     0     0     0     0
3202    0     0     0     0     0     0     0
3206    0     0     0     0     0     0     0
3210    0     0     0     0     0     0     0
3214    0     0     0     0     0     0     0
3218    0     0     0     0     0     0     0
3222    0     0     0     0     0     0     0
3226    0     0     0     0     0     0     0
3230    0     0     0     0     0     0     0
3234    0     0     0     0     0     0     0
3238    0     0     0     0     0     0     0
3242    0     0     0     0     0     0     0
3246    0     0     0     0     0     0     0
3250    0     0     0     0     0     0     0
3254    0     0     0     0     0     0     0
3258    0     0     0     0     0     0     0
3262    0     0     0     0     0     0     0
3266    0     0     0     0     0     0     0
3270    0     0     0     0     0     0     0
3274    0     0     0     0     0     0     0
3278    0     0     0     0     0     0     0
3282    0     0     0     0     0     0     0
3286    0     0     0     0     0     0     0
3290    0     0     0     0     0     0     0
3294    0     0     0     0     0     0     0
3298    0     0     0     0     0     0     0
3302    0     0     0     0     0     0     0
3306    0     0     0     0     0     0     0
3310    0     0     0     0     0     0     0
3314    0     0     0     0     0     0     0
3318    0     0     0     0     0     0     0
3322    0     0     0     0     0     0     0
3326    0     0     0     0     0     0     0
3330    0     0     0     0     0     0     0
3334    0     0     0     0     0     0     0
3338    0     0     0     0     0     0     0
3342    0     0     0     0     0     0     0
3346    0     0     0     0     0     0     0
3350    0     0     0     0     0     0     0
3354    0     0     0     0     0     0     0
3358    0     0     0     0     0     0     0
3362    0     0     0     0     0     0     0
3366    0     0     0     0     0     0     0
3370    0     0     0     0     0     0     0
3374    0     0     0     0     0     0     0
3378    0     0     0     0     0     0     0
3382    0     0     0     0     0     0     0
3386    0     0     0     0     0     0     0
3390    0     0     0     0     0     0     0
3394    0     0     0     0     0     0     0
3398    0     0     0     0     0     0     0
3402    0     0     0     0     0     0     0
3406    0     0     0     0     0     0     0
3410    0     0     0     0     0     0     0
3414    0     0     0     0     0     0     0
3418    0     0     0     0     0     0     0
3422    0     0     0     0     0     0     0
3426    0     0     0     0     0     0     0
3430    0     0     0     0     0     0     0
3434    0     0     0     0     0     0     0
3438    0     0     0     0     0     0     0
3442    0     0     0     0     0     0     0
3446    0     0     0     0     0     0     0
3450    0     0     0     0     0     0     0
3454    0     0     0     0     0     0     0
3458    0     0     0     0     0     0     0
3462    0     0     0     0     0     0     0
3466    0     0     0     0     0     0     0
3470    0     0     0     0     0     0     0
3474    0     0     0     0     0     0     0
3478    0     0     0     0     0     0     0
3482    0     0     0     0     0     0     0
3486    0     0     0     0     0     0     0
3490    0     0     0     0     0     0     0
3494    0     0     0     0     0     0     0
3498    0     0     0     0     0     0     0
3502    0     0     0     0     0     0     0
3506    0     0     0     0     0     0     0
3510    0     0     0     0     0     0     0
3514    0     0     0     0     0     0     0
3518    0     0     0     0     0     0     0
3522    0     0     0     0     0     0     0
3526    0     0     0     0     0     0     0
3530    0     0     0     0     0     0     0
3534    0     0     0     0     0     0     0
3538    0     0     0     0     0     0     0
3542    0     0     0     0     0     0     0
3546    0     0     0     0     0     0     0
3550    0     0     0     0     0     0     0
3554    0     0     0     0     0     0     0
3558    0     0     0     0     0     0     0
3562    0     0     0     0     0     0     0
3566    0     0     0     0     0     0     0
3570    0     0     0     0     0     0     0
3574    0     0     0     0     0     0     0
3578    0     0     0     0     0     0     0
3582    0     0     0     0     0     0     0
3586    0     0     0     0     0     0     0
3590    0     0     0     0     0     0     0
3594    0     0     0     0     0     0     0
3598    0     0     0     0     0     0     0
3602    0     0     0     0     0     0     0
3606    0     0     0     0     0     0     0
3610    0     0     0     0     0     0     0
3614    0     0     0     0     0     0     0
3618    0     0     0     0     0     0     0
3622    0     0     0     0     0     0     0
3626    0     0     0     0     0     0     0
3630    0     0     0     0     0     0     0
3634    0     0     0     0     0     0     0
3638    0     0     0     0     0     0     0
3642    0     0     0     0     0     0     0
3646    0     0     0     0     0     0     0
3650    0     0     0     0     0     0     0
3654    0     0     0     0     0     0     0
3658    0     0     0     0     0     0     0
3662    0     0     0     0     0     0     0
3666    0     0     0     0     0     0     0
3670    0     0     0     0     0     0     0
3674    0     0     0     0     0     0     0
3678    0     0     0     0     0     0     0
3682    0     0     0     0     0     0     0
3686    0     0     0     0     0     0     0
3690    0     0     0     0     0     0     0
3694    0     0     0     0     0     0     0
3698    0     0     0     0     0     0     0
3702    0     0     0     0     0     0     0
3706    0     0     0     0     0     0     0
3710    0     0     0     0     0     0     0
3714    0     0     0     0     0     0     0
3718    0     0     0     0     0     0     0
3722    0     0     0     0     0     0     0
3726    0     0     0     0     0     0     0
3730    0     0     0     0     0     0     0
3734    0     0     0     0     0     0     0
3738    0     0     0     0     0     0     0
3742    0     0     0     0     0     0     0
3746    0     0     0     0     0     0     0
3750    0     0     0     0     0     0     0
3754    0     0     0     0     0     0     0
3758    0     0     0     0     0     0     0
3762    0     0     0     0     0     0     0
3766    0     0     0     0     0     0     0
3770    0     0     0     0     0     0     0
3774    0     0     0     0     0     0     0
3778    0     0     0     0     0     0     0
3782    0     0     0     0     0     0     0
3786    0     0     0     0     0     0     0
3790    0     0     0     0     0     0     0
3794    0     0     0     0     0     0     0
3798    0     0     0     0     0     0     0
3802    0     0     0     0     0     0     0
3806    0     0     0     0     0     0     0
3810    0     0     0     0     0     0     0
3814    0     0     0     0     0     0     0
3818    0     0     0     0     0     0     0
3822    0     0     0     0     0     0     0
3826    0     0     0     0     0     0     0
3830    0     0     0     0     0     0     0
3834    0     0     0     0     0     0     0
3838    0     0     0     0     0     0     0
3842    0     0     0     0     0     0     0
3846    0     0     0     0     0     0     0
3850    0     0     0     0     0     0     0
3854    0     0     0     0     0     0     0
3858    0     0     0     0     0     0     0
3862    0     0     0     0     0     0     0
3866    0     0     0     0     0     0     0
3870    0     0     0     0     0     0     0
3874    0     0     0     0     0     0     0
3878    0     0     0     0     0     0     0
3882    0     0     0     0     0     0     0
3886    0     0     0     0     0     0     0
3890    0     0     0     0     0     0     0
3894    0     0     0     0     0     0     0
3898    0     0     0     0     0     0     0
3902    0     0     0     0     0     0     0
3906    0     0     0     0     0     0     0
3910    0     0     0     0     0     0     0
3914    0     0     0     0     0     0     0
3918    0     0     0     0     0     0     0
3922    0     0     0     0     0     0     0
3926    0     0     0     0     0     0     0
3930    0     0     0     0     0     0     0
3934    0     0     0     0     0     0     0
3938    0     0     0     0     0     0     0
3942    0     0     0     0     0     0     0
3946    0     0     0     0     0     0     0
3950    0     0     0     0     0     0     0
3954    0     0     0     0     0     0     0
3958    0     0     0     0     0     0     0
3962    0     0     0     0     0     0     0
3966    0     0     0     0     0     0     0
3970    0     0     0     0     0     0     0
3974    0     0     0     0     0     0     0
3978    0     0     0     0     0     0     0
3982    0     0     0     0     0     0     0
3986    0     0     0     0     0     0     0
3990    0     0     0     0     0     0     0
3994    0     0     0     0     0     0     0
3998    0     0     0     0     0     0     0
