2    0     0     0     0     0     0     0
6    0     0     0     0     0     0     0
10    0     0     0     0     0     0     0
14    0     0     0     0     0     0     0
18    0     0     0     0     0     0     0
22    0     0     0     0     0     0     0
26    9.58679e-05     4.38869e-08     4.38831e-08     4.38872e-08     4.38869e-08     4.38869e-08     4.38869e-08
30    0.000110248     4.14291e-08     4.14256e-08     4.14293e-08     4.14291e-08     4.14291e-08     4.14291e-08
34    0.000143802     4.60248e-08     4.6021e-08     4.60252e-08     4.60248e-08     4.60248e-08     4.60248e-08
38    0.000105455     2.83084e-08     2.8306e-08     2.83086e-08     2.83084e-08     2.83084e-08     2.83084e-08
42    0.000191736     4.57465e-08     4.57427e-08     4.57469e-08     4.57465e-08     4.57465e-08     4.57465e-08
46    0.000177356     3.74039e-08     3.74007e-08     3.74041e-08     3.74039e-08     3.74039e-08     3.74039e-08
50    0.000234876     4.44534e-08     4.44496e-08     4.44537e-08     4.44534e-08     4.44534e-08     4.44534e-08
54    0.00026843     4.57656e-08     4.57617e-08     4.57659e-08     4.57656e-08     4.57656e-08     4.57656e-08
58    0.000292397     4.60777e-08     4.60738e-08     4.6078e-08     4.60777e-08     4.60777e-08     4.60777e-08
62    0.000311571     4.55112e-08     4.55074e-08     4.55115e-08     4.55112e-08     4.55112e-08     4.55112e-08
66    0.000273224     3.74468e-08     3.74437e-08     3.74471e-08     3.74468e-08     3.74468e-08     3.74468e-08
70    0.000354711     4.61534e-08     4.61495e-08     4.61538e-08     4.61534e-08     4.61534e-08     4.61534e-08
74    0.000440992     5.48859e-08     5.48812e-08     5.48862e-08     5.48859e-08     5.48859e-08     5.48859e-08
78    0.000546447     6.60308e-08     6.60252e-08     6.60312e-08     6.60308e-08     6.60308e-08     6.60308e-08
82    0.000488926     5.77656e-08     5.77607e-08     5.7766e-08     5.77656e-08     5.77656e-08     5.77656e-08
86    0.000580001     6.74342e-08     6.74285e-08     6.74347e-08     6.74342e-08     6.74342e-08     6.74342e-08
90    0.000488926     5.64039e-08     5.63992e-08     5.64043e-08     5.64039e-08     5.64039e-08     5.64039e-08
94    0.000512893     5.90593e-08     5.90543e-08     5.90597e-08     5.90593e-08     5.90593e-08     5.90593e-08
98    0.000498513     5.76386e-08     5.76338e-08     5.7639e-08     5.76386e-08     5.76386e-08     5.76386e-08
102    0.000594381     6.92662e-08     6.92603e-08     6.92667e-08     6.92662e-08     6.92662e-08     6.92662e-08
106    0.000599174     7.07774e-08     7.07714e-08     7.07779e-08     7.07774e-08     7.07774e-08     7.07774e-08
110    0.000709422     8.57528e-08     8.57456e-08     8.57534e-08     8.57528e-08     8.57528e-08     8.57528e-08
114    0.000632728     7.93932e-08     7.93865e-08     7.93938e-08     7.93932e-08     7.93932e-08     7.93932e-08
118    0.000647108     8.54436e-08     8.54364e-08     8.54442e-08     8.54436e-08     8.54436e-08     8.54436e-08
122    0.000623141     8.82011e-08     8.81936e-08     8.82017e-08     8.82011e-08     8.82011e-08     8.82011e-08
126    0.000685456     1.07236e-07     1.07227e-07     1.07237e-07     1.07236e-07     1.07236e-07     1.07236e-07
130    0.000733389     1.29863e-07     1.29852e-07     1.29864e-07     1.29863e-07     1.29863e-07     1.29863e-07
134    0.000834051     1.70396e-07     1.70382e-07     1.70397e-07     1.70396e-07     1.70396e-07     1.70396e-07
138    0.00079091     1.93995e-07     1.93979e-07     1.93997e-07     1.93995e-07     1.93995e-07     1.93995e-07
142    0.000896365     2.77712e-07     2.77689e-07     2.77714e-07     2.77712e-07     2.77712e-07     2.77712e-07
146    0.000963472     3.84188e-07     3.84155e-07     3.84191e-07     3.84188e-07     3.84188e-07     3.84188e-07
150    0.000853224     4.71686e-07     4.71646e-07     4.71689e-07     4.71686e-07     4.71686e-07     4.71686e-07
154    0.00102099     8.42841e-07     8.4277e-07     8.42847e-07     8.42841e-07     8.42841e-07     8.42841e-07
158    0.000867605     1.38323e-06     1.38311e-06     1.38324e-06     1.38323e-06     1.38323e-06     1.38323e-06
162    0.000992233     4.23817e-06     4.23782e-06     4.2382e-06     4.23817e-06     4.23817e-06     4.23817e-06
166    0.000963472     7.4741e-06     7.47346e-06     7.47415e-06     7.4741e-06     7.4741e-06     7.4741e-06
170    0.000997026     1.04875e-05     1.04866e-05     1.04875e-05     1.04875e-05     1.04875e-05     1.04875e-05
174    0.00103058     1.32743e-05     1.32732e-05     1.32744e-05     1.32743e-05     1.32743e-05     1.32743e-05
178    0.00119356     1.80771e-05     1.80756e-05     1.80773e-05     1.80771e-05     1.80771e-05     1.80771e-05
182    0.00113124     2.06977e-05     2.06959e-05     2.06978e-05     2.06977e-05     2.06977e-05     2.06977e-05
186    0.0013038     2.88401e-05     2.88377e-05     2.88403e-05     2.88401e-05     2.88401e-05     2.88401e-05
190    0.00111207     2.84838e-05     2.84814e-05     2.8484e-05     2.84838e-05     2.84838e-05     2.84838e-05
194    0.00125587     3.65507e-05     3.65476e-05     3.6551e-05     3.65507e-05     3.65507e-05     3.65507e-05
198    0.00107851     3.46478e-05     3.46449e-05     3.46481e-05     3.46478e-05     3.46478e-05     3.46478e-05
202    0.00124628     4.37412e-05     4.37375e-05     4.37415e-05     4.37412e-05     4.37412e-05     4.37412e-05
206    0.00132777     5.06742e-05     5.06699e-05     5.06745e-05     5.06742e-05     5.06742e-05     5.06742e-05
210    0.00139008     5.74235e-05     5.74187e-05     5.74239e-05     0.000304709     0.0004116     0.000231169
214    0.00134694     5.97777e-05     5.97727e-05     5.97781e-05     0.000604702     0.000840851     0.000442198
218    0.00140446     6.69093e-05     6.69036e-05     6.69098e-05     0.000618872     0.000858859     0.000453828
222    0.00150992     7.66139e-05     7.66074e-05     7.66144e-05     0.000624953     0.000863746     0.000460713
226    0.00144281     7.79914e-05     7.79848e-05     7.79919e-05     0.000623626     0.000861449     0.000459912
230    0.00150992     8.663e-05     8.66227e-05     8.66306e-05     0.000636547     0.000876311     0.000471441
234    0.00146199     8.90004e-05     8.89929e-05     8.9001e-05     0.0006355     0.000873844     0.0004713
238    0.00162496     0.000104887     0.000104878     0.000104888     0.000641711     0.000875858     0.000480326
242    0.00153389     0.000104474     0.000104465     0.000104475     0.000632378     0.000862847     0.00047344
246    0.00168728     0.00012086     0.00012085     0.000120861     0.000650168     0.000881446     0.000490626
250    0.00175918     0.000132859     0.000132848     0.00013286     0.000646171     0.000870309     0.000491468
254    0.00163455     0.000129822     0.000129811     0.000129822     0.000644448     0.000868505     0.000489521
258    0.00163455     0.000136387     0.000136376     0.000136388     0.000643189     0.000863121     0.000490926
262    0.00172562     0.00015077     0.000150757     0.000150771     0.000656586     0.000875609     0.000504769
266    0.00173521     0.000158906     0.000158893     0.000158907     0.000661323     0.000878753     0.000510485
270    0.00191736     0.000183658     0.000183642     0.000183659     0.000655909     0.000860406     0.000514025
274    0.00185504     0.000185935     0.00018592     0.000185937     0.000656788     0.000860984     0.00051505
278    0.00205637     0.000215167     0.000215149     0.000215168     0.000700713     0.000911425     0.00055442
282    0.00213306     0.000233125     0.000233105     0.000233127     0.000706691     0.000912014     0.000564044
286    0.00185504     0.000211064     0.000211046     0.000211065     0.000668436     0.000866321     0.000530819
290    0.0021043     0.000249197     0.000249176     0.000249198     0.000691506     0.000882654     0.00055843
294    0.00202281     0.000249439     0.000249418     0.00024944     0.000699611     0.000894381     0.000564016
298    0.00219058     0.000280343     0.000280319     0.000280345     0.000729607     0.000924374     0.000594037
302    0.00225769     0.000300258     0.000300232     0.00030026     0.000750485     0.00094574     0.000614501
306    0.00214744     0.000296609     0.000296584     0.000296611     0.000746096     0.000940828     0.00061039
310    0.00242066     0.000346811     0.000346782     0.000346814     0.000787715     0.000978414     0.000654686
314    0.00227686     0.000338015     0.000337986     0.000338017     0.000780749     0.000971968     0.000647232
318    0.00260761     0.000400618     0.000400584     0.000400621     0.000840596     0.00103045     0.000707944
322    0.00262199     0.000417095     0.000417059     0.000417097     0.000864964     0.00105808     0.000729914
326    0.00255488     0.000419537     0.000419502     0.00041954     0.000879126     0.00107716     0.000740547
330    0.0026843     0.000455114     0.000455076     0.000455118     0.000877688     0.00105945     0.000750413
334    0.00286166     0.000500247     0.000500205     0.000500251     0.00097492     0.00117835     0.000832203
338    0.0026124     0.000471588     0.000471548     0.000471591     0.000921177     0.00111305     0.000786369
342    0.00305819     0.000569779     0.000569731     0.000569783     0.00103089     0.00122692     0.000892927
346    0.00314447     0.000605546     0.000605495     0.00060555     0.00108602     0.00129089     0.000941887
350    0.00309653     0.00061985     0.000619798     0.000619854     0.00111933     0.00133293     0.000969125
354    0.00313488     0.00065602     0.000655965     0.000656025     0.00118048     0.00140569     0.00102225
358    0.00296711     0.00065174     0.000651685     0.000651745     0.00118967     0.00142182     0.00102673
362    0.00331224     0.000762035     0.00076197     0.00076204     0.00132526     0.00156914     0.00115422
366    0.00336976     0.00080964     0.000809571     0.000809645     0.00139996     0.00165617     0.00122032
370    0.00341769     0.000856373     0.000856306     0.000856374     0.00147245     0.00174051     0.00128456
374    0.00354711     0.000927076     0.000927011     0.000927067     0.00157085     0.00185181     0.001374
378    0.00378199     0.00103138     0.00103131     0.00103137     0.00165435     0.0019271     0.00146337
382    0.00395455     0.00112268     0.0011226     0.00112266     0.0017928     0.00208703     0.00158686
386    0.00425174     0.00125406     0.00125398     0.00125405     0.00194228     0.00224527     0.00173032
390    0.00405521     0.00123972     0.00123965     0.00123971     0.00195054     0.00226423     0.00173119
394    0.00454893     0.0014393     0.00143921     0.00143928     0.00220074     0.00253739     0.00196535
398    0.00458249     0.0014997     0.00149961     0.00149967     0.00222802     0.00255078     0.00200247
402    0.00461604     0.0015618     0.00156171     0.00156177     0.00231393     0.00264799     0.00208056
406    0.0046448     0.0016231     0.00162301     0.00162307     0.00241908     0.00277343     0.00217159
410    0.00487488     0.00175674     0.00175664     0.00175669     0.00257273     0.00293674     0.00231857
414    0.00521042     0.0019359     0.0019358     0.00193585     0.00274636     0.00310847     0.00249355
418    0.00559869     0.00214038     0.00214028     0.00214032     0.00299086     0.00337143     0.00272519
422    0.00547406     0.0021525     0.0021524     0.00215243     0.00302729     0.00341962     0.0027535
426    0.00560827     0.00226475     0.00226465     0.00226467     0.00315643     0.0035574     0.00287678
430    0.00633207     0.00262563     0.00262553     0.00262553     0.00354489     0.00395911     0.00325609
434    0.00613075     0.00261012     0.00261003     0.00261001     0.0036099     0.00406072     0.0032955
438    0.00654778     0.00286069     0.0028606     0.00286056     0.00388895     0.00435312     0.00356522
442    0.00683059     0.00305862     0.00305854     0.00305846     0.00406281     0.00451732     0.00374598
446    0.00741538     0.00340172     0.00340164     0.00340153     0.00451981     0.00502783     0.00416598
450    0.00743456     0.00349031     0.00349025     0.00349009     0.00459794     0.0051031     0.00424643
454    0.00818233     0.00393215     0.00393211     0.00393188     0.00514207     0.00569501     0.00475742
458    0.00867125     0.00425875     0.00425873     0.00425843     0.00558723     0.00619463     0.00516465
462    0.00905952     0.00455061     0.00455063     0.00455023     0.00585604     0.00645227     0.00544085
466    0.00939026     0.00482267     0.00482273     0.00482222     0.0062129     0.00684673     0.00577107
470    0.00951489     0.00499456     0.00499467     0.00499405     0.00643383     0.00708926     0.00597669
474    0.0105455     0.00565438     0.00565457     0.00565374     0.0072013     0.00790569     0.00670977
478    0.0111638     0.00611305     0.00611334     0.00611227     0.00771135     0.00844     0.00720282
482    0.0116863     0.00653669     0.00653709     0.00653576     0.00824732     0.00902908     0.00770195
486    0.0123382     0.00705337     0.00705393     0.00705226     0.00891614     0.00976994     0.0083209
490    0.0132969     0.00776476     0.00776553     0.00776339     0.0096771     0.0105555     0.00906478
494    0.0140494     0.00838206     0.00838307     0.0083804     0.0104159     0.0113509     0.00976407
498    0.0145623     0.00888068     0.00888198     0.0088787     0.0110542     0.0120535     0.0103572
502    0.0158086     0.00985342     0.00985514     0.00985095     0.0121091     0.0131471     0.0113848
506    0.0162975     0.0103963     0.0103985     0.0103934     0.0127616     0.013852     0.0120008
510    0.0182005     0.0118902     0.0118931     0.0118864     0.0144222     0.0155928     0.0136056
514    0.0196002     0.0131311     0.013135     0.0131264     0.0158622     0.0171293     0.0149788
518    0.0205157     0.014111     0.0141158     0.0141052     0.0169462     0.0182665     0.0160263
522    0.0223995     0.0158396     0.0158461     0.0158321     0.0187618     0.020127     0.0178104
526    0.0229699     0.0167265     0.0167345     0.0167176     0.0197224     0.0211249     0.0187448
530    0.0253235     0.0190245     0.0190351     0.0190129     0.0222076     0.0236999     0.0211665
534    0.0266705     0.0207207     0.0207342     0.0207064     0.0240104     0.025554     0.0229324
538    0.0293356     0.0236334     0.0236511     0.023615     0.027036     0.0286348     0.0259177
542    0.029791     0.0249636     0.0249851     0.0249419     0.0282882     0.0298538     0.0271918
546    0.0313296     0.0273928     0.0274196     0.0273663     0.0306879     0.0322458     0.0295958
550    0.0327485     0.0299751     0.0300079     0.029943     0.03318     0.0347033     0.0321108
554    0.0336305     0.0323027     0.032342     0.0322649     0.0353771     0.0368475     0.0343436
558    0.0345843     0.0349284     0.0349751     0.0348843     0.037737     0.0390929     0.0367822
562    0.0351883     0.0373519     0.0374059     0.0373016     0.039852     0.0410741     0.03899
566    0.0348384     0.0388079     0.0388678     0.0387527     0.0408658     0.0418899     0.0401412
570    0.0344741     0.0402775     0.0403419     0.0402187     0.0418509     0.0426546     0.0412795
574    0.0344981     0.0421951     0.0422634     0.0421332     0.0432793     0.0438584     0.0428639
578    0.0321062     0.0409703     0.0409074     0.0410393     0.0414603     0.0412412     0.0417583
582    0.0319959     0.0423329     0.0422703     0.0424015     0.0422763     0.0421558     0.0423979
586    0.0294267     0.040132     0.0400758     0.0401932     0.0395575     0.0392355     0.0398059
590    0.0284488     0.0398082     0.0397565     0.039864     0.038728     0.0381731     0.0391364
594    0.0261     0.0373589     0.0373148     0.0374058     0.0358662     0.0351242     0.0364011
598    0.0243552     0.0354962     0.0354586     0.0355354     0.0336475     0.0327434     0.0342919
602    0.0220065     0.0324508     0.0324204     0.0324818     0.0303607     0.0293482     0.0310769
606    0.0208561     0.0309542     0.030929     0.0309794     0.0286192     0.0274938     0.0294112
610    0.0198686     0.0296119     0.0295913     0.0296318     0.0270551     0.0258277     0.0279158
614    0.0178027     0.0266477     0.0266317     0.0266626     0.0240626     0.0228254     0.0249283
618    0.0158566     0.0238373     0.0238251     0.0238484     0.0212729     0.0200484     0.0221283
622    0.0152382     0.0229869     0.0229768     0.0229958     0.020307     0.0190292     0.0211987
626    0.0137714     0.0208214     0.0208135     0.020828     0.0181686     0.0169046     0.01905
630    0.0123334     0.0186752     0.018669     0.0186801     0.016095     0.0148657     0.0169515
634    0.0115041     0.0174399     0.0174349     0.0174436     0.0148974     0.0136859     0.0157411
638    0.0106126     0.0161153     0.0161112     0.0161181     0.0136272     0.012441     0.014453
642    0.00985043     0.0150029     0.0149996     0.0150051     0.0125679     0.0114056     0.0133765
646    0.00933753     0.0142844     0.0142816     0.0142861     0.0118683     0.0107136     0.0126713
650    0.00826381     0.0127028     0.0127006     0.0127041     0.0104482     0.00936975     0.0111979
654    0.00750166     0.0115852     0.0115834     0.0115861     0.00942083     0.00838574     0.0101406
658    0.00704629     0.0109337     0.0109321     0.0109345     0.00881894     0.00780748     0.00952227
662    0.00645191     0.0100587     0.0100574     0.0100593     0.00805182     0.00709094     0.00871973
666    0.00603488     0.00945394     0.00945274     0.00945439     0.0074898     0.00654784     0.00814436
670    0.00561786     0.00884628     0.00884523     0.00884664     0.00690359     0.00597025     0.00755192
674    0.00509538     0.00806669     0.00806578     0.00806696     0.00628393     0.00542644     0.0068794
678    0.00495637     0.00788735     0.0078865     0.00788758     0.00611542     0.0052627     0.00670761
682    0.00460166     0.00736057     0.00735981     0.00736075     0.00566603     0.00485024     0.00623263
686    0.00444827     0.00715163     0.00715092     0.00715179     0.00546615     0.00465418     0.00603005
690    0.0041367     0.00669176     0.00669112     0.00669189     0.00509359     0.00432283     0.00562891
694    0.00359984     0.00586462     0.00586407     0.00586472     0.00437148     0.00364987     0.00487235
698    0.00365257     0.0059982     0.00599764     0.00599828     0.00448033     0.00374522     0.00499032
702    0.00322595     0.00533675     0.00533627     0.00533682     0.00390849     0.00321561     0.00438903
706    0.00313009     0.00521675     0.00521628     0.0052168     0.00383814     0.00316868     0.00430236
710    0.00312529     0.0052499     0.00524944     0.00524995     0.00383864     0.00315281     0.00431416
714    0.00303901     0.005151     0.00515055     0.00515104     0.00378807     0.00312519     0.00424766
718    0.0024686     0.00422356     0.00422319     0.00422359     0.00303301     0.00245324     0.00343485
722    0.00243025     0.00419351     0.00419315     0.00419354     0.00300921     0.00243148     0.00340952
726    0.00224331     0.00389868     0.00389835     0.00389871     0.00278392     0.00223888     0.00316136
730    0.00210909     0.00369129     0.00369097     0.00369131     0.00262376     0.0021008     0.00298575
734    0.00201323     0.00355133     0.00355103     0.00355136     0.00251001     0.00199934     0.00286347
738    0.00197967     0.00352289     0.00352259     0.00352292     0.00249405     0.00198896     0.00284357
742    0.00177835     0.00319687     0.00319659     0.0031969     0.00223232     0.00175806     0.00256041
746    0.00176397     0.00320238     0.00320211     0.00320241     0.00224782     0.0017776     0.002573
750    0.00156265     0.0028659     0.00286565     0.00286592     0.00192256     0.00145701     0.00224438
754    0.00170166     0.00314597     0.0031457     0.003146     0.00219323     0.00172254     0.00251855
758    0.00147157     0.00274258     0.00274234     0.0027426     0.00183023     0.00137904     0.00214202
762    0.0015243     0.00286335     0.0028631     0.00286337     0.00194662     0.00149272     0.00226024
766    0.00133736     0.00253516     0.00253494     0.00253518     0.00170236     0.0012893     0.00198767
770    0.00151471     0.00290088     0.00290063     0.00290091     0.00193995     0.00146236     0.00226959
774    0.00113124     0.00218884     0.00218865     0.00218887     0.0014511     0.00108388     0.00170451
778    0.00118876     0.00232426     0.00232406     0.00232428     0.00153687     0.0011443     0.0018077
782    0.00111207     0.00219406     0.00219387     0.00219408     0.00144558     0.00107164     0.00170341
786    0.0010881     0.00216459     0.00216441     0.00216462     0.00143716     0.00107291     0.00168817
790    0.00107851     0.00216407     0.00216388     0.00216409     0.0014343     0.00106808     0.00168651
794    0.000973059     0.00196984     0.00196966     0.00196986     0.0012572     0.00089902     0.00150378
798    0.000958679     0.00195919     0.00195902     0.00195921     0.00125062     0.000894056     0.00149605
802    0.000862811     0.00178069     0.00178054     0.00178071     0.00116402     0.000853258     0.00137787
806    0.000867605     0.00180963     0.00180947     0.00180964     0.0011319     0.000789733     0.00136724
810    0.000810084     0.00170715     0.00170701     0.00170717     0.00108205     0.000765674     0.00129947
814    0.000781323     0.00166323     0.00166309     0.00166324     0.00106284     0.000758282     0.00127204
818    0.00076215     0.00163796     0.00163782     0.00163797     0.00106563     0.000774808     0.00126529
822    0.000862811     0.00187066     0.0018705     0.00187067     0.00118993     0.000844018     0.00142746
826    0.000675869     0.00147959     0.00147946     0.0014796     0.000897329     0.000601623     0.0011005
830    0.000608761     0.00134573     0.00134561     0.00134574     0.000813083     0.000542055     0.000999213
834    0.000723803     0.00161593     0.0016158     0.00161595     0.00102554     0.000723453     0.0012326
838    0.000632728     0.00142623     0.00142611     0.00142624     0.000886099     0.000608133     0.00107627
842    0.000656695     0.00149544     0.00149531     0.00149545     0.000934392     0.000644987     0.00113223
846    0.000637522     0.00146562     0.0014655     0.00146563     0.000913199     0.000628684     0.00110787
850    0.000436199     0.00101168     0.0010116     0.00101169     0.000584116     0.000364134     0.000734723
854    0.000599174     0.00140473     0.00140461     0.00140474     0.000861091     0.000580721     0.00105289
858    0.000527273     0.0012483     0.0012482     0.00124831     0.000730088     0.000461684     0.000913453
862    0.000527273     0.00126129     0.00126119     0.0012613     0.000752535     0.00048799     0.00093305
866    0.000450579     0.00108837     0.00108828     0.00108838     0.000649376     0.000420431     0.000805458
870    0.000517687     0.00126206     0.00126195     0.00126207     0.000762586     0.000501475     0.000940477
874    0.000464959     0.00114413     0.00114403     0.00114414     0.000671894     0.000424361     0.000840394
878    0.000455373     0.00113125     0.00113115     0.00113126     0.000669154     0.000426419     0.000834286
882    0.000345124     0.000865828     0.000865755     0.000865834     0.000484489     0.000283965     0.00062087
886    0.000388265     0.000983156     0.000983073     0.000983162     0.000581003     0.000369422     0.000724916
890    0.000402645     0.00102905     0.00102897     0.00102906     0.000603557     0.000379151     0.000756072
894    0.000359505     0.000928814     0.000928736     0.00092882     0.000530614     0.000319438     0.00067387
898    0.000373885     0.000975569     0.000975486     0.000975576     0.000565987     0.000347639     0.000713849
902    0.000393058     0.00103583     0.00103574     0.00103584     0.000613695     0.000388054     0.000766368
906    0.000378678     0.00100794     0.00100786     0.00100795     0.000601299     0.000383994     0.000748379
910    0.000311571     0.000837486     0.000837416     0.000837492     0.000504077     0.000325895     0.000624701
914    0.000397852     0.00107989     0.0010798     0.0010799     0.000627388     0.000384909     0.000791398
918    0.000340331     0.000933364     0.000933285     0.000933371     0.000529853     0.000312788     0.000676486
922    0.000316364     0.000876703     0.000876629     0.000876709     0.000500987     0.000298087     0.000637876
926    0.00028281     0.000790225     0.000790158     0.00079023     0.000453601     0.000271325     0.00057646
930    0.000292397     0.00082564     0.00082557     0.000825645     0.000451714     0.000248753     0.000588431
934    0.000311571     0.000888538     0.000888463     0.000888544     0.000473048     0.00024694     0.000625218
938    0.000249257     0.000718019     0.000717958     0.000718024     0.000373165     0.000185135     0.000499655
942    0.000244463     0.000710701     0.000710641     0.000710706     0.000394539     0.000221885     0.00051063
946    0.00026843     0.000788305     0.000788238     0.00078831     0.000444917     0.000257149     0.000571133
950    0.000210909     0.000625512     0.000625459     0.000625516     0.000344979     0.00019125     0.000448252
954    0.000292397     0.000875739     0.000875665     0.000875745     0.000489422     0.000276911     0.000632
958    0.000153389     0.000464206     0.000464167     0.000464209     0.000228645     9.84746e-05     0.00031584
962    0.000196529     0.000600133     0.000600083     0.000600137     0.000342491     0.000199508     0.000438115
966    0.000162975     0.000502895     0.000502853     0.000502899     0.000281083     0.000157542     0.000363611
970    0.000162975     0.000507697     0.000507654     0.000507701     0.000262427     0.000125403     0.000353866
974    0.000172562     0.000543069     0.000543023     0.000543073     0.000274839     0.000124509     0.000375043
978    0.000191736     0.00060902     0.000608969     0.000609024     0.000345202     0.000196941     0.000443952
982    0.000182149     0.000584583     0.000584534     0.000584588     0.000311668     0.000157849     0.000414005
986    0.000158182     0.000512689     0.000512646     0.000512693     0.00026797     0.000129717     0.000359887
990    0.000210909     0.000689813     0.000689755     0.000689818     0.000389184     0.000219011     0.000502246
994    0.000148595     0.000490973     0.000490931     0.000490976     0.000246104     0.000107235     0.000338327
998    0.000162975     0.000543969     0.000543923     0.000543973     0.000280371     0.000130713     0.000379744
1002    0.000115041     0.000387792     0.000387759     0.000387794     0.000387792     0.000387792     0.000387792
1006    0.000177356     0.000604165     0.000604114     0.000604169     0.000604165     0.000604165     0.000604165
1010    0.000143802     0.000494433     0.000494391     0.000494436     0.000494433     0.000494433     0.000494433
1014    0.000206116     0.000715673     0.000715612     0.000715678     0.000715673     0.000715673     0.000715673
1018    0.000186942     0.000656512     0.000656457     0.000656517     0.000656512     0.000656512     0.000656512
1022    0.000143802     0.000510498     0.000510454     0.000510501     0.000510498     0.000510498     0.000510498
1026    0.000119835     0.000429116     0.00042908     0.000429119     0.000429116     0.000429116     0.000429116
1030    0.000148595     0.000538367     0.000538322     0.000538371     0.000538367     0.000538367     0.000538367
1034    0.000119835     0.000438347     0.00043831     0.00043835     0.000438347     0.000438347     0.000438347
1038    0.000110248     0.000407221     0.000407186     0.000407224     0.000407221     0.000407221     0.000407221
1042    0.000115041     0.00042963     0.000429594     0.000429633     0.00042963     0.00042963     0.00042963
1046    9.58679e-05     0.000361344     0.000361313     0.000361346     0.000361344     0.000361344     0.000361344
1050    8.14877e-05     0.000310631     0.000310605     0.000310633     0.000310631     0.000310631     0.000310631
1054    8.62811e-05     0.000331989     0.000331961     0.000331991     0.000331989     0.000331989     0.000331989
1058    0.000134215     0.000522774     0.00052273     0.000522777     0.000522774     0.000522774     0.000522774
1062    0.000124628     0.000490178     0.000490137     0.000490181     0.000490178     0.000490178     0.000490178
1066    9.58679e-05     0.000380808     0.000380776     0.000380811     0.000380808     0.000380808     0.000380808
1070    9.10745e-05     0.000365366     0.000365335     0.000365369     0.000365366     0.000365366     0.000365366
1074    7.66943e-05     0.000311317     0.000311291     0.000311319     0.000311317     0.000311317     0.000311317
1078    6.23141e-05     0.0002552     0.000255179     0.000255202     0.0002552     0.0002552     0.0002552
1082    9.58679e-05     0.000396626     0.000396593     0.000396629     0.000396626     0.000396626     0.000396626
1086    6.71075e-05     0.000280846     0.000280823     0.000280848     0.000280846     0.000280846     0.000280846
1090    5.27273e-05     0.00022283     0.000222812     0.000222832     0.00022283     0.00022283     0.00022283
1094    6.71075e-05     0.000286185     0.000286161     0.000286187     0.000286185     0.000286185     0.000286185
1098    5.27273e-05     0.000227301     0.000227282     0.000227303     0.000227301     0.000227301     0.000227301
1102    6.71075e-05     0.000292617     0.000292593     0.000292619     0.000292617     0.000292617     0.000292617
1106    0.000139008     0.000611692     0.000611641     0.000611697     0.000611692     0.000611692     0.000611692
1110    5.75207e-05     0.000255445     0.000255423     0.000255446     0.000255445     0.000255445     0.000255445
1114    8.62811e-05     0.000387254     0.000387221     0.000387256     0.000387254     0.000387254     0.000387254
1118    9.10745e-05     0.000412357     0.000412322     0.00041236     0.000412357     0.000412357     0.000412357
1122    8.62811e-05     0.000395666     0.000395632     0.000395668     0.000395666     0.000395666     0.000395666
1126    6.23141e-05     0.000288228     0.000288204     0.00028823     0.000288228     0.000288228     0.000288228
1130    2.3967e-05     0.000112082     0.000112073     0.000112083     0.000112082     0.000112082     0.000112082
1134    8.62811e-05     0.00040748     0.000407445     0.000407482     0.00040748     0.00040748     0.00040748
1138    6.71075e-05     0.000319378     0.000319351     0.00031938     0.000319378     0.000319378     0.000319378
1142    4.7934e-05     0.000230597     0.000230578     0.000230599     0.000230597     0.000230597     0.000230597
1146    2.3967e-05     0.000116444     0.000116435     0.000116445     0.000116444     0.000116444     0.000116444
1150    5.27273e-05     0.000258637     0.000258615     0.000258639     0.000258637     0.000258637     0.000258637
1154    5.75207e-05     0.00028528     0.000285256     0.000285282     0.00028528     0.00028528     0.00028528
1158    6.23141e-05     0.000312154     0.000312128     0.000312156     0.000312154     0.000312154     0.000312154
1162    6.71075e-05     0.000339334     0.000339306     0.000339337     0.000339334     0.000339334     0.000339334
1166    5.27273e-05     0.000268925     0.000268902     0.000268927     0.000268925     0.000268925     0.000268925
1170    8.14877e-05     0.000419639     0.000419604     0.000419642     0.000419639     0.000419639     0.000419639
1174    5.75207e-05     0.000299081     0.000299056     0.000299083     0.000299081     0.000299081     0.000299081
1178    5.27273e-05     0.000276621     0.000276597     0.000276623     0.000276621     0.000276621     0.000276621
1182    7.66943e-05     0.000406789     0.000406755     0.000406792     0.000406789     0.000406789     0.000406789
1186    4.31406e-05     0.000231214     0.000231195     0.000231216     0.000231214     0.000231214     0.000231214
1190    4.31406e-05     0.000232987     0.000232967     0.000232988     0.000232987     0.000232987     0.000232987
1194    3.83472e-05     0.000209155     0.000209138     0.000209157     0.000209155     0.000209155     0.000209155
1198    5.75207e-05     0.000316479     0.000316452     0.000316481     0.000316479     0.000316479     0.000316479
1202    3.83472e-05     0.000213119     0.000213101     0.00021312     0.000213119     0.000213119     0.000213119
1206    4.7934e-05     0.000269093     0.000269071     0.000269095     0.000269093     0.000269093     0.000269093
1210    3.35538e-05     0.000189952     0.000189936     0.000189954     0.000189952     0.000189952     0.000189952
1214    2.87604e-05     0.000164249     0.000164236     0.000164251     0.000164249     0.000164249     0.000164249
1218    3.35538e-05     0.000193469     0.000193453     0.00019347     0.000193469     0.000193469     0.000193469
1222    3.83472e-05     0.000222987     0.000222968     0.000222988     0.000222987     0.000222987     0.000222987
1226    2.87604e-05     0.000168921     0.000168907     0.000168922     0.000168921     0.000168921     0.000168921
1230    3.35538e-05     0.000198707     0.000198691     0.000198709     0.000198707     0.000198707     0.000198707
1234    3.83472e-05     0.000229121     0.000229102     0.000229123     0.000229121     0.000229121     0.000229121
1238    5.27273e-05     0.000318369     0.000318342     0.000318371     0.000318369     0.000318369     0.000318369
1242    4.7934e-05     0.000291857     0.000291832     0.000291859     0.000291857     0.000291857     0.000291857
1246    4.7934e-05     0.000294571     0.000294546     0.000294573     0.000294571     0.000294571     0.000294571
1250    4.7934e-05     0.000296705     0.00029668     0.000296707     0.000296705     0.000296705     0.000296705
1254    2.3967e-05     0.000149951     0.000149938     0.000149952     0.000149951     0.000149951     0.000149951
1258    5.27273e-05     0.000332275     0.000332247     0.000332277     0.000332275     0.000332275     0.000332275
1262    2.87604e-05     0.000183301     0.000183285     0.000183302     0.000183301     0.000183301     0.000183301
1266    2.87604e-05     0.000184518     0.000184502     0.000184519     0.000184518     0.000184518     0.000184518
1270    2.87604e-05     0.000186278     0.000186262     0.000186279     0.000186278     0.000186278     0.000186278
1274    4.31406e-05     0.000281692     0.000281668     0.000281694     0.000281692     0.000281692     0.000281692
1278    2.3967e-05     0.000157666     0.000157653     0.000157667     0.000157666     0.000157666     0.000157666
1282    2.87604e-05     0.0001911     0.000191084     0.000191102     0.0001911     0.0001911     0.0001911
1286    2.3967e-05     0.000160635     0.000160622     0.000160636     0.000160635     0.000160635     0.000160635
1290    3.83472e-05     0.000258745     0.000258723     0.000258747     0.000258745     0.000258745     0.000258745
1294    1.43802e-05     9.80074e-05     9.79991e-05     9.80081e-05     9.80074e-05     9.80074e-05     9.80074e-05
1298    3.83472e-05     0.000263495     0.000263472     0.000263496     0.000263495     0.000263495     0.000263495
1302    2.3967e-05     0.000165981     0.000165967     0.000165982     0.000165981     0.000165981     0.000165981
1306    2.87604e-05     0.000200823     0.000200806     0.000200825     0.000200823     0.000200823     0.000200823
1310    3.35538e-05     0.000236154     0.000236134     0.000236156     0.000236154     0.000236154     0.000236154
1314    2.3967e-05     0.000170082     0.000170068     0.000170083     0.000170082     0.000170082     0.000170082
1318    3.83472e-05     0.000274101     0.000274078     0.000274103     0.000274101     0.000274101     0.000274101
1322    3.35538e-05     0.000241973     0.000241953     0.000241975     0.000241973     0.000241973     0.000241973
1326    2.3967e-05     0.000174161     0.000174146     0.000174162     0.000174161     0.000174161     0.000174161
1330    2.87604e-05     0.000210935     0.000210917     0.000210937     0.000210935     0.000210935     0.000210935
1334    2.87604e-05     0.000212699     0.000212681     0.0002127     0.000212699     0.000212699     0.000212699
1338    2.87604e-05     0.000214445     0.000214427     0.000214447     0.000214445     0.000214445     0.000214445
1342    2.87604e-05     0.000216091     0.000216072     0.000216092     0.000216091     0.000216091     0.000216091
1346    1.43802e-05     0.000108935     0.000108926     0.000108936     0.000108935     0.000108935     0.000108935
1350    9.58679e-06     7.32868e-05     7.32806e-05     7.32873e-05     7.32868e-05     7.32868e-05     7.32868e-05
1354    2.3967e-05     0.00018403     0.000184014     0.000184031     0.00018403     0.00018403     0.00018403
1358    0     0     0     0     0     0     0
1362    4.79339e-06     3.73785e-05     3.73753e-05     3.73787e-05     3.73785e-05     3.73785e-05     3.73785e-05
1366    2.87604e-05     0.000226159     0.000226139     0.00022616     0.000226159     0.000226159     0.000226159
1370    4.79339e-06     3.80791e-05     3.80759e-05     3.80794e-05     3.80791e-05     3.80791e-05     3.80791e-05
1374    0     0     0     0     0     0     0
1378    2.87604e-05     0.000231911     0.000231892     0.000231913     0.000231911     0.000231911     0.000231911
1382    1.91736e-05     0.000155502     0.000155489     0.000155503     0.000155502     0.000155502     0.000155502
1386    1.43802e-05     0.000117359     0.000117349     0.00011736     0.000117359     0.000117359     0.000117359
1390    9.58679e-06     7.8985e-05     7.89784e-05     7.89856e-05     7.8985e-05     7.8985e-05     7.8985e-05
1394    9.58679e-06     7.97471e-05     7.97404e-05     7.97477e-05     7.97471e-05     7.97471e-05     7.97471e-05
1398    9.58679e-06     8.00382e-05     8.00314e-05     8.00387e-05     8.00382e-05     8.00382e-05     8.00382e-05
1402    9.58679e-06     8.07786e-05     8.07718e-05     8.07792e-05     8.07786e-05     8.07786e-05     8.07786e-05
1406    4.79339e-06     4.07234e-05     4.07199e-05     4.07237e-05     4.07234e-05     4.07234e-05     4.07234e-05
1410    9.58679e-06     8.20037e-05     8.19968e-05     8.20043e-05     8.20037e-05     8.20037e-05     8.20037e-05
1414    1.43802e-05     0.000124094     0.000124083     0.000124095     0.000124094     0.000124094     0.000124094
1418    4.79339e-06     4.15615e-05     4.1558e-05     4.15618e-05     4.15615e-05     4.15615e-05     4.15615e-05
1422    0     0     0     0     0     0     0
1426    9.58679e-06     8.42455e-05     8.42383e-05     8.4246e-05     8.42455e-05     8.42455e-05     8.42455e-05
1430    1.91736e-05     0.000170301     0.000170287     0.000170302     0.000170301     0.000170301     0.000170301
1434    2.3967e-05     0.000213608     0.00021359     0.000213609     0.000213608     0.000213608     0.000213608
1438    1.91736e-05     0.000172572     0.000172558     0.000172574     0.000172572     0.000172572     0.000172572
1442    1.43802e-05     0.000130118     0.000130107     0.000130119     0.000130118     0.000130118     0.000130118
1446    4.79339e-06     4.35665e-05     4.35629e-05     4.35668e-05     4.35665e-05     4.35665e-05     4.35665e-05
1450    9.58679e-06     8.8075e-05     8.80676e-05     8.80756e-05     8.8075e-05     8.8075e-05     8.8075e-05
1454    1.43802e-05     0.000132937     0.000132926     0.000132938     0.000132937     0.000132937     0.000132937
1458    9.58679e-06     8.93795e-05     8.9372e-05     8.93802e-05     8.93795e-05     8.93795e-05     8.93795e-05
1462    9.58679e-06     9.00726e-05     9.0065e-05     9.00732e-05     9.00726e-05     9.00726e-05     9.00726e-05
1466    1.91736e-05     0.000180955     0.00018094     0.000180957     0.000180955     0.000180955     0.000180955
1470    1.43802e-05     0.000136606     0.000136595     0.000136607     0.000136606     0.000136606     0.000136606
1474    4.79339e-06     4.58834e-05     4.58796e-05     4.58838e-05     4.58834e-05     4.58834e-05     4.58834e-05
1478    2.3967e-05     0.000230927     0.000230907     0.000230929     0.000230927     0.000230927     0.000230927
1482    9.58679e-06     9.32433e-05     9.32355e-05     9.3244e-05     9.32433e-05     9.32433e-05     9.32433e-05
1486    4.79339e-06     4.67744e-05     4.67705e-05     4.67747e-05     4.67744e-05     4.67744e-05     4.67744e-05
1490    0     0     0     0     0     0     0
1494    4.79339e-06     4.74567e-05     4.74527e-05     4.7457e-05     4.74567e-05     4.74567e-05     4.74567e-05
1498    4.79339e-06     4.77639e-05     4.77599e-05     4.77643e-05     4.77639e-05     4.77639e-05     4.77639e-05
1502    9.58679e-06     9.61544e-05     9.61463e-05     9.6155e-05     9.61544e-05     9.61544e-05     9.61544e-05
1506    4.79339e-06     4.83425e-05     4.83384e-05     4.83428e-05     4.83425e-05     4.83425e-05     4.83425e-05
1510    0     0     0     0     0     0     0
1514    4.79339e-06     4.88774e-05     4.88733e-05     4.88778e-05     4.88774e-05     4.88774e-05     4.88774e-05
1518    9.58679e-06     9.88325e-05     9.88242e-05     9.88332e-05     9.88325e-05     9.88325e-05     9.88325e-05
1522    0     0     0     0     0     0     0
1526    1.43802e-05     0.000150213     0.000150201     0.000150215     0.000150213     0.000150213     0.000150213
1530    4.79339e-06     5.01988e-05     5.01945e-05     5.01991e-05     5.01988e-05     5.01988e-05     5.01988e-05
1534    9.58679e-06     0.000100994     0.000100986     0.000100995     0.000100994     0.000100994     0.000100994
1538    0     0     0     0     0     0     0
1542    9.58679e-06     0.000102548     0.000102539     0.000102549     0.000102548     0.000102548     0.000102548
1546    9.58679e-06     0.000103265     0.000103256     0.000103265     0.000103265     0.000103265     0.000103265
1550    9.58679e-06     0.000103701     0.000103692     0.000103701     0.000103701     0.000103701     0.000103701
1554    0     0     0     0     0     0     0
1558    0     0     0     0     0     0     0
1562    0     0     0     0     0     0     0
1566    0     0     0     0     0     0     0
1570    4.79339e-06     5.34404e-05     5.34359e-05     5.34407e-05     5.34404e-05     5.34404e-05     5.34404e-05
1574    1.91736e-05     0.000215279     0.000215261     0.00021528     0.000215279     0.000215279     0.000215279
1578    4.79339e-06     5.42069e-05     5.42023e-05     5.42073e-05     5.42069e-05     5.42069e-05     5.42069e-05
1582    4.79339e-06     5.46295e-05     5.46249e-05     5.46299e-05     5.46295e-05     5.46295e-05     5.46295e-05
1586    9.58679e-06     0.000109525     0.000109516     0.000109526     0.000109525     0.000109525     0.000109525
1590    4.79339e-06     5.52016e-05     5.51969e-05     5.5202e-05     5.52016e-05     5.52016e-05     5.52016e-05
1594    4.79339e-06     5.56397e-05     5.5635e-05     5.56401e-05     5.56397e-05     5.56397e-05     5.56397e-05
1598    9.58679e-06     0.000111882     0.000111872     0.000111883     0.000111882     0.000111882     0.000111882
1602    4.79339e-06     5.61595e-05     5.61548e-05     5.61599e-05     5.61595e-05     5.61595e-05     5.61595e-05
1606    1.43802e-05     0.000169504     0.000169489     0.000169505     0.000169504     0.000169504     0.000169504
1610    0     0     0     0     0     0     0
1614    1.43802e-05     0.000171498     0.000171483     0.000171499     0.000171498     0.000171498     0.000171498
1618    4.79339e-06     5.73608e-05     5.73559e-05     5.73612e-05     5.73608e-05     5.73608e-05     5.73608e-05
1622    4.79339e-06     5.78326e-05     5.78277e-05     5.7833e-05     5.78326e-05     5.78326e-05     5.78326e-05
1626    4.79339e-06     5.80547e-05     5.80498e-05     5.80551e-05     5.80547e-05     5.80547e-05     5.80547e-05
1630    0     0     0     0     0     0     0
1634    4.79339e-06     5.87396e-05     5.87346e-05     5.874e-05     5.87396e-05     5.87396e-05     5.87396e-05
1638    9.58679e-06     0.000118266     0.000118256     0.000118267     0.000118266     0.000118266     0.000118266
1642    4.79339e-06     5.93393e-05     5.93343e-05     5.93398e-05     5.93393e-05     5.93393e-05     5.93393e-05
1646    0     0     0     0     0     0     0
1650    0     0     0     0     0     0     0
1654    0     0     0     0     0     0     0
1658    0     0     0     0     0     0     0
1662    0     0     0     0     0     0     0
1666    0     0     0     0     0     0     0
1670    0     0     0     0     0     0     0
1674    0     0     0     0     0     0     0
1678    0     0     0     0     0     0     0
1682    0     0     0     0     0     0     0
1686    0     0     0     0     0     0     0
1690    0     0     0     0     0     0     0
1694    0     0     0     0     0     0     0
1698    0     0     0     0     0     0     0
1702    0     0     0     0     0     0     0
1706    0     0     0     0     0     0     0
1710    0     0     0     0     0     0     0
1714    0     0     0     0     0     0     0
1718    0     0     0     0     0     0     0
1722    0     0     0     0     0     0     0
1726    0     0     0     0     0     0     0
1730    0     0     0     0     0     0     0
1734    0     0     0     0     0     0     0
1738    0     0     0     0     0     0     0
1742    0     0     0     0     0     0     0
1746    0     0     0     0     0     0     0
1750    0     0     0     0     0     0     0
1754    0     0     0     0     0     0     0
1758    0     0     0     0     0     0     0
1762    0     0     0     0     0     0     0
1766    0     0     0     0     0     0     0
1770    0     0     0     0     0     0     0
1774    0     0     0     0     0     0     0
1778    0     0     0     0     0     0     0
1782    0     0     0     0     0     0     0
1786    0     0     0     0     0     0     0
1790    0     0     0     0     0     0     0
1794    0     0     0     0     0     0     0
1798    0     0     0     0     0     0     0
1802    0     0     0     0     0     0     0
1806    0     0     0     0     0     0     0
1810    0     0     0     0     0     0     0
1814    0     0     0     0     0     0     0
1818    0     0     0     0     0     0     0
1822    0     0     0     0     0     0     0
1826    0     0     0     0     0     0     0
1830    0     0     0     0     0     0     0
1834    0     0     0     0     0     0     0
1838    0     0     0     0     0     0     0
1842    0     0     0     0     0     0     0
1846    0     0     0     0     0     0     0
1850    0     0     0     0     0     0     0
1854    0     0     0     0     0     0     0
1858    0     0     0     0     0     0     0
1862    0     0     0     0     0     0     0
1866    0     0     0     0     0     0     0
1870    0     0     0     0     0     0     0
1874    0     0     0     0     0     0     0
1878    0     0     0     0     0     0     0
1882    0     0     0     0     0     0     0
1886    0     0     0     0     0     0     0
1890    0     0     0     0     0     0     0
1894    0     0     0     0     0     0     0
1898    0     0     0     0     0     0     0
1902    0     0     0     0     0     0     0
1906    0     0     0     0     0     0     0
1910    0     0     0     0     0     0     0
1914    0     0     0     0     0     0     0
1918    0     0     0     0     0     0     0
1922    0     0     0     0     0     0     0
1926    0     0     0     0     0     0     0
1930    0     0     0     0     0     0     0
1934    0     0     0     0     0     0     0
1938    0     0     0     0     0     0     0
1942    0     0     0     0     0     0     0
1946    0     0     0     0     0     0     0
1950    0     0     0     0     0     0     0
1954    0     0     0     0     0     0     0
1958    0     0     0     0     0     0     0
1962    0     0     0     0     0     0     0
1966    0     0     0     0     0     0     0
1970    0     0     0     0     0     0     0
1974    0     0     0     0     0     0     0
1978    0     0     0     0     0     0     0
1982    0     0     0     0     0     0     0
1986    0     0     0     0     0     0     0
1990    0     0     0     0     0     0     0
1994    0     0     0     0     0     0     0
1998    0     0     0     0     0     0     0
2002    0     0     0     0     0     0     0
2006    0     0     0     0     0     0     0
2010    0     0     0     0     0     0     0
2014    0     0     0     0     0     0     0
2018    0     0     0     0     0     0     0
2022    0     0     0     0     0     0     0
2026    0     0     0     0     0     0     0
2030    0     0     0     0     0     0     0
2034    0     0     0     0     0     0     0
2038    0     0     0     0     0     0     0
2042    0     0     0     0     0     0     0
2046    0     0     0     0     0     0     0
2050    0     0     0     0     0     0     0
2054    0     0     0     0     0     0     0
2058    0     0     0     0     0     0     0
2062    0     0     0     0     0     0     0
2066    0     0     0     0     0     0     0
2070    0     0     0     0     0     0     0
2074    0     0     0     0     0     0     0
2078    0     0     0     0     0     0     0
2082    0     0     0     0     0     0     0
2086    0     0     0     0     0     0     0
2090    0     0     0     0     0     0     0
2094    0     0     0     0     0     0     0
2098    0     0     0     0     0     0     0
2102    0     0     0     0     0     0     0
2106    0     0     0     0     0     0     0
2110    0     0     0     0     0     0     0
2114    0     0     0     0     0     0     0
2118    0     0     0     0     0     0     0
2122    0     0     0     0     0     0     0
2126    0     0     0     0     0     0     0
2130    0     0     0     0     0     0     0
2134    0     0     0     0     0     0     0
2138    0     0     0     0     0     0     0
2142    0     0     0     0     0     0     0
2146    0     0     0     0     0     0     0
2150    0     0     0     0     0     0     0
2154    0     0     0     0     0     0     0
2158    0     0     0     0     0     0     0
2162    0     0     0     0     0     0     0
2166    0     0     0     0     0     0     0
2170    0     0     0     0     0     0     0
2174    0     0     0     0     0     0     0
2178    0     0     0     0     0     0     0
2182    0     0     0     0     0     0     0
2186    0     0     0     0     0     0     0
2190    0     0     0     0     0     0     0
2194    0     0     0     0     0     0     0
2198    0     0     0     0     0     0     0
2202    0     0     0     0     0     0     0
2206    0     0     0     0     0     0     0
2210    0     0     0     0     0     0     0
2214    0     0     0     0     0     0     0
2218    0     0     0     0     0     0     0
2222    0     0     0     0     0     0     0
2226    0     0     0     0     0     0     0
2230    0     0     0     0     0     0     0
2234    0     0     0     0     0     0     0
2238    0     0     0     0     0     0     0
2242    0     0     0     0     0     0     0
2246    0     0     0     0     0     0     0
2250    0     0     0     0     0     0     0
2254    0     0     0     0     0     0     0
2258    0     0     0     0     0     0     0
2262    0     0     0     0     0     0     0
2266    0     0     0     0     0     0     0
2270    0     0     0     0     0     0     0
2274    0     0     0     0     0     0     0
2278    0     0     0     0     0     0     0
2282    0     0     0     0     0     0     0
2286    0     0     0     0     0     0     0
2290    0     0     0     0     0     0     0
2294    0     0     0     0     0     0     0
2298    0     0     0     0     0     0     0
2302    0     0     0     0     0     0     0
2306    0     0     0     0     0     0     0
2310    0     0     0     0     0     0     0
2314    0     0     0     0     0     0     0
2318    0     0     0     0     0     0     0
2322    0     0     0     0     0     0     0
2326    0     0     0     0     0     0     0
2330    0     0     0     0     0     0     0
2334    0     0     0     0     0     0     0
2338    0     0     0     0     0     0     0
2342    0     0     0     0     0     0     0
2346    0     0     0     0     0     0     0
2350    0     0     0     0     0     0     0
2354    0     0     0     0     0     0     0
2358    0     0     0     0     0     0     0
2362    0     0     0     0     0     0     0
2366    0     0     0     0     0     0     0
2370    0     0     0     0     0     0     0
2374    0     0     0     0     0     0     0
2378    0     0     0     0     0     0     0
2382    0     0     0     0     0     0     0
2386    0     0     0     0     0     0     0
2390    0     0     0     0     0     0     0
2394    0     0     0     0     0     0     0
2398    0     0     0     0     0     0     0
2402    0     0     0     0     0     0     0
2406    0     0     0     0     0     0     0
2410    0     0     0     0     0     0     0
2414    0     0     0     0     0     0     0
2418    0     0     0     0     0     0     0
2422    0     0     0     0     0     0     0
2426    0     0     0     0     0     0     0
2430    0     0     0     0     0     0     0
2434    0     0     0     0     0     0     0
2438    0     0     0     0     0     0     0
2442    0     0     0     0     0     0     0
2446    0     0     0     0     0     0     0
2450    0     0     0     0     0     0     0
2454    0     0     0     0     0     0     0
2458    0     0     0     0     0     0     0
2462    0     0     0     0     0     0     0
2466    0     0     0     0     0     0     0
2470    0     0     0     0     0     0     0
2474    0     0     0     0     0     0     0
2478    0     0     0     0     0     0     0
2482    0     0     0     0     0     0     0
2486    0     0     0     0     0     0     0
2490    0     0     0     0     0     0     0
2494    0     0     0     0     0     0     0
2498    0     0     0     0     0     0     0
2502    0     0     0     0     0     0     0
2506    0     0     0     0     0     0     0
2510    0     0     0     0     0     0     0
2514    0     0     0     0     0     0     0
2518    0     0     0     0     0     0     0
2522    0     0     0     0     0     0     0
2526    0     0     0     0     0     0     0
2530    0     0     0     0     0     0     0
2534    0     0     0     0     0     0     0
2538    0     0     0     0     0     0     0
2542    0     0     0     0     0     0     0
2546    0     0     0     0     0     0     0
2550    0     0     0     0     0     0     0
2554    0     0     0     0     0     0     0
2558    0     0     0     0     0     0     0
2562    0     0     0     0     0     0     0
2566    0     0     0     0     0     0     0
2570    0     0     0     0     0     0     0
2574    0     0     0     0     0     0     0
2578    0     0     0     0     0     0     0
2582    0     0     0     0     0     0     0
2586    0     0     0     0     0     0     0
2590    0     0     0     0     0     0     0
2594    0     0     0     0     0     0     0
2598    0     0     0     0     0     0     0
2602    0     0     0     0     0     0     0
2606    0     0     0     0     0     0     0
2610    0     0     0     0     0     0     0
2614    0     0     0     0     0     0     0
2618    0     0     0     0     0     0     0
2622    0     0     0     0     0     0     0
2626    0     0     0     0     0     0     0
2630    0     0     0     0     0     0     0
2634    0     0     0     0     0     0     0
2638    0     0     0     0     0     0     0
2642    0     0     0     0     0     0     0
2646    0     0     0     0     0     0     0
2650    0     0     0     0     0     0     0
2654    0     0     0     0     0     0     0
2658    0     0     0     0     0     0     0
2662    0     0     0     0     0     0     0
2666    0     0     0     0     0     0     0
2670    0     0     0     0     0     0     0
2674    0     0     0     0     0     0     0
2678    0     0     0     0     0     0     0
2682    0     0     0     0     0     0     0
2686    0     0     0     0     0     0     0
2690    0     0     0     0     0     0     0
2694    0     0     0     0     0     0     0
2698    0     0     0     0     0     0     0
2702    0     0     0     0     0     0     0
2706    0     0     0     0     0     0     0
2710    0     0     0     0     0     0     0
2714    0     0     0     0     0     0     0
2718    0     0     0     0     0     0     0
2722    0     0     0     0     0     0     0
2726    0     0     0     0     0     0     0
2730    0     0     0     0     0     0     0
2734    0     0     0     0     0     0     0
2738    0     0     0     0     0     0     0
2742    0     0     0     0     0     0     0
2746    0     0     0     0     0     0     0
2750    0     0     0     0     0     0     0
2754    0     0     0     0     0     0     0
2758    0     0     0     0     0     0     0
2762    0     0     0     0     0     0     0
2766    0     0     0     0     0     0     0
2770    0     0     0     0     0     0     0
2774    0     0     0     0     0     0     0
2778    0     0     0     0     0     0     0
2782    0     0     0     0     0     0     0
2786    0     0     0     0     0     0     0
2790    0     0     0     0     0     0     0
2794    0     0     0     0     0     0     0
2798    0     0     0     0     0     0     0
2802    0     0     0     0     0     0     0
2806    0     0     0     0     0     0     0
2810    0     0     0     0     0     0     0
2814    0     0     0     0     0     0     0
2818    0     0     0     0     0     0     0
2822    0     0     0     0     0     0     0
2826    0     0     0     0     0     0     0
2830    0     0     0     0     0     0     0
2834    0     0     0     0     0     0     0
2838    0     0     0     0     0     0     0
2842    0     0     0     0     0     0     0
2846    0     0     0     0     0     0     0
2850    0     0     0     0     0     0     0
2854    0     0     0     0     0     0     0
2858    0     0     0     0     0     0     0
2862    0     0     0     0     0     0     0
2866    0     0     0     0     0     0     0
2870    0     0     0     0     0     0     0
2874    0     0     0     0     0     0     0
2878    0     0     0     0     0     0     0
2882    0     0     0     0     0     0     0
2886    0     0     0     0     0     0     0
2890    0     0     0     0     0     0     0
2894    0     0     0     0     0     0     0
2898    0     0     0     0     0     0     0
2902    0     0     0     0     0     0     0
2906    0     0     0     0     0     0     0
2910    0     0     0     0     0     0     0
2914    0     0     0     0     0     0     0
2918    0     0     0     0     0     0     0
2922    0     0     0     0     0     0     0
2926    0     0     0     0     0     0     0
2930    0     0     0     0     0     0     0
2934    0     0     0     0     0     0     0
2938    0     0     0     0     0     0     0
2942    0     0     0     0     0     0     0
2946    0     0     0     0     0     0     0
2950    0     0     0     0     0     0     0
2954    0     0     0     0     0     0     0
2958    0     0     0     0     0     0     0
2962    0     0     0     0     0     0     0
2966    0     0     0     0     0     0     0
2970    0     0     0     0     0     0     0
2974    0     0     0     0     0     0     0
2978    0     0     0     0     0     0     0
2982    0     0     0     0     0     0     0
2986    0     0     0     0     0     0     0
2990    0     0     0     0     0     0     0
2994    0     0     0     0     0     0     0
2998    0     0     0     0     0     0     0
3002    0     0     0     0     0     0     0
3006    0     0     0     0     0     0     0
3010    0     0     0     0     0     0     0
3014    0     0     0     0     0     0     0
3018    0     0     0     0     0     0     0
3022    0     0     0     0     0     0     0
3026    0     0     0     0     0     0     0
3030    0     0     0     0     0     0     0
3034    0     0     0     0     0     0     0
3038    0     0     0     0     0     0     0
3042    0     0     0     0     0     0     0
3046    0     0     0     0     0     0     0
3050    0     0     0     0     0     0     0
3054    0     0     0     0     0     0     0
3058    0     0     0     0     0     0     0
3062    0     0     0     0     0     0     0
3066    0     0     0     0     0     0     0
3070    0     0     0     0     0     0     0
3074    0     0     0     0     0     0     0
3078    0     0     0     0     0     0     0
3082    0     0     0     0     0     0     0
3086    0     0     0     0     0     0     0
3090    0     0     0     0     0     0     0
3094    0     0     0     0     0     0     0
3098    0     0     0     0     0     0     0
3102    0     0     0     0     0     0     0
3106    0     0     0     0     0     0     0
3110    0     0     0     0     0     0     0
3114    0     0     0     0     0     0     0
3118    0     0     0     0     0     0     0
3122    0     0     0     0     0     0     0
3126    0     0     0     0     0     0     0
3130    0     0     0     0     0     0     0
3134    0     0     0     0     0     0     0
3138    0     0     0     0     0     0     0
3142    0     0     0     0     0     0     0
3146    0     0     0     0     0     0     0
3150    0     0     0     0     0     0     0
3154    0     0     0     0     0     0     0
3158    0     0     0     0     0     0     0
3162    0     0     0     0     0     0     0
3166    0     0     0     0     0     0     0
3170    0     0     0     0     0     0     0
3174    0     0     0     0     0     0     0
3178    0     0     0     0     0     0     0
3182    0     0     0     0     0     0     0
3186    0     0     0     0     0     0     0
3190    0     0     0     0     0     0     0
3194    0     0     0     0     0     0     0
3198    0     0     0     0     0     0     0
3202    0     0     0     0     0     0     0
3206    0     0     0     0     0     0     0
3210    0     0     0     0     0     0     0
3214    0     0     0     0     0     0     0
3218    0     0     0     0     0     0     0
3222    0     0     0     0     0     0     0
3226    0     0     0     0     0     0     0
3230    0     0     0     0     0     0     0
3234    0     0     0     0     0     0     0
3238    0     0     0     0     0     0     0
3242    0     0     0     0     0     0     0
3246    0     0     0     0     0     0     0
3250    0     0     0     0     0     0     0
3254    0     0     0     0     0     0     0
3258    0     0     0     0     0     0     0
3262    0     0     0     0     0     0     0
3266    0     0     0     0     0     0     0
3270    0     0     0     0     0     0     0
3274    0     0     0     0     0     0     0
3278    0     0     0     0     0     0     0
3282    0     0     0     0     0     0     0
3286    0     0     0     0     0     0     0
3290    0     0     0     0     0     0     0
3294    0     0     0     0     0     0     0
3298    0     0     0     0     0     0     0
3302    0     0     0     0     0     0     0
3306    0     0     0     0     0     0     0
3310    0     0     0     0     0     0     0
3314    0     0     0     0     0     0     0
3318    0     0     0     0     0     0     0
3322    0     0     0     0     0     0     0
3326    0     0     0     0     0     0     0
3330    0     0     0     0     0     0     0
3334    0     0     0     0     0     0     0
3338    0     0     0     0     0     0     0
3342    0     0     0     0     0     0     0
3346    0     0     0     0     0     0     0
3350    0     0     0     0     0     0     0
3354    0     0     0     0     0     0     0
3358    0     0     0     0     0     0     0
3362    0     0     0     0     0     0     0
3366    0     0     0     0     0     0     0
3370    0     0     0     0     0     0     0
3374    0     0     0     0     0     0     0
3378    0     0     0     0     0     0     0
3382    0     0     0     0     0     0     0
3386    0     0     0     0     0     0     0
3390    0     0     0     0     0     0     0
3394    0     0     0     0     0     0     0
3398    0     0     0     0     0     0     0
3402    0     0     0     0     0     0     0
3406    0     0     0     0     0     0     0
3410    0     0     0     0     0     0     0
3414    0     0     0     0     0     0     0
3418    0     0     0     0     0     0     0
3422    0     0     0     0     0     0     0
3426    0     0     0     0     0     0     0
3430    0     0     0     0     0     0     0
3434    0     0     0     0     0     0     0
3438    0     0     0     0     0     0     0
3442    0     0     0     0     0     0     0
3446    0     0     0     0     0     0     0
3450    0     0     0     0     0     0     0
3454    0     0     0     0     0     0     0
3458    0     0     0     0     0     0     0
3462    0     0     0     0     0     0     0
3466    0     0     0     0     0     0     0
3470    0     0     0     0     0     0     0
3474    0     0     0     0     0     0     0
3478    0     0     0     0     0     0     0
3482    0     0     0     0     0     0     0
3486    0     0     0     0     0     0     0
3490    0     0     0     0     0     0     0
3494    0     0     0     0     0     0     0
3498    0     0     0     0     0     0     0
3502    0     0     0     0     0     0     0
3506    0     0     0     0     0     0     0
3510    0     0     0     0     0     0     0
3514    0     0     0     0     0     0     0
3518    0     0     0     0     0     0     0
3522    0     0     0     0     0     0     0
3526    0     0     0     0     0     0     0
3530    0     0     0     0     0     0     0
3534    0     0     0     0     0     0     0
3538    0     0     0     0     0     0     0
3542    0     0     0     0     0     0     0
3546    0     0     0     0     0     0     0
3550    0     0     0     0     0     0     0
3554    0     0     0     0     0     0     0
3558    0     0     0     0     0     0     0
3562    0     0     0     0     0     0     0
3566    0     0     0     0     0     0     0
3570    0     0     0     0     0     0     0
3574    0     0     0     0     0     0     0
3578    0     0     0     0     0     0     0
3582    0     0     0     0     0     0     0
3586    0     0     0     0     0     0     0
3590    0     0     0     0     0     0     0
3594    0     0     0     0     0     0     0
3598    0     0     0     0     0     0     0
3602    0     0     0     0     0     0     0
3606    0     0     0     0     0     0     0
3610    0     0     0     0     0     0     0
3614    0     0     0     0     0     0     0
3618    0     0     0     0     0     0     0
3622    0     0     0     0     0     0     0
3626    0     0     0     0     0     0     0
3630    0     0     0     0     0     0     0
3634    0     0     0     0     0     0     0
3638    0     0     0     0     0     0     0
3642    0     0     0     0     0     0     0
3646    0     0     0     0     0     0     0
3650    0     0     0     0     0     0     0
3654    0     0     0     0     0     0     0
3658    0     0     0     0     0     0     0
3662    0     0     0     0     0     0     0
3666    0     0     0     0     0     0     0
3670    0     0     0     0     0     0     0
3674    0     0     0     0     0     0     0
3678    0     0     0     0     0     0     0
3682    0     0     0     0     0     0     0
3686    0     0     0     0     0     0     0
3690    0     0     0     0     0     0     0
3694    0     0     0     0     0     0     0
3698    0     0     0     0     0     0     0
3702    0     0     0     0     0     0     0
3706    0     0     0     0     0     0     0
3710    0     0     0     0     0     0     0
3714    0     0     0     0     0     0     0
3718    0     0     0     0     0     0     0
3722    0     0     0     0     0     0     0
3726    0     0     0     0     0     0     0
3730    0     0     0     0     0     0     0
3734    0     0     0     0     0     0     0
3738    0     0     0     0     0     0     0
3742    0     0     0     0     0     0     0
3746    0     0     0     0     0     0     0
3750    0     0     0     0     0     0     0
3754    0     0     0     0     0     0     0
3758    0     0     0     0     0     0     0
3762    0     0     0     0     0     0     0
3766    0     0     0     0     0     0     0
3770    0     0     0     0     0     0     0
3774    0     0     0     0     0     0     0
3778    0     0     0     0     0     0     0
3782    0     0     0     0     0     0     0
3786    0     0     0     0     0     0     0
3790    0     0     0     0     0     0     0
3794    0     0     0     0     0     0     0
3798    0     0     0     0     0     0     0
3802    0     0     0     0     0     0     0
3806    0     0     0     0     0     0     0
3810    0     0     0     0     0     0     0
3814    0     0     0     0     0     0     0
3818    0     0     0     0     0     0     0
3822    0     0     0     0     0     0     0
3826    0     0     0     0     0     0     0
3830    0     0     0     0     0     0     0
3834    0     0     0     0     0     0     0
3838    0     0     0     0     0     0     0
3842    0     0     0     0     0     0     0
3846    0     0     0     0     0     0     0
3850    0     0     0     0     0     0     0
3854    0     0     0     0     0     0     0
3858    0     0     0     0     0     0     0
3862    0     0     0     0     0     0     0
3866    0     0     0     0     0     0     0
3870    0     0     0     0     0     0     0
3874    0     0     0     0     0     0     0
3878    0     0     0     0     0     0     0
3882    0     0     0     0     0     0     0
3886    0     0     0     0     0     0     0
3890    0     0     0     0     0     0     0
3894    0     0     0     0     0     0     0
3898    0     0     0     0     0     0     0
3902    0     0     0     0     0     0     0
3906    0     0     0     0     0     0     0
3910    0     0     0     0     0     0     0
3914    0     0     0     0     0     0     0
3918    0     0     0     0     0     0     0
3922    0     0     0     0     0     0     0
3926    0     0     0     0     0     0     0
3930    0     0     0     0     0     0     0
3934    0     0     0     0     0     0     0
3938    0     0     0     0     0     0     0
3942    0     0     0     0     0     0     0
3946    0     0     0     0     0     0     0
3950    0     0     0     0     0     0     0
3954    0     0     0     0     0     0     0
3958    0     0     0     0     0     0     0
3962    0     0     0     0     0     0     0
3966    0     0     0     0     0     0     0
3970    0     0     0     0     0     0     0
3974    0     0     0     0     0     0     0
3978    0     0     0     0     0     0     0
3982    0     0     0     0     0     0     0
3986    0     0     0     0     0     0     0
3990    0     0     0     0     0     0     0
3994    0     0     0     0     0     0     0
3998    0     0     0     0     0     0     0
