1     0     0     0     0
3     0     0     0     0
5     0     0     0     0
7     0     0     0     0
9     0     0     0     0
11     0     0     0     0
13     0     0     0     0
15     0     0     0     0
17     0     0     0     0
19     0     0     0     0
21     0     0     0     0
23     0     0     0     0
25     6.83263e-05     1.33516e-10     1.33492e-10     1.3353e-10
27     6.83263e-05     1.40056e-10     1.4003e-10     1.4007e-10
29     8.19915e-05     1.75251e-10     1.75219e-10     1.75268e-10
31     8.19915e-05     1.83062e-10     1.83029e-10     1.8308e-10
33     9.56568e-05     2.22043e-10     2.22003e-10     2.22065e-10
35     0.000163983     3.95141e-10     3.95069e-10     3.9518e-10
37     6.83263e-05     1.71184e-10     1.71154e-10     1.71202e-10
39     0.000109322     2.82521e-10     2.8247e-10     2.82549e-10
41     0.000122987     3.28731e-10     3.28672e-10     3.28765e-10
43     0.000122987     3.37225e-10     3.37164e-10     3.37258e-10
45     0.000136653     3.87714e-10     3.87644e-10     3.87753e-10
47     0.000136653     3.99679e-10     3.99607e-10     3.99719e-10
49     0.000232309     6.95622e-10     6.95496e-10     6.95692e-10
51     0.000232309     7.14881e-10     7.14752e-10     7.14953e-10
53     0.000191314     6.06489e-10     6.0638e-10     6.0655e-10
55     0.000273305     8.88785e-10     8.88624e-10     8.88874e-10
57     0.000218644     7.33616e-10     7.33484e-10     7.3369e-10
59     0.000327966     1.13551e-09     1.13531e-09     1.13563e-09
61     0.000218644     7.82077e-10     7.81936e-10     7.82156e-10
63     0.000245975     9.026e-10     9.02437e-10     9.02691e-10
65     0.000218644     8.27935e-10     8.27786e-10     8.28019e-10
67     0.000300636     1.17889e-09     1.17868e-09     1.17901e-09
69     0.000327966     1.32525e-09     1.32501e-09     1.32538e-09
71     0.000382627     1.60218e-09     1.6019e-09     1.60235e-09
73     0.000314301     1.35966e-09     1.35941e-09     1.35979e-09
75     0.000396292     1.77382e-09     1.7735e-09     1.774e-09
77     0.000437288     2.0375e-09     2.03714e-09     2.03771e-09
79     0.000245975     1.18524e-09     1.18503e-09     1.18536e-09
81     0.000327966     1.651e-09     1.6507e-09     1.65117e-09
83     0.000341631     1.78693e-09     1.78661e-09     1.78711e-09
85     0.000423623     2.30096e-09     2.30055e-09     2.30119e-09
87     0.000409958     2.32004e-09     2.31962e-09     2.32027e-09
89     0.000409958     2.42853e-09     2.42809e-09     2.42877e-09
91     0.000491949     3.03539e-09     3.03484e-09     3.03569e-09
93     0.000532945     3.42852e-09     3.4279e-09     3.42887e-09
95     0.00054661     3.68426e-09     3.6836e-09     3.68463e-09
97     0.00051928     3.6452e-09     3.64454e-09     3.64557e-09
99     0.000669598     4.91249e-09     4.9116e-09     4.91298e-09
101     0.00054661     4.19343e-09     4.19268e-09     4.19386e-09
103     0.000532945     4.27844e-09     4.27767e-09     4.27887e-09
105     0.000532945     4.46103e-09     4.46023e-09     4.46148e-09
107     0.000573941     5.04368e-09     5.04277e-09     5.04419e-09
109     0.000505615     4.66967e-09     4.66883e-09     4.67014e-09
111     0.000464619     4.52812e-09     4.52731e-09     4.52858e-09
113     0.000560276     5.69917e-09     5.69814e-09     5.69974e-09
115     0.00051928     5.58719e-09     5.58618e-09     5.58775e-09
117     0.00054661     6.30852e-09     6.30738e-09     6.30915e-09
119     0.000628602     7.70832e-09     7.70693e-09     7.70909e-09
121     0.00051928     6.79293e-09     6.7917e-09     6.79361e-09
123     0.000628602     8.94248e-09     8.94087e-09     8.94338e-09
125     0.00051928     8.03284e-09     8.03139e-09     8.03365e-09
127     0.000724259     1.21281e-08     1.21259e-08     1.21293e-08
129     0.000683263     1.25053e-08     1.2503e-08     1.25065e-08
131     0.000614937     1.24835e-08     1.24813e-08     1.24848e-08
133     0.000751589     1.68978e-08     1.68948e-08     1.68995e-08
135     0.000710593     1.79441e-08     1.79408e-08     1.79459e-08
137     0.000642267     1.83804e-08     1.83771e-08     1.83823e-08
139     0.000642267     2.08182e-08     2.08145e-08     2.08203e-08
141     0.00105222     3.91663e-08     3.91592e-08     3.91702e-08
143     0.00077892     3.35598e-08     3.35538e-08     3.35632e-08
145     0.000737924     3.68413e-08     3.68346e-08     3.6845e-08
147     0.000751589     4.50134e-08     4.50053e-08     4.50179e-08
149     0.000819915     5.84686e-08     5.8458e-08     5.84744e-08
151     0.000888242     7.94093e-08     7.93949e-08     7.94173e-08
153     0.000956568     1.05885e-07     1.05866e-07     1.05896e-07
155     0.000751589     1.08033e-07     1.08014e-07     1.08044e-07
157     0.000765254     1.50534e-07     1.50507e-07     1.50549e-07
159     0.000901907     2.70269e-07     2.7022e-07     2.70296e-07
161     0.00077892     4.20465e-07     4.20389e-07     4.20507e-07
163     0.000915572     8.1005e-07     8.09904e-07     8.10132e-07
165     0.000847246     1.05206e-06     1.05187e-06     1.05216e-06
167     0.000888242     1.35956e-06     1.35931e-06     1.35969e-06
169     0.000642267     1.17569e-06     1.17547e-06     1.1758e-06
171     0.000724259     1.52761e-06     1.52733e-06     1.52776e-06
173     0.00103856     2.48449e-06     2.48404e-06     2.48474e-06
175     0.00077892     2.07788e-06     2.07751e-06     2.07809e-06
177     0.000942903     2.78841e-06     2.78791e-06     2.78869e-06
179     0.000915572     2.99294e-06     2.9924e-06     2.99324e-06
181     0.000956568     3.50102e-06     3.50039e-06     3.50137e-06
183     0.00116155     4.83064e-06     4.82977e-06     4.83113e-06
185     0.00118888     5.55597e-06     5.55496e-06     5.55653e-06
187     0.00101123     5.31153e-06     5.31057e-06     5.31207e-06
189     0.00128453     7.39026e-06     7.38893e-06     7.391e-06
191     0.00121621     7.66397e-06     7.66259e-06     7.66474e-06
193     0.00116155     7.93709e-06     7.93566e-06     7.93789e-06
195     0.00105222     7.76027e-06     7.75887e-06     7.76105e-06
197     0.00117521     9.27942e-06     9.27775e-06     9.28036e-06
199     0.00118888     1.00438e-05     1.0042e-05     1.00448e-05
201     0.00120254     1.08171e-05     1.08151e-05     1.08181e-05
203     0.0012572     1.20579e-05     1.20558e-05     1.20592e-05
205     0.00107956     1.10388e-05     1.10368e-05     1.10399e-05
207     0.0012572     1.36352e-05     1.36327e-05     1.36366e-05
209     0.00109322     1.26308e-05     1.26285e-05     1.26321e-05
211     0.00122987     1.49538e-05     1.49511e-05     1.49553e-05
213     0.0012982     1.67657e-05     1.67627e-05     1.67674e-05
215     0.00144852     1.97029e-05     1.96993e-05     1.97049e-05
217     0.00146218     2.09816e-05     2.09778e-05     2.09837e-05
219     0.00180381     2.72631e-05     2.72581e-05     2.72658e-05
221     0.00146218     2.32058e-05     2.32016e-05     2.32081e-05
223     0.00168083     2.8075e-05     2.807e-05     2.80779e-05
225     0.00169449     2.9697e-05     2.96917e-05     2.97e-05
227     0.00124354     2.29315e-05     2.29273e-05     2.29338e-05
229     0.00158517     3.06814e-05     3.06759e-05     3.06845e-05
231     0.00151684     3.07129e-05     3.07074e-05     3.0716e-05
233     0.0015715     3.34059e-05     3.33999e-05     3.34093e-05
235     0.00168083     3.74535e-05     3.74467e-05     3.74572e-05
237     0.0012982     3.03262e-05     3.03207e-05     3.03292e-05
239     0.00150318     3.65841e-05     3.65775e-05     3.65878e-05
241     0.00162617     4.13824e-05     4.1375e-05     4.13866e-05
243     0.00191314     5.09639e-05     5.09547e-05     5.0969e-05
245     0.00170816     4.74321e-05     4.74235e-05     4.74369e-05
247     0.00150318     4.35591e-05     4.35512e-05     4.35635e-05
249     0.0016125     4.8676e-05     4.86672e-05     4.86809e-05
251     0.00179015     5.64043e-05     5.63941e-05     5.641e-05
253     0.00189947     6.23421e-05     6.23308e-05     6.23484e-05
255     0.00166716     5.69995e-05     5.69892e-05     5.70053e-05
257     0.00158517     5.65114e-05     5.65012e-05     5.65171e-05
259     0.00151684     5.63011e-05     5.62909e-05     5.63067e-05
261     0.00185847     7.16248e-05     7.16119e-05     7.1632e-05
263     0.00213178     8.54482e-05     8.54327e-05     8.54568e-05
265     0.00195413     8.14708e-05     8.14561e-05     8.1479e-05
267     0.00213178     9.23534e-05     9.23367e-05     9.23627e-05
269     0.00230943     0.000103776     0.000103758     0.000103787
271     0.00202246     9.42948e-05     9.42778e-05     9.43043e-05
273     0.00218644     0.00010587     0.000105851     0.000105881
275     0.00207712     0.00010439     0.000104371     0.0001044
277     0.00217278     0.000113365     0.000113345     0.000113377
279     0.00172182     9.30214e-05     9.30046e-05     9.30307e-05
281     0.00229576     0.0001286     0.000128577     0.000128613
283     0.00235042     0.000136561     0.000136536     0.000136574
285     0.00225477     0.000135691     0.000135666     0.000135704
287     0.00247341     0.000154029     0.000154001     0.000154045
289     0.0025964     0.00016742     0.00016739     0.000167437
291     0.00288337     0.000192307     0.000192273     0.000192327
293     0.00243242     0.000167952     0.000167922     0.000167969
295     0.00254174     0.000181471     0.000181438     0.000181489
297     0.00263739     0.000194519     0.000194484     0.000194539
299     0.00300636     0.000229385     0.000229343     0.000229408
301     0.0025554     0.000201137     0.000201101     0.000201158
303     0.00266473     0.000216913     0.000216874     0.000216935
305     0.00282871     0.000237504     0.000237461     0.000237528
307     0.00297903     0.000258499     0.000258453     0.000258525
309     0.00271939     0.000243367     0.000243323     0.000243391
311     0.00325233     0.000300162     0.000300108     0.000300193
313     0.00312934     0.000298298     0.000298244     0.000298328
315     0.00333432     0.0003277     0.000327641     0.000327733
317     0.00292436     0.000296666     0.000296613     0.000296696
319     0.00332066     0.000346979     0.000346916     0.000347014
321     0.00344364     0.000370975     0.000370908     0.000371012
323     0.00426356     0.000472501     0.000472415     0.000472548
325     0.00342998     0.000391527     0.000391456     0.000391566
327     0.00374428     0.000440073     0.000439994     0.000440117
329     0.00381261     0.000460934     0.000460851     0.000460981
331     0.00379894     0.000472631     0.000472546     0.000472678
333     0.00390826     0.000500359     0.000500269     0.000500409
335     0.00368962     0.000486045     0.000485957     0.000486094
337     0.00381261     0.000516011     0.000515918     0.000516063
339     0.00459153     0.00063956     0.000639444     0.000639624
341     0.00396292     0.000567501     0.000567399     0.000567559
343     0.00465985     0.000686793     0.000686669     0.000686862
345     0.00472818     0.00071728     0.000717151     0.000717353
347     0.00464619     0.000727292     0.00072716     0.000727365
349     0.00468718     0.000756315     0.000756179     0.000756391
351     0.00468718     0.000781957     0.000781816     0.000782035
353     0.00556176     0.000960786     0.000960613     0.000960883
355     0.00493316     0.000883124     0.000882965     0.000883213
357     0.00565742     0.00105041     0.00105022     0.00105052
359     0.00537045     0.00103277     0.00103258     0.00103287
361     0.00537045     0.00106943     0.00106923     0.00106953
363     0.00616303     0.00127133     0.0012711     0.00127146
365     0.00597172     0.00127308     0.00127287     0.00127319
367     0.00628602     0.00138656     0.00138634     0.00138667
369     0.0067643     0.00154122     0.00154097     0.00154134
371     0.00572574     0.00134784     0.00134763     0.00134794
373     0.00731091     0.00177992     0.00177965     0.00178006
375     0.00699661     0.00175908     0.00175881     0.00175921
377     0.00776187     0.00201774     0.00201743     0.00201788
379     0.00735191     0.00197519     0.0019749     0.00197533
381     0.00742023     0.00205924     0.00205894     0.00205938
383     0.00845879     0.00242148     0.00242113     0.00242164
385     0.00803517     0.00237183     0.00237149     0.00237197
387     0.00926504     0.00281956     0.00281917     0.00281973
389     0.00893708     0.00280228     0.00280189     0.00280243
391     0.00929237     0.00300026     0.00299986     0.00300042
393     0.00926504     0.00308047     0.00308007     0.00308062
395     0.00993464     0.0033978     0.00339737     0.00339795
397     0.0104403     0.00367727     0.00367683     0.00367742
399     0.0114515     0.00415043     0.00414995     0.00415057
401     0.0119981     0.00447485     0.00447435     0.00447498
403     0.0123397     0.00473408     0.00473358     0.00473419
405     0.012613     0.00497495     0.00497446     0.00497504
407     0.0137199     0.00556883     0.00556832     0.00556889
409     0.0144715     0.00604005     0.00603954     0.00604007
411     0.0146492     0.00628354     0.00628308     0.00628349
413     0.0156467     0.00689894     0.0068985     0.00689882
415     0.016494     0.00747881     0.00747841     0.00747859
417     0.0177785     0.00828031     0.00827998     0.00827997
419     0.0182158     0.00872023     0.00872001     0.00871975
421     0.019309     0.00949731     0.00949722     0.00949663
423     0.0203886     0.0103004     0.0103004     0.0102994
425     0.0203476     0.0105615     0.0105618     0.0105604
427     0.0228756     0.012204     0.0122047     0.0122023
429     0.0237639     0.0130295     0.0130306     0.0130274
431     0.0258273     0.014556     0.0145577     0.0145532
433     0.0268796     0.0155783     0.0155806     0.0155747
435     0.0284511     0.0169636     0.0169669     0.0169591
437     0.0301729     0.0185186     0.0185231     0.0185128
439     0.0319494     0.0201845     0.0201904     0.0201771
441     0.0365136     0.0237495     0.0237579     0.0237395
443     0.0379074     0.0254059     0.025417     0.0253931
445     0.0395473     0.027313     0.0273273     0.0272969
447     0.0435922     0.0310397     0.0310591     0.0310186
449     0.0452457     0.0332409     0.0332653     0.0332147
451     0.0476234     0.0361129     0.0361441     0.0360801
453     0.0522286     0.0408974     0.0409386     0.0408549
455     0.0544151     0.0440244     0.0440758     0.0439722
457     0.0591296     0.0494436     0.0495099     0.0493772
459     0.0616713     0.0533259     0.053409     0.0532439
461     0.0646367     0.0577893     0.0578925     0.057689
463     0.0663175     0.061276     0.0613985     0.0611581
465     0.0726582     0.0693344     0.0694874     0.0691887
467     0.0694742     0.0683964     0.0685602     0.0682417
469     0.0717289     0.0727091     0.0728948     0.0725348
471     0.0734508     0.0764385     0.0766425     0.076248
473     0.0730818     0.0779005     0.0781138     0.0777021
475     0.0737514     0.0802404     0.0804604     0.0800358
477     0.0684629     0.075774     0.0755648     0.0759971
479     0.0666865     0.074859     0.0746615     0.0750689
481     0.0638441     0.0724795     0.0723     0.0726691
483     0.0630788     0.0722351     0.0720699     0.0724083
485     0.0580363     0.0669102     0.0667707     0.067055
487     0.0560276     0.0649408     0.0648193     0.0650656
489     0.0512037     0.0596111     0.0595118     0.0597119
491     0.0487166     0.0569406     0.0568577     0.0570235
493     0.0452867     0.0531367     0.0530699     0.0532024
495     0.0425126     0.0500856     0.0500304     0.050139
497     0.0399572     0.0472922     0.0472466     0.0473355
499     0.0374291     0.044531     0.0444934     0.0445661
501     0.0347781     0.0416227     0.0415918     0.041651
503     0.0318674     0.0384033     0.0383782     0.0384257
505     0.0296673     0.0360161     0.0359953     0.0360343
507     0.0254994     0.0312157     0.0311997     0.0312294
509     0.0250347     0.030921     0.0309069     0.0309327
511     0.0232036     0.0289344     0.0289224     0.0289442
513     0.0212085     0.0267193     0.0267092     0.0267273
515     0.0195823     0.024934     0.0249253     0.0249407
517     0.0188717     0.0242986     0.0242907     0.0243045
519     0.0169313     0.0220511     0.0220444     0.022056
521     0.0163573     0.0215588     0.0215526     0.0215631
523     0.0153734     0.0205066     0.0205011     0.0205105
525     0.0145262     0.019619     0.019614     0.0196224
527     0.0139796     0.0191212     0.0191166     0.0191244
529     0.0119844     0.0166037     0.0165998     0.0166063
531     0.0125037     0.017547     0.017543     0.0175496
533     0.0110415     0.0156963     0.0156928     0.0156985
535     0.0109459     0.0157689     0.0157655     0.015771
537     0.00968867     0.0141405     0.0141375     0.0141424
539     0.00938803     0.0138892     0.0138863     0.013891
541     0.00907373     0.0136079     0.0136051     0.0136095
543     0.00915572     0.0139138     0.013911     0.0139154
545     0.00773454     0.0119226     0.0119202     0.011924
547     0.00732458     0.0114463     0.0114441     0.0114476
549     0.00714693     0.0113292     0.011327     0.0113305
551     0.00654566     0.0105245     0.0105225     0.0105257
553     0.00640901     0.0104565     0.0104545     0.0104576
555     0.00614937     0.0101764     0.0101745     0.0101776
557     0.00657299     0.0110339     0.0110318     0.0110351
559     0.00535678     0.00911462     0.00911291     0.00911559
561     0.0051928     0.00895527     0.0089536     0.00895621
563     0.0048785     0.00852261     0.00852104     0.00852351
565     0.00491949     0.00870797     0.00870636     0.00870888
567     0.00446854     0.00801253     0.00801105     0.00801336
569     0.00468718     0.00851481     0.00851325     0.00851569
571     0.00429089     0.00790494     0.0079035     0.00790575
573     0.00444121     0.00829882     0.00829731     0.00829967
575     0.00394926     0.00748589     0.00748453     0.00748666
577     0.00371695     0.00714451     0.00714321     0.00714523
579     0.00397659     0.00774952     0.00774811     0.00775031
581     0.00371695     0.00734456     0.00734323     0.0073453
583     0.00355297     0.00711696     0.00711567     0.00711767
585     0.00348464     0.00707391     0.00707263     0.00707463
587     0.00304735     0.00626868     0.00626755     0.00626931
589     0.00303369     0.00632722     0.00632608     0.00632786
591     0.00278771     0.00590038     0.00589931     0.00590097
593     0.00248708     0.00534322     0.00534225     0.00534376
595     0.00263739     0.00574945     0.00574841     0.00575003
597     0.00221377     0.00490089     0.0049     0.00490138
599     0.0028697     0.00644409     0.00644293     0.00644474
601     0.00233676     0.0053172     0.00531624     0.00531773
603     0.00237775     0.00547982     0.00547883     0.00548037
605     0.00237775     0.00555105     0.00555005     0.00555161
607     0.00232309     0.00548834     0.00548735     0.0054889
609     0.00209078     0.00500102     0.00500011     0.00500152
611     0.00214545     0.00519537     0.00519443     0.00519589
613     0.00220011     0.00540279     0.00540181     0.00540333
615     0.00206345     0.0051358     0.00513487     0.00513632
617     0.00187214     0.00472403     0.00472317     0.0047245
619     0.00142119     0.00363777     0.00363711     0.00363814
621     0.00172182     0.00446793     0.00446713     0.00446838
623     0.00180381     0.00474114     0.00474029     0.00474162
625     0.00147585     0.00393155     0.00393084     0.00393195
627     0.00148951     0.00401802     0.00401729     0.00401842
629     0.00159883     0.0043687     0.00436791     0.00436914
631     0.00154417     0.00427424     0.00427347     0.00427467
633     0.00142119     0.00398279     0.00398207     0.00398319
635     0.00128453     0.00364442     0.00364376     0.00364478
637     0.00139386     0.00400359     0.00400287     0.00400399
639     0.00143485     0.00417577     0.00417501     0.00417619
641     0.00140752     0.00415223     0.00415148     0.00415264
643     0.00103856     0.0030997     0.00309914     0.00310001
645     0.00147585     0.00446774     0.00446693     0.00446819
647     0.00136653     0.00419288     0.00419213     0.0041933
649     0.00107956     0.0033568     0.0033562     0.00335714
651     0.00102489     0.00322597     0.00322538     0.00322629
653     0.00109322     0.00349082     0.00349019     0.00349117
655     0.00114788     0.00371211     0.00371144     0.00371248
657     0.000983899     0.00321863     0.00321805     0.00321895
659     0.000997564     0.00330871     0.00330811     0.00330904
661     0.000874576     0.00293677     0.00293624     0.00293707
663     0.00080625     0.00273903     0.00273853     0.0027393
665     0.00101123     0.00348363     0.003483     0.00348398
667     0.000915572     0.00319521     0.00319464     0.00319553
669     0.000929237     0.00327965     0.00327906     0.00327998
671     0.00077892     0.00277858     0.00277808     0.00277886
673     0.000956568     0.0034563     0.00345568     0.00345665
675     0.00077892     0.00284808     0.00284756     0.00284836
677     0.000888242     0.00329062     0.00329003     0.00329096
679     0.000724259     0.0027115     0.00271101     0.00271177
681     0.000724259     0.00274403     0.00274353     0.00274431
683     0.000683263     0.00261667     0.0026162     0.00261694
685     0.000751589     0.0029126     0.00291207     0.00291289
687     0.000819915     0.0032143     0.00321372     0.00321463
689     0.000642267     0.00254596     0.0025455     0.00254622
691     0.000478284     0.00191934     0.001919     0.00191954
693     0.000710593     0.0028864     0.00288588     0.00288669
695     0.000601271     0.00247172     0.00247128     0.00247197
697     0.000628602     0.00261806     0.00261759     0.00261832
699     0.000683263     0.00287861     0.00287809     0.0028789
701     0.000368962     0.00157388     0.0015736     0.00157404
703     0.000601271     0.00259076     0.0025903     0.00259102
705     0.000683263     0.00297814     0.0029776     0.00297844
707     0.000560276     0.002472     0.00247155     0.00247225
709     0.000478284     0.00213525     0.00213486     0.00213546
711     0.000478284     0.00215991     0.00215952     0.00216013
713     0.00054661     0.00249967     0.00249922     0.00249992
715     0.000628602     0.00290944     0.00290891     0.00290973
717     0.000491949     0.00230761     0.00230719     0.00230784
719     0.000396292     0.00187845     0.00187812     0.00187864
721     0.00054661     0.00262224     0.00262177     0.0026225
723     0.000423623     0.00205456     0.00205419     0.00205477
725     0.000450953     0.00221161     0.00221121     0.00221184
727     0.000396292     0.00196554     0.00196518     0.00196573
729     0.000437288     0.00219087     0.00219047     0.00219109
731     0.000368962     0.00186687     0.00186653     0.00186706
733     0.000450953     0.00230941     0.002309     0.00230965
735     0.000437288     0.00226663     0.00226622     0.00226686
737     0.000423623     0.00221626     0.00221586     0.00221649
739     0.000409958     0.00217205     0.00217165     0.00217226
741     0.000409958     0.00219678     0.00219638     0.002197
743     0.000409958     0.00222673     0.00222632     0.00222695
745     0.000409958     0.0022521     0.00225169     0.00225232
747     0.000532945     0.00296122     0.00296068     0.00296151
749     0.000450953     0.00253676     0.0025363     0.00253702
751     0.000464619     0.00264097     0.00264049     0.00264123
753     0.00051928     0.00298409     0.00298356     0.00298439
755     0.000314301     0.00182468     0.00182436     0.00182487
757     0.000382627     0.00224357     0.00224316     0.00224379
759     0.000355297     0.00210572     0.00210534     0.00210593
761     0.00028697     0.00171789     0.00171758     0.00171806
763     0.000341631     0.00206811     0.00206773     0.00206832
765     0.000300636     0.00183953     0.0018392     0.00183972
767     0.000232309     0.00143881     0.00143855     0.00143896
769     0.000300636     0.00188063     0.00188029     0.00188082
771     0.00025964     0.00164324     0.00164295     0.00164341
773     0.000368962     0.00236118     0.00236076     0.00236142
775     0.000314301     0.00203419     0.00203382     0.0020344
777     0.000314301     0.00205826     0.00205789     0.00205846
779     0.000245975     0.00162839     0.0016281     0.00162855
781     0.000232309     0.00155483     0.00155455     0.00155498
783     0.000191314     0.00129218     0.00129195     0.00129231
785     0.000136653     0.000934023     0.000933854     0.000934117
787     0.000191314     0.00131952     0.00131928     0.00131965
789     0.000204979     0.00142855     0.00142829     0.00142869
791     0.000300636     0.00211639     0.00211601     0.0021166
793     0.000300636     0.00213885     0.00213847     0.00213907
795     0.000218644     0.00157256     0.00157228     0.00157272
797     0.000163983     0.00119018     0.00118996     0.0011903
799     0.000163983     0.00120442     0.0012042     0.00120454
801     0.000232309     0.0017259     0.00172559     0.00172607
803     0.000191314     0.00143957     0.00143931     0.00143971
805     0.000163983     0.00124401     0.00124378     0.00124413
807     0.000204979     0.00157027     0.00156998     0.00157043
809     0.000218644     0.00169686     0.00169655     0.00169703
811     0.00028697     0.00224961     0.0022492     0.00224983
813     0.00025964     0.00205926     0.00205889     0.00205947
815     0.000136653     0.00109494     0.00109475     0.00109505
817     0.000273305     0.00221218     0.00221178     0.00221241
819     0.000177648     0.00145529     0.00145503     0.00145544
821     0.000191314     0.00157946     0.00157918     0.00157962
823     0.000218644     0.00182398     0.00182365     0.00182416
825     0.000122987     0.00103663     0.00103644     0.00103673
827     0.00025964     0.0022093     0.0022089     0.00220952
829     0.000150318     0.00129226     0.00129202     0.00129239
831     0.000191314     0.00166074     0.00166044     0.00166091
833     0.000191314     0.00167919     0.00167889     0.00167936
835     9.56568e-05     0.000849308     0.000849154     0.000849393
837     0.000191314     0.00171667     0.00171636     0.00171684
839     0.000191314     0.00173472     0.0017344     0.00173489
841     9.56568e-05     0.000874681     0.000874523     0.000874769
843     0.000163983     0.00151694     0.00151667     0.00151709
845     0.000191314     0.00178577     0.00178545     0.00178595
847     0.000109322     0.00103351     0.00103333     0.00103362
849     0.000150318     0.00143333     0.00143307     0.00143348
851     0.000136653     0.00131497     0.00131473     0.0013151
853     0.000232309     0.0022592     0.00225879     0.00225943
855     0.000109322     0.00107501     0.00107482     0.00107512
857     0.000218644     0.00217061     0.00217022     0.00217083
859     0.000136653     0.00137011     0.00136986     0.00137025
861     9.56568e-05     0.000969636     0.000969461     0.000969734
863     0.000122987     0.00125884     0.00125862     0.00125897
865     9.56568e-05     0.000989111     0.000988932     0.00098921
867     4.09958e-05     0.000426993     0.000426916     0.000427036
869     0.000136653     0.00143874     0.00143848     0.00143888
871     0.000109322     0.00116526     0.00116505     0.00116538
873     0.000150318     0.00161528     0.00161499     0.00161544
875     0.000136653     0.00148226     0.00148199     0.00148241
877     0.000136653     0.00149682     0.00149655     0.00149697
879     0.000136653     0.00151047     0.0015102     0.00151063
881     9.56568e-05     0.00106758     0.00106739     0.00106769
883     0.000136653     0.00154095     0.00154067     0.00154111
885     0.000136653     0.00155657     0.00155629     0.00155673
887     9.56568e-05     0.00110098     0.00110078     0.00110109
889     0.000150318     0.00174606     0.00174575     0.00174624
891     9.56568e-05     0.00112129     0.00112109     0.0011214
893     0.000136653     0.00161887     0.00161858     0.00161903
895     0.000122987     0.00147171     0.00147145     0.00147186
897     8.19915e-05     0.000989589     0.00098941     0.000989688
899     0.000136653     0.00166666     0.00166636     0.00166682
901     0.000122987     0.00151427     0.00151399     0.00151442
903     6.83263e-05     0.000850667     0.000850514     0.000850753
905     8.19915e-05     0.0010325     0.00103231     0.0010326
907     4.09958e-05     0.000518924     0.00051883     0.000518976
909     2.73305e-05     0.0003502     0.000350137     0.000350235
911     0.000136653     0.00176845     0.00176814     0.00176863
913     9.56568e-05     0.00125121     0.00125099     0.00125134
915     0.000109322     0.00144056     0.0014403     0.0014407
917     0.000109322     0.00145825     0.00145798     0.00145839
919     0.000122987     0.00165303     0.00165274     0.0016532
921     0.000122987     0.0016675     0.0016672     0.00166767
923     5.4661e-05     0.000750323     0.000750188     0.000750399
925     5.4661e-05     0.000756767     0.00075663     0.000756843
927     6.83263e-05     0.000954465     0.000954293     0.000954561
929     8.19915e-05     0.0011565     0.00115629     0.00115661
931     5.4661e-05     0.00077784     0.0007777     0.000777918
933     0.000136653     0.00196318     0.00196283     0.00196338
935     9.56568e-05     0.00138784     0.00138759     0.00138798
937     0.000109322     0.00160032     0.00160003     0.00160048
939     5.4661e-05     0.000808679     0.000808533     0.000808761
941     6.83263e-05     0.00102126     0.00102107     0.00102136
943     6.83263e-05     0.00103086     0.00103067     0.00103096
945     9.56568e-05     0.00145466     0.0014544     0.00145481
947     2.73305e-05     0.000420363     0.000420288     0.000420406
949     8.19915e-05     0.00127079     0.00127056     0.00127092
951     2.73305e-05     0.000427874     0.000427797     0.000427917
953     5.4661e-05     0.000861022     0.000860866     0.000861109
955     9.56568e-05     0.00152592     0.00152564     0.00152607
957     2.73305e-05     0.000440884     0.000440804     0.000440928
959     4.09958e-05     0.000666418     0.000666298     0.000666485
961     5.4661e-05     0.000893528     0.000893367     0.000893618
963     9.56568e-05     0.0015824     0.00158211     0.00158255
965     4.09958e-05     0.000683524     0.000683401     0.000683593
967     1.36653e-05     0.000231415     0.000231373     0.000231439
969     8.19915e-05     0.00139525     0.001395     0.00139539
971     6.83263e-05     0.00117329     0.00117308     0.00117341
973     8.19915e-05     0.00142327     0.00142301     0.00142341
975     1.36653e-05     0.00023949     0.000239447     0.000239514
977     5.4661e-05     0.000966196     0.000966022     0.000966293
979     9.56568e-05     0.00170691     0.0017066     0.00170708
981     2.73305e-05     0.000492783     0.000492694     0.000492833
983     8.19915e-05     0.00149028     0.00149001     0.00149043
985     2.73305e-05     0.000501531     0.000501441     0.000501582
987     1.36653e-05     0.000252131     0.000252085     0.000252156
989     8.19915e-05     0.00153263     0.00153236     0.00153279
991     2.73305e-05     0.000514378     0.000514285     0.000514429
993     9.56568e-05     0.00181734     0.00181701     0.00181752
995     8.19915e-05     0.00157437     0.00157408     0.00157453
997     8.19915e-05     0.00158727     0.00158699     0.00158743
999     8.19915e-05     0.00159996     0.00159967     0.00160012
1001     5.4661e-05     0.00107758     0.00107738     0.00107769
1003     2.73305e-05     0.000544245     0.000544147     0.0005443
1005     1.36653e-05     0.000274916     0.000274866     0.000274943
1007     8.19915e-05     0.0016649     0.0016646     0.00166506
1009     2.73305e-05     0.000557149     0.000557048     0.000557205
1011     4.09958e-05     0.000846907     0.000846754     0.000846992
1013     0.000109322     0.00227751     0.0022771     0.00227774
1015     1.36653e-05     0.000286563     0.000286511     0.000286591
1017     4.09958e-05     0.000870743     0.000870585     0.00087083
1019     1.36653e-05     0.000294228     0.000294175     0.000294257
1021     0     0     0     0
1023     5.4661e-05     0.00119064     0.00119043     0.00119076
1025     6.83263e-05     0.00150854     0.00150827     0.00150869
1027     5.4661e-05     0.00121446     0.00121424     0.00121458
1029     2.73305e-05     0.000613582     0.000613471     0.000613644
1031     2.73305e-05     0.000618027     0.000617915     0.000618089
1033     4.09958e-05     0.000939273     0.000939103     0.000939367
1035     5.4661e-05     0.00125932     0.00125909     0.00125945
1037     4.09958e-05     0.000953892     0.000953719     0.000953988
1039     2.73305e-05     0.000640934     0.000640818     0.000640998
1041     5.4661e-05     0.00129648     0.00129624     0.00129661
1043     5.4661e-05     0.00130896     0.00130872     0.00130909
1045     5.4661e-05     0.00131755     0.00131731     0.00131768
1047     0     0     0     0
1049     0     0     0     0
1051     0     0     0     0
1053     0     0     0     0
1055     0     0     0     0
1057     0     0     0     0
1059     0     0     0     0
1061     0     0     0     0
1063     0     0     0     0
1065     0     0     0     0
1067     0     0     0     0
1069     0     0     0     0
1071     0     0     0     0
1073     0     0     0     0
1075     0     0     0     0
1077     0     0     0     0
1079     0     0     0     0
1081     0     0     0     0
1083     0     0     0     0
1085     0     0     0     0
1087     0     0     0     0
1089     0     0     0     0
1091     0     0     0     0
1093     0     0     0     0
1095     0     0     0     0
1097     0     0     0     0
1099     0     0     0     0
1101     0     0     0     0
1103     0     0     0     0
1105     0     0     0     0
1107     0     0     0     0
1109     0     0     0     0
1111     0     0     0     0
1113     0     0     0     0
1115     0     0     0     0
1117     0     0     0     0
1119     0     0     0     0
1121     0     0     0     0
1123     0     0     0     0
1125     0     0     0     0
1127     0     0     0     0
1129     0     0     0     0
1131     0     0     0     0
1133     0     0     0     0
1135     0     0     0     0
1137     0     0     0     0
1139     0     0     0     0
1141     0     0     0     0
1143     0     0     0     0
1145     0     0     0     0
1147     0     0     0     0
1149     0     0     0     0
1151     0     0     0     0
1153     0     0     0     0
1155     0     0     0     0
1157     0     0     0     0
1159     0     0     0     0
1161     0     0     0     0
1163     0     0     0     0
1165     0     0     0     0
1167     0     0     0     0
1169     0     0     0     0
1171     0     0     0     0
1173     0     0     0     0
1175     0     0     0     0
1177     0     0     0     0
1179     0     0     0     0
1181     0     0     0     0
1183     0     0     0     0
1185     0     0     0     0
1187     0     0     0     0
1189     0     0     0     0
1191     0     0     0     0
1193     0     0     0     0
1195     0     0     0     0
1197     0     0     0     0
1199     0     0     0     0
1201     0     0     0     0
1203     0     0     0     0
1205     0     0     0     0
1207     0     0     0     0
1209     0     0     0     0
1211     0     0     0     0
1213     0     0     0     0
1215     0     0     0     0
1217     0     0     0     0
1219     0     0     0     0
1221     0     0     0     0
1223     0     0     0     0
1225     0     0     0     0
1227     0     0     0     0
1229     0     0     0     0
1231     0     0     0     0
1233     0     0     0     0
1235     0     0     0     0
1237     0     0     0     0
1239     0     0     0     0
1241     0     0     0     0
1243     0     0     0     0
1245     0     0     0     0
1247     0     0     0     0
1249     0     0     0     0
1251     0     0     0     0
1253     0     0     0     0
1255     0     0     0     0
1257     0     0     0     0
1259     0     0     0     0
1261     0     0     0     0
1263     0     0     0     0
1265     0     0     0     0
1267     0     0     0     0
1269     0     0     0     0
1271     0     0     0     0
1273     0     0     0     0
1275     0     0     0     0
1277     0     0     0     0
1279     0     0     0     0
1281     0     0     0     0
1283     0     0     0     0
1285     0     0     0     0
1287     0     0     0     0
1289     0     0     0     0
1291     0     0     0     0
1293     0     0     0     0
1295     0     0     0     0
1297     0     0     0     0
1299     0     0     0     0
1301     0     0     0     0
1303     0     0     0     0
1305     0     0     0     0
1307     0     0     0     0
1309     0     0     0     0
1311     0     0     0     0
1313     0     0     0     0
1315     0     0     0     0
1317     0     0     0     0
1319     0     0     0     0
1321     0     0     0     0
1323     0     0     0     0
1325     0     0     0     0
1327     0     0     0     0
1329     0     0     0     0
1331     0     0     0     0
1333     0     0     0     0
1335     0     0     0     0
1337     0     0     0     0
1339     0     0     0     0
1341     0     0     0     0
1343     0     0     0     0
1345     0     0     0     0
1347     0     0     0     0
1349     0     0     0     0
1351     0     0     0     0
1353     0     0     0     0
1355     0     0     0     0
1357     0     0     0     0
1359     0     0     0     0
1361     0     0     0     0
1363     0     0     0     0
1365     0     0     0     0
1367     0     0     0     0
1369     0     0     0     0
1371     0     0     0     0
1373     0     0     0     0
1375     0     0     0     0
1377     0     0     0     0
1379     0     0     0     0
1381     0     0     0     0
1383     0     0     0     0
1385     0     0     0     0
1387     0     0     0     0
1389     0     0     0     0
1391     0     0     0     0
1393     0     0     0     0
1395     0     0     0     0
1397     0     0     0     0
1399     0     0     0     0
1401     0     0     0     0
1403     0     0     0     0
1405     0     0     0     0
1407     0     0     0     0
1409     0     0     0     0
1411     0     0     0     0
1413     0     0     0     0
1415     0     0     0     0
1417     0     0     0     0
1419     0     0     0     0
1421     0     0     0     0
1423     0     0     0     0
1425     0     0     0     0
1427     0     0     0     0
1429     0     0     0     0
1431     0     0     0     0
1433     0     0     0     0
1435     0     0     0     0
1437     0     0     0     0
1439     0     0     0     0
1441     0     0     0     0
1443     0     0     0     0
1445     0     0     0     0
1447     0     0     0     0
1449     0     0     0     0
1451     0     0     0     0
1453     0     0     0     0
1455     0     0     0     0
1457     0     0     0     0
1459     0     0     0     0
1461     0     0     0     0
1463     0     0     0     0
1465     0     0     0     0
1467     0     0     0     0
1469     0     0     0     0
1471     0     0     0     0
1473     0     0     0     0
1475     0     0     0     0
1477     0     0     0     0
1479     0     0     0     0
1481     0     0     0     0
1483     0     0     0     0
1485     0     0     0     0
1487     0     0     0     0
1489     0     0     0     0
1491     0     0     0     0
1493     0     0     0     0
1495     0     0     0     0
1497     0     0     0     0
1499     0     0     0     0
1501     0     0     0     0
1503     0     0     0     0
1505     0     0     0     0
1507     0     0     0     0
1509     0     0     0     0
1511     0     0     0     0
1513     0     0     0     0
1515     0     0     0     0
1517     0     0     0     0
1519     0     0     0     0
1521     0     0     0     0
1523     0     0     0     0
1525     0     0     0     0
1527     0     0     0     0
1529     0     0     0     0
1531     0     0     0     0
1533     0     0     0     0
1535     0     0     0     0
1537     0     0     0     0
1539     0     0     0     0
1541     0     0     0     0
1543     0     0     0     0
1545     0     0     0     0
1547     0     0     0     0
1549     0     0     0     0
1551     0     0     0     0
1553     0     0     0     0
1555     0     0     0     0
1557     0     0     0     0
1559     0     0     0     0
1561     0     0     0     0
1563     0     0     0     0
1565     0     0     0     0
1567     0     0     0     0
1569     0     0     0     0
1571     0     0     0     0
1573     0     0     0     0
1575     0     0     0     0
1577     0     0     0     0
1579     0     0     0     0
1581     0     0     0     0
1583     0     0     0     0
1585     0     0     0     0
1587     0     0     0     0
1589     0     0     0     0
1591     0     0     0     0
1593     0     0     0     0
1595     0     0     0     0
1597     0     0     0     0
1599     0     0     0     0
1601     0     0     0     0
1603     0     0     0     0
1605     0     0     0     0
1607     0     0     0     0
1609     0     0     0     0
1611     0     0     0     0
1613     0     0     0     0
1615     0     0     0     0
1617     0     0     0     0
1619     0     0     0     0
1621     0     0     0     0
1623     0     0     0     0
1625     0     0     0     0
1627     0     0     0     0
1629     0     0     0     0
1631     0     0     0     0
1633     0     0     0     0
1635     0     0     0     0
1637     0     0     0     0
1639     0     0     0     0
1641     0     0     0     0
1643     0     0     0     0
1645     0     0     0     0
1647     0     0     0     0
1649     0     0     0     0
1651     0     0     0     0
1653     0     0     0     0
1655     0     0     0     0
1657     0     0     0     0
1659     0     0     0     0
1661     0     0     0     0
1663     0     0     0     0
1665     0     0     0     0
1667     0     0     0     0
1669     0     0     0     0
1671     0     0     0     0
1673     0     0     0     0
1675     0     0     0     0
1677     0     0     0     0
1679     0     0     0     0
1681     0     0     0     0
1683     0     0     0     0
1685     0     0     0     0
1687     0     0     0     0
1689     0     0     0     0
1691     0     0     0     0
1693     0     0     0     0
1695     0     0     0     0
1697     0     0     0     0
1699     0     0     0     0
1701     0     0     0     0
1703     0     0     0     0
1705     0     0     0     0
1707     0     0     0     0
1709     0     0     0     0
1711     0     0     0     0
1713     0     0     0     0
1715     0     0     0     0
1717     0     0     0     0
1719     0     0     0     0
1721     0     0     0     0
1723     0     0     0     0
1725     0     0     0     0
1727     0     0     0     0
1729     0     0     0     0
1731     0     0     0     0
1733     0     0     0     0
1735     0     0     0     0
1737     0     0     0     0
1739     0     0     0     0
1741     0     0     0     0
1743     0     0     0     0
1745     0     0     0     0
1747     0     0     0     0
1749     0     0     0     0
1751     0     0     0     0
1753     0     0     0     0
1755     0     0     0     0
1757     0     0     0     0
1759     0     0     0     0
1761     0     0     0     0
1763     0     0     0     0
1765     0     0     0     0
1767     0     0     0     0
1769     0     0     0     0
1771     0     0     0     0
1773     0     0     0     0
1775     0     0     0     0
1777     0     0     0     0
1779     0     0     0     0
1781     0     0     0     0
1783     0     0     0     0
1785     0     0     0     0
1787     0     0     0     0
1789     0     0     0     0
1791     0     0     0     0
1793     0     0     0     0
1795     0     0     0     0
1797     0     0     0     0
1799     0     0     0     0
1801     0     0     0     0
1803     0     0     0     0
1805     0     0     0     0
1807     0     0     0     0
1809     0     0     0     0
1811     0     0     0     0
1813     0     0     0     0
1815     0     0     0     0
1817     0     0     0     0
1819     0     0     0     0
1821     0     0     0     0
1823     0     0     0     0
1825     0     0     0     0
1827     0     0     0     0
1829     0     0     0     0
1831     0     0     0     0
1833     0     0     0     0
1835     0     0     0     0
1837     0     0     0     0
1839     0     0     0     0
1841     0     0     0     0
1843     0     0     0     0
1845     0     0     0     0
1847     0     0     0     0
1849     0     0     0     0
1851     0     0     0     0
1853     0     0     0     0
1855     0     0     0     0
1857     0     0     0     0
1859     0     0     0     0
1861     0     0     0     0
1863     0     0     0     0
1865     0     0     0     0
1867     0     0     0     0
1869     0     0     0     0
1871     0     0     0     0
1873     0     0     0     0
1875     0     0     0     0
1877     0     0     0     0
1879     0     0     0     0
1881     0     0     0     0
1883     0     0     0     0
1885     0     0     0     0
1887     0     0     0     0
1889     0     0     0     0
1891     0     0     0     0
1893     0     0     0     0
1895     0     0     0     0
1897     0     0     0     0
1899     0     0     0     0
1901     0     0     0     0
1903     0     0     0     0
1905     0     0     0     0
1907     0     0     0     0
1909     0     0     0     0
1911     0     0     0     0
1913     0     0     0     0
1915     0     0     0     0
1917     0     0     0     0
1919     0     0     0     0
1921     0     0     0     0
1923     0     0     0     0
1925     0     0     0     0
1927     0     0     0     0
1929     0     0     0     0
1931     0     0     0     0
1933     0     0     0     0
1935     0     0     0     0
1937     0     0     0     0
1939     0     0     0     0
1941     0     0     0     0
1943     0     0     0     0
1945     0     0     0     0
1947     0     0     0     0
1949     0     0     0     0
1951     0     0     0     0
1953     0     0     0     0
1955     0     0     0     0
1957     0     0     0     0
1959     0     0     0     0
1961     0     0     0     0
1963     0     0     0     0
1965     0     0     0     0
1967     0     0     0     0
1969     0     0     0     0
1971     0     0     0     0
1973     0     0     0     0
1975     0     0     0     0
1977     0     0     0     0
1979     0     0     0     0
1981     0     0     0     0
1983     0     0     0     0
1985     0     0     0     0
1987     0     0     0     0
1989     0     0     0     0
1991     0     0     0     0
1993     0     0     0     0
1995     0     0     0     0
1997     0     0     0     0
1999     0     0     0     0
2001     0     0     0     0
2003     0     0     0     0
2005     0     0     0     0
2007     0     0     0     0
2009     0     0     0     0
2011     0     0     0     0
2013     0     0     0     0
2015     0     0     0     0
2017     0     0     0     0
2019     0     0     0     0
2021     0     0     0     0
2023     0     0     0     0
2025     0     0     0     0
2027     0     0     0     0
2029     0     0     0     0
2031     0     0     0     0
2033     0     0     0     0
2035     0     0     0     0
2037     0     0     0     0
2039     0     0     0     0
2041     0     0     0     0
2043     0     0     0     0
2045     0     0     0     0
2047     0     0     0     0
2049     0     0     0     0
2051     0     0     0     0
2053     0     0     0     0
2055     0     0     0     0
2057     0     0     0     0
2059     0     0     0     0
2061     0     0     0     0
2063     0     0     0     0
2065     0     0     0     0
2067     0     0     0     0
2069     0     0     0     0
2071     0     0     0     0
2073     0     0     0     0
2075     0     0     0     0
2077     0     0     0     0
2079     0     0     0     0
2081     0     0     0     0
2083     0     0     0     0
2085     0     0     0     0
2087     0     0     0     0
2089     0     0     0     0
2091     0     0     0     0
2093     0     0     0     0
2095     0     0     0     0
2097     0     0     0     0
2099     0     0     0     0
2101     0     0     0     0
2103     0     0     0     0
2105     0     0     0     0
2107     0     0     0     0
2109     0     0     0     0
2111     0     0     0     0
2113     0     0     0     0
2115     0     0     0     0
2117     0     0     0     0
2119     0     0     0     0
2121     0     0     0     0
2123     0     0     0     0
2125     0     0     0     0
2127     0     0     0     0
2129     0     0     0     0
2131     0     0     0     0
2133     0     0     0     0
2135     0     0     0     0
2137     0     0     0     0
2139     0     0     0     0
2141     0     0     0     0
2143     0     0     0     0
2145     0     0     0     0
2147     0     0     0     0
2149     0     0     0     0
2151     0     0     0     0
2153     0     0     0     0
2155     0     0     0     0
2157     0     0     0     0
2159     0     0     0     0
2161     0     0     0     0
2163     0     0     0     0
2165     0     0     0     0
2167     0     0     0     0
2169     0     0     0     0
2171     0     0     0     0
2173     0     0     0     0
2175     0     0     0     0
2177     0     0     0     0
2179     0     0     0     0
2181     0     0     0     0
2183     0     0     0     0
2185     0     0     0     0
2187     0     0     0     0
2189     0     0     0     0
2191     0     0     0     0
2193     0     0     0     0
2195     0     0     0     0
2197     0     0     0     0
2199     0     0     0     0
2201     0     0     0     0
2203     0     0     0     0
2205     0     0     0     0
2207     0     0     0     0
2209     0     0     0     0
2211     0     0     0     0
2213     0     0     0     0
2215     0     0     0     0
2217     0     0     0     0
2219     0     0     0     0
2221     0     0     0     0
2223     0     0     0     0
2225     0     0     0     0
2227     0     0     0     0
2229     0     0     0     0
2231     0     0     0     0
2233     0     0     0     0
2235     0     0     0     0
2237     0     0     0     0
2239     0     0     0     0
2241     0     0     0     0
2243     0     0     0     0
2245     0     0     0     0
2247     0     0     0     0
2249     0     0     0     0
2251     0     0     0     0
2253     0     0     0     0
2255     0     0     0     0
2257     0     0     0     0
2259     0     0     0     0
2261     0     0     0     0
2263     0     0     0     0
2265     0     0     0     0
2267     0     0     0     0
2269     0     0     0     0
2271     0     0     0     0
2273     0     0     0     0
2275     0     0     0     0
2277     0     0     0     0
2279     0     0     0     0
2281     0     0     0     0
2283     0     0     0     0
2285     0     0     0     0
2287     0     0     0     0
2289     0     0     0     0
2291     0     0     0     0
2293     0     0     0     0
2295     0     0     0     0
2297     0     0     0     0
2299     0     0     0     0
2301     0     0     0     0
2303     0     0     0     0
2305     0     0     0     0
2307     0     0     0     0
2309     0     0     0     0
2311     0     0     0     0
2313     0     0     0     0
2315     0     0     0     0
2317     0     0     0     0
2319     0     0     0     0
2321     0     0     0     0
2323     0     0     0     0
2325     0     0     0     0
2327     0     0     0     0
2329     0     0     0     0
2331     0     0     0     0
2333     0     0     0     0
2335     0     0     0     0
2337     0     0     0     0
2339     0     0     0     0
2341     0     0     0     0
2343     0     0     0     0
2345     0     0     0     0
2347     0     0     0     0
2349     0     0     0     0
2351     0     0     0     0
2353     0     0     0     0
2355     0     0     0     0
2357     0     0     0     0
2359     0     0     0     0
2361     0     0     0     0
2363     0     0     0     0
2365     0     0     0     0
2367     0     0     0     0
2369     0     0     0     0
2371     0     0     0     0
2373     0     0     0     0
2375     0     0     0     0
2377     0     0     0     0
2379     0     0     0     0
2381     0     0     0     0
2383     0     0     0     0
2385     0     0     0     0
2387     0     0     0     0
2389     0     0     0     0
2391     0     0     0     0
2393     0     0     0     0
2395     0     0     0     0
2397     0     0     0     0
2399     0     0     0     0
2401     0     0     0     0
2403     0     0     0     0
2405     0     0     0     0
2407     0     0     0     0
2409     0     0     0     0
2411     0     0     0     0
2413     0     0     0     0
2415     0     0     0     0
2417     0     0     0     0
2419     0     0     0     0
2421     0     0     0     0
2423     0     0     0     0
2425     0     0     0     0
2427     0     0     0     0
2429     0     0     0     0
2431     0     0     0     0
2433     0     0     0     0
2435     0     0     0     0
2437     0     0     0     0
2439     0     0     0     0
2441     0     0     0     0
2443     0     0     0     0
2445     0     0     0     0
2447     0     0     0     0
2449     0     0     0     0
2451     0     0     0     0
2453     0     0     0     0
2455     0     0     0     0
2457     0     0     0     0
2459     0     0     0     0
2461     0     0     0     0
2463     0     0     0     0
2465     0     0     0     0
2467     0     0     0     0
2469     0     0     0     0
2471     0     0     0     0
2473     0     0     0     0
2475     0     0     0     0
2477     0     0     0     0
2479     0     0     0     0
2481     0     0     0     0
2483     0     0     0     0
2485     0     0     0     0
2487     0     0     0     0
2489     0     0     0     0
2491     0     0     0     0
2493     0     0     0     0
2495     0     0     0     0
2497     0     0     0     0
2499     0     0     0     0
2501     0     0     0     0
2503     0     0     0     0
2505     0     0     0     0
2507     0     0     0     0
2509     0     0     0     0
2511     0     0     0     0
2513     0     0     0     0
2515     0     0     0     0
2517     0     0     0     0
2519     0     0     0     0
2521     0     0     0     0
2523     0     0     0     0
2525     0     0     0     0
2527     0     0     0     0
2529     0     0     0     0
2531     0     0     0     0
2533     0     0     0     0
2535     0     0     0     0
2537     0     0     0     0
2539     0     0     0     0
2541     0     0     0     0
2543     0     0     0     0
2545     0     0     0     0
2547     0     0     0     0
2549     0     0     0     0
2551     0     0     0     0
2553     0     0     0     0
2555     0     0     0     0
2557     0     0     0     0
2559     0     0     0     0
2561     0     0     0     0
2563     0     0     0     0
2565     0     0     0     0
2567     0     0     0     0
2569     0     0     0     0
2571     0     0     0     0
2573     0     0     0     0
2575     0     0     0     0
2577     0     0     0     0
2579     0     0     0     0
2581     0     0     0     0
2583     0     0     0     0
2585     0     0     0     0
2587     0     0     0     0
2589     0     0     0     0
2591     0     0     0     0
2593     0     0     0     0
2595     0     0     0     0
2597     0     0     0     0
2599     0     0     0     0
2601     0     0     0     0
2603     0     0     0     0
2605     0     0     0     0
2607     0     0     0     0
2609     0     0     0     0
2611     0     0     0     0
2613     0     0     0     0
2615     0     0     0     0
2617     0     0     0     0
2619     0     0     0     0
2621     0     0     0     0
2623     0     0     0     0
2625     0     0     0     0
2627     0     0     0     0
2629     0     0     0     0
2631     0     0     0     0
2633     0     0     0     0
2635     0     0     0     0
2637     0     0     0     0
2639     0     0     0     0
2641     0     0     0     0
2643     0     0     0     0
2645     0     0     0     0
2647     0     0     0     0
2649     0     0     0     0
2651     0     0     0     0
2653     0     0     0     0
2655     0     0     0     0
2657     0     0     0     0
2659     0     0     0     0
2661     0     0     0     0
2663     0     0     0     0
2665     0     0     0     0
2667     0     0     0     0
2669     0     0     0     0
2671     0     0     0     0
2673     0     0     0     0
2675     0     0     0     0
2677     0     0     0     0
2679     0     0     0     0
2681     0     0     0     0
2683     0     0     0     0
2685     0     0     0     0
2687     0     0     0     0
2689     0     0     0     0
2691     0     0     0     0
2693     0     0     0     0
2695     0     0     0     0
2697     0     0     0     0
2699     0     0     0     0
2701     0     0     0     0
2703     0     0     0     0
2705     0     0     0     0
2707     0     0     0     0
2709     0     0     0     0
2711     0     0     0     0
2713     0     0     0     0
2715     0     0     0     0
2717     0     0     0     0
2719     0     0     0     0
2721     0     0     0     0
2723     0     0     0     0
2725     0     0     0     0
2727     0     0     0     0
2729     0     0     0     0
2731     0     0     0     0
2733     0     0     0     0
2735     0     0     0     0
2737     0     0     0     0
2739     0     0     0     0
2741     0     0     0     0
2743     0     0     0     0
2745     0     0     0     0
2747     0     0     0     0
2749     0     0     0     0
2751     0     0     0     0
2753     0     0     0     0
2755     0     0     0     0
2757     0     0     0     0
2759     0     0     0     0
2761     0     0     0     0
2763     0     0     0     0
2765     0     0     0     0
2767     0     0     0     0
2769     0     0     0     0
2771     0     0     0     0
2773     0     0     0     0
2775     0     0     0     0
2777     0     0     0     0
2779     0     0     0     0
2781     0     0     0     0
2783     0     0     0     0
2785     0     0     0     0
2787     0     0     0     0
2789     0     0     0     0
2791     0     0     0     0
2793     0     0     0     0
2795     0     0     0     0
2797     0     0     0     0
2799     0     0     0     0
2801     0     0     0     0
2803     0     0     0     0
2805     0     0     0     0
2807     0     0     0     0
2809     0     0     0     0
2811     0     0     0     0
2813     0     0     0     0
2815     0     0     0     0
2817     0     0     0     0
2819     0     0     0     0
2821     0     0     0     0
2823     0     0     0     0
2825     0     0     0     0
2827     0     0     0     0
2829     0     0     0     0
2831     0     0     0     0
2833     0     0     0     0
2835     0     0     0     0
2837     0     0     0     0
2839     0     0     0     0
2841     0     0     0     0
2843     0     0     0     0
2845     0     0     0     0
2847     0     0     0     0
2849     0     0     0     0
2851     0     0     0     0
2853     0     0     0     0
2855     0     0     0     0
2857     0     0     0     0
2859     0     0     0     0
2861     0     0     0     0
2863     0     0     0     0
2865     0     0     0     0
2867     0     0     0     0
2869     0     0     0     0
2871     0     0     0     0
2873     0     0     0     0
2875     0     0     0     0
2877     0     0     0     0
2879     0     0     0     0
2881     0     0     0     0
2883     0     0     0     0
2885     0     0     0     0
2887     0     0     0     0
2889     0     0     0     0
2891     0     0     0     0
2893     0     0     0     0
2895     0     0     0     0
2897     0     0     0     0
2899     0     0     0     0
2901     0     0     0     0
2903     0     0     0     0
2905     0     0     0     0
2907     0     0     0     0
2909     0     0     0     0
2911     0     0     0     0
2913     0     0     0     0
2915     0     0     0     0
2917     0     0     0     0
2919     0     0     0     0
2921     0     0     0     0
2923     0     0     0     0
2925     0     0     0     0
2927     0     0     0     0
2929     0     0     0     0
2931     0     0     0     0
2933     0     0     0     0
2935     0     0     0     0
2937     0     0     0     0
2939     0     0     0     0
2941     0     0     0     0
2943     0     0     0     0
2945     0     0     0     0
2947     0     0     0     0
2949     0     0     0     0
2951     0     0     0     0
2953     0     0     0     0
2955     0     0     0     0
2957     0     0     0     0
2959     0     0     0     0
2961     0     0     0     0
2963     0     0     0     0
2965     0     0     0     0
2967     0     0     0     0
2969     0     0     0     0
2971     0     0     0     0
2973     0     0     0     0
2975     0     0     0     0
2977     0     0     0     0
2979     0     0     0     0
2981     0     0     0     0
2983     0     0     0     0
2985     0     0     0     0
2987     0     0     0     0
2989     0     0     0     0
2991     0     0     0     0
2993     0     0     0     0
2995     0     0     0     0
2997     0     0     0     0
2999     0     0     0     0
3001     0     0     0     0
3003     0     0     0     0
3005     0     0     0     0
3007     0     0     0     0
3009     0     0     0     0
3011     0     0     0     0
3013     0     0     0     0
3015     0     0     0     0
3017     0     0     0     0
3019     0     0     0     0
3021     0     0     0     0
3023     0     0     0     0
3025     0     0     0     0
3027     0     0     0     0
3029     0     0     0     0
3031     0     0     0     0
3033     0     0     0     0
3035     0     0     0     0
3037     0     0     0     0
3039     0     0     0     0
3041     0     0     0     0
3043     0     0     0     0
3045     0     0     0     0
3047     0     0     0     0
3049     0     0     0     0
3051     0     0     0     0
3053     0     0     0     0
3055     0     0     0     0
3057     0     0     0     0
3059     0     0     0     0
3061     0     0     0     0
3063     0     0     0     0
3065     0     0     0     0
3067     0     0     0     0
3069     0     0     0     0
3071     0     0     0     0
3073     0     0     0     0
3075     0     0     0     0
3077     0     0     0     0
3079     0     0     0     0
3081     0     0     0     0
3083     0     0     0     0
3085     0     0     0     0
3087     0     0     0     0
3089     0     0     0     0
3091     0     0     0     0
3093     0     0     0     0
3095     0     0     0     0
3097     0     0     0     0
3099     0     0     0     0
3101     0     0     0     0
3103     0     0     0     0
3105     0     0     0     0
3107     0     0     0     0
3109     0     0     0     0
3111     0     0     0     0
3113     0     0     0     0
3115     0     0     0     0
3117     0     0     0     0
3119     0     0     0     0
3121     0     0     0     0
3123     0     0     0     0
3125     0     0     0     0
3127     0     0     0     0
3129     0     0     0     0
3131     0     0     0     0
3133     0     0     0     0
3135     0     0     0     0
3137     0     0     0     0
3139     0     0     0     0
3141     0     0     0     0
3143     0     0     0     0
3145     0     0     0     0
3147     0     0     0     0
3149     0     0     0     0
3151     0     0     0     0
3153     0     0     0     0
3155     0     0     0     0
3157     0     0     0     0
3159     0     0     0     0
3161     0     0     0     0
3163     0     0     0     0
3165     0     0     0     0
3167     0     0     0     0
3169     0     0     0     0
3171     0     0     0     0
3173     0     0     0     0
3175     0     0     0     0
3177     0     0     0     0
3179     0     0     0     0
3181     0     0     0     0
3183     0     0     0     0
3185     0     0     0     0
3187     0     0     0     0
3189     0     0     0     0
3191     0     0     0     0
3193     0     0     0     0
3195     0     0     0     0
3197     0     0     0     0
3199     0     0     0     0
3201     0     0     0     0
3203     0     0     0     0
3205     0     0     0     0
3207     0     0     0     0
3209     0     0     0     0
3211     0     0     0     0
3213     0     0     0     0
3215     0     0     0     0
3217     0     0     0     0
3219     0     0     0     0
3221     0     0     0     0
3223     0     0     0     0
3225     0     0     0     0
3227     0     0     0     0
3229     0     0     0     0
3231     0     0     0     0
3233     0     0     0     0
3235     0     0     0     0
3237     0     0     0     0
3239     0     0     0     0
3241     0     0     0     0
3243     0     0     0     0
3245     0     0     0     0
3247     0     0     0     0
3249     0     0     0     0
3251     0     0     0     0
3253     0     0     0     0
3255     0     0     0     0
3257     0     0     0     0
3259     0     0     0     0
3261     0     0     0     0
3263     0     0     0     0
3265     0     0     0     0
3267     0     0     0     0
3269     0     0     0     0
3271     0     0     0     0
3273     0     0     0     0
3275     0     0     0     0
3277     0     0     0     0
3279     0     0     0     0
3281     0     0     0     0
3283     0     0     0     0
3285     0     0     0     0
3287     0     0     0     0
3289     0     0     0     0
3291     0     0     0     0
3293     0     0     0     0
3295     0     0     0     0
3297     0     0     0     0
3299     0     0     0     0
3301     0     0     0     0
3303     0     0     0     0
3305     0     0     0     0
3307     0     0     0     0
3309     0     0     0     0
3311     0     0     0     0
3313     0     0     0     0
3315     0     0     0     0
3317     0     0     0     0
3319     0     0     0     0
3321     0     0     0     0
3323     0     0     0     0
3325     0     0     0     0
3327     0     0     0     0
3329     0     0     0     0
3331     0     0     0     0
3333     0     0     0     0
3335     0     0     0     0
3337     0     0     0     0
3339     0     0     0     0
3341     0     0     0     0
3343     0     0     0     0
3345     0     0     0     0
3347     0     0     0     0
3349     0     0     0     0
3351     0     0     0     0
3353     0     0     0     0
3355     0     0     0     0
3357     0     0     0     0
3359     0     0     0     0
3361     0     0     0     0
3363     0     0     0     0
3365     0     0     0     0
3367     0     0     0     0
3369     0     0     0     0
3371     0     0     0     0
3373     0     0     0     0
3375     0     0     0     0
3377     0     0     0     0
3379     0     0     0     0
3381     0     0     0     0
3383     0     0     0     0
3385     0     0     0     0
3387     0     0     0     0
3389     0     0     0     0
3391     0     0     0     0
3393     0     0     0     0
3395     0     0     0     0
3397     0     0     0     0
3399     0     0     0     0
3401     0     0     0     0
3403     0     0     0     0
3405     0     0     0     0
3407     0     0     0     0
3409     0     0     0     0
3411     0     0     0     0
3413     0     0     0     0
3415     0     0     0     0
3417     0     0     0     0
3419     0     0     0     0
3421     0     0     0     0
3423     0     0     0     0
3425     0     0     0     0
3427     0     0     0     0
3429     0     0     0     0
3431     0     0     0     0
3433     0     0     0     0
3435     0     0     0     0
3437     0     0     0     0
3439     0     0     0     0
3441     0     0     0     0
3443     0     0     0     0
3445     0     0     0     0
3447     0     0     0     0
3449     0     0     0     0
3451     0     0     0     0
3453     0     0     0     0
3455     0     0     0     0
3457     0     0     0     0
3459     0     0     0     0
3461     0     0     0     0
3463     0     0     0     0
3465     0     0     0     0
3467     0     0     0     0
3469     0     0     0     0
3471     0     0     0     0
3473     0     0     0     0
3475     0     0     0     0
3477     0     0     0     0
3479     0     0     0     0
3481     0     0     0     0
3483     0     0     0     0
3485     0     0     0     0
3487     0     0     0     0
3489     0     0     0     0
3491     0     0     0     0
3493     0     0     0     0
3495     0     0     0     0
3497     0     0     0     0
3499     0     0     0     0
3501     0     0     0     0
3503     0     0     0     0
3505     0     0     0     0
3507     0     0     0     0
3509     0     0     0     0
3511     0     0     0     0
3513     0     0     0     0
3515     0     0     0     0
3517     0     0     0     0
3519     0     0     0     0
3521     0     0     0     0
3523     0     0     0     0
3525     0     0     0     0
3527     0     0     0     0
3529     0     0     0     0
3531     0     0     0     0
3533     0     0     0     0
3535     0     0     0     0
3537     0     0     0     0
3539     0     0     0     0
3541     0     0     0     0
3543     0     0     0     0
3545     0     0     0     0
3547     0     0     0     0
3549     0     0     0     0
3551     0     0     0     0
3553     0     0     0     0
3555     0     0     0     0
3557     0     0     0     0
3559     0     0     0     0
3561     0     0     0     0
3563     0     0     0     0
3565     0     0     0     0
3567     0     0     0     0
3569     0     0     0     0
3571     0     0     0     0
3573     0     0     0     0
3575     0     0     0     0
3577     0     0     0     0
3579     0     0     0     0
3581     0     0     0     0
3583     0     0     0     0
3585     0     0     0     0
3587     0     0     0     0
3589     0     0     0     0
3591     0     0     0     0
3593     0     0     0     0
3595     0     0     0     0
3597     0     0     0     0
3599     0     0     0     0
3601     0     0     0     0
3603     0     0     0     0
3605     0     0     0     0
3607     0     0     0     0
3609     0     0     0     0
3611     0     0     0     0
3613     0     0     0     0
3615     0     0     0     0
3617     0     0     0     0
3619     0     0     0     0
3621     0     0     0     0
3623     0     0     0     0
3625     0     0     0     0
3627     0     0     0     0
3629     0     0     0     0
3631     0     0     0     0
3633     0     0     0     0
3635     0     0     0     0
3637     0     0     0     0
3639     0     0     0     0
3641     0     0     0     0
3643     0     0     0     0
3645     0     0     0     0
3647     0     0     0     0
3649     0     0     0     0
3651     0     0     0     0
3653     0     0     0     0
3655     0     0     0     0
3657     0     0     0     0
3659     0     0     0     0
3661     0     0     0     0
3663     0     0     0     0
3665     0     0     0     0
3667     0     0     0     0
3669     0     0     0     0
3671     0     0     0     0
3673     0     0     0     0
3675     0     0     0     0
3677     0     0     0     0
3679     0     0     0     0
3681     0     0     0     0
3683     0     0     0     0
3685     0     0     0     0
3687     0     0     0     0
3689     0     0     0     0
3691     0     0     0     0
3693     0     0     0     0
3695     0     0     0     0
3697     0     0     0     0
3699     0     0     0     0
3701     0     0     0     0
3703     0     0     0     0
3705     0     0     0     0
3707     0     0     0     0
3709     0     0     0     0
3711     0     0     0     0
3713     0     0     0     0
3715     0     0     0     0
3717     0     0     0     0
3719     0     0     0     0
3721     0     0     0     0
3723     0     0     0     0
3725     0     0     0     0
3727     0     0     0     0
3729     0     0     0     0
3731     0     0     0     0
3733     0     0     0     0
3735     0     0     0     0
3737     0     0     0     0
3739     0     0     0     0
3741     0     0     0     0
3743     0     0     0     0
3745     0     0     0     0
3747     0     0     0     0
3749     0     0     0     0
3751     0     0     0     0
3753     0     0     0     0
3755     0     0     0     0
3757     0     0     0     0
3759     0     0     0     0
3761     0     0     0     0
3763     0     0     0     0
3765     0     0     0     0
3767     0     0     0     0
3769     0     0     0     0
3771     0     0     0     0
3773     0     0     0     0
3775     0     0     0     0
3777     0     0     0     0
3779     0     0     0     0
3781     0     0     0     0
3783     0     0     0     0
3785     0     0     0     0
3787     0     0     0     0
3789     0     0     0     0
3791     0     0     0     0
3793     0     0     0     0
3795     0     0     0     0
3797     0     0     0     0
3799     0     0     0     0
3801     0     0     0     0
3803     0     0     0     0
3805     0     0     0     0
3807     0     0     0     0
3809     0     0     0     0
3811     0     0     0     0
3813     0     0     0     0
3815     0     0     0     0
3817     0     0     0     0
3819     0     0     0     0
3821     0     0     0     0
3823     0     0     0     0
3825     0     0     0     0
3827     0     0     0     0
3829     0     0     0     0
3831     0     0     0     0
3833     0     0     0     0
3835     0     0     0     0
3837     0     0     0     0
3839     0     0     0     0
3841     0     0     0     0
3843     0     0     0     0
3845     0     0     0     0
3847     0     0     0     0
3849     0     0     0     0
3851     0     0     0     0
3853     0     0     0     0
3855     0     0     0     0
3857     0     0     0     0
3859     0     0     0     0
3861     0     0     0     0
3863     0     0     0     0
3865     0     0     0     0
3867     0     0     0     0
3869     0     0     0     0
3871     0     0     0     0
3873     0     0     0     0
3875     0     0     0     0
3877     0     0     0     0
3879     0     0     0     0
3881     0     0     0     0
3883     0     0     0     0
3885     0     0     0     0
3887     0     0     0     0
3889     0     0     0     0
3891     0     0     0     0
3893     0     0     0     0
3895     0     0     0     0
3897     0     0     0     0
3899     0     0     0     0
3901     0     0     0     0
3903     0     0     0     0
3905     0     0     0     0
3907     0     0     0     0
3909     0     0     0     0
3911     0     0     0     0
3913     0     0     0     0
3915     0     0     0     0
3917     0     0     0     0
3919     0     0     0     0
3921     0     0     0     0
3923     0     0     0     0
3925     0     0     0     0
3927     0     0     0     0
3929     0     0     0     0
3931     0     0     0     0
3933     0     0     0     0
3935     0     0     0     0
3937     0     0     0     0
3939     0     0     0     0
3941     0     0     0     0
3943     0     0     0     0
3945     0     0     0     0
3947     0     0     0     0
3949     0     0     0     0
3951     0     0     0     0
3953     0     0     0     0
3955     0     0     0     0
3957     0     0     0     0
3959     0     0     0     0
3961     0     0     0     0
3963     0     0     0     0
3965     0     0     0     0
3967     0     0     0     0
3969     0     0     0     0
3971     0     0     0     0
3973     0     0     0     0
3975     0     0     0     0
3977     0     0     0     0
3979     0     0     0     0
3981     0     0     0     0
3983     0     0     0     0
3985     0     0     0     0
3987     0     0     0     0
3989     0     0     0     0
3991     0     0     0     0
3993     0     0     0     0
3995     0     0     0     0
3997     0     0     0     0
3999     0     0     0     0
4001     0     0     0     0
4003     0     0     0     0
4005     0     0     0     0
4007     0     0     0     0
4009     0     0     0     0
4011     0     0     0     0
4013     0     0     0     0
4015     0     0     0     0
4017     0     0     0     0
4019     0     0     0     0
4021     0     0     0     0
4023     0     0     0     0
4025     0     0     0     0
4027     0     0     0     0
4029     0     0     0     0
4031     0     0     0     0
4033     0     0     0     0
4035     0     0     0     0
4037     0     0     0     0
4039     0     0     0     0
4041     0     0     0     0
4043     0     0     0     0
4045     0     0     0     0
4047     0     0     0     0
4049     0     0     0     0
4051     0     0     0     0
4053     0     0     0     0
4055     0     0     0     0
4057     0     0     0     0
4059     0     0     0     0
4061     0     0     0     0
4063     0     0     0     0
4065     0     0     0     0
4067     0     0     0     0
4069     0     0     0     0
4071     0     0     0     0
4073     0     0     0     0
4075     0     0     0     0
4077     0     0     0     0
4079     0     0     0     0
4081     0     0     0     0
4083     0     0     0     0
4085     0     0     0     0
4087     0     0     0     0
4089     0     0     0     0
4091     0     0     0     0
4093     0     0     0     0
4095     0     0     0     0
4097     0     0     0     0
4099     0     0     0     0
4101     0     0     0     0
4103     0     0     0     0
4105     0     0     0     0
4107     0     0     0     0
4109     0     0     0     0
4111     0     0     0     0
4113     0     0     0     0
4115     0     0     0     0
4117     0     0     0     0
4119     0     0     0     0
4121     0     0     0     0
4123     0     0     0     0
4125     0     0     0     0
4127     0     0     0     0
4129     0     0     0     0
4131     0     0     0     0
4133     0     0     0     0
4135     0     0     0     0
4137     0     0     0     0
4139     0     0     0     0
4141     0     0     0     0
4143     0     0     0     0
4145     0     0     0     0
4147     0     0     0     0
4149     0     0     0     0
4151     0     0     0     0
4153     0     0     0     0
4155     0     0     0     0
4157     0     0     0     0
4159     0     0     0     0
4161     0     0     0     0
4163     0     0     0     0
4165     0     0     0     0
4167     0     0     0     0
4169     0     0     0     0
4171     0     0     0     0
4173     0     0     0     0
4175     0     0     0     0
4177     0     0     0     0
4179     0     0     0     0
4181     0     0     0     0
4183     0     0     0     0
4185     0     0     0     0
4187     0     0     0     0
4189     0     0     0     0
4191     0     0     0     0
4193     0     0     0     0
4195     0     0     0     0
4197     0     0     0     0
4199     0     0     0     0
4201     0     0     0     0
4203     0     0     0     0
4205     0     0     0     0
4207     0     0     0     0
4209     0     0     0     0
4211     0     0     0     0
4213     0     0     0     0
4215     0     0     0     0
4217     0     0     0     0
4219     0     0     0     0
4221     0     0     0     0
4223     0     0     0     0
4225     0     0     0     0
4227     0     0     0     0
4229     0     0     0     0
4231     0     0     0     0
4233     0     0     0     0
4235     0     0     0     0
4237     0     0     0     0
4239     0     0     0     0
4241     0     0     0     0
4243     0     0     0     0
4245     0     0     0     0
4247     0     0     0     0
4249     0     0     0     0
4251     0     0     0     0
4253     0     0     0     0
4255     0     0     0     0
4257     0     0     0     0
4259     0     0     0     0
4261     0     0     0     0
4263     0     0     0     0
4265     0     0     0     0
4267     0     0     0     0
4269     0     0     0     0
4271     0     0     0     0
4273     0     0     0     0
4275     0     0     0     0
4277     0     0     0     0
4279     0     0     0     0
4281     0     0     0     0
4283     0     0     0     0
4285     0     0     0     0
4287     0     0     0     0
4289     0     0     0     0
4291     0     0     0     0
4293     0     0     0     0
4295     0     0     0     0
4297     0     0     0     0
4299     0     0     0     0
4301     0     0     0     0
4303     0     0     0     0
4305     0     0     0     0
4307     0     0     0     0
4309     0     0     0     0
4311     0     0     0     0
4313     0     0     0     0
4315     0     0     0     0
4317     0     0     0     0
4319     0     0     0     0
4321     0     0     0     0
4323     0     0     0     0
4325     0     0     0     0
4327     0     0     0     0
4329     0     0     0     0
4331     0     0     0     0
4333     0     0     0     0
4335     0     0     0     0
4337     0     0     0     0
4339     0     0     0     0
4341     0     0     0     0
4343     0     0     0     0
4345     0     0     0     0
4347     0     0     0     0
4349     0     0     0     0
4351     0     0     0     0
4353     0     0     0     0
4355     0     0     0     0
4357     0     0     0     0
4359     0     0     0     0
4361     0     0     0     0
4363     0     0     0     0
4365     0     0     0     0
4367     0     0     0     0
4369     0     0     0     0
4371     0     0     0     0
4373     0     0     0     0
4375     0     0     0     0
4377     0     0     0     0
4379     0     0     0     0
4381     0     0     0     0
4383     0     0     0     0
4385     0     0     0     0
4387     0     0     0     0
4389     0     0     0     0
4391     0     0     0     0
4393     0     0     0     0
4395     0     0     0     0
4397     0     0     0     0
4399     0     0     0     0
4401     0     0     0     0
4403     0     0     0     0
4405     0     0     0     0
4407     0     0     0     0
4409     0     0     0     0
4411     0     0     0     0
4413     0     0     0     0
4415     0     0     0     0
4417     0     0     0     0
4419     0     0     0     0
4421     0     0     0     0
4423     0     0     0     0
4425     0     0     0     0
4427     0     0     0     0
4429     0     0     0     0
4431     0     0     0     0
4433     0     0     0     0
4435     0     0     0     0
4437     0     0     0     0
4439     0     0     0     0
4441     0     0     0     0
4443     0     0     0     0
4445     0     0     0     0
4447     0     0     0     0
4449     0     0     0     0
4451     0     0     0     0
4453     0     0     0     0
4455     0     0     0     0
4457     0     0     0     0
4459     0     0     0     0
4461     0     0     0     0
4463     0     0     0     0
4465     0     0     0     0
4467     0     0     0     0
4469     0     0     0     0
4471     0     0     0     0
4473     0     0     0     0
4475     0     0     0     0
4477     0     0     0     0
4479     0     0     0     0
4481     0     0     0     0
4483     0     0     0     0
4485     0     0     0     0
4487     0     0     0     0
4489     0     0     0     0
4491     0     0     0     0
4493     0     0     0     0
4495     0     0     0     0
4497     0     0     0     0
4499     0     0     0     0
4501     0     0     0     0
4503     0     0     0     0
4505     0     0     0     0
4507     0     0     0     0
4509     0     0     0     0
4511     0     0     0     0
4513     0     0     0     0
4515     0     0     0     0
4517     0     0     0     0
4519     0     0     0     0
4521     0     0     0     0
4523     0     0     0     0
4525     0     0     0     0
4527     0     0     0     0
4529     0     0     0     0
4531     0     0     0     0
4533     0     0     0     0
4535     0     0     0     0
4537     0     0     0     0
4539     0     0     0     0
4541     0     0     0     0
4543     0     0     0     0
4545     0     0     0     0
4547     0     0     0     0
4549     0     0     0     0
4551     0     0     0     0
4553     0     0     0     0
4555     0     0     0     0
4557     0     0     0     0
4559     0     0     0     0
4561     0     0     0     0
4563     0     0     0     0
4565     0     0     0     0
4567     0     0     0     0
4569     0     0     0     0
4571     0     0     0     0
4573     0     0     0     0
4575     0     0     0     0
4577     0     0     0     0
4579     0     0     0     0
4581     0     0     0     0
4583     0     0     0     0
4585     0     0     0     0
4587     0     0     0     0
4589     0     0     0     0
4591     0     0     0     0
4593     0     0     0     0
4595     0     0     0     0
4597     0     0     0     0
4599     0     0     0     0
4601     0     0     0     0
4603     0     0     0     0
4605     0     0     0     0
4607     0     0     0     0
4609     0     0     0     0
4611     0     0     0     0
4613     0     0     0     0
4615     0     0     0     0
4617     0     0     0     0
4619     0     0     0     0
4621     0     0     0     0
4623     0     0     0     0
4625     0     0     0     0
4627     0     0     0     0
4629     0     0     0     0
4631     0     0     0     0
4633     0     0     0     0
4635     0     0     0     0
4637     0     0     0     0
4639     0     0     0     0
4641     0     0     0     0
4643     0     0     0     0
4645     0     0     0     0
4647     0     0     0     0
4649     0     0     0     0
4651     0     0     0     0
4653     0     0     0     0
4655     0     0     0     0
4657     0     0     0     0
4659     0     0     0     0
4661     0     0     0     0
4663     0     0     0     0
4665     0     0     0     0
4667     0     0     0     0
4669     0     0     0     0
4671     0     0     0     0
4673     0     0     0     0
4675     0     0     0     0
4677     0     0     0     0
4679     0     0     0     0
4681     0     0     0     0
4683     0     0     0     0
4685     0     0     0     0
4687     0     0     0     0
4689     0     0     0     0
4691     0     0     0     0
4693     0     0     0     0
4695     0     0     0     0
4697     0     0     0     0
4699     0     0     0     0
4701     0     0     0     0
4703     0     0     0     0
4705     0     0     0     0
4707     0     0     0     0
4709     0     0     0     0
4711     0     0     0     0
4713     0     0     0     0
4715     0     0     0     0
4717     0     0     0     0
4719     0     0     0     0
4721     0     0     0     0
4723     0     0     0     0
4725     0     0     0     0
4727     0     0     0     0
4729     0     0     0     0
4731     0     0     0     0
4733     0     0     0     0
4735     0     0     0     0
4737     0     0     0     0
4739     0     0     0     0
4741     0     0     0     0
4743     0     0     0     0
4745     0     0     0     0
4747     0     0     0     0
4749     0     0     0     0
4751     0     0     0     0
4753     0     0     0     0
4755     0     0     0     0
4757     0     0     0     0
4759     0     0     0     0
4761     0     0     0     0
4763     0     0     0     0
4765     0     0     0     0
4767     0     0     0     0
4769     0     0     0     0
4771     0     0     0     0
4773     0     0     0     0
4775     0     0     0     0
4777     0     0     0     0
4779     0     0     0     0
4781     0     0     0     0
4783     0     0     0     0
4785     0     0     0     0
4787     0     0     0     0
4789     0     0     0     0
4791     0     0     0     0
4793     0     0     0     0
4795     0     0     0     0
4797     0     0     0     0
4799     0     0     0     0
4801     0     0     0     0
4803     0     0     0     0
4805     0     0     0     0
4807     0     0     0     0
4809     0     0     0     0
4811     0     0     0     0
4813     0     0     0     0
4815     0     0     0     0
4817     0     0     0     0
4819     0     0     0     0
4821     0     0     0     0
4823     0     0     0     0
4825     0     0     0     0
4827     0     0     0     0
4829     0     0     0     0
4831     0     0     0     0
4833     0     0     0     0
4835     0     0     0     0
4837     0     0     0     0
4839     0     0     0     0
4841     0     0     0     0
4843     0     0     0     0
4845     0     0     0     0
4847     0     0     0     0
4849     0     0     0     0
4851     0     0     0     0
4853     0     0     0     0
4855     0     0     0     0
4857     0     0     0     0
4859     0     0     0     0
4861     0     0     0     0
4863     0     0     0     0
4865     0     0     0     0
4867     0     0     0     0
4869     0     0     0     0
4871     0     0     0     0
4873     0     0     0     0
4875     0     0     0     0
4877     0     0     0     0
4879     0     0     0     0
4881     0     0     0     0
4883     0     0     0     0
4885     0     0     0     0
4887     0     0     0     0
4889     0     0     0     0
4891     0     0     0     0
4893     0     0     0     0
4895     0     0     0     0
4897     0     0     0     0
4899     0     0     0     0
4901     0     0     0     0
4903     0     0     0     0
4905     0     0     0     0
4907     0     0     0     0
4909     0     0     0     0
4911     0     0     0     0
4913     0     0     0     0
4915     0     0     0     0
4917     0     0     0     0
4919     0     0     0     0
4921     0     0     0     0
4923     0     0     0     0
4925     0     0     0     0
4927     0     0     0     0
4929     0     0     0     0
4931     0     0     0     0
4933     0     0     0     0
4935     0     0     0     0
4937     0     0     0     0
4939     0     0     0     0
4941     0     0     0     0
4943     0     0     0     0
4945     0     0     0     0
4947     0     0     0     0
4949     0     0     0     0
4951     0     0     0     0
4953     0     0     0     0
4955     0     0     0     0
4957     0     0     0     0
4959     0     0     0     0
4961     0     0     0     0
4963     0     0     0     0
4965     0     0     0     0
4967     0     0     0     0
4969     0     0     0     0
4971     0     0     0     0
4973     0     0     0     0
4975     0     0     0     0
4977     0     0     0     0
4979     0     0     0     0
4981     0     0     0     0
4983     0     0     0     0
4985     0     0     0     0
4987     0     0     0     0
4989     0     0     0     0
4991     0     0     0     0
4993     0     0     0     0
4995     0     0     0     0
4997     0     0     0     0
4999     0     0     0     0
