2    0     0     0     0     0     0     0
6    0     0     0     0     0     0     0
10    0     0     0     0     0     0     0
14    0     0     0     0     0     0     0
18    0     0     0     0     0     0     0
22    0     0     0     0     0     0     0
26    0     0     0     0     0     0     0
30    0     0     0     0     0     0     0
34    0     0     0     0     0     0     0
38    0     0     0     0     0     0     0
42    0     0     0     0     0     0     0
46    0     0     0     0     0     0     0
50    0     0     0     0     0     0     0
54    0     0     0     0     0     0     0
58    0     0     0     0     0     0     0
62    0     0     0     0     0     0     0
66    0     0     0     0     0     0     0
70    0     0     0     0     0     0     0
74    0     0     0     0     0     0     0
78    0     0     0     0     0     0     0
82    0     0     0     0     0     0     0
86    0     0     0     0     0     0     0
90    0     0     0     0     0     0     0
94    0     0     0     0     0     0     0
98    0     0     0     0     0     0     0
102    0     0     0     0     0     0     0
106    0     0     0     0     0     0     0
110    0.00214189     6.86784e-07     6.86757e-07     6.86758e-07     6.86784e-07     6.86784e-07     6.86784e-07
114    0.00233661     7.75398e-07     7.75368e-07     7.75369e-07     7.75398e-07     7.75398e-07     7.75398e-07
118    0.00223925     7.78675e-07     7.78645e-07     7.78646e-07     7.78675e-07     7.78675e-07     7.78675e-07
122    0.00243397     9.16707e-07     9.16671e-07     9.16673e-07     9.16707e-07     9.16707e-07     9.16707e-07
126    0.00214189     8.85027e-07     8.84993e-07     8.84994e-07     8.85027e-07     8.85027e-07     8.85027e-07
130    0.00262869     1.23697e-06     1.23693e-06     1.23693e-06     1.23697e-06     1.23697e-06     1.23697e-06
134    0.00243397     1.33647e-06     1.33642e-06     1.33642e-06     1.33647e-06     1.33647e-06     1.33647e-06
138    0.00282341     1.85257e-06     1.8525e-06     1.85251e-06     1.85257e-06     1.85257e-06     1.85257e-06
142    0.00243397     1.9907e-06     1.99063e-06     1.99063e-06     1.9907e-06     1.9907e-06     1.9907e-06
146    0.00350492     3.73252e-06     3.73238e-06     3.73239e-06     3.73252e-06     3.73252e-06     3.73252e-06
150    0.00379699     5.37842e-06     5.37822e-06     5.37822e-06     5.37842e-06     5.37842e-06     5.37842e-06
154    0.0033102     7.07615e-06     7.07588e-06     7.07589e-06     7.07615e-06     7.07615e-06     7.07615e-06
158    0.00272605     1.14849e-05     1.14844e-05     1.14845e-05     1.14849e-05     1.14849e-05     1.14849e-05
162    0.00360228     4.00105e-05     4.00089e-05     4.0009e-05     4.00105e-05     4.00105e-05     4.00105e-05
166    0.00369963     7.65251e-05     7.65222e-05     7.65223e-05     7.65251e-05     7.65251e-05     7.65251e-05
170    0.00311548     8.70888e-05     8.70854e-05     8.70856e-05     8.70888e-05     8.70888e-05     8.70888e-05
174    0.00389435     0.000133203     0.000133198     0.000133198     0.000133203     0.000133203     0.000133203
178    0.00408907     0.000165073     0.000165066     0.000165066     0.000165073     0.000165073     0.000165073
182    0.0049653     0.000238028     0.000238019     0.000238019     0.000238028     0.000238028     0.000238028
186    0.00447851     0.0002595     0.00025949     0.00025949     0.0002595     0.0002595     0.0002595
190    0.00389435     0.000265764     0.000265754     0.000265754     0.000265764     0.000265764     0.000265764
194    0.00574417     0.000442709     0.000442692     0.000442692     0.000442709     0.000442709     0.000442709
198    0.0049653     0.000422707     0.000422691     0.000422692     0.000422707     0.000422707     0.000422707
202    0.0049653     0.000463042     0.000463024     0.000463024     0.000463042     0.000463042     0.000463042
206    0.00593889     0.000602944     0.000602921     0.000602922     0.000602944     0.000602944     0.000602944
210    0.00623096     0.000682967     0.000682941     0.000682942     0.00119413     0.00141499     0.0010421
214    0.00652304     0.000767527     0.000767498     0.000767499     0.00182626     0.00228506     0.00151054
218    0.00613361     0.000774646     0.000774616     0.000774617     0.00190129     0.00239111     0.00156443
222    0.00691248     0.000933619     0.000933583     0.000933584     0.0020596     0.00255013     0.00172225
226    0.00700983     0.00100643     0.00100639     0.0010064     0.00217131     0.00267907     0.00182189
230    0.00749663     0.00113963     0.00113958     0.00113959     0.00230087     0.00280716     0.00195221
234    0.00778871     0.00125974     0.00125969     0.00125969     0.00245206     0.00297198     0.00209386
238    0.0082755     0.00141184     0.00141179     0.00141179     0.00256747     0.00307154     0.00221998
242    0.00954116     0.00172475     0.00172468     0.00172469     0.00291039     0.00342801     0.00255347
246    0.00866493     0.00165083     0.00165077     0.00165077     0.00283614     0.00335395     0.00247891
250    0.00778871     0.00156302     0.00156296     0.00156296     0.00278944     0.00332489     0.00241978
254    0.00788606     0.00165857     0.0016585     0.00165851     0.00287473     0.00340421     0.00250867
258    0.0101253     0.00223879     0.00223871     0.00223871     0.00347672     0.00401397     0.00310478
262    0.0108068     0.00251273     0.00251263     0.00251264     0.00377206     0.00431736     0.00339404
266    0.0123646     0.00300542     0.00300531     0.00300531     0.004302     0.00486307     0.00391276
270    0.010028     0.00254574     0.00254564     0.00254564     0.00382643     0.00438099     0.00344157
274    0.0130461     0.00346789     0.00346776     0.00346776     0.00476065     0.00532128     0.00437156
278    0.0155774     0.00432417     0.00432401     0.00432401     0.00567371     0.00625952     0.00526711
282    0.0158695     0.00459975     0.00459958     0.00459958     0.00598983     0.00659249     0.0055711
286    0.0172325     0.00520742     0.00520721     0.00520722     0.00660566     0.00721049     0.00618493
290    0.0177193     0.00558231     0.0055821     0.0055821     0.00708355     0.00773233     0.00663189
294    0.0158695     0.00520749     0.00520729     0.0052073     0.00657687     0.00716937     0.00616437
298    0.0195691     0.00666663     0.00666638     0.00666639     0.0082302     0.00890788     0.00775837
302    0.0205427     0.00725662     0.00725634     0.00725635     0.00886787     0.00956676     0.00838127
306    0.0216137     0.00792865     0.00792834     0.00792836     0.00960809     0.0103357     0.00910104
310    0.0232688     0.00885547     0.00885513     0.00885514     0.0106404     0.0114124     0.0101019
314    0.0263842     0.0104176     0.0104172     0.0104172     0.0123283     0.0131534     0.0117521
318    0.0267737     0.0109355     0.010935     0.0109351     0.0129881     0.0138738     0.0123693
322    0.0313495     0.013233     0.0132325     0.0132325     0.0154576     0.0164168     0.0147868
326    0.0364122     0.0158872     0.0158866     0.0158866     0.0184949     0.0196185     0.0177087
330    0.0390409     0.0175898     0.0175891     0.0175892     0.0204451     0.021673     0.019585
334    0.0405013     0.0188334     0.0188327     0.0188327     0.0219424     0.0232749     0.0210077
338    0.0471217     0.0225858     0.022585     0.022585     0.0262097     0.0277561     0.025123
342    0.0530606     0.0262572     0.0262563     0.0262562     0.0306215     0.0324769     0.0293156
346    0.0614334     0.0314187     0.0314178     0.0314171     0.0367561     0.0390325     0.0351548
350    0.0709746     0.0377764     0.0377756     0.0377744     0.0442863     0.0470709     0.0423279
354    0.0769135     0.042841     0.0428404     0.0428383     0.0505451     0.0538546     0.0482197
358    0.089278     0.0521367     0.0521364     0.0521329     0.0616062     0.0656952     0.0587361
362    0.115175     0.0705309     0.0705318     0.0705246     0.0834035     0.0889815     0.0794904
366    0.13455     0.086164     0.0861673     0.0861541     0.101891     0.108724     0.0970986
370    0.166386     0.111481     0.11149     0.111463     0.131324     0.139971     0.125259
374    0.206109     0.144705     0.144727     0.144672     0.169736     0.180689     0.162055
378    0.25693     0.189674     0.189727     0.189607     0.219801     0.233053     0.210506
382    0.345526     0.268952     0.269091     0.268795     0.306472     0.323096     0.294796
386    0.435681     0.359972     0.360308     0.359617     0.401855     0.420645     0.388616
390    0.570912     0.506899     0.507744     0.506048     0.551553     0.572119     0.536944
394    0.707896     0.684593     0.686428     0.682807     0.724707     0.744303     0.710548
398    0.777605     0.821848     0.824705     0.819117     0.845065     0.858239     0.835176
402    0.737688     0.837431     0.834732     0.840253     0.836757     0.831788     0.841822
406    0.631567     0.745924     0.744142     0.747749     0.724774     0.713604     0.733201
410    0.481926     0.577801     0.576956     0.578632     0.54711     0.532598     0.557521
414    0.37269     0.44938     0.449001     0.449732     0.415729     0.400336     0.426592
418    0.288085     0.349263     0.349092     0.349409     0.316398     0.301536     0.32682
422    0.222368     0.271901     0.271822     0.27196     0.24181     0.228249     0.251293
426    0.168918     0.208911     0.208872     0.208935     0.182865     0.171122     0.191062
430    0.138444     0.173658     0.173635     0.173667     0.149985     0.139306     0.157434
434    0.104563     0.133393     0.13338     0.133396     0.113885     0.105083     0.120025
438    0.0908358     0.117947     0.117938     0.117947     0.0997073     0.0914719     0.105451
442    0.0759399     0.100522     0.100515     0.10052     0.0841331     0.0767163     0.0893034
446    0.061044     0.0823761     0.0823715     0.0823744     0.068454     0.0621291     0.0728585
450    0.0562734     0.0774123     0.0774084     0.0774103     0.0640026     0.0578888     0.068256
454    0.0466349     0.065389     0.065386     0.0653871     0.0536542     0.0482932     0.0573821
458    0.045856     0.0655718     0.0655689     0.0655697     0.0536991     0.0482739     0.0574729
462    0.0316416     0.0461324     0.0461306     0.0461307     0.0374667     0.0335111     0.0402199
466    0.0307654     0.0457565     0.0457548     0.0457548     0.0369933     0.0330007     0.0397754
470    0.0259948     0.0394509     0.0394494     0.0394495     0.0317144     0.0281938     0.0341688
474    0.0266763     0.0412924     0.0412908     0.0412909     0.0332243     0.029554     0.0357844
478    0.023074     0.0363965     0.0363951     0.0363951     0.0292273     0.0259623     0.0315047
482    0.0197638     0.0317769     0.0317757     0.0317757     0.0251941     0.0221891     0.027289
486    0.0184008     0.0301486     0.0301475     0.0301475     0.0238974     0.0210362     0.025891
490    0.0158695     0.0265094     0.0265084     0.0265084     0.0210027     0.0184774     0.0227618
494    0.0144091     0.0245023     0.0245013     0.0245014     0.0193388     0.0169697     0.0209894
498    0.0130461     0.0226035     0.0226026     0.0226027     0.0176903     0.0154362     0.0192613
502    0.0126566     0.0223188     0.0223179     0.0223179     0.0175404     0.0153468     0.0190692
506    0.010028     0.0180002     0.0179995     0.0179995     0.0140201     0.0121904     0.0152951
510    0.0121699     0.0222342     0.0222333     0.0222334     0.0173993     0.0151716     0.0189511
514    0.00876229     0.0162881     0.0162875     0.0162875     0.0126707     0.0109992     0.0138344
518    0.00788606     0.0149267     0.0149261     0.0149261     0.0114926     0.00990107     0.0125998
522    0.00876229     0.0168696     0.0168689     0.0168689     0.0130099     0.0112172     0.0142564
526    0.0082755     0.0161946     0.016194     0.016194     0.0126236     0.0109633     0.0137781
530    0.00691248     0.0137728     0.0137723     0.0137723     0.0105552     0.00905911     0.0115958
534    0.00545209     0.0110285     0.0110281     0.0110281     0.00832176     0.00706426     0.00919691
538    0.00623096     0.0128051     0.0128046     0.0128046     0.00982973     0.00844891     0.0107914
542    0.00593889     0.0123983     0.0123978     0.0123978     0.00948934     0.00814     0.0104295
546    0.00554945     0.0117849     0.0117845     0.0117845     0.00886495     0.00751007     0.00980905
550    0.0049653     0.0107139     0.0107135     0.0107135     0.00808279     0.00686134     0.0089341
554    0.00467322     0.0102484     0.010248     0.010248     0.00773516     0.00656758     0.00854892
558    0.00457586     0.0101882     0.0101878     0.0101878     0.00766971     0.00649825     0.00848601
562    0.00457586     0.0103269     0.0103265     0.0103266     0.00775625     0.00655861     0.00859057
566    0.00311548     0.0071272     0.00712692     0.00712693     0.00520302     0.00430462     0.00582858
570    0.00360228     0.00836477     0.00836445     0.00836446     0.00616349     0.00513393     0.00688024
574    0.0049653     0.0116913     0.0116909     0.0116909     0.00882253     0.00748015     0.0097572
578    0.00408907     0.00978786     0.00978748     0.00978749     0.00737131     0.00624045     0.00815885
582    0.00379699     0.00921156     0.00921121     0.00921122     0.00689816     0.00581539     0.00765244
586    0.00253133     0.00622615     0.00622591     0.00622592     0.00453175     0.00373799     0.0050847
590    0.00360228     0.00899591     0.00899556     0.00899558     0.00671037     0.00563859     0.00745701
594    0.00243397     0.0061794     0.00617916     0.00617917     0.00449203     0.00369961     0.00504384
598    0.00223925     0.00578312     0.00578289     0.0057829     0.00412191     0.00334059     0.00466591
602    0.00155774     0.00407687     0.00407671     0.00407671     0.00279085     0.00218485     0.00321257
606    0.00253133     0.00672012     0.00671986     0.00671987     0.00495627     0.00412322     0.00553576
610    0.00272605     0.00731232     0.00731204     0.00731205     0.00537627     0.00446062     0.00601303
614    0.00253133     0.00687517     0.0068749     0.00687491     0.0050266     0.0041517     0.00563508
618    0.00204454     0.00565277     0.00565255     0.00565256     0.00410708     0.00337523     0.0046161
622    0.00184982     0.0051832     0.005183     0.00518301     0.00374273     0.00306039     0.00421742
626    0.00223925     0.00636886     0.00636861     0.00636862     0.0046256     0.00379902     0.00520058
630    0.00233661     0.00672753     0.00672727     0.00672728     0.00478607     0.00386459     0.005427
634    0.00184982     0.00538489     0.00538468     0.00538469     0.00382524     0.00308417     0.0043406
638    0.00175246     0.00517306     0.00517286     0.00517287     0.00369008     0.00298445     0.00418069
642    0.0016551     0.00495154     0.00495135     0.00495136     0.00355364     0.00288755     0.00401666
646    0.00107095     0.00324478     0.00324465     0.00324466     0.00225456     0.00178201     0.00258296
650    0.00116831     0.00359486     0.00359472     0.00359473     0.00254111     0.00203769     0.00289095
654    0.00155774     0.00486499     0.0048648     0.0048648     0.00347181     0.00280604     0.00393456
658    0.00107095     0.00338318     0.00338305     0.00338306     0.00233639     0.00183615     0.0026842
662    0.00126566     0.00405323     0.00405308     0.00405308     0.00279511     0.00219315     0.00321349
666    0.00136302     0.00443064     0.00443047     0.00443047     0.00314353     0.00252637     0.00357224
670    0.000876229     0.00288201     0.0028819     0.0028819     0.00198998     0.00156148     0.00228753
674    0.00155774     0.00518786     0.00518766     0.00518767     0.00372094     0.00301555     0.00421073
678    0.000584153     0.00196609     0.00196601     0.00196601     0.00130575     0.000988018     0.00152636
682    0.000876229     0.00298717     0.00298705     0.00298706     0.00202962     0.00156874     0.00234973
686    0.000778871     0.00268167     0.00268157     0.00268158     0.00184633     0.00144397     0.00212578
690    0.00126566     0.00441708     0.00441691     0.00441692     0.0031268     0.0025044     0.00355898
694    0     0     0     0     -0.000170758     -0.000253285     -0.000113479
698    0     0     0     0     -0.000195397     -0.000290048     -0.000129749
702    0     0     0     0     -0.000172645     -0.00025641     -0.000114566
706    0     0     0     0     -0.000110292     -0.000163848     -7.31566e-05
710    0     0     0     0     -0.00011169     -0.00016597     -7.40588e-05
714    0     0     0     0     -0.000192335     -0.000285888     -0.000127479
718    0     0     0     0     -0.000226272     -0.000336428     -0.000149899
722    0     0     0     0     -0.00018736     -0.000278732     -0.00012404
726    0     0     0     0     -0.000139722     -0.000208025     -9.24182e-05
730    0     0     0     0     -9.88042e-05     -0.000147205     -6.53014e-05
734    0     0     0     0     -0.000140764     -0.000209785     -9.29892e-05
738    0     0     0     0     -0.000167058     -0.000249068     -0.000110307
742    0     0     0     0     -0.000109654     -0.000163561     -7.23541e-05
746    0     0     0     0     -0.000160924     -0.000240191     -0.000106102
750    0     0     0     0     -0.00011093     -0.000165681     -7.30822e-05
754    0     0     0     0     -0.000120362     -0.000179829     -7.92653e-05
758    0     0     0     0     -0.000112133     -0.000167588     -7.38147e-05
762    0     0     0     0     -0.000113064     -0.000169049     -7.43875e-05
766    0     0     0     0     -7.85267e-05     -0.000117484     -5.16214e-05
770    0     0     0     0     -0.000158703     -0.000237556     -0.000104264
774    0     0     0     0     -0.00015114     -0.00022637     -9.92316e-05
778    0     0     0     0     -0.000124971     -0.000187287     -8.19863e-05
782    0     0     0     0     -0.000125617     -0.000188381     -8.2342e-05
786    0     0     0     0     -8.13732e-05     -0.000122125     -5.32935e-05
790    0     0     0     0     -9.09428e-05     -0.000136581     -5.95176e-05
794    0     0     0     0     -0.000164545     -0.000247263     -0.00010761
798    0     0     0     0     -0.000138107     -0.000207604     -9.02695e-05
802    0     0     0     0     -3.69678e-05     -5.55978e-05     -2.41493e-05
806    0     0     0     0     -0.000158474     -0.000238502     -0.000103434
810    0     0     0     0     -0.000121574     -0.000183093     -7.92872e-05
814    0     0     0     0     -9.39729e-05     -0.000141629     -6.12384e-05
818    0     0     0     0     -0.000141674     -0.000213663     -9.225e-05
822    0     0     0     0     -0.000123515     -0.000186281     -8.04148e-05
826    0     0     0     0     -3.81816e-05     -5.75717e-05     -2.48591e-05
830    0     0     0     0     -7.726e-05     -0.000116576     -5.02636e-05
834    0     0     0     0     -0.000126214     -0.000190786     -8.19525e-05
838    0     0     0     0     -0.000107163     -0.000162321     -6.94282e-05
842    0     0     0     0     -4.91504e-05     -7.45023e-05     -3.18187e-05
846    0     0     0     0     -5.91264e-05     -8.95907e-05     -3.82886e-05
850    0     0     0     0     -0.000138385     -0.000209587     -8.9638e-05
854    0     0     0     0     -6.98693e-05     -0.000105908     -4.52163e-05
858    0     0     0     0     -0.000129908     -0.000197221     -8.39248e-05
862    0     0     0     0     -7.08997e-05     -0.000107781     -4.57374e-05
866    0     0     0     0     -5.07492e-05     -7.72242e-05     -3.27005e-05
870    0     0     0     0     -6.11046e-05     -9.30342e-05     -3.93512e-05
874    0     0     0     0     -0.000122646     -0.000186918     -7.88937e-05
878    0     0     0     0     -0.000112452     -0.00017151     -7.22733e-05
882    0     0     0     0     -6.22105e-05     -9.49162e-05     -3.99604e-05
886    0     0     0     0     -9.35873e-05     -0.000142831     -6.00967e-05
890    0     0     0     0     -8.3576e-05     -0.000127675     -5.36092e-05
894    0     0     0     0     -0.000116195     -0.000177827     -7.43845e-05
898    0     0     0     0     -5.26553e-05     -8.07333e-05     -3.36417e-05
902    0     0     0     0     -3.18117e-05     -4.88112e-05     -2.03075e-05
906    0     0     0     0     -6.37636e-05     -9.78382e-05     -4.07007e-05
910    0     0     0     0     -8.57014e-05     -0.000131513     -5.46922e-05
914    0     0     0     0     -5.38362e-05     -8.26859e-05     -3.4322e-05
918    0     0     0     0     -5.43279e-05     -8.35533e-05     -3.45879e-05
922    0     0     0     0     -8.70833e-05     -0.00013411     -5.53577e-05
926    0     0     0     0     -9.80919e-05     -0.000151198     -6.22899e-05
930    0     0     0     0     -4.40046e-05     -6.78939e-05     -2.79146e-05
934    0     0     0     0     -6.65691e-05     -0.0001028     -4.21848e-05
938    0     0     0     0     -3.33029e-05     -5.14661e-05     -2.10858e-05
942    0     0     0     0     -7.8049e-05     -0.000120657     -4.93949e-05
946    0     0     0     0     -0.00010045     -0.000155375     -6.35307e-05
950    0     0     0     0     -3.36406e-05     -5.20642e-05     -2.12646e-05
954    0     0     0     0     -5.65062e-05     -8.75809e-05     -3.56582e-05
958    0     0     0     0     -4.5626e-05     -7.0836e-05     -2.87389e-05
962    0     0     0     0     -4.5625e-05     -7.09175e-05     -2.87022e-05
966    0     0     0     0     -6.88282e-05     -0.000107176     -4.32166e-05
970    0     0     0     0     -8.04861e-05     -0.000125462     -5.0475e-05
974    0     0     0     0     -1.15614e-05     -1.80473e-05     -7.24033e-06
978    0     0     0     0     -2.31585e-05     -3.6174e-05     -1.44899e-05
982    0     0     0     0     -2.32384e-05     -3.63334e-05     -1.45249e-05
986    0     0     0     0     -3.50021e-05     -5.47763e-05     -2.1854e-05
990    0     0     0     0     -3.52717e-05     -5.52273e-05     -2.2009e-05
994    0     0     0     0     -3.53105e-05     -5.53436e-05     -2.20071e-05
998    0     0     0     0     -4.74923e-05     -7.44638e-05     -2.95902e-05
1002    0     0     0     0     0     0     0
1006    0     0     0     0     0     0     0
1010    0     0     0     0     0     0     0
1014    0     0     0     0     0     0     0
1018    0     0     0     0     0     0     0
1022    0     0     0     0     0     0     0
1026    0     0     0     0     0     0     0
1030    0     0     0     0     0     0     0
1034    0     0     0     0     0     0     0
1038    0     0     0     0     0     0     0
1042    0     0     0     0     0     0     0
1046    0     0     0     0     0     0     0
1050    0     0     0     0     0     0     0
1054    0     0     0     0     0     0     0
1058    0     0     0     0     0     0     0
1062    0     0     0     0     0     0     0
1066    0     0     0     0     0     0     0
1070    0     0     0     0     0     0     0
1074    0     0     0     0     0     0     0
1078    0     0     0     0     0     0     0
1082    0     0     0     0     0     0     0
1086    0     0     0     0     0     0     0
1090    0     0     0     0     0     0     0
1094    0     0     0     0     0     0     0
1098    0     0     0     0     0     0     0
1102    0     0     0     0     0     0     0
1106    0     0     0     0     0     0     0
1110    0     0     0     0     0     0     0
1114    0     0     0     0     0     0     0
1118    0     0     0     0     0     0     0
1122    0     0     0     0     0     0     0
1126    0     0     0     0     0     0     0
1130    0     0     0     0     0     0     0
1134    0     0     0     0     0     0     0
1138    0     0     0     0     0     0     0
1142    0     0     0     0     0     0     0
1146    0     0     0     0     0     0     0
1150    0     0     0     0     0     0     0
1154    0     0     0     0     0     0     0
1158    0     0     0     0     0     0     0
1162    0     0     0     0     0     0     0
1166    0     0     0     0     0     0     0
1170    0     0     0     0     0     0     0
1174    0     0     0     0     0     0     0
1178    0     0     0     0     0     0     0
1182    0     0     0     0     0     0     0
1186    0     0     0     0     0     0     0
1190    0     0     0     0     0     0     0
1194    0     0     0     0     0     0     0
1198    0     0     0     0     0     0     0
1202    0     0     0     0     0     0     0
1206    0     0     0     0     0     0     0
1210    0     0     0     0     0     0     0
1214    0     0     0     0     0     0     0
1218    0     0     0     0     0     0     0
1222    0     0     0     0     0     0     0
1226    0     0     0     0     0     0     0
1230    0     0     0     0     0     0     0
1234    0     0     0     0     0     0     0
1238    0     0     0     0     0     0     0
1242    0     0     0     0     0     0     0
1246    0     0     0     0     0     0     0
1250    0     0     0     0     0     0     0
1254    0     0     0     0     0     0     0
1258    0     0     0     0     0     0     0
1262    0     0     0     0     0     0     0
1266    0     0     0     0     0     0     0
1270    0     0     0     0     0     0     0
1274    0     0     0     0     0     0     0
1278    0     0     0     0     0     0     0
1282    0     0     0     0     0     0     0
1286    0     0     0     0     0     0     0
1290    0     0     0     0     0     0     0
1294    0     0     0     0     0     0     0
1298    0     0     0     0     0     0     0
1302    0     0     0     0     0     0     0
1306    0     0     0     0     0     0     0
1310    0     0     0     0     0     0     0
1314    0     0     0     0     0     0     0
1318    0     0     0     0     0     0     0
1322    0     0     0     0     0     0     0
1326    0     0     0     0     0     0     0
1330    0     0     0     0     0     0     0
1334    0     0     0     0     0     0     0
1338    0     0     0     0     0     0     0
1342    0     0     0     0     0     0     0
1346    0     0     0     0     0     0     0
1350    0     0     0     0     0     0     0
1354    0     0     0     0     0     0     0
1358    0     0     0     0     0     0     0
1362    0     0     0     0     0     0     0
1366    0     0     0     0     0     0     0
1370    0     0     0     0     0     0     0
1374    0     0     0     0     0     0     0
1378    0     0     0     0     0     0     0
1382    0     0     0     0     0     0     0
1386    0     0     0     0     0     0     0
1390    0     0     0     0     0     0     0
1394    0     0     0     0     0     0     0
1398    0     0     0     0     0     0     0
1402    0     0     0     0     0     0     0
1406    0     0     0     0     0     0     0
1410    0     0     0     0     0     0     0
1414    0     0     0     0     0     0     0
1418    0     0     0     0     0     0     0
1422    0     0     0     0     0     0     0
1426    0     0     0     0     0     0     0
1430    0     0     0     0     0     0     0
1434    0     0     0     0     0     0     0
1438    0     0     0     0     0     0     0
1442    0     0     0     0     0     0     0
1446    0     0     0     0     0     0     0
1450    0     0     0     0     0     0     0
1454    0     0     0     0     0     0     0
1458    0     0     0     0     0     0     0
1462    0     0     0     0     0     0     0
1466    0     0     0     0     0     0     0
1470    0     0     0     0     0     0     0
1474    0     0     0     0     0     0     0
1478    0     0     0     0     0     0     0
1482    0     0     0     0     0     0     0
1486    0     0     0     0     0     0     0
1490    0     0     0     0     0     0     0
1494    0     0     0     0     0     0     0
1498    0     0     0     0     0     0     0
1502    0     0     0     0     0     0     0
1506    0     0     0     0     0     0     0
1510    0     0     0     0     0     0     0
1514    0     0     0     0     0     0     0
1518    0     0     0     0     0     0     0
1522    0     0     0     0     0     0     0
1526    0     0     0     0     0     0     0
1530    0     0     0     0     0     0     0
1534    0     0     0     0     0     0     0
1538    0     0     0     0     0     0     0
1542    0     0     0     0     0     0     0
1546    0     0     0     0     0     0     0
1550    0     0     0     0     0     0     0
1554    0     0     0     0     0     0     0
1558    0     0     0     0     0     0     0
1562    0     0     0     0     0     0     0
1566    0     0     0     0     0     0     0
1570    0     0     0     0     0     0     0
1574    0     0     0     0     0     0     0
1578    0     0     0     0     0     0     0
1582    0     0     0     0     0     0     0
1586    0     0     0     0     0     0     0
1590    0     0     0     0     0     0     0
1594    0     0     0     0     0     0     0
1598    0     0     0     0     0     0     0
1602    0     0     0     0     0     0     0
1606    0     0     0     0     0     0     0
1610    0     0     0     0     0     0     0
1614    0     0     0     0     0     0     0
1618    0     0     0     0     0     0     0
1622    0     0     0     0     0     0     0
1626    0     0     0     0     0     0     0
1630    0     0     0     0     0     0     0
1634    0     0     0     0     0     0     0
1638    0     0     0     0     0     0     0
1642    0     0     0     0     0     0     0
1646    0     0     0     0     0     0     0
1650    0     0     0     0     0     0     0
1654    0     0     0     0     0     0     0
1658    0     0     0     0     0     0     0
1662    0     0     0     0     0     0     0
1666    0     0     0     0     0     0     0
1670    0     0     0     0     0     0     0
1674    0     0     0     0     0     0     0
1678    0     0     0     0     0     0     0
1682    0     0     0     0     0     0     0
1686    0     0     0     0     0     0     0
1690    0     0     0     0     0     0     0
1694    0     0     0     0     0     0     0
1698    0     0     0     0     0     0     0
1702    0     0     0     0     0     0     0
1706    0     0     0     0     0     0     0
1710    0     0     0     0     0     0     0
1714    0     0     0     0     0     0     0
1718    0     0     0     0     0     0     0
1722    0     0     0     0     0     0     0
1726    0     0     0     0     0     0     0
1730    0     0     0     0     0     0     0
1734    0     0     0     0     0     0     0
1738    0     0     0     0     0     0     0
1742    0     0     0     0     0     0     0
1746    0     0     0     0     0     0     0
1750    0     0     0     0     0     0     0
1754    0     0     0     0     0     0     0
1758    0     0     0     0     0     0     0
1762    0     0     0     0     0     0     0
1766    0     0     0     0     0     0     0
1770    0     0     0     0     0     0     0
1774    0     0     0     0     0     0     0
1778    0     0     0     0     0     0     0
1782    0     0     0     0     0     0     0
1786    0     0     0     0     0     0     0
1790    0     0     0     0     0     0     0
1794    0     0     0     0     0     0     0
1798    0     0     0     0     0     0     0
1802    0     0     0     0     0     0     0
1806    0     0     0     0     0     0     0
1810    0     0     0     0     0     0     0
1814    0     0     0     0     0     0     0
1818    0     0     0     0     0     0     0
1822    0     0     0     0     0     0     0
1826    0     0     0     0     0     0     0
1830    0     0     0     0     0     0     0
1834    0     0     0     0     0     0     0
1838    0     0     0     0     0     0     0
1842    0     0     0     0     0     0     0
1846    0     0     0     0     0     0     0
1850    0     0     0     0     0     0     0
1854    0     0     0     0     0     0     0
1858    0     0     0     0     0     0     0
1862    0     0     0     0     0     0     0
1866    0     0     0     0     0     0     0
1870    0     0     0     0     0     0     0
1874    0     0     0     0     0     0     0
1878    0     0     0     0     0     0     0
1882    0     0     0     0     0     0     0
1886    0     0     0     0     0     0     0
1890    0     0     0     0     0     0     0
1894    0     0     0     0     0     0     0
1898    0     0     0     0     0     0     0
1902    0     0     0     0     0     0     0
1906    0     0     0     0     0     0     0
1910    0     0     0     0     0     0     0
1914    0     0     0     0     0     0     0
1918    0     0     0     0     0     0     0
1922    0     0     0     0     0     0     0
1926    0     0     0     0     0     0     0
1930    0     0     0     0     0     0     0
1934    0     0     0     0     0     0     0
1938    0     0     0     0     0     0     0
1942    0     0     0     0     0     0     0
1946    0     0     0     0     0     0     0
1950    0     0     0     0     0     0     0
1954    0     0     0     0     0     0     0
1958    0     0     0     0     0     0     0
1962    0     0     0     0     0     0     0
1966    0     0     0     0     0     0     0
1970    0     0     0     0     0     0     0
1974    0     0     0     0     0     0     0
1978    0     0     0     0     0     0     0
1982    0     0     0     0     0     0     0
1986    0     0     0     0     0     0     0
1990    0     0     0     0     0     0     0
1994    0     0     0     0     0     0     0
1998    0     0     0     0     0     0     0
2002    0     0     0     0     0     0     0
2006    0     0     0     0     0     0     0
2010    0     0     0     0     0     0     0
2014    0     0     0     0     0     0     0
2018    0     0     0     0     0     0     0
2022    0     0     0     0     0     0     0
2026    0     0     0     0     0     0     0
2030    0     0     0     0     0     0     0
2034    0     0     0     0     0     0     0
2038    0     0     0     0     0     0     0
2042    0     0     0     0     0     0     0
2046    0     0     0     0     0     0     0
2050    0     0     0     0     0     0     0
2054    0     0     0     0     0     0     0
2058    0     0     0     0     0     0     0
2062    0     0     0     0     0     0     0
2066    0     0     0     0     0     0     0
2070    0     0     0     0     0     0     0
2074    0     0     0     0     0     0     0
2078    0     0     0     0     0     0     0
2082    0     0     0     0     0     0     0
2086    0     0     0     0     0     0     0
2090    0     0     0     0     0     0     0
2094    0     0     0     0     0     0     0
2098    0     0     0     0     0     0     0
2102    0     0     0     0     0     0     0
2106    0     0     0     0     0     0     0
2110    0     0     0     0     0     0     0
2114    0     0     0     0     0     0     0
2118    0     0     0     0     0     0     0
2122    0     0     0     0     0     0     0
2126    0     0     0     0     0     0     0
2130    0     0     0     0     0     0     0
2134    0     0     0     0     0     0     0
2138    0     0     0     0     0     0     0
2142    0     0     0     0     0     0     0
2146    0     0     0     0     0     0     0
2150    0     0     0     0     0     0     0
2154    0     0     0     0     0     0     0
2158    0     0     0     0     0     0     0
2162    0     0     0     0     0     0     0
2166    0     0     0     0     0     0     0
2170    0     0     0     0     0     0     0
2174    0     0     0     0     0     0     0
2178    0     0     0     0     0     0     0
2182    0     0     0     0     0     0     0
2186    0     0     0     0     0     0     0
2190    0     0     0     0     0     0     0
2194    0     0     0     0     0     0     0
2198    0     0     0     0     0     0     0
2202    0     0     0     0     0     0     0
2206    0     0     0     0     0     0     0
2210    0     0     0     0     0     0     0
2214    0     0     0     0     0     0     0
2218    0     0     0     0     0     0     0
2222    0     0     0     0     0     0     0
2226    0     0     0     0     0     0     0
2230    0     0     0     0     0     0     0
2234    0     0     0     0     0     0     0
2238    0     0     0     0     0     0     0
2242    0     0     0     0     0     0     0
2246    0     0     0     0     0     0     0
2250    0     0     0     0     0     0     0
2254    0     0     0     0     0     0     0
2258    0     0     0     0     0     0     0
2262    0     0     0     0     0     0     0
2266    0     0     0     0     0     0     0
2270    0     0     0     0     0     0     0
2274    0     0     0     0     0     0     0
2278    0     0     0     0     0     0     0
2282    0     0     0     0     0     0     0
2286    0     0     0     0     0     0     0
2290    0     0     0     0     0     0     0
2294    0     0     0     0     0     0     0
2298    0     0     0     0     0     0     0
2302    0     0     0     0     0     0     0
2306    0     0     0     0     0     0     0
2310    0     0     0     0     0     0     0
2314    0     0     0     0     0     0     0
2318    0     0     0     0     0     0     0
2322    0     0     0     0     0     0     0
2326    0     0     0     0     0     0     0
2330    0     0     0     0     0     0     0
2334    0     0     0     0     0     0     0
2338    0     0     0     0     0     0     0
2342    0     0     0     0     0     0     0
2346    0     0     0     0     0     0     0
2350    0     0     0     0     0     0     0
2354    0     0     0     0     0     0     0
2358    0     0     0     0     0     0     0
2362    0     0     0     0     0     0     0
2366    0     0     0     0     0     0     0
2370    0     0     0     0     0     0     0
2374    0     0     0     0     0     0     0
2378    0     0     0     0     0     0     0
2382    0     0     0     0     0     0     0
2386    0     0     0     0     0     0     0
2390    0     0     0     0     0     0     0
2394    0     0     0     0     0     0     0
2398    0     0     0     0     0     0     0
2402    0     0     0     0     0     0     0
2406    0     0     0     0     0     0     0
2410    0     0     0     0     0     0     0
2414    0     0     0     0     0     0     0
2418    0     0     0     0     0     0     0
2422    0     0     0     0     0     0     0
2426    0     0     0     0     0     0     0
2430    0     0     0     0     0     0     0
2434    0     0     0     0     0     0     0
2438    0     0     0     0     0     0     0
2442    0     0     0     0     0     0     0
2446    0     0     0     0     0     0     0
2450    0     0     0     0     0     0     0
2454    0     0     0     0     0     0     0
2458    0     0     0     0     0     0     0
2462    0     0     0     0     0     0     0
2466    0     0     0     0     0     0     0
2470    0     0     0     0     0     0     0
2474    0     0     0     0     0     0     0
2478    0     0     0     0     0     0     0
2482    0     0     0     0     0     0     0
2486    0     0     0     0     0     0     0
2490    0     0     0     0     0     0     0
2494    0     0     0     0     0     0     0
2498    0     0     0     0     0     0     0
2502    0     0     0     0     0     0     0
2506    0     0     0     0     0     0     0
2510    0     0     0     0     0     0     0
2514    0     0     0     0     0     0     0
2518    0     0     0     0     0     0     0
2522    0     0     0     0     0     0     0
2526    0     0     0     0     0     0     0
2530    0     0     0     0     0     0     0
2534    0     0     0     0     0     0     0
2538    0     0     0     0     0     0     0
2542    0     0     0     0     0     0     0
2546    0     0     0     0     0     0     0
2550    0     0     0     0     0     0     0
2554    0     0     0     0     0     0     0
2558    0     0     0     0     0     0     0
2562    0     0     0     0     0     0     0
2566    0     0     0     0     0     0     0
2570    0     0     0     0     0     0     0
2574    0     0     0     0     0     0     0
2578    0     0     0     0     0     0     0
2582    0     0     0     0     0     0     0
2586    0     0     0     0     0     0     0
2590    0     0     0     0     0     0     0
2594    0     0     0     0     0     0     0
2598    0     0     0     0     0     0     0
2602    0     0     0     0     0     0     0
2606    0     0     0     0     0     0     0
2610    0     0     0     0     0     0     0
2614    0     0     0     0     0     0     0
2618    0     0     0     0     0     0     0
2622    0     0     0     0     0     0     0
2626    0     0     0     0     0     0     0
2630    0     0     0     0     0     0     0
2634    0     0     0     0     0     0     0
2638    0     0     0     0     0     0     0
2642    0     0     0     0     0     0     0
2646    0     0     0     0     0     0     0
2650    0     0     0     0     0     0     0
2654    0     0     0     0     0     0     0
2658    0     0     0     0     0     0     0
2662    0     0     0     0     0     0     0
2666    0     0     0     0     0     0     0
2670    0     0     0     0     0     0     0
2674    0     0     0     0     0     0     0
2678    0     0     0     0     0     0     0
2682    0     0     0     0     0     0     0
2686    0     0     0     0     0     0     0
2690    0     0     0     0     0     0     0
2694    0     0     0     0     0     0     0
2698    0     0     0     0     0     0     0
2702    0     0     0     0     0     0     0
2706    0     0     0     0     0     0     0
2710    0     0     0     0     0     0     0
2714    0     0     0     0     0     0     0
2718    0     0     0     0     0     0     0
2722    0     0     0     0     0     0     0
2726    0     0     0     0     0     0     0
2730    0     0     0     0     0     0     0
2734    0     0     0     0     0     0     0
2738    0     0     0     0     0     0     0
2742    0     0     0     0     0     0     0
2746    0     0     0     0     0     0     0
2750    0     0     0     0     0     0     0
2754    0     0     0     0     0     0     0
2758    0     0     0     0     0     0     0
2762    0     0     0     0     0     0     0
2766    0     0     0     0     0     0     0
2770    0     0     0     0     0     0     0
2774    0     0     0     0     0     0     0
2778    0     0     0     0     0     0     0
2782    0     0     0     0     0     0     0
2786    0     0     0     0     0     0     0
2790    0     0     0     0     0     0     0
2794    0     0     0     0     0     0     0
2798    0     0     0     0     0     0     0
2802    0     0     0     0     0     0     0
2806    0     0     0     0     0     0     0
2810    0     0     0     0     0     0     0
2814    0     0     0     0     0     0     0
2818    0     0     0     0     0     0     0
2822    0     0     0     0     0     0     0
2826    0     0     0     0     0     0     0
2830    0     0     0     0     0     0     0
2834    0     0     0     0     0     0     0
2838    0     0     0     0     0     0     0
2842    0     0     0     0     0     0     0
2846    0     0     0     0     0     0     0
2850    0     0     0     0     0     0     0
2854    0     0     0     0     0     0     0
2858    0     0     0     0     0     0     0
2862    0     0     0     0     0     0     0
2866    0     0     0     0     0     0     0
2870    0     0     0     0     0     0     0
2874    0     0     0     0     0     0     0
2878    0     0     0     0     0     0     0
2882    0     0     0     0     0     0     0
2886    0     0     0     0     0     0     0
2890    0     0     0     0     0     0     0
2894    0     0     0     0     0     0     0
2898    0     0     0     0     0     0     0
2902    0     0     0     0     0     0     0
2906    0     0     0     0     0     0     0
2910    0     0     0     0     0     0     0
2914    0     0     0     0     0     0     0
2918    0     0     0     0     0     0     0
2922    0     0     0     0     0     0     0
2926    0     0     0     0     0     0     0
2930    0     0     0     0     0     0     0
2934    0     0     0     0     0     0     0
2938    0     0     0     0     0     0     0
2942    0     0     0     0     0     0     0
2946    0     0     0     0     0     0     0
2950    0     0     0     0     0     0     0
2954    0     0     0     0     0     0     0
2958    0     0     0     0     0     0     0
2962    0     0     0     0     0     0     0
2966    0     0     0     0     0     0     0
2970    0     0     0     0     0     0     0
2974    0     0     0     0     0     0     0
2978    0     0     0     0     0     0     0
2982    0     0     0     0     0     0     0
2986    0     0     0     0     0     0     0
2990    0     0     0     0     0     0     0
2994    0     0     0     0     0     0     0
2998    0     0     0     0     0     0     0
3002    0     0     0     0     0     0     0
3006    0     0     0     0     0     0     0
3010    0     0     0     0     0     0     0
3014    0     0     0     0     0     0     0
3018    0     0     0     0     0     0     0
3022    0     0     0     0     0     0     0
3026    0     0     0     0     0     0     0
3030    0     0     0     0     0     0     0
3034    0     0     0     0     0     0     0
3038    0     0     0     0     0     0     0
3042    0     0     0     0     0     0     0
3046    0     0     0     0     0     0     0
3050    0     0     0     0     0     0     0
3054    0     0     0     0     0     0     0
3058    0     0     0     0     0     0     0
3062    0     0     0     0     0     0     0
3066    0     0     0     0     0     0     0
3070    0     0     0     0     0     0     0
3074    0     0     0     0     0     0     0
3078    0     0     0     0     0     0     0
3082    0     0     0     0     0     0     0
3086    0     0     0     0     0     0     0
3090    0     0     0     0     0     0     0
3094    0     0     0     0     0     0     0
3098    0     0     0     0     0     0     0
3102    0     0     0     0     0     0     0
3106    0     0     0     0     0     0     0
3110    0     0     0     0     0     0     0
3114    0     0     0     0     0     0     0
3118    0     0     0     0     0     0     0
3122    0     0     0     0     0     0     0
3126    0     0     0     0     0     0     0
3130    0     0     0     0     0     0     0
3134    0     0     0     0     0     0     0
3138    0     0     0     0     0     0     0
3142    0     0     0     0     0     0     0
3146    0     0     0     0     0     0     0
3150    0     0     0     0     0     0     0
3154    0     0     0     0     0     0     0
3158    0     0     0     0     0     0     0
3162    0     0     0     0     0     0     0
3166    0     0     0     0     0     0     0
3170    0     0     0     0     0     0     0
3174    0     0     0     0     0     0     0
3178    0     0     0     0     0     0     0
3182    0     0     0     0     0     0     0
3186    0     0     0     0     0     0     0
3190    0     0     0     0     0     0     0
3194    0     0     0     0     0     0     0
3198    0     0     0     0     0     0     0
3202    0     0     0     0     0     0     0
3206    0     0     0     0     0     0     0
3210    0     0     0     0     0     0     0
3214    0     0     0     0     0     0     0
3218    0     0     0     0     0     0     0
3222    0     0     0     0     0     0     0
3226    0     0     0     0     0     0     0
3230    0     0     0     0     0     0     0
3234    0     0     0     0     0     0     0
3238    0     0     0     0     0     0     0
3242    0     0     0     0     0     0     0
3246    0     0     0     0     0     0     0
3250    0     0     0     0     0     0     0
3254    0     0     0     0     0     0     0
3258    0     0     0     0     0     0     0
3262    0     0     0     0     0     0     0
3266    0     0     0     0     0     0     0
3270    0     0     0     0     0     0     0
3274    0     0     0     0     0     0     0
3278    0     0     0     0     0     0     0
3282    0     0     0     0     0     0     0
3286    0     0     0     0     0     0     0
3290    0     0     0     0     0     0     0
3294    0     0     0     0     0     0     0
3298    0     0     0     0     0     0     0
3302    0     0     0     0     0     0     0
3306    0     0     0     0     0     0     0
3310    0     0     0     0     0     0     0
3314    0     0     0     0     0     0     0
3318    0     0     0     0     0     0     0
3322    0     0     0     0     0     0     0
3326    0     0     0     0     0     0     0
3330    0     0     0     0     0     0     0
3334    0     0     0     0     0     0     0
3338    0     0     0     0     0     0     0
3342    0     0     0     0     0     0     0
3346    0     0     0     0     0     0     0
3350    0     0     0     0     0     0     0
3354    0     0     0     0     0     0     0
3358    0     0     0     0     0     0     0
3362    0     0     0     0     0     0     0
3366    0     0     0     0     0     0     0
3370    0     0     0     0     0     0     0
3374    0     0     0     0     0     0     0
3378    0     0     0     0     0     0     0
3382    0     0     0     0     0     0     0
3386    0     0     0     0     0     0     0
3390    0     0     0     0     0     0     0
3394    0     0     0     0     0     0     0
3398    0     0     0     0     0     0     0
3402    0     0     0     0     0     0     0
3406    0     0     0     0     0     0     0
3410    0     0     0     0     0     0     0
3414    0     0     0     0     0     0     0
3418    0     0     0     0     0     0     0
3422    0     0     0     0     0     0     0
3426    0     0     0     0     0     0     0
3430    0     0     0     0     0     0     0
3434    0     0     0     0     0     0     0
3438    0     0     0     0     0     0     0
3442    0     0     0     0     0     0     0
3446    0     0     0     0     0     0     0
3450    0     0     0     0     0     0     0
3454    0     0     0     0     0     0     0
3458    0     0     0     0     0     0     0
3462    0     0     0     0     0     0     0
3466    0     0     0     0     0     0     0
3470    0     0     0     0     0     0     0
3474    0     0     0     0     0     0     0
3478    0     0     0     0     0     0     0
3482    0     0     0     0     0     0     0
3486    0     0     0     0     0     0     0
3490    0     0     0     0     0     0     0
3494    0     0     0     0     0     0     0
3498    0     0     0     0     0     0     0
3502    0     0     0     0     0     0     0
3506    0     0     0     0     0     0     0
3510    0     0     0     0     0     0     0
3514    0     0     0     0     0     0     0
3518    0     0     0     0     0     0     0
3522    0     0     0     0     0     0     0
3526    0     0     0     0     0     0     0
3530    0     0     0     0     0     0     0
3534    0     0     0     0     0     0     0
3538    0     0     0     0     0     0     0
3542    0     0     0     0     0     0     0
3546    0     0     0     0     0     0     0
3550    0     0     0     0     0     0     0
3554    0     0     0     0     0     0     0
3558    0     0     0     0     0     0     0
3562    0     0     0     0     0     0     0
3566    0     0     0     0     0     0     0
3570    0     0     0     0     0     0     0
3574    0     0     0     0     0     0     0
3578    0     0     0     0     0     0     0
3582    0     0     0     0     0     0     0
3586    0     0     0     0     0     0     0
3590    0     0     0     0     0     0     0
3594    0     0     0     0     0     0     0
3598    0     0     0     0     0     0     0
3602    0     0     0     0     0     0     0
3606    0     0     0     0     0     0     0
3610    0     0     0     0     0     0     0
3614    0     0     0     0     0     0     0
3618    0     0     0     0     0     0     0
3622    0     0     0     0     0     0     0
3626    0     0     0     0     0     0     0
3630    0     0     0     0     0     0     0
3634    0     0     0     0     0     0     0
3638    0     0     0     0     0     0     0
3642    0     0     0     0     0     0     0
3646    0     0     0     0     0     0     0
3650    0     0     0     0     0     0     0
3654    0     0     0     0     0     0     0
3658    0     0     0     0     0     0     0
3662    0     0     0     0     0     0     0
3666    0     0     0     0     0     0     0
3670    0     0     0     0     0     0     0
3674    0     0     0     0     0     0     0
3678    0     0     0     0     0     0     0
3682    0     0     0     0     0     0     0
3686    0     0     0     0     0     0     0
3690    0     0     0     0     0     0     0
3694    0     0     0     0     0     0     0
3698    0     0     0     0     0     0     0
3702    0     0     0     0     0     0     0
3706    0     0     0     0     0     0     0
3710    0     0     0     0     0     0     0
3714    0     0     0     0     0     0     0
3718    0     0     0     0     0     0     0
3722    0     0     0     0     0     0     0
3726    0     0     0     0     0     0     0
3730    0     0     0     0     0     0     0
3734    0     0     0     0     0     0     0
3738    0     0     0     0     0     0     0
3742    0     0     0     0     0     0     0
3746    0     0     0     0     0     0     0
3750    0     0     0     0     0     0     0
3754    0     0     0     0     0     0     0
3758    0     0     0     0     0     0     0
3762    0     0     0     0     0     0     0
3766    0     0     0     0     0     0     0
3770    0     0     0     0     0     0     0
3774    0     0     0     0     0     0     0
3778    0     0     0     0     0     0     0
3782    0     0     0     0     0     0     0
3786    0     0     0     0     0     0     0
3790    0     0     0     0     0     0     0
3794    0     0     0     0     0     0     0
3798    0     0     0     0     0     0     0
3802    0     0     0     0     0     0     0
3806    0     0     0     0     0     0     0
3810    0     0     0     0     0     0     0
3814    0     0     0     0     0     0     0
3818    0     0     0     0     0     0     0
3822    0     0     0     0     0     0     0
3826    0     0     0     0     0     0     0
3830    0     0     0     0     0     0     0
3834    0     0     0     0     0     0     0
3838    0     0     0     0     0     0     0
3842    0     0     0     0     0     0     0
3846    0     0     0     0     0     0     0
3850    0     0     0     0     0     0     0
3854    0     0     0     0     0     0     0
3858    0     0     0     0     0     0     0
3862    0     0     0     0     0     0     0
3866    0     0     0     0     0     0     0
3870    0     0     0     0     0     0     0
3874    0     0     0     0     0     0     0
3878    0     0     0     0     0     0     0
3882    0     0     0     0     0     0     0
3886    0     0     0     0     0     0     0
3890    0     0     0     0     0     0     0
3894    0     0     0     0     0     0     0
3898    0     0     0     0     0     0     0
3902    0     0     0     0     0     0     0
3906    0     0     0     0     0     0     0
3910    0     0     0     0     0     0     0
3914    0     0     0     0     0     0     0
3918    0     0     0     0     0     0     0
3922    0     0     0     0     0     0     0
3926    0     0     0     0     0     0     0
3930    0     0     0     0     0     0     0
3934    0     0     0     0     0     0     0
3938    0     0     0     0     0     0     0
3942    0     0     0     0     0     0     0
3946    0     0     0     0     0     0     0
3950    0     0     0     0     0     0     0
3954    0     0     0     0     0     0     0
3958    0     0     0     0     0     0     0
3962    0     0     0     0     0     0     0
3966    0     0     0     0     0     0     0
3970    0     0     0     0     0     0     0
3974    0     0     0     0     0     0     0
3978    0     0     0     0     0     0     0
3982    0     0     0     0     0     0     0
3986    0     0     0     0     0     0     0
3990    0     0     0     0     0     0     0
3994    0     0     0     0     0     0     0
3998    0     0     0     0     0     0     0
