2    0     0     0     0     0     0     0
6    8.8542e-06     1.45157e-08     1.45157e-08     1.45157e-08     1.45157e-08     1.45157e-08     1.45157e-08
10    0     0     0     0     0     0     0
14    3.54168e-05     2.09525e-08     2.09525e-08     2.09525e-08     2.09525e-08     2.09525e-08     2.09525e-08
18    6.19794e-05     2.83167e-08     2.83167e-08     2.83167e-08     2.83167e-08     2.83167e-08     2.83167e-08
22    5.31252e-05     1.9107e-08     1.9107e-08     1.9107e-08     1.9107e-08     1.9107e-08     1.9107e-08
26    4.4271e-05     1.26773e-08     1.26773e-08     1.26773e-08     1.26773e-08     1.26773e-08     1.26773e-08
30    4.4271e-05     1.05057e-08     1.05057e-08     1.05057e-08     1.05057e-08     1.05057e-08     1.05057e-08
34    9.73962e-05     1.98193e-08     1.98193e-08     1.98193e-08     1.98193e-08     1.98193e-08     1.98193e-08
38    0.000177084     3.02902e-08     3.02902e-08     3.02902e-08     3.02902e-08     3.02902e-08     3.02902e-08
42    0.000115105     1.73475e-08     1.73475e-08     1.73475e-08     1.73475e-08     1.73475e-08     1.73475e-08
46    0.000141667     1.87121e-08     1.87121e-08     1.87121e-08     1.87121e-08     1.87121e-08     1.87121e-08
50    8.8542e-05     1.04553e-08     1.04553e-08     1.04553e-08     1.04553e-08     1.04553e-08     1.04553e-08
54    0.000177084     1.91249e-08     1.91249e-08     1.91249e-08     1.91249e-08     1.91249e-08     1.91249e-08
58    0.000247918     2.44799e-08     2.44799e-08     2.44799e-08     2.44799e-08     2.44799e-08     2.44799e-08
62    0.000292189     2.6689e-08     2.6689e-08     2.6689e-08     2.6689e-08     2.6689e-08     2.6689e-08
66    0.000212501     1.82777e-08     1.82777e-08     1.82777e-08     1.82777e-08     1.82777e-08     1.82777e-08
70    0.000256772     2.09075e-08     2.09075e-08     2.09075e-08     2.09075e-08     2.09075e-08     2.09075e-08
74    0.000283334     2.20493e-08     2.20493e-08     2.20493e-08     2.20493e-08     2.20493e-08     2.20493e-08
78    0.000212501     1.60685e-08     1.60685e-08     1.60685e-08     1.60685e-08     1.60685e-08     1.60685e-08
82    0.000292189     2.16074e-08     2.16074e-08     2.16074e-08     2.16074e-08     2.16074e-08     2.16074e-08
86    0.000301043     2.19364e-08     2.19364e-08     2.19364e-08     2.19364e-08     2.19364e-08     2.19364e-08
90    0.000469273     3.38908e-08     3.38908e-08     3.38908e-08     3.38908e-08     3.38908e-08     3.38908e-08
94    0.000327605     2.36208e-08     2.36208e-08     2.36208e-08     2.36208e-08     2.36208e-08     2.36208e-08
98    0.000371876     2.69123e-08     2.69123e-08     2.69123e-08     2.69123e-08     2.69123e-08     2.69123e-08
102    0.000451564     3.29744e-08     3.29744e-08     3.29744e-08     3.29744e-08     3.29744e-08     3.29744e-08
106    0.000327605     2.42125e-08     2.42125e-08     2.42125e-08     2.42125e-08     2.42125e-08     2.42125e-08
110    0.000327605     2.48152e-08     2.48152e-08     2.48152e-08     2.48152e-08     2.48152e-08     2.48152e-08
114    0.00054896     4.31108e-08     4.31108e-08     4.31108e-08     4.31108e-08     4.31108e-08     4.31108e-08
118    0.000575523     4.74307e-08     4.74307e-08     4.74307e-08     4.74307e-08     4.74307e-08     4.74307e-08
122    0.000566669     5.04339e-08     5.04339e-08     5.04339e-08     5.04339e-08     5.04339e-08     5.04339e-08
126    0.000602085     5.90229e-08     5.90229e-08     5.90229e-08     5.90229e-08     5.90229e-08     5.90229e-08
130    0.000469273     5.18279e-08     5.18279e-08     5.18279e-08     5.18279e-08     5.18279e-08     5.18279e-08
134    0.000575523     7.41487e-08     7.41487e-08     7.41487e-08     7.41487e-08     7.41487e-08     7.41487e-08
138    0.00054896     8.41122e-08     8.41122e-08     8.41122e-08     8.41122e-08     8.41122e-08     8.41122e-08
142    0.000664065     1.27826e-07     1.27826e-07     1.27826e-07     1.27826e-07     1.27826e-07     1.27826e-07
146    0.000531252     1.32772e-07     1.32772e-07     1.32772e-07     1.32772e-07     1.32772e-07     1.32772e-07
150    0.000584377     1.96735e-07     1.96735e-07     1.96735e-07     1.96735e-07     1.96735e-07     1.96735e-07
154    0.000655211     3.43832e-07     3.43832e-07     3.43832e-07     3.43832e-07     3.43832e-07     3.43832e-07
158    0.000734898     7.01797e-07     7.01797e-07     7.01797e-07     7.01797e-07     7.01797e-07     7.01797e-07
162    0.000734898     2.00174e-06     2.00174e-06     2.00174e-06     2.00174e-06     2.00174e-06     2.00174e-06
166    0.000699482     3.42801e-06     3.42801e-06     3.42801e-06     3.42801e-06     3.42801e-06     3.42801e-06
170    0.000637502     4.1476e-06     4.1476e-06     4.1476e-06     4.1476e-06     4.1476e-06     4.1476e-06
174    0.000708336     5.74777e-06     5.74777e-06     5.74777e-06     5.74777e-06     5.74777e-06     5.74777e-06
178    0.000761461     7.19167e-06     7.19167e-06     7.19167e-06     7.19167e-06     7.19167e-06     7.19167e-06
182    0.000664065     7.57339e-06     7.57339e-06     7.57339e-06     7.57339e-06     7.57339e-06     7.57339e-06
186    0.000637502     8.90358e-06     8.90358e-06     8.90358e-06     8.90358e-06     8.90358e-06     8.90358e-06
190    0.000743753     1.19771e-05     1.19771e-05     1.19771e-05     1.19771e-05     1.19771e-05     1.19771e-05
194    0.000956253     1.73212e-05     1.73212e-05     1.73212e-05     1.73212e-05     1.73212e-05     1.73212e-05
198    0.000876566     1.75991e-05     1.75991e-05     1.75991e-05     1.75991e-05     1.75991e-05     1.75991e-05
202    0.000929691     2.03387e-05     2.03387e-05     2.03387e-05     2.03387e-05     2.03387e-05     2.03387e-05
206    0.000947399     2.26209e-05     2.26209e-05     2.26209e-05     2.26209e-05     2.26209e-05     2.26209e-05
210    0.000841149     2.17072e-05     2.17072e-05     2.17072e-05     0.000165319     0.000224931     0.000123792
214    0.000841149     2.33713e-05     2.33713e-05     2.33713e-05     0.000309971     0.000429053     0.000227029
218    0.00107136     3.18971e-05     3.18971e-05     3.18971e-05     0.000350582     0.000483327     0.000258159
222    0.000920837     2.92102e-05     2.92102e-05     2.92102e-05     0.000351136     0.000485472     0.000257512
226    0.00114219     3.85029e-05     3.85029e-05     3.85029e-05     0.000367201     0.000504462     0.000271565
230    0.000965108     3.4679e-05     3.4679e-05     3.4679e-05     0.000347311     0.000477963     0.000256271
234    0.000965108     3.67096e-05     3.67096e-05     3.67096e-05     0.000339656     0.000466336     0.000251338
238    0.00108907     4.38795e-05     4.38795e-05     4.38795e-05     0.00032372     0.000440754     0.000242047
242    0.00121303     5.16909e-05     5.16909e-05     5.16909e-05     0.000347721     0.000471788     0.000261177
246    0.0010625     4.75294e-05     4.75294e-05     4.75294e-05     0.000337973     0.00045982     0.000252964
250    0.00108907     5.12062e-05     5.12062e-05     5.12062e-05     0.000345222     0.000468495     0.000259124
254    0.0011599     5.73955e-05     5.73955e-05     5.73955e-05     0.000336074     0.000452722     0.000254486
258    0.000965108     5.02287e-05     5.02287e-05     5.02287e-05     0.000316734     0.000428002     0.000238805
262    0.00123073     6.7234e-05     6.7234e-05     6.7234e-05     0.000352812     0.000471846     0.000269378
266    0.00110677     6.32146e-05     6.32146e-05     6.32146e-05     0.000338855     0.000453793     0.000258255
270    0.00116875     6.98724e-05     6.98724e-05     6.98724e-05     0.000336769     0.000448196     0.000258605
274    0.00119532     7.46663e-05     7.46663e-05     7.46663e-05     0.000334293     0.000442862     0.00025812
278    0.00119532     7.81271e-05     7.81271e-05     7.81271e-05     0.000338626     0.000447737     0.000262071
282    0.00126615     8.60117e-05     8.60117e-05     8.60117e-05     0.000330782     0.000433302     0.000258828
286    0.00141667     0.000100839     0.000100839     0.000100839     0.000347124     0.00045011     0.000274764
290    0.00131042     9.68337e-05     9.68337e-05     9.68337e-05     0.000357827     0.000466985     0.000281106
294    0.00107136     8.22372e-05     8.22372e-05     8.22372e-05     0.000310685     0.000406375     0.000243438
298    0.00114219     9.10803e-05     9.10803e-05     9.10803e-05     0.000326715     0.000425638     0.000257209
302    0.00138125     0.000114515     0.000114515     0.000114515     0.000350374     0.000449473     0.000280696
306    0.00129271     0.000111195     0.000111195     0.000111195     0.000345398     0.000443749     0.000276211
310    0.00130157     0.000116284     0.000116284     0.000116284     0.00035448     0.000454404     0.000284131
314    0.00139011     0.000128645     0.000128645     0.000128645     0.000363465     0.000461863     0.000294136
318    0.00141667     0.000135729     0.000135729     0.000135729     0.000371609     0.000470363     0.000301982
322    0.00147865     0.000146588     0.000146588     0.000146588     0.000361054     0.00045074     0.000297756
326    0.00151407     0.000155037     0.000155037     0.000155037     0.000384013     0.000479636     0.000316472
330    0.00162917     0.000172101     0.000172101     0.000172101     0.000397773     0.000491749     0.000331313
334    0.00164688     0.000179618     0.000179618     0.000179618     0.000400394     0.000491909     0.000335557
338    0.00143438     0.000161382     0.000161382     0.000161382     0.000387075     0.000480051     0.00032105
342    0.00173542     0.00020135     0.00020135     0.00020135     0.000448591     0.00054929     0.000376788
346    0.0014698     0.000176208     0.000176208     0.000176208     0.000421715     0.000520287     0.000351111
350    0.00177084     0.000220909     0.000220909     0.000220909     0.000462651     0.000559168     0.000393378
354    0.00165574     0.000215906     0.000215906     0.000215906     0.000470608     0.000572514     0.000397488
358    0.00188594     0.000258089     0.000258089     0.000258089     0.000514619     0.000617814     0.000440671
362    0.00173542     0.000248463     0.000248463     0.000248463     0.00051891     0.000628708     0.000440388
366    0.00194792     0.000291523     0.000291523     0.000291523     0.000556956     0.000665198     0.000479621
370    0.0021073     0.000329186     0.000329186     0.000329186     0.000586544     0.000691897     0.000511318
374    0.00184167     0.000300236     0.000300236     0.000300236     0.000609874     0.000737168     0.000519053
378    0.00190365     0.000323456     0.000323456     0.000323456     0.000618382     0.000740317     0.000531504
382    0.00201876     0.000357261     0.000357261     0.000357261     0.000650733     0.000772958     0.000563784
386    0.00184167     0.000338085     0.000338085     0.000338085     0.000641465     0.000768442     0.000551235
390    0.00190365     0.000362663     0.000362663     0.000362663     0.000649483     0.000770051     0.000563893
394    0.00215157     0.000424055     0.000424055     0.000424055     0.000746042     0.000881949     0.000649653
398    0.00206303     0.000420301     0.000420301     0.000420301     0.000711784     0.000835268     0.000624277
402    0.0022224     0.000468009     0.000468009     0.000468009     0.000780643     0.000913814     0.000686395
406    0.00200105     0.000435615     0.000435615     0.000435615     0.000741066     0.000871738     0.000648673
410    0.00219584     0.000492766     0.000492766     0.000492766     0.00080998     0.000946173     0.000713753
414    0.00232865     0.000538579     0.000538579     0.000538579     0.000871915     0.00101556     0.000770496
418    0.0023198     0.000552598     0.000552598     0.000552598     0.000906507     0.00105951     0.000798541
422    0.0022047     0.000539817     0.000539817     0.000539817     0.000881416     0.0010299     0.000776776
426    0.00257657     0.000647845     0.000647845     0.000647845     0.00103017     0.00119702     0.000912692
430    0.0024349     0.000628428     0.000628428     0.000628428     0.000990401     0.00114889     0.000878877
434    0.00261199     0.000692352     0.000692352     0.000692352     0.00103179     0.00118082     0.000926974
438    0.00265626     0.000722238     0.000722238     0.000722238     0.00108072     0.00123848     0.000969822
442    0.00258543     0.000720453     0.000720453     0.000720453     0.00111532     0.00129001     0.00099268
446    0.0026297     0.000750855     0.000750855     0.000750855     0.0011194     0.00128335     0.00100446
450    0.00279793     0.000817392     0.000817392     0.000817392     0.0011766     0.00133706     0.00106422
454    0.00301928     0.000902496     0.000902496     0.000902496     0.00129467     0.00147045     0.00117166
458    0.00263855     0.00080625     0.00080625     0.00080625     0.00117593     0.00134199     0.00105977
462    0.0030547     0.000953714     0.000953714     0.000953714     0.00132643     0.00149395     0.00120923
466    0.0031698     0.00101079     0.00101079     0.00101079     0.00142045     0.0016045     0.00129162
470    0.00314324     0.00102375     0.00102375     0.00102375     0.00144343     0.00163201     0.00131139
474    0.0035771     0.00118917     0.00118917     0.00118917     0.00161065     0.00180021     0.00147792
478    0.00341772     0.00115867     0.00115867     0.00115867     0.0015504     0.00172689     0.00142685
482    0.00349741     0.00120973     0.00120973     0.00120973     0.00171339     0.00194134     0.001554
486    0.00370105     0.00130517     0.00130517     0.00130517     0.0017921     0.00201333     0.00163756
490    0.00342657     0.00123155     0.00123155     0.00123155     0.00167641     0.00187908     0.00153493
494    0.00353283     0.00129354     0.00129354     0.00129354     0.00175358     0.0019636     0.00160702
498    0.00374533     0.00139652     0.00139652     0.00139652     0.00191726     0.00215526     0.00175117
502    0.00378074     0.00143602     0.00143602     0.00143602     0.00193302     0.00216074     0.00177423
506    0.00364793     0.00141041     0.00141041     0.00141041     0.00190812     0.00213671     0.00174878
510    0.0040021     0.00157567     0.00157567     0.00157567     0.00212956     0.00238494     0.0019517
514    0.00468387     0.00187791     0.00187791     0.00187791     0.00241665     0.00266591     0.0022432
518    0.00433856     0.00177037     0.00177037     0.00177037     0.0023526     0.00262292     0.00216465
522    0.00434741     0.00180374     0.00180374     0.00180374     0.00244055     0.00273743     0.00223436
526    0.00449793     0.00189972     0.00189972     0.00189972     0.00244128     0.00269415     0.00226567
530    0.00469272     0.00201456     0.00201456     0.00201456     0.0026515     0.00294921     0.00244477
534    0.00495835     0.00216382     0.00216382     0.00216382     0.00285242     0.00317448     0.0026288
538    0.00523283     0.00232168     0.00232168     0.00232168     0.00297651     0.00328284     0.00276377
542    0.00512658     0.0023111     0.0023111     0.0023111     0.0029863     0.00330234     0.00276676
546    0.00535679     0.00245611     0.00245611     0.00245611     0.0032637     0.00364213     0.00300086
550    0.0053745     0.00250789     0.00250789     0.00250789     0.0032656     0.00362121     0.00301865
554    0.00552502     0.00262291     0.00262291     0.00262291     0.00339534     0.00375847     0.00314326
558    0.00571096     0.00275719     0.00275719     0.00275719     0.00356593     0.00394709     0.00330154
562    0.00625106     0.00306596     0.00306596     0.00306596     0.00396308     0.0043874     0.00366903
566    0.00634846     0.00316097     0.00316097     0.00316097     0.00409678     0.00454043     0.00378945
570    0.006012     0.00304135     0.00304135     0.00304135     0.00397845     0.00442362     0.00367018
574    0.00639273     0.00329175     0.00329175     0.00329175     0.00424633     0.00470056     0.0039319
578    0.00677346     0.00355177     0.00355177     0.00355177     0.00451734     0.00497731     0.00419898
582    0.00699482     0.00373258     0.00373258     0.00373258     0.00475446     0.00524219     0.00441702
586    0.00757034     0.00411208     0.00411208     0.00411208     0.00521388     0.00574066     0.00484949
590    0.00811045     0.00449154     0.00449154     0.00449154     0.00566626     0.00622893     0.00527716
594    0.00835836     0.00473212     0.00473212     0.00473212     0.00595958     0.00654873     0.00555234
598    0.00812815     0.00470561     0.00470561     0.00470561     0.00597479     0.00658531     0.00555297
602    0.00860628     0.00508785     0.00508785     0.00508785     0.00641833     0.0070606     0.00597508
606    0.00902243     0.00543768     0.00543768     0.00543768     0.00674155     0.00737255     0.00630629
610    0.00890732     0.0054795     0.0054795     0.0054795     0.00681006     0.00745538     0.00636513
614    0.00962451     0.00605806     0.00605806     0.00605806     0.00749229     0.00818904     0.00701207
618    0.00993441     0.00641478     0.00641478     0.00641478     0.0078758     0.00858649     0.00738607
622    0.0099167     0.00656942     0.00656942     0.00656942     0.00802399     0.00873287     0.00753572
626    0.0100672     0.00684741     0.00684741     0.00684741     0.00835435     0.00908993     0.00784783
630    0.0104568     0.00730753     0.00730753     0.00730753     0.00894545     0.00974648     0.00839412
634    0.0113334     0.00814335     0.00814335     0.00814335     0.00983411     0.0106626     0.00926415
638    0.0115547     0.00855211     0.00855211     0.00855211     0.0102432     0.0110733     0.00967224
642    0.0116698     0.00891131     0.00891131     0.00891131     0.010563     0.0113762     0.0100041
646    0.0115193     0.00910507     0.00910507     0.00910507     0.0107204     0.0115175     0.010173
650    0.0121922     0.00998687     0.00998687     0.00998687     0.0116588     0.0124852     0.0110914
654    0.0118646     0.0100792     0.0100792     0.0100792     0.0117116     0.0125196     0.011157
658    0.0116521     0.0102754     0.0102754     0.0102754     0.0118561     0.0126392     0.0113185
662    0.0123693     0.0113319     0.0113319     0.0113319     0.0129554     0.0137619     0.0124023
666    0.0119443     0.0113781     0.0113781     0.0113781     0.012868     0.0136102     0.0123594
670    0.0119     0.0117863     0.0117863     0.0117863     0.0132165     0.0139304     0.0127274
674    0.0123339     0.0127069     0.0127069     0.0127069     0.014124     0.0148326     0.0136387
678    0.0123959     0.0132952     0.0132952     0.0132952     0.0146433     0.0153184     0.0141812
682    0.0126084     0.0140506     0.0140506     0.0140506     0.0153137     0.0159473     0.0148802
686    0.0125375     0.0145221     0.0145221     0.0145221     0.0156656     0.01624     0.0152726
690    0.0118381     0.0142498     0.0142498     0.0142498     0.0152325     0.015727     0.0148942
694    0.0114573     0.0143385     0.0143385     0.0143385     0.0151861     0.0156138     0.0148938
698    0.0113334     0.0147163     0.0147163     0.0147163     0.0154474     0.0158174     0.0151948
702    0.0115813     0.0155828     0.0155828     0.0155828     0.0161427     0.0159487     0.0164269
706    0.0106427     0.0147966     0.0147966     0.0147966     0.0151738     0.0150429     0.0153656
710    0.0100052     0.0143551     0.0143551     0.0143551     0.0145746     0.0144984     0.0146863
714    0.0102886     0.0152015     0.0152015     0.0152015     0.015296     0.0152515     0.0153559
718    0.00965993     0.0146767     0.0146767     0.0146767     0.0146212     0.0145929     0.0146406
722    0.0093943     0.0146282     0.0146282     0.0146282     0.0143827     0.0142568     0.0144684
726    0.0088542     0.0140762     0.0140762     0.0140762     0.0137071     0.0135173     0.0138361
730    0.0083318     0.0134893     0.0134893     0.0134893     0.013013     0.0127675     0.0131798
734    0.00852659     0.0140371     0.0140371     0.0140371     0.0134088     0.0130844     0.0136292
738    0.00762346     0.0127514     0.0127514     0.0127514     0.0120552     0.0116951     0.0122996
742    0.00746409     0.0126734     0.0126734     0.0126734     0.0118426     0.0114116     0.0121349
746    0.00725159     0.0124766     0.0124766     0.0124766     0.0115387     0.0110508     0.0118694
750    0.00660523     0.0114941     0.0114941     0.0114941     0.0105416     0.010045     0.010878
754    0.00614481     0.0107849     0.0107849     0.0107849     0.00980048     0.0092862     0.0101487
758    0.00592346     0.0104671     0.0104671     0.0104671     0.00942666     0.00888219     0.00979513
762    0.00604742     0.0107544     0.0107544     0.0107544     0.00957156     0.00895105     0.00999128
766    0.00517085     0.00925252     0.00925252     0.00925252     0.00817253     0.00760455     0.00855642
770    0.00510887     0.00919811     0.00919811     0.00919811     0.00802423     0.00740543     0.0084422
774    0.00486095     0.00880785     0.00880785     0.00880785     0.00761585     0.00698601     0.00804099
778    0.00492293     0.00897013     0.00897013     0.00897013     0.0077042     0.00703384     0.00815639
782    0.00451564     0.00826242     0.00826242     0.00826242     0.00701094     0.00634595     0.00745901
786    0.00393126     0.00721382     0.00721382     0.00721382     0.0060879     0.00548787     0.00649183
790    0.00419689     0.00772175     0.00772175     0.00772175     0.00646417     0.00579222     0.0069162
794    0.00394012     0.00727132     0.00727132     0.00727132     0.00599912     0.00531784     0.00645714
798    0.00368335     0.00682169     0.00682169     0.00682169     0.00559175     0.00493179     0.00603518
802    0.00356824     0.00663567     0.00663567     0.00663567     0.00544389     0.00480262     0.00587444
806    0.00344428     0.00643198     0.00643198     0.00643198     0.00516782     0.00448598     0.00562529
810    0.0032672     0.00612783     0.00612783     0.00612783     0.00490036     0.0042364     0.00534545
814    0.00276251     0.005202     0.005202     0.005202     0.00413701     0.00355947     0.00452384
818    0.00276251     0.00522079     0.00522079     0.00522079     0.00409358     0.00348074     0.00450369
822    0.00288647     0.0054747     0.0054747     0.0054747     0.00426758     0.00361041     0.00470725
826    0.00278907     0.00530765     0.00530765     0.00530765     0.00416338     0.00353988     0.00458047
830    0.00247032     0.0047188     0.0047188     0.0047188     0.00365043     0.00306663     0.00404063
834    0.00219584     0.00421314     0.00421314     0.00421314     0.0031998     0.00264343     0.00357107
838    0.00228438     0.00440416     0.00440416     0.00440416     0.00334022     0.00275239     0.00373159
842    0.00213386     0.00413211     0.00413211     0.00413211     0.00314215     0.00259327     0.00350717
846    0.0020099     0.00390887     0.00390887     0.00390887     0.00294628     0.00241282     0.00330118
850    0.00211615     0.00413454     0.00413454     0.00413454     0.00304155     0.00243526     0.00344484
854    0.00184167     0.00361696     0.00361696     0.00361696     0.00268225     0.00216241     0.00302776
858    0.00194792     0.00384653     0.00384653     0.00384653     0.00279677     0.00221035     0.00318593
862    0.00162032     0.00321691     0.00321691     0.00321691     0.00234724     0.00185864     0.00267087
866    0.00169115     0.00337509     0.00337509     0.00337509     0.00246664     0.00195462     0.00280542
870    0.00151407     0.00303706     0.00303706     0.00303706     0.00219816     0.00172401     0.00251157
874    0.00131042     0.0026419     0.0026419     0.0026419     0.00184885     0.00139937     0.00214569
878    0.00147865     0.0029957     0.0029957     0.0029957     0.00210339     0.00159641     0.00243797
882    0.00124844     0.002543     0.002543     0.002543     0.00180072     0.00137787     0.00207951
886    0.00148751     0.00304691     0.00304691     0.00304691     0.00213095     0.00160815     0.00247544
890    0.00139011     0.00286504     0.00286504     0.00286504     0.00199652     0.001499     0.00232395
894    0.00131928     0.00273769     0.00273769     0.00273769     0.00187019     0.00137084     0.00219825
898    0.00128386     0.00268121     0.00268121     0.00268121     0.0018737     0.00140643     0.00218012
902    0.00126615     0.00266089     0.00266089     0.00266089     0.00186225     0.00139836     0.00216607
906    0.00101823     0.00215421     0.00215421     0.00215421     0.00147001     0.0010723     0.00173042
910    0.00123073     0.00262051     0.00262051     0.00262051     0.0017723     0.00127851     0.00209547
914    0.00110677     0.00237327     0.00237327     0.00237327     0.00161649     0.00117474     0.00190535
918    0.00100052     0.00216073     0.00216073     0.00216073     0.00146256     0.0010534     0.00172976
922    0.000920837     0.00200215     0.00200215     0.00200215     0.00131649     0.000912407     0.00157982
926    0.000867711     0.00189973     0.00189973     0.00189973     0.00122904     0.000832375     0.00148722
930    0.00099167     0.00218587     0.00218587     0.00218587     0.00146658     0.0010399     0.00174399
934    0.000832295     0.00184707     0.00184707     0.00184707     0.00120923     0.000829842     0.00145567
938    0.000770315     0.00172366     0.00172366     0.00172366     0.00114784     0.000804429     0.00137072
942    0.000752607     0.00169532     0.00169532     0.00169532     0.0010835     0.000717628     0.00132075
946    0.000628648     0.00142589     0.00142589     0.00142589     0.000877536     0.000548915     0.00109047
950    0.000743753     0.00169869     0.00169869     0.00169869     0.00111586     0.000765578     0.0013426
954    0.000672919     0.00154881     0.00154881     0.00154881     0.000990239     0.000652974     0.00120818
958    0.000646356     0.00149909     0.00149909     0.00149909     0.000963878     0.000639362     0.00117324
962    0.000734898     0.00171689     0.00171689     0.00171689     0.00110283     0.000728212     0.00134394
966    0.000743753     0.00175151     0.00175151     0.00175151     0.00110221     0.000704674     0.00135778
970    0.000770315     0.00182832     0.00182832     0.00182832     0.00113841     0.000714456     0.00141058
974    0.000557814     0.00133418     0.00133418     0.00133418     0.000869043     0.000582195     0.00105294
978    0.000575523     0.00138647     0.00138647     0.00138647     0.000889458     0.000581852     0.0010864
982    0.000513543     0.00124821     0.00124821     0.00124821     0.000794666     0.000512877     0.000974844
986    0.000734898     0.00179879     0.00179879     0.00179879     0.0011413     0.000731737     0.00140291
990    0.000469273     0.00115803     0.00115803     0.00115803     0.00072101     0.000448078     0.000895194
994    0.000522398     0.00129989     0.00129989     0.00129989     0.000809378     0.000502142     0.00100526
998    0.000495835     0.00124436     0.00124436     0.00124436     0.000759553     0.000454954     0.000953515
1002    0.000478127     0.00120939     0.00120939     0.00120939     0.000755443     0.000469069     0.000937532
1006    0.000389585     0.00099362     0.00099362     0.00099362     0.000604242     0.000357831     0.000760724
1010    0.000354168     0.000910799     0.000910799     0.000910799     0.000560088     0.000337525     0.000701281
1014    0.000318751     0.000827259     0.000827259     0.000827259     0.000504606     0.000299105     0.000634806
1018    0.000407293     0.00106652     0.00106652     0.00106652     0.000644619     0.000374977     0.000815224
1022    0.000292189     0.000771798     0.000771798     0.000771798     0.000444122     0.000233755     0.000576997
1026    0.000416147     0.00110834     0.00110834     0.00110834     0.000675544     0.00039685     0.000851377
1030    0.00027448     0.000737589     0.000737589     0.000737589     0.000407261     0.000193651     0.00054181
1034    0.000416147     0.00112809     0.00112809     0.00112809     0.000673878     0.000379289     0.000859215
1038    0.000318751     0.000871756     0.000871756     0.000871756     0.000499046     0.000256358     0.000651491
1042    0.000513543     0.00141759     0.00141759     0.00141759     0.000834584     0.000453095     0.00107376
1046    0.000283334     0.000789152     0.000789152     0.000789152     0.000477587     0.000272928     0.00060571
1050    0.000318751     0.000895555     0.000895555     0.000895555     0.000519919     0.000272367     0.000674697
1054    0.000247918     0.000702784     0.000702784     0.000702784     0.000376737     0.000161     0.000511408
1058    0.000292189     0.000835628     0.000835628     0.000835628     0.000445417     0.000186229     0.000606967
1062    0.000256772     0.000741214     0.000741214     0.000741214     0.000371944     0.000125396     0.000525305
1066    0.000256772     0.000747983     0.000747983     0.000747983     0.000398999     0.000165175     0.00054424
1070    0.000230209     0.000676605     0.000676605     0.000676605     0.000412534     0.0002349     0.000522696
1074    0.000256772     0.000761929     0.000761929     0.000761929     0.00045088     0.000240701     0.000580986
1078    0.000309897     0.000927881     0.000927881     0.000927881     0.000514843     0.000234647     0.000688008
1082    0.000230209     0.000695861     0.000695861     0.000695861     0.000407996     0.000211666     0.00052907
1086    0.000265626     0.000810547     0.000810547     0.000810547     0.000439982     0.000186238     0.000596214
1090    0.000265626     0.000817572     0.000817572     0.000817572     0.000418571     0.000144338     0.000587165
1094    0.000159376     0.000495368     0.000495368     0.000495368     0.000284209     0.000138359     0.00037369
1098    0.000265626     0.000832553     0.000832553     0.000832553     0.000461064     0.000203467     0.000618832
1102    0.000194792     0.000615965     0.000615965     0.000615965     0.000354751     0.000172604     0.000466049
1106    0.000283334     0.00090548     0.00090548     0.00090548     0.000525336     0.000259077     0.000687748
1110    0.000265626     0.000855904     0.000855904     0.000855904     0.000482065     0.000219357     0.000642094
1114    0.00016823     0.000546973     0.000546973     0.000546973     0.000322436     0.000163924     0.000418806
1118    0.000212501     0.000697849     0.000697849     0.000697849     0.000410428     0.000206599     0.000534105
1122    0.000141667     0.000469605     0.000469605     0.000469605     0.000263503     0.000116525     0.000352482
1126    0.000132813     0.000443579     0.000443579     0.000443579     0.000234924     8.55176e-05     0.000325214
1130    0.00016823     0.000567004     0.000567004     0.000567004     0.000305945     0.000118344     0.000419149
1134    0.00016823     0.00057215     0.00057215     0.00057215     0.000332499     0.000159581     0.000436672
1138    0.000194792     0.000669608     0.000669608     0.000669608     0.000339141     9.93795e-05     0.00048324
1142    0.000194792     0.000675251     0.000675251     0.000675251     0.000366745     0.000141625     0.000501709
1146    0.000177084     0.000620249     0.000620249     0.000620249     0.000333686     0.000123447     0.000459428
1150    0.000132813     0.000468174     0.000468174     0.000468174     0.000258107     0.000103794     0.000350349
1154    0.000159376     0.000567495     0.000567495     0.000567495     0.000301591     0.00010504     0.000418767
1158    0.000159376     0.000573339     0.000573339     0.000573339     0.000329568     0.00014855     0.000437276
1162    0.000194792     0.000706409     0.000706409     0.000706409     0.000365766     0.000111331     0.000516773
1166    0.000159376     0.000582556     0.000582556     0.000582556     0.000294407     7.84092e-05     0.000422403
1170    0.00010625     0.000391896     0.000391896     0.000391896     0.000172011     6.4006e-06     0.000269946
1174    0.00016823     0.000626398     0.000626398     0.000626398     0.000343683     0.000129853     0.000469901
1178    0.000123959     0.000465894     0.000465894     0.000465894     0.000251536     8.86078e-05     0.000347504
1182    0.000141667     0.000536924     0.000536924     0.000536924     0.000291126     0.00010321     0.000401528
1186    0.00016823     0.000643641     0.000643641     0.000643641     0.000349674     0.000123922     0.000482032
1190    0.000141667     0.000547344     0.000547344     0.000547344     0.000308041     0.000123336     0.000416095
1194    0.000141667     0.000551849     0.000551849     0.000551849     0.000297196     9.99559e-05     0.000412407
1198    7.96878e-05     0.000313048     0.000313048     0.000313048     0.000162304     4.50205e-05     0.000230674
1202    7.96878e-05     0.000315637     0.000315637     0.000315637     0.000136821     -3.1206e-06     0.000218184
1206    0.000123959     0.000495434     0.000495434     0.000495434     0.000263384     8.09354e-05     0.000369244
1210    8.8542e-05     0.000356673     0.000356673     0.000356673     0.000198948     7.44994e-05     0.00027104
1214    0.000115105     0.000467335     0.000467335     0.000467335     0.00022056     2.51661e-05     0.000333567
1218    0.000123959     0.00050817     0.00050817     0.00050817     0.000281567     0.00010111     0.000385668
1222    0.000132813     0.000549333     0.000549333     0.000549333     0.000304658     0.000108659     0.000417419
1226    0.000123959     0.000517466     0.000517466     0.000517466     0.000259209     5.12877e-05     0.000378562
1230    7.08336e-05     0.000298257     0.000298257     0.000298257     0.000164238     5.56999e-05     0.000226372
1234    0.000159376     0.00067684     0.00067684     0.00067684     0.000372004     0.000124294     0.000513588
1238    0.000159376     0.000682632     0.000682632     0.000682632     0.000374527     0.000123345     0.000517879
1242    7.96878e-05     0.000343312     0.000343312     0.000343312     0.000174461     3.60162e-05     0.000253272
1246    7.08336e-05     0.000308723     0.000308723     0.000308723     0.000128162     -2.07708e-05     0.000212705
1250    5.31252e-05     0.00023307     0.00023307     0.00023307     0.000113501     1.44712e-05     0.000169612
1254    3.54168e-05     0.000157094     0.000157094     0.000157094     7.1871e-05     9.92204e-07     0.000111954
1258    8.8542e-05     0.000394647     0.000394647     0.000394647     0.000173688     -1.07086e-05     0.000277799
1262    7.96878e-05     0.000358648     0.000358648     0.000358648     0.000194207     5.61615e-05     0.000271931
1266    8.8542e-05     0.00040167     0.00040167     0.00040167     0.000203496     3.64447e-05     0.000297378
1270    5.31252e-05     0.000242576     0.000242576     0.000242576     0.000131074     3.68388e-05     0.000183971
1274    0.000115105     0.000530803     0.000530803     0.000530803     0.00028584     7.7396e-05     0.000402469
1278    7.96878e-05     0.000370313     0.000370313     0.000370313     0.000185488     2.75653e-05     0.000273678
1282    8.8542e-05     0.000414762     0.000414762     0.000414762     0.000223029     5.8226e-05     0.000314797
1286    7.08336e-05     0.000334862     0.000334862     0.000334862     0.000179401     4.50821e-05     0.000254015
1290    3.54168e-05     0.000168741     0.000168741     0.000168741     7.63719e-05     -3.85727e-06     0.000120832
1294    6.19794e-05     0.000297587     0.000297587     0.000297587     0.000158967     3.8102e-05     0.000225823
1298    6.19794e-05     0.000299398     0.000299398     0.000299398     0.000145528     1.09039e-05     0.00021987
1302    4.4271e-05     0.00021609     0.00021609     0.00021609     0.000114915     2.58623e-05     0.000163949
1306    2.65626e-05     0.000130704     0.000130704     0.000130704     6.9499e-05     1.52979e-05     9.92553e-05
1310    7.08336e-05     0.000350876     0.000350876     0.000350876     0.000158128     -1.29645e-05     0.000251955
1314    7.08336e-05     0.000353694     0.000353694     0.000353694     0.000187085     3.84365e-05     0.000268404
1318    6.19794e-05     0.000311695     0.000311695     0.000311695     0.000135879     -2.16975e-05     0.000221887
1322    6.19794e-05     0.000314102     0.000314102     0.000314102     0.000165603     3.17079e-05     0.000238476
1326    4.4271e-05     0.000226138     0.000226138     0.000226138     0.000119082     2.20833e-05     0.000171748
1330    6.19794e-05     0.000319427     0.000319427     0.000319427     0.000167696     2.95767e-05     0.000242519
1334    7.96878e-05     0.000412754     0.000412754     0.000412754     0.000216247     3.69101e-05     0.000313277
1338    5.31252e-05     0.000278132     0.000278132     0.000278132     0.000145783     2.42556e-05     0.000211337
1342    8.8542e-06     4.68264e-05     4.68264e-05     4.68264e-05     2.44622e-05     3.80278e-06     3.5574e-05
1346    2.65626e-05     0.000140878     0.000140878     0.000140878     7.35841e-05     1.12923e-05     0.000107054
1350    7.96878e-05     0.000426447     0.000426447     0.000426447     0.000207963     4.11971e-06     0.000317063
1354    8.8542e-05     0.000477198     0.000477198     0.000477198     0.000234065     6.43739e-06     0.000355683
1358    3.54168e-05     0.000192155     0.000192155     0.000192155     8.54677e-05     -1.49116e-05     0.000138966
1362    2.65626e-05     0.000145035     0.000145035     0.000145035     6.06919e-05     -1.9149e-05     0.000103117
1366    3.54168e-05     0.000194943     0.000194943     0.000194943     0.000101072     1.1936e-05     0.000148362
1370    6.19794e-05     0.00034398     0.00034398     0.00034398     0.000163936     -8.18538e-06     0.000254945
1374    5.31252e-05     0.000297405     0.000297405     0.000297405     0.000124813     -4.10045e-05     0.000212272
1378    4.4271e-05     0.000249126     0.000249126     0.000249126     9.92723e-05     -4.52171e-05     0.000175343
1382    7.08336e-05     0.000401537     0.000401537     0.000401537     0.000206513     1.73086e-05     0.000305815
1386    6.19794e-05     0.000354042     0.000354042     0.000354042     0.000182274     1.50465e-05     0.000269888
1390    3.54168e-05     0.000204208     0.000204208     0.000204208     9.01902e-05     -2.15558e-05     0.000148538
1394    8.8542e-05     0.000513592     0.000513592     0.000513592     0.000248413     -1.21838e-05     0.000384294
1398    4.4271e-05     0.00025813     0.00025813     0.00025813     0.000117785     -2.09025e-05     0.000189899
1402    8.8542e-05     0.000520778     0.000520778     0.000520778     0.000266181     1.30403e-05     0.000397396
1406    8.8542e-06     5.24622e-05     5.24622e-05     5.24622e-05     2.68397e-05     1.20369e-06     4.00848e-05
1410    3.54168e-05     0.000211309     0.000211309     0.000211309     0.000107975     4.26553e-06     0.000161472
1414    4.4271e-05     0.000266065     0.000266065     0.000266065     0.000135695     4.28747e-06     0.000203331
1418    5.31252e-05     0.00032102     0.00032102     0.00032102     0.000163275     3.47857e-06     0.000245309
1422    3.54168e-05     0.000215819     0.000215819     0.000215819     9.47222e-05     -2.86972e-05     0.000157886
1426    1.77084e-05     0.000108718     0.000108718     0.000108718     4.03294e-05     -2.97109e-05     7.60831e-05
1430    1.77084e-05     0.000109389     0.000109389     0.000109389     5.5462e-05     -1.46755e-08     8.37157e-05
1434    6.19794e-05     0.000385214     0.000385214     0.000385214     0.000180568     -3.06149e-05     0.000287949
1438    0     0     0     0     0     0     0
1442    8.8542e-06     5.58064e-05     5.58064e-05     5.58064e-05     2.82699e-05     -4.99188e-07     4.28046e-05
1446    3.54168e-05     0.000224608     0.000224608     0.000224608     0.000113472     -3.00587e-06     0.00017222
1450    5.31252e-05     0.000338881     0.000338881     0.000338881     0.000170746     -6.20497e-06     0.000259798
1454    8.8542e-06     5.70225e-05     5.70225e-05     5.70225e-05     2.87354e-05     -1.18766e-06     4.3754e-05
1458    1.77084e-05     0.000114934     0.000114934     0.000114934     5.79182e-05     -2.77554e-06     8.82797e-05
1462    3.54168e-05     0.000230914     0.000230914     0.000230914     0.000115998     -7.0932e-06     0.000177368
1466    8.8542e-06     5.82371e-05     5.82371e-05     5.82371e-05     1.42581e-05     -3.31458e-05     3.78141e-05
1470    5.31252e-05     0.000350398     0.000350398     0.000350398     0.000175747     -1.2701e-05     0.000269339
1474    8.8542e-06     5.90079e-05     5.90079e-05     5.90079e-05     2.95628e-05     -2.57558e-06     4.54262e-05
1478    4.4271e-05     0.000296242     0.000296242     0.000296242     0.000133445     -4.42419e-05     0.000221151
1482    4.4271e-05     0.000298726     0.000298726     0.000298726     0.00013456     -4.57481e-05     0.000223261
1486    2.65626e-05     0.000180081     0.000180081     0.000180081     7.51195e-05     -4.0677e-05     0.00013195
1490    8.8542e-06     6.03863e-05     6.03863e-05     6.03863e-05     3.02108e-05     -3.13858e-06     4.65627e-05
1494    2.65626e-05     0.000182434     0.000182434     0.000182434     9.10437e-05     -1.08136e-05     0.000140759
1498    5.31252e-05     0.00036697     0.00036697     0.00036697     0.000182698     -2.35393e-05     0.00028313
1502    0     0     0     0     0     0     0
1506    8.8542e-06     6.21048e-05     6.21048e-05     6.21048e-05     3.09314e-05     -4.39851e-06     4.80196e-05
1510    1.77084e-05     0.000124879     0.000124879     0.000124879     6.21873e-05     -9.31422e-06     9.66509e-05
1514    8.8542e-06     6.28526e-05     6.28526e-05     6.28526e-05     1.62378e-05     -3.69277e-05     4.18635e-05
1518    3.54168e-05     0.000252937     0.000252937     0.000252937     0.000110497     -5.29905e-05     0.000189022
1522    2.65626e-05     0.000191026     0.000191026     0.000191026     9.5014e-05     -1.58867e-05     0.000148095
1526    1.77084e-05     0.000128205     0.000128205     0.000128205     6.36183e-05     -1.14578e-05     9.94268e-05
1530    8.8542e-06     6.42452e-05     6.42452e-05     6.42452e-05     1.56106e-06     -7.15261e-05     3.63623e-05
1534    0     0     0     0     0     0     0
1538    8.8542e-06     6.4975e-05     6.4975e-05     6.4975e-05     3.21458e-05     -6.49776e-06     5.04501e-05
1542    0     0     0     0     0     0     0
1546    1.77084e-05     0.000131713     0.000131713     0.000131713     4.98775e-05     -4.74288e-05     9.57094e-05
1550    8.8542e-06     6.63608e-05     6.63608e-05     6.63608e-05     1.76024e-05     -4.08911e-05     4.50168e-05
1554    1.77084e-05     0.000133766     0.000133766     0.000133766     5.07947e-05     -4.92564e-05     9.75515e-05
1558    2.65626e-05     0.00020167     0.00020167     0.00020167     9.94662e-05     -2.39172e-05     0.00015709
1562    8.8542e-06     6.76879e-05     6.76879e-05     6.76879e-05     1.82092e-05     -4.19037e-05     4.6183e-05
1566    0     0     0     0     -1.52407e-05     -3.3874e-05     -6.60029e-06
1570    8.8542e-06     6.81856e-05     6.81856e-05     6.81856e-05     1.83345e-05     -4.27305e-05     4.66202e-05
1574    8.8542e-06     6.89001e-05     6.89001e-05     6.89001e-05     3.3895e-05     -9.44696e-06     5.38487e-05
1578    8.8542e-06     6.93404e-05     6.93404e-05     6.93404e-05     3.41117e-05     -9.50733e-06     5.41928e-05
1582    0     0     0     0     0     0     0
1586    3.54168e-05     0.000279893     0.000279893     0.000279893     0.000137618     -4.07704e-05     0.000219159
1590    2.65626e-05     0.000211451     0.000211451     0.000211451     0.000104007     -3.12736e-05     0.000165697
1594    0     0     0     0     0     0     0
1598    0     0     0     0     0     0     0
1602    0     0     0     0     -1.52607e-05     -3.4759e-05     -6.44398e-06
1606    2.65626e-05     0.00021601     0.00021601     0.00021601     0.000106122     -3.45742e-05     0.000169666
1610    8.8542e-06     7.23338e-05     7.23338e-05     7.23338e-05     3.5527e-05     -1.17942e-05     5.68486e-05
1614    2.65626e-05     0.000218788     0.000218788     0.000218788     0.000107593     -3.65686e-05     0.000172233
1618    1.77084e-05     0.000146304     0.000146304     0.000146304     7.18048e-05     -2.51848e-05     0.000115189
1622    1.77084e-05     0.000147307     0.000147307     0.000147307     5.68404e-05     -6.16854e-05     0.00010966
1626    1.77084e-05     0.000148281     0.000148281     0.000148281     7.27258e-05     -2.68785e-05     0.000116955
1630    0     0     0     0     0     0     0
1634    1.77084e-05     0.000150178     0.000150178     0.000150178     7.3499e-05     -2.88627e-05     0.000118619
1638    1.77084e-05     0.000150644     0.000150644     0.000150644     7.37273e-05     -2.89523e-05     0.000118987
1642    1.77084e-05     0.000151724     0.000151724     0.000151724     7.43243e-05     -2.96403e-05     0.000119986
1646    1.77084e-05     0.000152641     0.000152641     0.000152641     4.40689e-05     -0.00010256     0.000108261
1650    1.77084e-05     0.000153345     0.000153345     0.000153345     7.51393e-05     -3.09025e-05     0.000121454
1654    0     0     0     0     0     0     0
1658    0     0     0     0     -1.53167e-05     -3.62799e-05     -6.21114e-06
1662    0     0     0     0     0     0     0
1666    8.8542e-06     7.8094e-05     7.8094e-05     7.8094e-05     3.83688e-05     -1.63432e-05     6.20447e-05
1670    2.65626e-05     0.000235808     0.000235808     0.000235808     0.000115612     -5.09501e-05     0.00018743
1674    0     0     0     0     0     0     0
1678    0     0     0     0     0     0     0
1682    8.8542e-06     8.00519e-05     8.00519e-05     8.00519e-05     3.9202e-05     -1.84845e-05     6.37939e-05
1686    8.8542e-06     8.03102e-05     8.03102e-05     8.03102e-05     3.93376e-05     -1.88876e-05     6.40648e-05
1690    8.8542e-06     8.08818e-05     8.08818e-05     8.08818e-05     3.9634e-05     -1.93449e-05     6.45893e-05
1694    8.8542e-06     8.13081e-05     8.13081e-05     8.13081e-05     3.98429e-05     -1.94469e-05     6.49297e-05
1698    2.65626e-05     0.000245255     0.000245255     0.000245255     0.000120305     -5.948e-05     0.000196089
1702    0     0     0     0     -3.06379e-05     -7.49956e-05     -1.20097e-05
1706    8.8542e-06     8.24961e-05     8.24961e-05     8.24961e-05     4.0408e-05     -2.0913e-05     6.60605e-05
1710    0     0     0     0     -1.53065e-05     -3.76076e-05     -5.97724e-06
1714    8.8542e-06     8.34304e-05     8.34304e-05     8.34304e-05     4.08973e-05     -2.1462e-05     6.68851e-05
1718    8.8542e-06     8.38944e-05     8.38944e-05     8.38944e-05     4.11922e-05     -2.18045e-05     6.73464e-05
1722    8.8542e-06     8.43153e-05     8.43153e-05     8.43153e-05     4.14504e-05     -2.2185e-05     6.77677e-05
1726    1.77084e-05     0.000169551     0.000169551     0.000169551     8.32706e-05     -4.56205e-05     0.000136373
1730    8.8542e-06     8.51648e-05     8.51648e-05     8.51648e-05     4.18533e-05     -2.32558e-05     6.85735e-05
1734    1.77084e-05     0.000170911     0.000170911     0.000170911     8.39925e-05     -4.66704e-05     0.000137615
1738    0     0     0     0     0     0     0
1742    0     0     0     0     0     0     0
1746    3.54168e-05     0.00034705     0.00034705     0.00034705     0.000170997     -9.78406e-05     0.000280262
1750    1.77084e-05     0.00017418     0.00017418     0.00017418     8.56806e-05     -4.98817e-05     0.000140671
1754    0     0     0     0     -1.52081e-05     -3.86486e-05     -5.73567e-06
1758    2.65626e-05     0.000264701     0.000264701     0.000264701     0.000130445     -7.77793e-05     0.000214263
1762    0     0     0     0     0     0     0
1766    1.77084e-05     0.000178216     0.000178216     0.000178216     8.77062e-05     -5.44346e-05     0.000144479
1770    1.77084e-05     0.000178713     0.000178713     0.000178713     8.80414e-05     -5.47946e-05     0.000144981
1774    0     0     0     0     0     0     0
1778    0     0     0     0     0     0     0
1782    8.8542e-06     9.05e-05     9.05e-05     9.05e-05     4.47638e-05     -2.84114e-05     7.36518e-05
1786    0     0     0     0     0     0     0
1790    0     0     0     0     -1.51971e-05     -3.96636e-05     -5.5763e-06
1794    8.8542e-06     9.18371e-05     9.18371e-05     9.18371e-05     4.5488e-05     -2.95996e-05     7.48973e-05
1798    0     0     0     0     0     0     0
1802    0     0     0     0     0     0     0
1806    8.8542e-06     9.32857e-05     9.32857e-05     9.32857e-05     3.11178e-05     -7.15015e-05     7.08327e-05
1810    8.8542e-06     9.39508e-05     9.39508e-05     9.39508e-05     4.65523e-05     -3.21688e-05     7.68997e-05
1814    0     0     0     0     0     0     0
1818    8.8542e-06     9.46339e-05     9.46339e-05     9.46339e-05     4.68927e-05     -3.28966e-05     7.75278e-05
1822    0     0     0     0     -1.51108e-05     -4.05201e-05     -5.39304e-06
1826    0     0     0     0     0     0     0
1830    8.8542e-06     9.57983e-05     9.57983e-05     9.57983e-05     4.7629e-05     -3.38689e-05     7.86751e-05
1834    8.8542e-06     9.63903e-05     9.63903e-05     9.63903e-05     4.79555e-05     -3.45006e-05     7.92416e-05
1838    8.8542e-06     9.69477e-05     9.69477e-05     9.69477e-05     4.83389e-05     -3.49189e-05     7.98066e-05
1842    0     0     0     0     0     0     0
1846    0     0     0     0     -1.49827e-05     -4.09637e-05     -5.24147e-06
1850    8.8542e-06     9.82762e-05     9.82762e-05     9.82762e-05     4.90408e-05     -3.685e-05     8.1121e-05
1854    8.8542e-06     9.87081e-05     9.87081e-05     9.87081e-05     4.93968e-05     -3.71641e-05     8.15943e-05
1858    0     0     0     0     0     0     0
1862    8.8542e-06     9.95584e-05     9.95584e-05     9.95584e-05     4.99114e-05     -3.77731e-05     8.23973e-05
1866    8.8542e-06     9.97508e-05     9.97508e-05     9.97508e-05     5.00078e-05     -3.7846e-05     8.25565e-05
1870    0     0     0     0     0     0     0
1874    8.8542e-06     0.000100605     0.000100605     0.000100605     5.04634e-05     -3.91733e-05     8.34108e-05
1878    0     0     0     0     0     0     0
1882    0     0     0     0     0     0     0
1886    0     0     0     0     0     0     0
1890    8.8542e-06     0.000102463     0.000102463     0.000102463     3.65371e-05     -8.34791e-05     8.01262e-05
1894    0     0     0     0     0     0     0
1898    8.8542e-06     0.000103539     0.000103539     0.000103539     5.22935e-05     -4.21264e-05     8.63143e-05
1902    0     0     0     0     0     0     0
1906    0     0     0     0     0     0     0
1910    0     0     0     0     0     0     0
1914    1.77084e-05     0.000210414     0.000210414     0.000210414     0.000106528     -8.83467e-05     0.000175912
1918    8.8542e-06     0.000105567     0.000105567     0.000105567     5.3517e-05     -4.47019e-05     8.83497e-05
1922    0     0     0     0     0     0     0
1926    8.8542e-06     0.000106811     0.000106811     0.000106811     5.43793e-05     -4.57422e-05     8.9605e-05
1930    0     0     0     0     0     0     0
1934    1.77084e-05     0.000214819     0.000214819     0.000214819     0.000109342     -9.32629e-05     0.000180344
1938    0     0     0     0     0     0     0
1942    0     0     0     0     0     0     0
1946    0     0     0     0     0     0     0
1950    8.8542e-06     0.000109307     0.000109307     0.000109307     5.59147e-05     -4.84694e-05     9.20625e-05
1954    8.8542e-06     0.000110016     0.000110016     0.000110016     5.63794e-05     -4.97146e-05     9.28297e-05
1958    0     0     0     0     0     0     0
1962    8.8542e-06     0.000110783     0.000110783     0.000110783     5.69033e-05     -5.02905e-05     9.35872e-05
1966    0     0     0     0     0     0     0
1970    0     0     0     0     0     0     0
1974    0     0     0     0     0     0     0
1978    8.8542e-06     0.000112706     0.000112706     0.000112706     4.34383e-05     -9.67746e-05     9.08605e-05
1982    0     0     0     0     0     0     0
1986    0     0     0     0     0     0     0
1990    8.8542e-06     0.000113709     0.000113709     0.000113709     5.87084e-05     -5.39077e-05     9.6499e-05
1994    8.8542e-06     0.000114216     0.000114216     0.000114216     5.91009e-05     -5.43958e-05     9.70379e-05
1998    0     0     0     0     0     0     0
2002    0     0     0     0     0     0     0
2006    0     0     0     0     0     0     0
2010    0     0     0     0     0     0     0
2014    8.8542e-06     0.000116509     0.000116509     0.000116509     0.000116509     0.000116509     0.000116509
2018    0     0     0     0     0     0     0
2022    8.8542e-06     0.000117406     0.000117406     0.000117406     0.000117406     0.000117406     0.000117406
2026    0     0     0     0     0     0     0
2030    8.8542e-06     0.000118433     0.000118433     0.000118433     0.000118433     0.000118433     0.000118433
2034    0     0     0     0     0     0     0
2038    0     0     0     0     0     0     0
2042    0     0     0     0     0     0     0
2046    0     0     0     0     0     0     0
2050    8.8542e-06     0.000120848     0.000120848     0.000120848     0.000120848     0.000120848     0.000120848
2054    0     0     0     0     0     0     0
2058    0     0     0     0     0     0     0
2062    0     0     0     0     0     0     0
2066    0     0     0     0     0     0     0
2070    0     0     0     0     0     0     0
2074    0     0     0     0     0     0     0
2078    0     0     0     0     0     0     0
2082    1.77084e-05     0.00024877     0.00024877     0.00024877     0.00024877     0.00024877     0.00024877
2086    0     0     0     0     0     0     0
2090    0     0     0     0     0     0     0
2094    0     0     0     0     0     0     0
2098    8.8542e-06     0.00012653     0.00012653     0.00012653     0.00012653     0.00012653     0.00012653
2102    0     0     0     0     0     0     0
2106    0     0     0     0     0     0     0
2110    0     0     0     0     0     0     0
2114    0     0     0     0     0     0     0
2118    0     0     0     0     0     0     0
2122    0     0     0     0     0     0     0
2126    0     0     0     0     0     0     0
2130    0     0     0     0     0     0     0
2134    0     0     0     0     0     0     0
2138    0     0     0     0     0     0     0
2142    0     0     0     0     0     0     0
2146    0     0     0     0     0     0     0
2150    0     0     0     0     0     0     0
2154    0     0     0     0     0     0     0
2158    0     0     0     0     0     0     0
2162    0     0     0     0     0     0     0
2166    8.8542e-06     0.000134437     0.000134437     0.000134437     0.000134437     0.000134437     0.000134437
2170    0     0     0     0     0     0     0
2174    0     0     0     0     0     0     0
2178    0     0     0     0     0     0     0
2182    1.77084e-05     0.000272416     0.000272416     0.000272416     0.000272416     0.000272416     0.000272416
2186    0     0     0     0     0     0     0
2190    0     0     0     0     0     0     0
2194    0     0     0     0     0     0     0
2198    0     0     0     0     0     0     0
2202    0     0     0     0     0     0     0
2206    0     0     0     0     0     0     0
2210    0     0     0     0     0     0     0
2214    0     0     0     0     0     0     0
2218    0     0     0     0     0     0     0
2222    8.8542e-06     0.000140901     0.000140901     0.000140901     0.000140901     0.000140901     0.000140901
2226    0     0     0     0     0     0     0
2230    0     0     0     0     0     0     0
2234    0     0     0     0     0     0     0
2238    0     0     0     0     0     0     0
2242    0     0     0     0     0     0     0
2246    0     0     0     0     0     0     0
2250    0     0     0     0     0     0     0
2254    0     0     0     0     0     0     0
2258    0     0     0     0     0     0     0
2262    0     0     0     0     0     0     0
2266    0     0     0     0     0     0     0
2270    0     0     0     0     0     0     0
2274    8.8542e-06     0.000147027     0.000147027     0.000147027     0.000147027     0.000147027     0.000147027
2278    0     0     0     0     0     0     0
2282    0     0     0     0     0     0     0
2286    0     0     0     0     0     0     0
2290    0     0     0     0     0     0     0
2294    8.8542e-06     0.000149198     0.000149198     0.000149198     0.000149198     0.000149198     0.000149198
2298    0     0     0     0     0     0     0
2302    0     0     0     0     0     0     0
2306    0     0     0     0     0     0     0
2310    0     0     0     0     0     0     0
2314    0     0     0     0     0     0     0
2318    0     0     0     0     0     0     0
2322    0     0     0     0     0     0     0
2326    0     0     0     0     0     0     0
2330    0     0     0     0     0     0     0
2334    0     0     0     0     0     0     0
2338    0     0     0     0     0     0     0
2342    0     0     0     0     0     0     0
2346    0     0     0     0     0     0     0
2350    0     0     0     0     0     0     0
2354    0     0     0     0     0     0     0
2358    0     0     0     0     0     0     0
2362    0     0     0     0     0     0     0
2366    0     0     0     0     0     0     0
2370    0     0     0     0     0     0     0
2374    0     0     0     0     0     0     0
2378    0     0     0     0     0     0     0
2382    0     0     0     0     0     0     0
2386    0     0     0     0     0     0     0
2390    0     0     0     0     0     0     0
2394    0     0     0     0     0     0     0
2398    0     0     0     0     0     0     0
2402    0     0     0     0     0     0     0
2406    0     0     0     0     0     0     0
2410    0     0     0     0     0     0     0
2414    0     0     0     0     0     0     0
2418    0     0     0     0     0     0     0
2422    0     0     0     0     0     0     0
2426    0     0     0     0     0     0     0
2430    0     0     0     0     0     0     0
2434    0     0     0     0     0     0     0
2438    0     0     0     0     0     0     0
2442    0     0     0     0     0     0     0
2446    0     0     0     0     0     0     0
2450    0     0     0     0     0     0     0
2454    0     0     0     0     0     0     0
2458    0     0     0     0     0     0     0
2462    0     0     0     0     0     0     0
2466    0     0     0     0     0     0     0
2470    0     0     0     0     0     0     0
2474    0     0     0     0     0     0     0
2478    0     0     0     0     0     0     0
2482    0     0     0     0     0     0     0
2486    0     0     0     0     0     0     0
2490    0     0     0     0     0     0     0
2494    0     0     0     0     0     0     0
2498    8.8542e-06     0.000174223     0.000174223     0.000174223     0.000174223     0.000174223     0.000174223
2502    8.8542e-06     0.000174534     0.000174534     0.000174534     0.000174534     0.000174534     0.000174534
2506    0     0     0     0     0     0     0
2510    0     0     0     0     0     0     0
2514    0     0     0     0     0     0     0
2518    0     0     0     0     0     0     0
2522    0     0     0     0     0     0     0
2526    0     0     0     0     0     0     0
2530    0     0     0     0     0     0     0
2534    0     0     0     0     0     0     0
2538    0     0     0     0     0     0     0
2542    0     0     0     0     0     0     0
2546    0     0     0     0     0     0     0
2550    0     0     0     0     0     0     0
2554    0     0     0     0     0     0     0
2558    0     0     0     0     0     0     0
2562    0     0     0     0     0     0     0
2566    8.8542e-06     0.000182269     0.000182269     0.000182269     0.000182269     0.000182269     0.000182269
2570    0     0     0     0     0     0     0
2574    0     0     0     0     0     0     0
2578    0     0     0     0     0     0     0
2582    0     0     0     0     0     0     0
2586    0     0     0     0     0     0     0
2590    0     0     0     0     0     0     0
2594    0     0     0     0     0     0     0
2598    0     0     0     0     0     0     0
2602    0     0     0     0     0     0     0
2606    0     0     0     0     0     0     0
2610    0     0     0     0     0     0     0
2614    0     0     0     0     0     0     0
2618    0     0     0     0     0     0     0
2622    0     0     0     0     0     0     0
2626    0     0     0     0     0     0     0
2630    0     0     0     0     0     0     0
2634    0     0     0     0     0     0     0
2638    0     0     0     0     0     0     0
2642    0     0     0     0     0     0     0
2646    0     0     0     0     0     0     0
2650    0     0     0     0     0     0     0
2654    0     0     0     0     0     0     0
2658    0     0     0     0     0     0     0
2662    0     0     0     0     0     0     0
2666    0     0     0     0     0     0     0
2670    0     0     0     0     0     0     0
2674    0     0     0     0     0     0     0
2678    0     0     0     0     0     0     0
2682    8.8542e-06     0.000196854     0.000196854     0.000196854     0.000196854     0.000196854     0.000196854
2686    0     0     0     0     0     0     0
2690    0     0     0     0     0     0     0
2694    0     0     0     0     0     0     0
2698    0     0     0     0     0     0     0
2702    0     0     0     0     0     0     0
2706    0     0     0     0     0     0     0
2710    0     0     0     0     0     0     0
2714    0     0     0     0     0     0     0
2718    0     0     0     0     0     0     0
2722    0     0     0     0     0     0     0
2726    0     0     0     0     0     0     0
2730    0     0     0     0     0     0     0
2734    0     0     0     0     0     0     0
2738    0     0     0     0     0     0     0
2742    0     0     0     0     0     0     0
2746    0     0     0     0     0     0     0
2750    0     0     0     0     0     0     0
2754    0     0     0     0     0     0     0
2758    0     0     0     0     0     0     0
2762    0     0     0     0     0     0     0
2766    0     0     0     0     0     0     0
2770    0     0     0     0     0     0     0
2774    0     0     0     0     0     0     0
2778    0     0     0     0     0     0     0
2782    0     0     0     0     0     0     0
2786    0     0     0     0     0     0     0
2790    0     0     0     0     0     0     0
2794    0     0     0     0     0     0     0
2798    0     0     0     0     0     0     0
2802    0     0     0     0     0     0     0
2806    0     0     0     0     0     0     0
2810    0     0     0     0     0     0     0
2814    0     0     0     0     0     0     0
2818    0     0     0     0     0     0     0
2822    0     0     0     0     0     0     0
2826    0     0     0     0     0     0     0
2830    0     0     0     0     0     0     0
2834    0     0     0     0     0     0     0
2838    0     0     0     0     0     0     0
2842    0     0     0     0     0     0     0
2846    0     0     0     0     0     0     0
2850    0     0     0     0     0     0     0
2854    0     0     0     0     0     0     0
2858    0     0     0     0     0     0     0
2862    0     0     0     0     0     0     0
2866    0     0     0     0     0     0     0
2870    0     0     0     0     0     0     0
2874    0     0     0     0     0     0     0
2878    0     0     0     0     0     0     0
2882    0     0     0     0     0     0     0
2886    0     0     0     0     0     0     0
2890    0     0     0     0     0     0     0
2894    0     0     0     0     0     0     0
2898    0     0     0     0     0     0     0
2902    0     0     0     0     0     0     0
2906    0     0     0     0     0     0     0
2910    0     0     0     0     0     0     0
2914    0     0     0     0     0     0     0
2918    0     0     0     0     0     0     0
2922    0     0     0     0     0     0     0
2926    0     0     0     0     0     0     0
2930    0     0     0     0     0     0     0
2934    0     0     0     0     0     0     0
2938    0     0     0     0     0     0     0
2942    0     0     0     0     0     0     0
2946    0     0     0     0     0     0     0
2950    0     0     0     0     0     0     0
2954    0     0     0     0     0     0     0
2958    0     0     0     0     0     0     0
2962    0     0     0     0     0     0     0
2966    0     0     0     0     0     0     0
2970    0     0     0     0     0     0     0
2974    0     0     0     0     0     0     0
2978    0     0     0     0     0     0     0
2982    0     0     0     0     0     0     0
2986    0     0     0     0     0     0     0
2990    0     0     0     0     0     0     0
2994    0     0     0     0     0     0     0
2998    0     0     0     0     0     0     0
3002    0     0     0     0     0     0     0
3006    0     0     0     0     0     0     0
3010    0     0     0     0     0     0     0
3014    0     0     0     0     0     0     0
3018    0     0     0     0     0     0     0
3022    0     0     0     0     0     0     0
3026    0     0     0     0     0     0     0
3030    0     0     0     0     0     0     0
3034    0     0     0     0     0     0     0
3038    0     0     0     0     0     0     0
3042    0     0     0     0     0     0     0
3046    0     0     0     0     0     0     0
3050    0     0     0     0     0     0     0
3054    0     0     0     0     0     0     0
3058    0     0     0     0     0     0     0
3062    0     0     0     0     0     0     0
3066    0     0     0     0     0     0     0
3070    0     0     0     0     0     0     0
3074    0     0     0     0     0     0     0
3078    0     0     0     0     0     0     0
3082    0     0     0     0     0     0     0
3086    0     0     0     0     0     0     0
3090    0     0     0     0     0     0     0
3094    0     0     0     0     0     0     0
3098    0     0     0     0     0     0     0
3102    0     0     0     0     0     0     0
3106    0     0     0     0     0     0     0
3110    0     0     0     0     0     0     0
3114    0     0     0     0     0     0     0
3118    0     0     0     0     0     0     0
3122    0     0     0     0     0     0     0
3126    0     0     0     0     0     0     0
3130    0     0     0     0     0     0     0
3134    0     0     0     0     0     0     0
3138    0     0     0     0     0     0     0
3142    0     0     0     0     0     0     0
3146    0     0     0     0     0     0     0
3150    0     0     0     0     0     0     0
3154    0     0     0     0     0     0     0
3158    0     0     0     0     0     0     0
3162    0     0     0     0     0     0     0
3166    0     0     0     0     0     0     0
3170    0     0     0     0     0     0     0
3174    0     0     0     0     0     0     0
3178    0     0     0     0     0     0     0
3182    0     0     0     0     0     0     0
3186    0     0     0     0     0     0     0
3190    0     0     0     0     0     0     0
3194    0     0     0     0     0     0     0
3198    0     0     0     0     0     0     0
3202    0     0     0     0     0     0     0
3206    0     0     0     0     0     0     0
3210    0     0     0     0     0     0     0
3214    0     0     0     0     0     0     0
3218    0     0     0     0     0     0     0
3222    0     0     0     0     0     0     0
3226    0     0     0     0     0     0     0
3230    0     0     0     0     0     0     0
3234    0     0     0     0     0     0     0
3238    0     0     0     0     0     0     0
3242    0     0     0     0     0     0     0
3246    0     0     0     0     0     0     0
3250    0     0     0     0     0     0     0
3254    0     0     0     0     0     0     0
3258    0     0     0     0     0     0     0
3262    0     0     0     0     0     0     0
3266    0     0     0     0     0     0     0
3270    0     0     0     0     0     0     0
3274    0     0     0     0     0     0     0
3278    0     0     0     0     0     0     0
3282    0     0     0     0     0     0     0
3286    0     0     0     0     0     0     0
3290    0     0     0     0     0     0     0
3294    0     0     0     0     0     0     0
3298    0     0     0     0     0     0     0
3302    0     0     0     0     0     0     0
3306    0     0     0     0     0     0     0
3310    0     0     0     0     0     0     0
3314    0     0     0     0     0     0     0
3318    0     0     0     0     0     0     0
3322    0     0     0     0     0     0     0
3326    0     0     0     0     0     0     0
3330    0     0     0     0     0     0     0
3334    0     0     0     0     0     0     0
3338    0     0     0     0     0     0     0
3342    0     0     0     0     0     0     0
3346    0     0     0     0     0     0     0
3350    0     0     0     0     0     0     0
3354    0     0     0     0     0     0     0
3358    0     0     0     0     0     0     0
3362    0     0     0     0     0     0     0
3366    0     0     0     0     0     0     0
3370    0     0     0     0     0     0     0
3374    0     0     0     0     0     0     0
3378    0     0     0     0     0     0     0
3382    0     0     0     0     0     0     0
3386    0     0     0     0     0     0     0
3390    0     0     0     0     0     0     0
3394    0     0     0     0     0     0     0
3398    0     0     0     0     0     0     0
3402    0     0     0     0     0     0     0
3406    0     0     0     0     0     0     0
3410    0     0     0     0     0     0     0
3414    0     0     0     0     0     0     0
3418    0     0     0     0     0     0     0
3422    0     0     0     0     0     0     0
3426    0     0     0     0     0     0     0
3430    0     0     0     0     0     0     0
3434    0     0     0     0     0     0     0
3438    0     0     0     0     0     0     0
3442    0     0     0     0     0     0     0
3446    0     0     0     0     0     0     0
3450    0     0     0     0     0     0     0
3454    0     0     0     0     0     0     0
3458    0     0     0     0     0     0     0
3462    0     0     0     0     0     0     0
3466    0     0     0     0     0     0     0
3470    0     0     0     0     0     0     0
3474    0     0     0     0     0     0     0
3478    0     0     0     0     0     0     0
3482    0     0     0     0     0     0     0
3486    0     0     0     0     0     0     0
3490    0     0     0     0     0     0     0
3494    0     0     0     0     0     0     0
3498    0     0     0     0     0     0     0
3502    0     0     0     0     0     0     0
3506    0     0     0     0     0     0     0
3510    0     0     0     0     0     0     0
3514    0     0     0     0     0     0     0
3518    0     0     0     0     0     0     0
3522    0     0     0     0     0     0     0
3526    0     0     0     0     0     0     0
3530    0     0     0     0     0     0     0
3534    0     0     0     0     0     0     0
3538    0     0     0     0     0     0     0
3542    0     0     0     0     0     0     0
3546    0     0     0     0     0     0     0
3550    0     0     0     0     0     0     0
3554    0     0     0     0     0     0     0
3558    0     0     0     0     0     0     0
3562    0     0     0     0     0     0     0
3566    0     0     0     0     0     0     0
3570    0     0     0     0     0     0     0
3574    0     0     0     0     0     0     0
3578    0     0     0     0     0     0     0
3582    0     0     0     0     0     0     0
3586    0     0     0     0     0     0     0
3590    0     0     0     0     0     0     0
3594    0     0     0     0     0     0     0
3598    0     0     0     0     0     0     0
3602    0     0     0     0     0     0     0
3606    0     0     0     0     0     0     0
3610    0     0     0     0     0     0     0
3614    0     0     0     0     0     0     0
3618    0     0     0     0     0     0     0
3622    0     0     0     0     0     0     0
3626    0     0     0     0     0     0     0
3630    0     0     0     0     0     0     0
3634    0     0     0     0     0     0     0
3638    0     0     0     0     0     0     0
3642    0     0     0     0     0     0     0
3646    0     0     0     0     0     0     0
3650    0     0     0     0     0     0     0
3654    0     0     0     0     0     0     0
3658    0     0     0     0     0     0     0
3662    0     0     0     0     0     0     0
3666    0     0     0     0     0     0     0
3670    0     0     0     0     0     0     0
3674    0     0     0     0     0     0     0
3678    0     0     0     0     0     0     0
3682    0     0     0     0     0     0     0
3686    0     0     0     0     0     0     0
3690    0     0     0     0     0     0     0
3694    0     0     0     0     0     0     0
3698    0     0     0     0     0     0     0
3702    0     0     0     0     0     0     0
3706    0     0     0     0     0     0     0
3710    0     0     0     0     0     0     0
3714    0     0     0     0     0     0     0
3718    0     0     0     0     0     0     0
3722    0     0     0     0     0     0     0
3726    0     0     0     0     0     0     0
3730    0     0     0     0     0     0     0
3734    0     0     0     0     0     0     0
3738    0     0     0     0     0     0     0
3742    0     0     0     0     0     0     0
3746    0     0     0     0     0     0     0
3750    0     0     0     0     0     0     0
3754    0     0     0     0     0     0     0
3758    0     0     0     0     0     0     0
3762    0     0     0     0     0     0     0
3766    0     0     0     0     0     0     0
3770    0     0     0     0     0     0     0
3774    0     0     0     0     0     0     0
3778    0     0     0     0     0     0     0
3782    0     0     0     0     0     0     0
3786    0     0     0     0     0     0     0
3790    0     0     0     0     0     0     0
3794    0     0     0     0     0     0     0
3798    0     0     0     0     0     0     0
3802    0     0     0     0     0     0     0
3806    0     0     0     0     0     0     0
3810    0     0     0     0     0     0     0
3814    0     0     0     0     0     0     0
3818    0     0     0     0     0     0     0
3822    0     0     0     0     0     0     0
3826    0     0     0     0     0     0     0
3830    0     0     0     0     0     0     0
3834    0     0     0     0     0     0     0
3838    0     0     0     0     0     0     0
3842    0     0     0     0     0     0     0
3846    0     0     0     0     0     0     0
3850    0     0     0     0     0     0     0
3854    0     0     0     0     0     0     0
3858    0     0     0     0     0     0     0
3862    0     0     0     0     0     0     0
3866    0     0     0     0     0     0     0
3870    0     0     0     0     0     0     0
3874    0     0     0     0     0     0     0
3878    0     0     0     0     0     0     0
3882    0     0     0     0     0     0     0
3886    0     0     0     0     0     0     0
3890    0     0     0     0     0     0     0
3894    0     0     0     0     0     0     0
3898    0     0     0     0     0     0     0
3902    0     0     0     0     0     0     0
3906    0     0     0     0     0     0     0
3910    0     0     0     0     0     0     0
3914    0     0     0     0     0     0     0
3918    0     0     0     0     0     0     0
3922    0     0     0     0     0     0     0
3926    0     0     0     0     0     0     0
3930    0     0     0     0     0     0     0
3934    0     0     0     0     0     0     0
3938    0     0     0     0     0     0     0
3942    0     0     0     0     0     0     0
3946    0     0     0     0     0     0     0
3950    0     0     0     0     0     0     0
3954    0     0     0     0     0     0     0
3958    0     0     0     0     0     0     0
3962    0     0     0     0     0     0     0
3966    0     0     0     0     0     0     0
3970    0     0     0     0     0     0     0
3974    0     0     0     0     0     0     0
3978    0     0     0     0     0     0     0
3982    0     0     0     0     0     0     0
3986    0     0     0     0     0     0     0
3990    0     0     0     0     0     0     0
3994    0     0     0     0     0     0     0
3998    0     0     0     0     0     0     0
