2    0     0     0     0     0     0     0
6    0     0     0     0     0     0     0
10    4.74793e-05     5.81384e-08     5.81384e-08     5.81384e-08     5.81384e-08     5.81384e-08     5.81384e-08
14    2.37396e-05     2.27111e-08     2.27111e-08     2.27111e-08     2.27111e-08     2.27111e-08     2.27111e-08
18    3.56094e-05     2.08913e-08     2.08913e-08     2.08913e-08     2.08913e-08     2.08913e-08     2.08913e-08
22    5.93491e-05     3.02519e-08     3.02519e-08     3.02519e-08     3.02519e-08     3.02519e-08     3.02519e-08
26    3.56094e-05     1.38964e-08     1.38964e-08     1.38964e-08     1.38964e-08     1.38964e-08     1.38964e-08
30    0.000178047     5.74635e-08     5.74635e-08     5.74635e-08     5.74635e-08     5.74635e-08     5.74635e-08
34    0.000118698     3.37308e-08     3.37308e-08     3.37308e-08     3.37308e-08     3.37308e-08     3.37308e-08
38    0.000118698     2.85415e-08     2.85415e-08     2.85415e-08     2.85415e-08     2.85415e-08     2.85415e-08
42    0.000154308     3.16159e-08     3.16159e-08     3.16159e-08     3.16159e-08     3.16159e-08     3.16159e-08
46    0.000154308     2.78117e-08     2.78117e-08     2.78117e-08     2.78117e-08     2.78117e-08     2.78117e-08
50    0.000213657     3.48107e-08     3.48107e-08     3.48107e-08     3.48107e-08     3.48107e-08     3.48107e-08
54    0.000213657     3.15375e-08     3.15375e-08     3.15375e-08     3.15375e-08     3.15375e-08     3.15375e-08
58    0.000249266     3.36648e-08     3.36648e-08     3.36648e-08     3.36648e-08     3.36648e-08     3.36648e-08
62    0.000225526     2.83483e-08     2.83483e-08     2.83483e-08     2.83483e-08     2.83483e-08     2.83483e-08
66    0.000225526     2.65685e-08     2.65685e-08     2.65685e-08     2.65685e-08     2.65685e-08     2.65685e-08
70    0.000308615     3.44095e-08     3.44095e-08     3.44095e-08     3.44095e-08     3.44095e-08     3.44095e-08
74    0.000391704     4.2019e-08     4.2019e-08     4.2019e-08     4.2019e-08     4.2019e-08     4.2019e-08
78    0.000249266     2.59377e-08     2.59377e-08     2.59377e-08     2.59377e-08     2.59377e-08     2.59377e-08
82    0.000391704     3.98535e-08     3.98535e-08     3.98535e-08     3.98535e-08     3.98535e-08     3.98535e-08
86    0.000451053     4.50785e-08     4.50785e-08     4.50785e-08     4.50785e-08     4.50785e-08     4.50785e-08
90    0.000427313     4.24417e-08     4.24417e-08     4.24417e-08     4.24417e-08     4.24417e-08     4.24417e-08
94    0.000522272     5.17644e-08     5.17644e-08     5.17644e-08     5.17644e-08     5.17644e-08     5.17644e-08
98    0.000498532     4.96376e-08     4.96376e-08     4.96376e-08     4.96376e-08     4.96376e-08     4.96376e-08
102    0.000462923     4.64926e-08     4.64926e-08     4.64926e-08     4.64926e-08     4.64926e-08     4.64926e-08
106    0.00066471     6.76616e-08     6.76616e-08     6.76616e-08     6.76616e-08     6.76616e-08     6.76616e-08
110    0.000546011     5.68171e-08     5.68171e-08     5.68171e-08     5.68171e-08     5.68171e-08     5.68171e-08
114    0.000498532     5.36067e-08     5.36067e-08     5.36067e-08     5.36067e-08     5.36067e-08     5.36067e-08
118    0.000759668     8.58883e-08     8.58883e-08     8.58883e-08     8.58883e-08     8.58883e-08     8.58883e-08
122    0.000676579     8.2487e-08     8.2487e-08     8.2487e-08     8.2487e-08     8.2487e-08     8.2487e-08
126    0.000593491     8.03512e-08     8.03512e-08     8.03512e-08     8.03512e-08     8.03512e-08     8.03512e-08
130    0.000581621     8.88221e-08     8.88221e-08     8.88221e-08     8.88221e-08     8.88221e-08     8.88221e-08
134    0.000747798     1.32219e-07     1.32219e-07     1.32219e-07     1.32219e-07     1.32219e-07     1.32219e-07
138    0.000724059     1.54017e-07     1.54017e-07     1.54017e-07     1.54017e-07     1.54017e-07     1.54017e-07
142    0.000819017     2.21667e-07     2.21667e-07     2.21667e-07     2.21667e-07     2.21667e-07     2.21667e-07
146    0.000735928     2.54939e-07     2.54939e-07     2.54939e-07     2.54939e-07     2.54939e-07     2.54939e-07
150    0.000700319     3.22685e-07     3.22685e-07     3.22685e-07     3.22685e-07     3.22685e-07     3.22685e-07
154    0.000759668     5.37247e-07     5.37247e-07     5.37247e-07     5.37247e-07     5.37247e-07     5.37247e-07
158    0.000724059     1.04043e-06     1.04043e-06     1.04043e-06     1.04043e-06     1.04043e-06     1.04043e-06
162    0.000985195     3.73946e-06     3.73946e-06     3.73946e-06     3.73946e-06     3.73946e-06     3.73946e-06
166    0.000854627     5.77935e-06     5.77935e-06     5.77935e-06     5.77935e-06     5.77935e-06     5.77935e-06
170    0.000961455     8.65199e-06     8.65199e-06     8.65199e-06     8.65199e-06     8.65199e-06     8.65199e-06
174    0.000937715     1.03551e-05     1.03551e-05     1.03551e-05     1.03551e-05     1.03551e-05     1.03551e-05
178    0.000890236     1.15503e-05     1.15503e-05     1.15503e-05     1.15503e-05     1.15503e-05     1.15503e-05
182    0.000997064     1.57217e-05     1.57217e-05     1.57217e-05     1.57217e-05     1.57217e-05     1.57217e-05
186    0.00100893     1.91982e-05     1.91982e-05     1.91982e-05     1.91982e-05     1.91982e-05     1.91982e-05
190    0.000985195     2.16927e-05     2.16927e-05     2.16927e-05     2.16927e-05     2.16927e-05     2.16927e-05
194    0.00108015     2.69876e-05     2.69876e-05     2.69876e-05     2.69876e-05     2.69876e-05     2.69876e-05
198    0.000949585     2.60058e-05     2.60058e-05     2.60058e-05     2.60058e-05     2.60058e-05     2.60058e-05
202    0.000925845     2.80231e-05     2.80231e-05     2.80231e-05     2.80231e-05     2.80231e-05     2.80231e-05
206    0.00108015     3.53937e-05     3.53937e-05     3.53937e-05     3.53937e-05     3.53937e-05     3.53937e-05
210    0.000973325     3.44616e-05     3.44616e-05     3.44616e-05     0.0002019     0.000271409     0.000153503
214    0.00123446     4.73475e-05     4.73475e-05     4.73475e-05     0.000380538     0.000519003     0.000284128
218    0.00123446     5.04812e-05     5.04812e-05     5.04812e-05     0.000418045     0.000571217     0.000311396
222    0.00119885     5.24107e-05     5.24107e-05     5.24107e-05     0.000414209     0.000565225     0.000309046
226    0.00118698     5.52311e-05     5.52311e-05     5.52311e-05     0.000421079     0.000573891     0.000314616
230    0.00134129     6.61887e-05     6.61887e-05     6.61887e-05     0.000421735     0.000570353     0.00031817
234    0.00144812     7.5824e-05     7.5824e-05     7.5824e-05     0.000428916     0.000576599     0.000325978
238    0.00156682     8.67296e-05     8.67296e-05     8.67296e-05     0.000412947     0.000549432     0.000317766
242    0.0013769     8.05838e-05     8.05838e-05     8.05838e-05     0.000422897     0.000566291     0.000322832
246    0.00112763     6.96489e-05     6.96489e-05     6.96489e-05     0.00041722     0.000562987     0.000315445
250    0.00155495     0.000100933     0.000100933     0.000100933     0.000448507     0.000594198     0.0003467
254    0.00145999     9.97134e-05     9.97134e-05     9.97134e-05     0.000426265     0.000562911     0.000330676
258    0.00160242     0.000114666     0.000114666     0.000114666     0.000440077     0.000575906     0.000344941
262    0.00161429     0.000121179     0.000121179     0.000121179     0.00045122     0.000588722     0.00035482
266    0.00156682     0.000123094     0.000123094     0.000123094     0.000443332     0.000576837     0.000349725
270    0.00189917     0.0001563     0.0001563     0.0001563     0.000467032     0.000596748     0.000376052
274    0.00161429     0.000138817     0.000138817     0.000138817     0.000440882     0.000567205     0.000352266
278    0.00155495     0.000139745     0.000139745     0.000139745     0.000442687     0.000569623     0.00035367
282    0.00166177     0.000155672     0.000155672     0.000155672     0.000460986     0.000588842     0.000371207
286    0.00163803     0.000159986     0.000159986     0.000159986     0.000452935     0.00057544     0.00036685
290    0.00153121     0.00015561     0.00015561     0.00015561     0.00046125     0.000589096     0.000371395
294    0.00172112     0.000181896     0.000181896     0.000181896     0.000454065     0.000568078     0.000373934
298    0.00180421     0.000198166     0.000198166     0.000198166     0.000491995     0.000615329     0.00040531
302    0.0021247     0.000242255     0.000242255     0.000242255     0.000521102     0.000638265     0.000438711
306    0.00208909     0.000247064     0.000247064     0.000247064     0.000523869     0.000640115     0.000442105
310    0.00183982     0.000225796     0.000225796     0.000225796     0.000506896     0.000624824     0.000423889
314    0.002006     0.00025531     0.00025531     0.00025531     0.000532429     0.000648548     0.000450619
318    0.00199413     0.000262672     0.000262672     0.000262672     0.00054081     0.000657231     0.000458714
322    0.00217218     0.000295928     0.000295928     0.000295928     0.000566529     0.000679688     0.000486666
326    0.002279     0.000320541     0.000320541     0.000320541     0.00060931     0.000729891     0.000524136
330    0.002279     0.000331097     0.000331097     0.000331097     0.000615457     0.000733871     0.000531724
334    0.00231461     0.000346843     0.000346843     0.000346843     0.000623915     0.000738777     0.000542557
338    0.00218405     0.00033746     0.00033746     0.00033746     0.000617785     0.000733265     0.00053578
342    0.00218405     0.000348243     0.000348243     0.000348243     0.00065414     0.000778733     0.000565306
346    0.00192291     0.000317311     0.000317311     0.000317311     0.000620272     0.000741908     0.000533154
350    0.00219592     0.000376221     0.000376221     0.000376221     0.000672388     0.000790627     0.000587528
354    0.00240957     0.00043153     0.00043153     0.00043153     0.000741074     0.000864915     0.000652214
358    0.00271819     0.000510793     0.000510793     0.000510793     0.000820521     0.000945126     0.000731233
362    0.00246892     0.000485282     0.000485282     0.000485282     0.000810038     0.000941895     0.000715745
366    0.00244518     0.000502944     0.000502944     0.000502944     0.000833593     0.000968444     0.000737256
370    0.00274193     0.000587801     0.000587801     0.000587801     0.000918703     0.00105417     0.000821979
374    0.00293184     0.000655839     0.000655839     0.000655839     0.00105695     0.00122184     0.000939304
378    0.00281315     0.000656125     0.000656125     0.000656125     0.0010235     0.00117539     0.000915273
382    0.00269445     0.000653635     0.000653635     0.000653635     0.00103084     0.00118793     0.000919084
386    0.00300306     0.000756756     0.000756756     0.000756756     0.00115163     0.00131691     0.00103419
390    0.00276567     0.000722308     0.000722308     0.000722308     0.00109443     0.00125086     0.000983391
394    0.00288436     0.000780072     0.000780072     0.000780072     0.00119682     0.00137272     0.00107207
398    0.00319298     0.000891767     0.000891767     0.000891767     0.00127777     0.0014413     0.00116189
402    0.00313363     0.000905138     0.000905138     0.000905138     0.00131689     0.00149228     0.00119276
406    0.00327607     0.000977188     0.000977188     0.000977188     0.00138668     0.00156185     0.00126281
410    0.00344225     0.00105937     0.00105937     0.00105937     0.00148653     0.00166993     0.00135695
414    0.00340664     0.00107909     0.00107909     0.00107909     0.00152758     0.00172084     0.00139112
418    0.00337103     0.00109792     0.00109792     0.00109792     0.00157702     0.00178413     0.00143087
422    0.00364403     0.00122066     0.00122066     0.00122066     0.00169261     0.00189774     0.00154803
426    0.00358468     0.00123343     0.00123343     0.00123343     0.00175429     0.0019816     0.00159424
430    0.00385769     0.00136274     0.00136274     0.00136274     0.00186782     0.00208899     0.00171221
434    0.00375086     0.00135829     0.00135829     0.00135829     0.0018322     0.00204028     0.00168586
438    0.00405948     0.00150634     0.00150634     0.00150634     0.00201564     0.00223977     0.00185809
442    0.00445118     0.00169289     0.00169289     0.00169289     0.00226523     0.00251843     0.00208747
446    0.0046411     0.00180674     0.00180674     0.00180674     0.00235484     0.00259866     0.00218392
450    0.00474793     0.00189004     0.00189004     0.00189004     0.00243221     0.0026744     0.0022626
454    0.0044037     0.00179162     0.00179162     0.00179162     0.00236595     0.00262337     0.00218581
458    0.00449866     0.00187069     0.00187069     0.00187069     0.0024323     0.00268456     0.00225584
462    0.00504467     0.0021421     0.0021421     0.0021421     0.00272535     0.00298749     0.00254195
466    0.00454614     0.00197012     0.00197012     0.00197012     0.00258307     0.00285845     0.00239031
470    0.00502093     0.00222014     0.00222014     0.00222014     0.00287295     0.00316628     0.00266755
474    0.00576873     0.00260031     0.00260031     0.00260031     0.00328233     0.00358906     0.00306755
478    0.00563816     0.00258979     0.00258979     0.00258979     0.00324087     0.00353421     0.00303553
482    0.00587556     0.0027515     0.0027515     0.0027515     0.00356433     0.00393219     0.0033071
486    0.00573312     0.00273356     0.00273356     0.00273356     0.00351698     0.00387293     0.00326834
490    0.00657588     0.0031929     0.0031929     0.0031929     0.00399004     0.00435321     0.0037365
494    0.00668271     0.00330209     0.00330209     0.00330209     0.00413212     0.00451104     0.00386768
498    0.00707441     0.00355526     0.00355526     0.00355526     0.00449103     0.00491873     0.00419258
502    0.00695571     0.00355395     0.00355395     0.00355395     0.00446281     0.00487924     0.00417243
506    0.0074305     0.00386074     0.00386074     0.00386074     0.00482249     0.00526427     0.00451454
510    0.00696758     0.00367842     0.00367842     0.00367842     0.00467172     0.00512964     0.00435279
514    0.0077866     0.00417879     0.00417879     0.00417879     0.00518982     0.00565756     0.00486433
518    0.00713376     0.00389045     0.00389045     0.00389045     0.00493137     0.00541465     0.00459535
522    0.00843944     0.00467517     0.00467517     0.00467517     0.00590482     0.00647807     0.00550669
526    0.00913976     0.00513887     0.00513887     0.00513887     0.00631628     0.00686601     0.00593451
530    0.00910415     0.00519619     0.00519619     0.00519619     0.0064901     0.0070949     0.00607015
534    0.00942463     0.00545829     0.00545829     0.00545829     0.00683658     0.00748121     0.006389
538    0.0101843     0.0059835     0.0059835     0.0059835     0.00738189     0.00803605     0.00692759
542    0.0106472     0.00634617     0.00634617     0.00634617     0.00784189     0.008542     0.00735556
546    0.0111695     0.00675385     0.00675385     0.00675385     0.00844381     0.00923569     0.00789381
550    0.0109677     0.00673255     0.00673255     0.00673255     0.00835185     0.00911176     0.00782415
554    0.0114544     0.00714008     0.00714008     0.00714008     0.00882804     0.00962158     0.00827717
558    0.0121428     0.00768424     0.00768424     0.00768424     0.0094723     0.010315     0.00888775
562    0.0122022     0.00783002     0.00783002     0.00783002     0.00966914     0.010539     0.00906632
566    0.0129025     0.00838844     0.00838844     0.00838844     0.0103314     0.0112525     0.00969332
570    0.013947     0.00919935     0.00919935     0.00919935     0.0112861     0.0122774     0.0105996
574    0.014956     0.0100241     0.0100241     0.0100241     0.0122006     0.0132362     0.0114837
578    0.01568     0.0106908     0.0106908     0.0106908     0.0129161     0.0139762     0.0121824
582    0.0157512     0.0109247     0.0109247     0.0109247     0.0131427     0.0142013     0.0124103
586    0.0157512     0.0111145     0.0111145     0.0111145     0.0133204     0.0143751     0.0125909
590    0.0172587     0.0124182     0.0124182     0.0124182     0.0147845     0.015918     0.0140007
594    0.0172943     0.012726     0.012726     0.012726     0.015076     0.016204     0.0142964
598    0.0187424     0.0141244     0.0141244     0.0141244     0.0166431     0.0178547     0.015806
602    0.0186356     0.0143761     0.0143761     0.0143761     0.0167919     0.017958     0.015987
606    0.0195496     0.0154305     0.0154305     0.0154305     0.0178175     0.0189726     0.0170207
610    0.0198345     0.0160469     0.0160469     0.0160469     0.0183998     0.0195408     0.0176131
614    0.0209621     0.0174506     0.0174506     0.0174506     0.0198332     0.0209906     0.0190354
618    0.0214844     0.0184539     0.0184539     0.0184539     0.0207847     0.0219185     0.0200034
622    0.0211639     0.0187964     0.0187964     0.0187964     0.020919     0.0219534     0.0202065
626    0.0216861     0.0199341     0.0199341     0.0199341     0.0219906     0.0229944     0.0212994
630    0.0215081     0.0204841     0.0204841     0.0204841     0.0224207     0.0233677     0.0217689
634    0.0216743     0.0213873     0.0213873     0.0213873     0.0231542     0.0240199     0.0225587
638    0.0211876     0.0217202     0.0217202     0.0217202     0.0232637     0.0240213     0.0227426
642    0.0203211     0.021656     0.021656     0.021656     0.0228792     0.0234815     0.0224653
646    0.0211995     0.0235163     0.0235163     0.0235163     0.024583     0.0251093     0.0242216
650    0.0193478     0.0223281     0.0223281     0.0223281     0.0230966     0.0234764     0.0228358
654    0.0190985     0.0229071     0.0229071     0.0229071     0.0234466     0.0232633     0.0237135
658    0.0186119     0.0231387     0.0231387     0.0231387     0.0234273     0.0233292     0.0235704
662    0.0178166     0.0229118     0.0229118     0.0229118     0.0228708     0.0228504     0.0228847
666    0.0170213     0.0225957     0.0225957     0.0225957     0.0223249     0.0221899     0.0224174
670    0.017413     0.0238045     0.0238045     0.0238045     0.0232742     0.0230094     0.0234556
674    0.0156682     0.0219844     0.0219844     0.0219844     0.0212801     0.0209278     0.0215213
678    0.0145287     0.0208743     0.0208743     0.0208743     0.0199924     0.0195508     0.0202947
682    0.0132586     0.0194529     0.0194529     0.0194529     0.0183659     0.0178206     0.018739
686    0.0130093     0.0194536     0.0194536     0.0194536     0.0181945     0.017562     0.0186273
690    0.0128194     0.0195008     0.0195008     0.0195008     0.0180598     0.0173343     0.0185558
694    0.0119766     0.0185215     0.0185215     0.0185215     0.0169759     0.0161957     0.0175089
698    0.0117986     0.0185233     0.0185233     0.0185233     0.0168073     0.0159388     0.0174003
702    0.0102199     0.0162618     0.0162618     0.0162618     0.0145708     0.0137122     0.0151565
706    0.0101131     0.0162821     0.0162821     0.0162821     0.0144793     0.0135622     0.0151047
710    0.00873618     0.0142236     0.0142236     0.0142236     0.012534     0.0116732     0.0131208
714    0.00843944     0.0138986     0.0138986     0.0138986     0.0120984     0.0111798     0.0127244
718    0.00840383     0.0139949     0.0139949     0.0139949     0.0120606     0.011072     0.0127341
722    0.00746611     0.0125464     0.0125464     0.0125464     0.0106936     0.00974362     0.0113402
726    0.00721685     0.0122178     0.0122178     0.0122178     0.0103512     0.00939164     0.0110038
730    0.00689636     0.0117538     0.0117538     0.0117538     0.00989797     0.00894169     0.0105479
734    0.00637409     0.0109428     0.0109428     0.0109428     0.00911541     0.00817191     0.00975627
738    0.00633848     0.0109689     0.0109689     0.0109689     0.00904785     0.00805436     0.00972235
742    0.00549572     0.00959738     0.00959738     0.00959738     0.00785572     0.00695233     0.00846856
746    0.00530581     0.00934922     0.00934922     0.00934922     0.0075645     0.00663626     0.00819375
750    0.00502093     0.00891799     0.00891799     0.00891799     0.00719544     0.00629743     0.00780377
754    0.00441557     0.00789751     0.00789751     0.00789751     0.00631376     0.00548636     0.00687391
758    0.00435622     0.00783939     0.00783939     0.00783939     0.00622728     0.00538369     0.00679818
762    0.00448679     0.00812739     0.00812739     0.00812739     0.00639925     0.0054927     0.00701246
766    0.00409509     0.00747358     0.00747358     0.00747358     0.00586313     0.0050161     0.00643562
770    0.00373899     0.00687727     0.00687727     0.00687727     0.00530152     0.00447089     0.00586257
774    0.00359655     0.0066748     0.0066748     0.0066748     0.0051132     0.00428808     0.00567015
778    0.00356094     0.00666416     0.00666416     0.00666416     0.00509179     0.00425917     0.00565344
782    0.00268258     0.00505975     0.00505975     0.00505975     0.00380861     0.00314381     0.00425656
786    0.00325233     0.00617434     0.00617434     0.00617434     0.00467897     0.00388207     0.00521543
790    0.00265884     0.00508117     0.00508117     0.00508117     0.00381091     0.00313227     0.00426745
794    0.00306241     0.00589549     0.00589549     0.00589549     0.0043481     0.00351945     0.0049052
798    0.00259949     0.00504356     0.00504356     0.00504356     0.0037005     0.00297984     0.00418471
802    0.00277754     0.00543391     0.00543391     0.00543391     0.00405189     0.00330827     0.00455117
806    0.00246892     0.00487194     0.00487194     0.00487194     0.00351277     0.00277983     0.00400455
810    0.00208909     0.00416068     0.00416068     0.00416068     0.00299167     0.0023594     0.00341551
814    0.00233835     0.00469683     0.00469683     0.00469683     0.00339441     0.002688     0.00386753
818    0.002006     0.00406298     0.00406298     0.00406298     0.00287245     0.00222519     0.00330559
822    0.0017686     0.00361027     0.00361027     0.00361027     0.00253562     0.00195058     0.00292704
826    0.0017686     0.00363988     0.00363988     0.00363988     0.00261681     0.00205933     0.00298974
830    0.00175673     0.0036444     0.0036444     0.0036444     0.00257547     0.00199122     0.00296593
834    0.00167364     0.00350166     0.00350166     0.00350166     0.00241877     0.00182416     0.00281555
838    0.00142438     0.00300618     0.00300618     0.00300618     0.00206782     0.00154937     0.002413
842    0.00153121     0.00326071     0.00326071     0.00326071     0.00228592     0.00174546     0.00264535
846    0.00160242     0.00344066     0.00344066     0.00344066     0.00239668     0.00181812     0.00278159
850    0.00132942     0.00287927     0.00287927     0.00287927     0.00191737     0.00138377     0.00227231
854    0.00140064     0.00306086     0.00306086     0.00306086     0.00209756     0.00156179     0.00245365
858    0.00130568     0.00287844     0.00287844     0.00287844     0.00190791     0.00136575     0.0022677
862    0.00151934     0.00338012     0.00338012     0.00338012     0.00229775     0.00168965     0.00270054
866    0.0011395     0.00255801     0.00255801     0.00255801     0.00173417     0.00126986     0.0020414
870    0.0012582     0.00284723     0.00284723     0.00284723     0.00192134     0.00139815     0.0022672
874    0.00111576     0.00254611     0.00254611     0.00254611     0.00165168     0.00114484     0.00198641
878    0.00111576     0.00256762     0.00256762     0.00256762     0.00166558     0.00115308     0.00200381
882    0.00106828     0.00248048     0.00248048     0.00248048     0.00164481     0.00116877     0.00195867
886    0.00104454     0.0024454     0.0024454     0.0024454     0.00158552     0.00109476     0.0019089
890    0.000937715     0.00221531     0.00221531     0.00221531     0.00143136     0.000982325     0.00172688
894    0.000795278     0.00189652     0.00189652     0.00189652     0.00118124     0.000769795     0.00145162
898    0.000949585     0.00228561     0.00228561     0.00228561     0.00149946     0.00104455     0.00179777
902    0.000712189     0.00173053     0.00173053     0.00173053     0.00113514     0.000789311     0.00136164
906    0.000913976     0.00224176     0.00224176     0.00224176     0.0014457     0.000982984     0.00174868
910    0.00064097     0.00158483     0.00158483     0.00158483     0.000980661     0.000629032     0.00121081
914    0.000795278     0.00198665     0.00198665     0.00198665     0.00127235     0.000855354     0.00154502
918    0.000676579     0.0017059     0.0017059     0.0017059     0.00108321     0.000718285     0.00132152
922    0.00065284     0.00166151     0.00166151     0.00166151     0.00101829     0.000639207     0.00126532
926    0.00064097     0.00164563     0.00164563     0.00164563     0.000992714     0.000606581     0.00124404
930    0.0006291     0.00162913     0.00162913     0.00162913     0.0010297     0.000674313     0.00126081
934    0.000676579     0.00176863     0.00176863     0.00176863     0.0010961     0.000696108     0.00135592
938    0.0006291     0.00166116     0.00166116     0.00166116     0.00105271     0.000689842     0.00128822
942    0.000771538     0.00205471     0.00205471     0.00205471     0.00126146     0.000787089     0.00156907
946    0.000474793     0.00127709     0.00127709     0.00127709     0.000732582     0.000406185     0.000944057
950    0.000462923     0.00125485     0.00125485     0.00125485     0.000779617     0.000494169     0.000964429
954    0.000498532     0.00136478     0.00136478     0.00136478     0.000825573     0.000500224     0.00103587
958    0.000569751     0.00157328     0.00157328     0.00157328     0.000968194     0.000601309     0.00120489
962    0.000391704     0.00109194     0.00109194     0.00109194     0.000654935     0.000388326     0.000826525
966    0.000486662     0.00137136     0.00137136     0.00137136     0.000809631     0.000465627     0.00103076
970    0.000474793     0.00135004     0.00135004     0.00135004     0.000782078     0.000432936     0.00100619
974    0.000581621     0.00166909     0.00166909     0.00166909     0.00104719     0.000663629     0.00129308
978    0.000356094     0.00103091     0.00103091     0.00103091     0.00062929     0.000380726     0.000788429
982    0.000439183     0.00128376     0.00128376     0.00128376     0.000785836     0.000476474     0.000983643
986    0.000415443     0.00122573     0.00122573     0.00122573     0.00073686     0.000432288     0.000931399
990    0.000344225     0.00102517     0.00102517     0.00102517     0.000609051     0.000349154     0.000774912
994    0.000296745     0.000892598     0.000892598     0.000892598     0.000523535     0.000292292     0.000670946
998    0.000308615     0.000936315     0.000936315     0.000936315     0.000537453     0.000286851     0.000697031
1002    0.000344225     0.00105534     0.00105534     0.00105534     0.000632412     0.000365609     0.000802057
1006    0.000332355     0.00102901     0.00102901     0.00102901     0.000602885     0.000333121     0.000774172
1010    0.000320485     0.00100214     0.00100214     0.00100214     0.000595676     0.000337588     0.000759373
1014    0.000391704     0.00123632     0.00123632     0.00123632     0.000738036     0.000420635     0.000939123
1018    0.000403574     0.00128672     0.00128672     0.00128672     0.000756318     0.000417336     0.000970796
1022    0.000391704     0.00126125     0.00126125     0.00126125     0.000726344     0.00038294     0.000943249
1026    0.000308615     0.00100286     0.00100286     0.00100286     0.000588169     0.000321142     0.000756643
1030    0.000213657     0.000701209     0.000701209     0.000701209     0.000367882     0.000152373     0.000503636
1034    0.000356094     0.00118095     0.00118095     0.00118095     0.000682971     0.000360077     0.000886137
1038    0.000332355     0.00111372     0.00111372     0.00111372     0.000626965     0.000310018     0.000826056
1042    0.000320485     0.00108457     0.00108457     0.00108457     0.000605443     0.000291927     0.000802
1046    0.000213657     0.000729463     0.000729463     0.000729463     0.000427061     0.000228475     0.000551395
1050    0.000308615     0.00106647     0.00106647     0.00106647     0.000605219     0.000300834     0.000795427
1054    0.000344225     0.00120176     0.00120176     0.00120176     0.000661207     0.000303378     0.000884538
1058    0.000273006     0.000960601     0.000960601     0.000960601     0.000502523     0.000198255     0.00069217
1062    0.000284876     0.00101334     0.00101334     0.00101334     0.00051725     0.000186029     0.00072328
1066    0.000344225     0.00123822     0.00123822     0.00123822     0.000675406     0.000297945     0.000909777
1070    0.000308615     0.00111879     0.00111879     0.00111879     0.000663701     0.000357573     0.000853551
1074    0.000273006     0.00100001     0.00100001     0.00100001     0.000578761     0.000294201     0.000754931
1078    0.000189917     0.000703053     0.000703053     0.000703053     0.000365384     0.000136316     0.000506951
1082    0.000189917     0.000710644     0.000710644     0.000710644     0.000405133     0.000196768     0.000533628
1086    0.000213657     0.000807355     0.000807355     0.000807355     0.000422901     0.000159522     0.000585034
1090    0.000189917     0.000723331     0.000723331     0.000723331     0.000347857     8.98924e-05     0.000506475
1094    0.000154308     0.000594042     0.000594042     0.000594042     0.000333805     0.00015423     0.000444024
1098    0.000189917     0.000739266     0.000739266     0.000739266     0.000392537     0.000152109     0.00053979
1102    0.000261136     0.00102638     0.00102638     0.00102638     0.000583464     0.000274613     0.000772182
1106    9.49585e-05     0.000376952     0.000376952     0.000376952     0.000205476     8.54038e-05     0.000278725
1110    0.000154308     0.000618535     0.000618535     0.000618535     0.000330957     0.000128641     0.00045414
1114    0.000225526     0.000911477     0.000911477     0.000911477     0.000524023     0.000250751     0.00069023
1118    0.000154308     0.000631191     0.000631191     0.000631191     0.000361984     0.000171072     0.000477823
1122    0.000178047     0.000735128     0.000735128     0.000735128     0.000408605     0.000175751     0.000549572
1126    0.000166177     0.000691863     0.000691863     0.000691863     0.000369702     0.000139065     0.000509094
1130    0.000130568     0.000548975     0.000548975     0.000548975     0.000286958     9.87615e-05     0.000400544
1134    8.30887e-05     0.000352535     0.000352535     0.000352535     0.000199851     8.97177e-05     0.00026621
1138    0.000178047     0.000763283     0.000763283     0.000763283     0.000381419     0.000104367     0.00054793
1142    9.49585e-05     0.000411714     0.000411714     0.000411714     0.000207384     5.82826e-05     0.000296773
1146    0.000118698     0.000518491     0.000518491     0.000518491     0.000267382     8.35418e-05     0.000377438
1150    0.000189917     0.000840343     0.000840343     0.000840343     0.000460772     0.000180972     0.000627774
1154    0.000142438     0.000635361     0.000635361     0.000635361     0.00033167     0.000107351     0.000465441
1158    0.000178047     0.000801294     0.000801294     0.000801294     0.000450123     0.000189351     0.000605284
1162    0.000142438     0.000647022     0.000647022     0.000647022     0.000322175     7.95384e-05     0.00046618
1166    0.000118698     0.000544501     0.000544501     0.000544501     0.000264415     5.43678e-05     0.00038886
1170    0.000154308     0.00071434     0.00071434     0.00071434     0.000345265     6.72808e-05     0.000509651
1174    7.12189e-05     0.00033311     0.00033311     0.00033311     0.000172097     5.03152e-05     0.000243982
1178    4.74793e-05     0.000224043     0.000224043     0.000224043     0.000111031     2.51337e-05     0.000161626
1182    9.49585e-05     0.000453197     0.000453197     0.000453197     0.000237703     7.29547e-05     0.000334494
1186    4.74793e-05     0.000227857     0.000227857     0.000227857     0.00011231     2.36759e-05     0.000164303
1190    0.000166177     0.000806413     0.000806413     0.000806413     0.000443845     0.000164198     0.00060749
1194    8.30887e-05     0.000407093     0.000407093     0.000407093     0.000210452     5.81702e-05     0.000299409
1198    0.000142438     0.000705362     0.000705362     0.000705362     0.000373222     0.000114806     0.000523865
1202    0.000118698     0.0005922     0.0005922     0.0005922     0.000283199     4.13732e-05     0.000423798
1206    0.000142438     0.000716851     0.000716851     0.000716851     0.00037816     0.000112047     0.00053261
1210    7.12189e-05     0.000361608     0.000361608     0.000361608     0.000197436     6.79509e-05     0.000272458
1214    9.49585e-05     0.000486566     0.000486566     0.000486566     0.000224099     1.60243e-05     0.000344374
1218    4.74793e-05     0.000245773     0.000245773     0.000245773     0.000133253     4.36473e-05     0.000184945
1222    7.12189e-05     0.000371835     0.000371835     0.000371835     0.000201947     6.58568e-05     0.000280241
1226    8.30887e-05     0.000438517     0.000438517     0.000438517     0.000209883     2.58062e-05     0.000315546
1230    3.56094e-05     0.000189199     0.000189199     0.000189199     0.000102243     3.20442e-05     0.000142489
1234    7.12189e-05     0.000382183     0.000382183     0.000382183     0.000205763     6.24989e-05     0.000287675
1238    3.56094e-05     0.000192657     0.000192657     0.000192657     0.000103508     3.08303e-05     0.000144986
1242    5.93491e-05     0.000324657     0.000324657     0.000324657     0.000160236     2.54237e-05     0.00023698
1246    5.93491e-05     0.000327042     0.000327042     0.000327042     0.000133585     -2.56888e-05     0.000224077
1250    8.30887e-05     0.000461801     0.000461801     0.000461801     0.000232915     4.34649e-05     0.000340291
1254    9.49585e-05     0.000531397     0.000531397     0.000531397     0.000269518     5.19521e-05     0.000392619
1258    9.49585e-05     0.000536212     0.000536212     0.000536212     0.000243833     -1.66263e-07     0.000381597
1262    5.93491e-05     0.000338634     0.000338634     0.000338634     0.000179647     4.61815e-05     0.000254793
1266    0.000130568     0.000750643     0.000750643     0.000750643     0.000383685     7.43255e-05     0.000557537
1270    1.18698e-05     6.90857e-05     6.90857e-05     6.90857e-05     3.64637e-05     8.75612e-06     5.19801e-05
1274    3.56094e-05     0.000208687     0.000208687     0.000208687     0.000110117     2.60604e-05     0.0001571
1278    9.49585e-05     0.000560861     0.000560861     0.000560861     0.000281733     4.32354e-05     0.000414919
1282    7.12189e-05     0.000424051     0.000424051     0.000424051     0.000223497     5.11121e-05     0.000319487
1286    5.93491e-05     0.000356758     0.000356758     0.000356758     0.000187233     4.06569e-05     0.000268629
1290    8.30887e-05     0.00050257     0.00050257     0.00050257     0.000249463     3.00341e-05     0.000371166
1294    7.12189e-05     0.000434065     0.000434065     0.000434065     0.000227373     4.72593e-05     0.00032703
1298    4.74793e-05     0.000291895     0.000291895     0.000291895     0.000138078     3.50005e-06     0.000212395
1302    3.56094e-05     0.000221039     0.000221039     0.000221039     0.000115235     2.21092e-05     0.000166512
1306    1.18698e-05     7.40136e-05     7.40136e-05     7.40136e-05     3.85859e-05     7.40314e-06     5.57556e-05
1310    3.56094e-05     0.000224397     0.000224397     0.000224397     8.80211e-05     -3.30157e-05     0.000154401
1314    5.93491e-05     0.000377186     0.000377186     0.000377186     0.000195407     3.30755e-05     0.00028417
1318    4.74793e-05     0.000303828     0.000303828     0.000303828     0.000127911     -2.97557e-05     0.000213969
1322    5.93491e-05     0.000383384     0.000383384     0.000383384     0.000198248     3.13178e-05     0.0002891
1326    1.18698e-05     7.7479e-05     7.7479e-05     7.7479e-05     4.00047e-05     6.01036e-06     5.84517e-05
1330    3.56094e-05     0.000233972     0.000233972     0.000233972     0.000120222     1.64106e-05     0.000176389
1334    2.37396e-05     0.00015698     0.00015698     0.00015698     8.06843e-05     1.08405e-05     0.000118416
1338    3.56094e-05     0.000237499     0.000237499     0.000237499     0.000122105     1.61454e-05     0.000179261
1342    2.37396e-05     0.000159729     0.000159729     0.000159729     8.18062e-05     9.82271e-06     0.000120523
1346    7.12189e-05     0.000483077     0.000483077     0.000483077     0.000247321     2.82044e-05     0.00036482
1350    3.56094e-05     0.000243712     0.000243712     0.000243712     0.000109857     -1.5232e-05     0.000176752
1354    4.74793e-05     0.000326611     0.000326611     0.000326611     0.00015202     -1.17075e-05     0.000239424
1358    2.37396e-05     0.000164384     0.000164384     0.000164384     6.91181e-05     -2.05144e-05     0.000116889
1362    0     0     0     0     -1.47498e-05     -2.87123e-05     -7.33054e-06
1366    4.74793e-05     0.000334341     0.000334341     0.000334341     0.000170098     1.38986e-05     0.000252901
1370    4.74793e-05     0.000336487     0.000336487     0.000336487     0.000156496     -1.55058e-05     0.00024746
1374    1.18698e-05     8.4881e-05     8.4881e-05     8.4881e-05     1.37244e-05     -5.44626e-05     4.97367e-05
1378    4.74793e-05     0.000341426     0.000341426     0.000341426     0.000142904     -4.85127e-05     0.00024368
1382    3.56094e-05     0.000258393     0.000258393     0.000258393     0.000130394     6.21615e-06     0.000195568
1386    9.49585e-05     0.000692961     0.000692961     0.000692961     0.000350083     1.64137e-05     0.000524937
1390    1.18698e-05     8.74712e-05     8.74712e-05     8.74712e-05     2.91071e-05     -2.81257e-05     5.89824e-05
1394    4.74793e-05     0.000351791     0.000351791     0.000351791     0.000161859     -2.49469e-05     0.000259224
1398    7.12189e-05     0.00053175     0.00053175     0.00053175     0.000252747     -2.29605e-05     0.000396108
1402    5.93491e-05     0.00044667     0.00044667     0.00044667     0.000224087     2.7774e-06     0.000338803
1406    1.18698e-05     8.99446e-05     8.99446e-05     8.99446e-05     4.51638e-05     3.59149e-07     6.83123e-05
1410    1.18698e-05     9.04832e-05     9.04832e-05     9.04832e-05     4.54342e-05     3.61299e-07     6.87214e-05
1414    5.93491e-05     0.000456611     0.000456611     0.000456611     0.000228497     -1.43282e-06     0.000346843
1418    4.74793e-05     0.000367635     0.000367635     0.000367635     0.000183498     -3.03483e-06     0.000279256
1422    1.18698e-05     9.23949e-05     9.23949e-05     9.23949e-05     3.0924e-05     -3.17262e-05     6.29872e-05
1426    2.37396e-05     0.000186016     0.000186016     0.000186016     7.75264e-05     -3.30451e-05     0.000134115
1430    3.56094e-05     0.000282139     0.000282139     0.000282139     0.000140387     -5.58992e-06     0.000214691
1434    1.18698e-05     9.44487e-05     9.44487e-05     9.44487e-05     3.19339e-05     -3.25777e-05     6.47364e-05
1438    1.18698e-05     9.49534e-05     9.49534e-05     9.49534e-05     4.71685e-05     -2.4478e-06     7.23162e-05
1442    3.56094e-05     0.000288139     0.000288139     0.000288139     0.000143325     -7.97108e-06     0.000219763
1446    3.56094e-05     0.000290148     0.000290148     0.000290148     0.000143458     -1.07642e-05     0.000221114
1450    0     0     0     0     0     0     0
1454    0     0     0     0     0     0     0
1458    4.74793e-05     0.000394293     0.000394293     0.000394293     0.000195013     -1.71229e-05     0.000301132
1462    1.18698e-05     9.92721e-05     9.92721e-05     9.92721e-05     4.89512e-05     -4.95021e-06     7.58246e-05
1466    4.74793e-05     0.00039954     0.00039954     0.00039954     0.000181625     -5.25802e-05     0.000298184
1470    1.18698e-05     0.000100476     0.000100476     0.000100476     4.9466e-05     -5.51664e-06     7.67879e-05
1474    3.56094e-05     0.00030429     0.00030429     0.00030429     0.000149784     -1.77949e-05     0.000232783
1478    7.12189e-05     0.00061192     0.00061192     0.00061192     0.000285712     -7.03334e-05     0.000461456
1482    2.37396e-05     0.000205079     0.000205079     0.000205079     8.55453e-05     -4.57419e-05     0.000150131
1486    4.74793e-05     0.000414096     0.000414096     0.000414096     0.000188159     -6.15414e-05     0.000310593
1490    3.56094e-05     0.000312226     0.000312226     0.000312226     0.000153251     -2.31883e-05     0.000239565
1494    5.93491e-05     0.000523713     0.000523713     0.000523713     0.000256747     -4.05415e-05     0.000401917
1498    1.18698e-05     0.000105349     0.000105349     0.000105349     5.14862e-05     -8.79694e-06     8.08424e-05
1502    1.18698e-05     0.000106126     0.000106126     0.000106126     5.19886e-05     -8.98505e-06     8.15794e-05
1506    2.37396e-05     0.000213754     0.000213754     0.000213754     0.000104541     -1.92342e-05     0.000164408
1510    1.18698e-05     0.000107519     0.000107519     0.000107519     5.25844e-05     -9.67487e-06     8.26975e-05
1514    1.18698e-05     0.00010847     0.00010847     0.00010847     3.75547e-05     -4.37277e-05     7.66254e-05
1518    1.18698e-05     0.000108717     0.000108717     0.000108717     3.76316e-05     -4.3957e-05     7.68199e-05
1522    0     0     0     0     0     0     0
1526    4.74793e-05     0.000441129     0.000441129     0.000441129     0.000215086     -4.72566e-05     0.000340322
1530    2.37396e-05     0.000222127     0.000222127     0.000222127     7.72211e-05     -9.18652e-05     0.000157698
1534    4.74793e-05     0.000446271     0.000446271     0.000446271     0.000216805     -5.16112e-05     0.000344385
1538    1.18698e-05     0.000112646     0.000112646     0.000112646     5.47268e-05     -1.34501e-05     8.70202e-05
1542    1.18698e-05     0.000113033     0.000113033     0.000113033     5.48967e-05     -1.39713e-05     8.74019e-05
1546    3.56094e-05     0.00034087     0.00034087     0.00034087     0.000149971     -7.67235e-05     0.000256823
1550    1.18698e-05     0.000114692     0.000114692     0.000114692     4.01976e-05     -4.917e-05     8.20818e-05
1554    3.56094e-05     0.000346103     0.000346103     0.000346103     0.000152377     -8.0478e-05     0.000261393
1558    2.37396e-05     0.000232009     0.000232009     0.000232009     0.000112377     -3.20453e-05     0.000179827
1562    1.18698e-05     0.00011659     0.00011659     0.00011659     4.1067e-05     -5.06879e-05     8.37653e-05
1566    1.18698e-05     0.000117665     0.000117665     0.000117665     4.13435e-05     -5.19674e-05     8.46127e-05
1570    1.18698e-05     0.000118351     0.000118351     0.000118351     4.18269e-05     -5.2321e-05     8.53296e-05
1574    0     0     0     0     0     0     0
1578    0     0     0     0     0     0     0
1582    0     0     0     0     0     0     0
1586    0     0     0     0     0     0     0
1590    1.18698e-05     0.00012135     0.00012135     0.00012135     5.86149e-05     -2.00432e-05     9.45698e-05
1594    0     0     0     0     0     0     0
1598    3.56094e-05     0.000369498     0.000369498     0.000369498     0.000178139     -6.48317e-05     0.0002884
1602    1.18698e-05     0.000123987     0.000123987     0.000123987     4.43345e-05     -5.74356e-05     9.03527e-05
1606    1.18698e-05     0.000124215     0.000124215     0.000124215     5.99638e-05     -2.21294e-05     9.70844e-05
1610    1.18698e-05     0.00012497     0.00012497     0.00012497     6.03123e-05     -2.28163e-05     9.77677e-05
1614    0     0     0     0     0     0     0
1618    0     0     0     0     0     0     0
1622    1.18698e-05     0.00012776     0.00012776     0.00012776     4.59073e-05     -6.13317e-05     9.36971e-05
1626    1.18698e-05     0.000127969     0.000127969     0.000127969     6.15741e-05     -2.54132e-05     0.000100339
1630    0     0     0     0     0     0     0
1634    2.37396e-05     0.000259579     0.000259579     0.000259579     0.000125025     -5.40301e-05     0.000204099
1638    2.37396e-05     0.000260384     0.000260384     0.000260384     0.000125226     -5.52026e-05     0.000204757
1642    1.18698e-05     0.000131238     0.000131238     0.000131238     6.31657e-05     -2.827e-05     0.000103325
1646    0     0     0     0     -3.11342e-05     -7.30866e-05     -1.27432e-05
1650    0     0     0     0     0     0     0
1654    1.18698e-05     0.000133088     0.000133088     0.000133088     6.41922e-05     -2.95155e-05     0.000105045
1658    0     0     0     0     -1.55664e-05     -3.68715e-05     -6.31242e-06
1662    0     0     0     0     0     0     0
1666    1.18698e-05     0.000135316     0.000135316     0.000135316     6.53548e-05     -3.10002e-05     0.000107051
1670    1.18698e-05     0.000136495     0.000136495     0.000136495     6.57308e-05     -3.29552e-05     0.000108119
1674    2.37396e-05     0.000274473     0.000274473     0.000274473     0.000132227     -6.67685e-05     0.00021754
1678    1.18698e-05     0.000137732     0.000137732     0.000137732     6.63778e-05     -3.37551e-05     0.000109227
1682    0     0     0     0     0     0     0
1686    1.18698e-05     0.000138961     0.000138961     0.000138961     6.69038e-05     -3.48532e-05     0.000110283
1690    2.37396e-05     0.000280294     0.000280294     0.000280294     0.000135013     -7.20812e-05     0.0002228
1694    0     0     0     0     0     0     0
1698    0     0     0     0     0     0     0
1702    2.37396e-05     0.000284958     0.000284958     0.000284958     0.000106019     -0.000153051     0.000214816
1706    0     0     0     0     0     0     0
1710    1.18698e-05     0.000143422     0.000143422     0.000143422     5.35029e-05     -7.75068e-05     0.000108309
1714    0     0     0     0     0     0     0
1718    2.37396e-05     0.000290141     0.000290141     0.000290141     0.000140148     -8.11312e-05     0.000232015
1722    3.56094e-05     0.00043819     0.00043819     0.00043819     0.000211966     -0.000123878     0.000350858
1726    1.18698e-05     0.000147122     0.000147122     0.000147122     7.105e-05     -4.25912e-05     0.000117869
1730    0     0     0     0     0     0     0
1734    0     0     0     0     0     0     0
1738    0     0     0     0     0     0     0
1742    0     0     0     0     0     0     0
1746    0     0     0     0     0     0     0
1750    0     0     0     0     0     0     0
1754    0     0     0     0     -1.54437e-05     -3.92474e-05     -5.82453e-06
1758    1.18698e-05     0.000153058     0.000153058     0.000153058     7.42225e-05     -4.80471e-05     0.000123441
1762    0     0     0     0     0     0     0
1766    0     0     0     0     0     0     0
1770    0     0     0     0     0     0     0
1774    0     0     0     0     0     0     0
1778    0     0     0     0     0     0     0
1782    0     0     0     0     0     0     0
1786    0     0     0     0     0     0     0
1790    1.18698e-05     0.000158846     0.000158846     0.000158846     6.17189e-05     -9.46507e-05     0.000123207
1794    1.18698e-05     0.000159429     0.000159429     0.000159429     7.77065e-05     -5.46881e-05     0.000129561
1798    0     0     0     0     0     0     0
1802    0     0     0     0     0     0     0
1806    1.18698e-05     0.000161941     0.000161941     0.000161941     6.36815e-05     -9.85141e-05     0.000126453
1810    0     0     0     0     0     0     0
1814    1.18698e-05     0.000163561     0.000163561     0.000163561     7.98122e-05     -5.92815e-05     0.000133433
1818    0     0     0     0     0     0     0
1822    0     0     0     0     -1.53412e-05     -4.1138e-05     -5.47528e-06
1826    1.18698e-05     0.000165641     0.000165641     0.000165641     8.09423e-05     -6.14814e-05     0.000135412
1830    0     0     0     0     0     0     0
1834    3.56094e-05     0.000501738     0.000501738     0.000501738     0.000245885     -0.000189684     0.000411151
1838    0     0     0     0     0     0     0
1842    0     0     0     0     0     0     0
1846    0     0     0     0     -1.52003e-05     -4.15585e-05     -5.31759e-06
1850    1.18698e-05     0.000171022     0.000171022     0.000171022     8.40698e-05     -6.76173e-05     0.000140725
1854    0     0     0     0     0     0     0
1858    0     0     0     0     0     0     0
1862    0     0     0     0     0     0     0
1866    0     0     0     0     0     0     0
1870    0     0     0     0     0     0     0
1874    0     0     0     0     0     0     0
1878    2.37396e-05     0.000352117     0.000352117     0.000352117     0.000174464     -0.000145038     0.000291441
1882    0     0     0     0     0     0     0
1886    0     0     0     0     0     0     0
1890    1.18698e-05     0.000178465     0.000178465     0.000178465     7.31903e-05     -0.000118457     0.000142795
1894    0     0     0     0     0     0     0
1898    0     0     0     0     0     0     0
1902    0     0     0     0     0     0     0
1906    0     0     0     0     0     0     0
1910    1.18698e-05     0.000182246     0.000182246     0.000182246     9.08311e-05     -7.96265e-05     0.000151764
1914    0     0     0     0     0     0     0
1918    0     0     0     0     0     0     0
1922    0     0     0     0     0     0     0
1926    0     0     0     0     0     0     0
1930    0     0     0     0     0     0     0
1934    0     0     0     0     0     0     0
1938    0     0     0     0     0     0     0
1942    0     0     0     0     0     0     0
1946    0     0     0     0     0     0     0
1950    0     0     0     0     0     0     0
1954    0     0     0     0     0     0     0
1958    0     0     0     0     0     0     0
1962    0     0     0     0     0     0     0
1966    0     0     0     0     0     0     0
1970    1.18698e-05     0.000194535     0.000194535     0.000194535     9.87047e-05     -9.4164e-05     0.000164193
1974    1.18698e-05     0.000194829     0.000194829     0.000194829     9.88535e-05     -9.4306e-05     0.00016444
1978    0     0     0     0     -1.47676e-05     -4.46604e-05     -4.65739e-06
1982    0     0     0     0     0     0     0
1986    1.18698e-05     0.000197601     0.000197601     0.000197601     0.000100695     -9.77259e-05     0.000167279
1990    2.37396e-05     0.000397203     0.000397203     0.000397203     0.000202861     -0.000197344     0.000336632
1994    0     0     0     0     0     0     0
1998    0     0     0     0     0     0     0
2002    0     0     0     0     0     0     0
2006    1.18698e-05     0.000201518     0.000201518     0.000201518     0.000201518     0.000201518     0.000201518
2010    0     0     0     0     0     0     0
2014    0     0     0     0     0     0     0
2018    0     0     0     0     0     0     0
2022    0     0     0     0     0     0     0
2026    1.18698e-05     0.000205945     0.000205945     0.000205945     0.000205945     0.000205945     0.000205945
2030    1.18698e-05     0.000206487     0.000206487     0.000206487     0.000206487     0.000206487     0.000206487
2034    0     0     0     0     0     0     0
2038    0     0     0     0     0     0     0
2042    0     0     0     0     0     0     0
2046    0     0     0     0     0     0     0
2050    0     0     0     0     0     0     0
2054    1.18698e-05     0.000211647     0.000211647     0.000211647     0.000211647     0.000211647     0.000211647
2058    0     0     0     0     0     0     0
2062    0     0     0     0     0     0     0
2066    0     0     0     0     0     0     0
2070    0     0     0     0     0     0     0
2074    0     0     0     0     0     0     0
2078    0     0     0     0     0     0     0
2082    0     0     0     0     0     0     0
2086    0     0     0     0     0     0     0
2090    0     0     0     0     0     0     0
2094    0     0     0     0     0     0     0
2098    0     0     0     0     0     0     0
2102    0     0     0     0     0     0     0
2106    0     0     0     0     0     0     0
2110    0     0     0     0     0     0     0
2114    0     0     0     0     0     0     0
2118    1.18698e-05     0.000224349     0.000224349     0.000224349     0.000224349     0.000224349     0.000224349
2122    0     0     0     0     0     0     0
2126    0     0     0     0     0     0     0
2130    0     0     0     0     0     0     0
2134    0     0     0     0     0     0     0
2138    1.18698e-05     0.000228378     0.000228378     0.000228378     0.000228378     0.000228378     0.000228378
2142    0     0     0     0     0     0     0
2146    0     0     0     0     0     0     0
2150    0     0     0     0     0     0     0
2154    0     0     0     0     0     0     0
2158    0     0     0     0     0     0     0
2162    0     0     0     0     0     0     0
2166    0     0     0     0     0     0     0
2170    0     0     0     0     0     0     0
2174    0     0     0     0     0     0     0
2178    0     0     0     0     0     0     0
2182    0     0     0     0     0     0     0
2186    1.18698e-05     0.000238315     0.000238315     0.000238315     0.000238315     0.000238315     0.000238315
2190    0     0     0     0     0     0     0
2194    0     0     0     0     0     0     0
2198    0     0     0     0     0     0     0
2202    0     0     0     0     0     0     0
2206    0     0     0     0     0     0     0
2210    0     0     0     0     0     0     0
2214    1.18698e-05     0.000244461     0.000244461     0.000244461     0.000244461     0.000244461     0.000244461
2218    0     0     0     0     0     0     0
2222    0     0     0     0     0     0     0
2226    0     0     0     0     0     0     0
2230    0     0     0     0     0     0     0
2234    0     0     0     0     0     0     0
2238    0     0     0     0     0     0     0
2242    0     0     0     0     0     0     0
2246    0     0     0     0     0     0     0
2250    0     0     0     0     0     0     0
2254    0     0     0     0     0     0     0
2258    0     0     0     0     0     0     0
2262    0     0     0     0     0     0     0
2266    0     0     0     0     0     0     0
2270    0     0     0     0     0     0     0
2274    0     0     0     0     0     0     0
2278    0     0     0     0     0     0     0
2282    0     0     0     0     0     0     0
2286    0     0     0     0     0     0     0
2290    0     0     0     0     0     0     0
2294    0     0     0     0     0     0     0
2298    0     0     0     0     0     0     0
2302    0     0     0     0     0     0     0
2306    0     0     0     0     0     0     0
2310    0     0     0     0     0     0     0
2314    0     0     0     0     0     0     0
2318    0     0     0     0     0     0     0
2322    0     0     0     0     0     0     0
2326    0     0     0     0     0     0     0
2330    0     0     0     0     0     0     0
2334    0     0     0     0     0     0     0
2338    0     0     0     0     0     0     0
2342    0     0     0     0     0     0     0
2346    0     0     0     0     0     0     0
2350    0     0     0     0     0     0     0
2354    0     0     0     0     0     0     0
2358    0     0     0     0     0     0     0
2362    0     0     0     0     0     0     0
2366    0     0     0     0     0     0     0
2370    0     0     0     0     0     0     0
2374    0     0     0     0     0     0     0
2378    0     0     0     0     0     0     0
2382    0     0     0     0     0     0     0
2386    0     0     0     0     0     0     0
2390    0     0     0     0     0     0     0
2394    0     0     0     0     0     0     0
2398    0     0     0     0     0     0     0
2402    0     0     0     0     0     0     0
2406    0     0     0     0     0     0     0
2410    0     0     0     0     0     0     0
2414    0     0     0     0     0     0     0
2418    0     0     0     0     0     0     0
2422    0     0     0     0     0     0     0
2426    0     0     0     0     0     0     0
2430    0     0     0     0     0     0     0
2434    0     0     0     0     0     0     0
2438    0     0     0     0     0     0     0
2442    0     0     0     0     0     0     0
2446    0     0     0     0     0     0     0
2450    0     0     0     0     0     0     0
2454    0     0     0     0     0     0     0
2458    0     0     0     0     0     0     0
2462    0     0     0     0     0     0     0
2466    0     0     0     0     0     0     0
2470    0     0     0     0     0     0     0
2474    0     0     0     0     0     0     0
2478    0     0     0     0     0     0     0
2482    0     0     0     0     0     0     0
2486    0     0     0     0     0     0     0
2490    0     0     0     0     0     0     0
2494    0     0     0     0     0     0     0
2498    0     0     0     0     0     0     0
2502    0     0     0     0     0     0     0
2506    0     0     0     0     0     0     0
2510    0     0     0     0     0     0     0
2514    0     0     0     0     0     0     0
2518    0     0     0     0     0     0     0
2522    0     0     0     0     0     0     0
2526    0     0     0     0     0     0     0
2530    0     0     0     0     0     0     0
2534    0     0     0     0     0     0     0
2538    0     0     0     0     0     0     0
2542    0     0     0     0     0     0     0
2546    0     0     0     0     0     0     0
2550    0     0     0     0     0     0     0
2554    0     0     0     0     0     0     0
2558    0     0     0     0     0     0     0
2562    0     0     0     0     0     0     0
2566    0     0     0     0     0     0     0
2570    0     0     0     0     0     0     0
2574    0     0     0     0     0     0     0
2578    0     0     0     0     0     0     0
2582    0     0     0     0     0     0     0
2586    0     0     0     0     0     0     0
2590    0     0     0     0     0     0     0
2594    0     0     0     0     0     0     0
2598    0     0     0     0     0     0     0
2602    0     0     0     0     0     0     0
2606    0     0     0     0     0     0     0
2610    0     0     0     0     0     0     0
2614    0     0     0     0     0     0     0
2618    0     0     0     0     0     0     0
2622    0     0     0     0     0     0     0
2626    0     0     0     0     0     0     0
2630    0     0     0     0     0     0     0
2634    0     0     0     0     0     0     0
2638    0     0     0     0     0     0     0
2642    0     0     0     0     0     0     0
2646    0     0     0     0     0     0     0
2650    0     0     0     0     0     0     0
2654    0     0     0     0     0     0     0
2658    0     0     0     0     0     0     0
2662    0     0     0     0     0     0     0
2666    0     0     0     0     0     0     0
2670    0     0     0     0     0     0     0
2674    0     0     0     0     0     0     0
2678    0     0     0     0     0     0     0
2682    0     0     0     0     0     0     0
2686    0     0     0     0     0     0     0
2690    0     0     0     0     0     0     0
2694    0     0     0     0     0     0     0
2698    0     0     0     0     0     0     0
2702    0     0     0     0     0     0     0
2706    0     0     0     0     0     0     0
2710    0     0     0     0     0     0     0
2714    0     0     0     0     0     0     0
2718    0     0     0     0     0     0     0
2722    0     0     0     0     0     0     0
2726    0     0     0     0     0     0     0
2730    0     0     0     0     0     0     0
2734    0     0     0     0     0     0     0
2738    0     0     0     0     0     0     0
2742    0     0     0     0     0     0     0
2746    0     0     0     0     0     0     0
2750    0     0     0     0     0     0     0
2754    0     0     0     0     0     0     0
2758    0     0     0     0     0     0     0
2762    0     0     0     0     0     0     0
2766    0     0     0     0     0     0     0
2770    0     0     0     0     0     0     0
2774    0     0     0     0     0     0     0
2778    0     0     0     0     0     0     0
2782    0     0     0     0     0     0     0
2786    0     0     0     0     0     0     0
2790    0     0     0     0     0     0     0
2794    0     0     0     0     0     0     0
2798    0     0     0     0     0     0     0
2802    0     0     0     0     0     0     0
2806    0     0     0     0     0     0     0
2810    0     0     0     0     0     0     0
2814    0     0     0     0     0     0     0
2818    0     0     0     0     0     0     0
2822    0     0     0     0     0     0     0
2826    0     0     0     0     0     0     0
2830    0     0     0     0     0     0     0
2834    0     0     0     0     0     0     0
2838    0     0     0     0     0     0     0
2842    0     0     0     0     0     0     0
2846    0     0     0     0     0     0     0
2850    0     0     0     0     0     0     0
2854    0     0     0     0     0     0     0
2858    0     0     0     0     0     0     0
2862    0     0     0     0     0     0     0
2866    0     0     0     0     0     0     0
2870    0     0     0     0     0     0     0
2874    0     0     0     0     0     0     0
2878    0     0     0     0     0     0     0
2882    0     0     0     0     0     0     0
2886    0     0     0     0     0     0     0
2890    0     0     0     0     0     0     0
2894    0     0     0     0     0     0     0
2898    0     0     0     0     0     0     0
2902    0     0     0     0     0     0     0
2906    0     0     0     0     0     0     0
2910    0     0     0     0     0     0     0
2914    0     0     0     0     0     0     0
2918    0     0     0     0     0     0     0
2922    0     0     0     0     0     0     0
2926    0     0     0     0     0     0     0
2930    0     0     0     0     0     0     0
2934    0     0     0     0     0     0     0
2938    0     0     0     0     0     0     0
2942    0     0     0     0     0     0     0
2946    0     0     0     0     0     0     0
2950    0     0     0     0     0     0     0
2954    0     0     0     0     0     0     0
2958    0     0     0     0     0     0     0
2962    0     0     0     0     0     0     0
2966    0     0     0     0     0     0     0
2970    0     0     0     0     0     0     0
2974    0     0     0     0     0     0     0
2978    0     0     0     0     0     0     0
2982    0     0     0     0     0     0     0
2986    0     0     0     0     0     0     0
2990    0     0     0     0     0     0     0
2994    0     0     0     0     0     0     0
2998    0     0     0     0     0     0     0
3002    0     0     0     0     0     0     0
3006    0     0     0     0     0     0     0
3010    0     0     0     0     0     0     0
3014    0     0     0     0     0     0     0
3018    0     0     0     0     0     0     0
3022    0     0     0     0     0     0     0
3026    0     0     0     0     0     0     0
3030    0     0     0     0     0     0     0
3034    0     0     0     0     0     0     0
3038    0     0     0     0     0     0     0
3042    0     0     0     0     0     0     0
3046    0     0     0     0     0     0     0
3050    0     0     0     0     0     0     0
3054    0     0     0     0     0     0     0
3058    0     0     0     0     0     0     0
3062    0     0     0     0     0     0     0
3066    0     0     0     0     0     0     0
3070    0     0     0     0     0     0     0
3074    0     0     0     0     0     0     0
3078    0     0     0     0     0     0     0
3082    0     0     0     0     0     0     0
3086    0     0     0     0     0     0     0
3090    0     0     0     0     0     0     0
3094    0     0     0     0     0     0     0
3098    0     0     0     0     0     0     0
3102    0     0     0     0     0     0     0
3106    0     0     0     0     0     0     0
3110    0     0     0     0     0     0     0
3114    0     0     0     0     0     0     0
3118    0     0     0     0     0     0     0
3122    0     0     0     0     0     0     0
3126    0     0     0     0     0     0     0
3130    0     0     0     0     0     0     0
3134    0     0     0     0     0     0     0
3138    0     0     0     0     0     0     0
3142    0     0     0     0     0     0     0
3146    0     0     0     0     0     0     0
3150    0     0     0     0     0     0     0
3154    0     0     0     0     0     0     0
3158    0     0     0     0     0     0     0
3162    0     0     0     0     0     0     0
3166    0     0     0     0     0     0     0
3170    0     0     0     0     0     0     0
3174    0     0     0     0     0     0     0
3178    0     0     0     0     0     0     0
3182    0     0     0     0     0     0     0
3186    0     0     0     0     0     0     0
3190    0     0     0     0     0     0     0
3194    0     0     0     0     0     0     0
3198    0     0     0     0     0     0     0
3202    0     0     0     0     0     0     0
3206    0     0     0     0     0     0     0
3210    0     0     0     0     0     0     0
3214    0     0     0     0     0     0     0
3218    0     0     0     0     0     0     0
3222    0     0     0     0     0     0     0
3226    0     0     0     0     0     0     0
3230    0     0     0     0     0     0     0
3234    0     0     0     0     0     0     0
3238    0     0     0     0     0     0     0
3242    0     0     0     0     0     0     0
3246    0     0     0     0     0     0     0
3250    0     0     0     0     0     0     0
3254    0     0     0     0     0     0     0
3258    0     0     0     0     0     0     0
3262    0     0     0     0     0     0     0
3266    0     0     0     0     0     0     0
3270    0     0     0     0     0     0     0
3274    0     0     0     0     0     0     0
3278    0     0     0     0     0     0     0
3282    0     0     0     0     0     0     0
3286    0     0     0     0     0     0     0
3290    0     0     0     0     0     0     0
3294    0     0     0     0     0     0     0
3298    0     0     0     0     0     0     0
3302    0     0     0     0     0     0     0
3306    0     0     0     0     0     0     0
3310    0     0     0     0     0     0     0
3314    0     0     0     0     0     0     0
3318    0     0     0     0     0     0     0
3322    0     0     0     0     0     0     0
3326    0     0     0     0     0     0     0
3330    0     0     0     0     0     0     0
3334    0     0     0     0     0     0     0
3338    0     0     0     0     0     0     0
3342    0     0     0     0     0     0     0
3346    0     0     0     0     0     0     0
3350    0     0     0     0     0     0     0
3354    0     0     0     0     0     0     0
3358    0     0     0     0     0     0     0
3362    0     0     0     0     0     0     0
3366    0     0     0     0     0     0     0
3370    0     0     0     0     0     0     0
3374    0     0     0     0     0     0     0
3378    0     0     0     0     0     0     0
3382    0     0     0     0     0     0     0
3386    0     0     0     0     0     0     0
3390    0     0     0     0     0     0     0
3394    0     0     0     0     0     0     0
3398    0     0     0     0     0     0     0
3402    0     0     0     0     0     0     0
3406    0     0     0     0     0     0     0
3410    0     0     0     0     0     0     0
3414    0     0     0     0     0     0     0
3418    0     0     0     0     0     0     0
3422    0     0     0     0     0     0     0
3426    0     0     0     0     0     0     0
3430    0     0     0     0     0     0     0
3434    0     0     0     0     0     0     0
3438    0     0     0     0     0     0     0
3442    0     0     0     0     0     0     0
3446    0     0     0     0     0     0     0
3450    0     0     0     0     0     0     0
3454    0     0     0     0     0     0     0
3458    0     0     0     0     0     0     0
3462    0     0     0     0     0     0     0
3466    0     0     0     0     0     0     0
3470    0     0     0     0     0     0     0
3474    0     0     0     0     0     0     0
3478    0     0     0     0     0     0     0
3482    0     0     0     0     0     0     0
3486    0     0     0     0     0     0     0
3490    0     0     0     0     0     0     0
3494    0     0     0     0     0     0     0
3498    0     0     0     0     0     0     0
3502    0     0     0     0     0     0     0
3506    0     0     0     0     0     0     0
3510    0     0     0     0     0     0     0
3514    0     0     0     0     0     0     0
3518    0     0     0     0     0     0     0
3522    0     0     0     0     0     0     0
3526    0     0     0     0     0     0     0
3530    0     0     0     0     0     0     0
3534    0     0     0     0     0     0     0
3538    0     0     0     0     0     0     0
3542    0     0     0     0     0     0     0
3546    0     0     0     0     0     0     0
3550    0     0     0     0     0     0     0
3554    0     0     0     0     0     0     0
3558    0     0     0     0     0     0     0
3562    0     0     0     0     0     0     0
3566    0     0     0     0     0     0     0
3570    0     0     0     0     0     0     0
3574    0     0     0     0     0     0     0
3578    0     0     0     0     0     0     0
3582    0     0     0     0     0     0     0
3586    0     0     0     0     0     0     0
3590    0     0     0     0     0     0     0
3594    0     0     0     0     0     0     0
3598    0     0     0     0     0     0     0
3602    0     0     0     0     0     0     0
3606    0     0     0     0     0     0     0
3610    0     0     0     0     0     0     0
3614    0     0     0     0     0     0     0
3618    0     0     0     0     0     0     0
3622    0     0     0     0     0     0     0
3626    0     0     0     0     0     0     0
3630    0     0     0     0     0     0     0
3634    0     0     0     0     0     0     0
3638    0     0     0     0     0     0     0
3642    0     0     0     0     0     0     0
3646    0     0     0     0     0     0     0
3650    0     0     0     0     0     0     0
3654    0     0     0     0     0     0     0
3658    0     0     0     0     0     0     0
3662    0     0     0     0     0     0     0
3666    0     0     0     0     0     0     0
3670    0     0     0     0     0     0     0
3674    0     0     0     0     0     0     0
3678    0     0     0     0     0     0     0
3682    0     0     0     0     0     0     0
3686    0     0     0     0     0     0     0
3690    0     0     0     0     0     0     0
3694    0     0     0     0     0     0     0
3698    0     0     0     0     0     0     0
3702    0     0     0     0     0     0     0
3706    0     0     0     0     0     0     0
3710    0     0     0     0     0     0     0
3714    0     0     0     0     0     0     0
3718    0     0     0     0     0     0     0
3722    0     0     0     0     0     0     0
3726    0     0     0     0     0     0     0
3730    0     0     0     0     0     0     0
3734    0     0     0     0     0     0     0
3738    0     0     0     0     0     0     0
3742    0     0     0     0     0     0     0
3746    0     0     0     0     0     0     0
3750    0     0     0     0     0     0     0
3754    0     0     0     0     0     0     0
3758    0     0     0     0     0     0     0
3762    0     0     0     0     0     0     0
3766    0     0     0     0     0     0     0
3770    0     0     0     0     0     0     0
3774    0     0     0     0     0     0     0
3778    0     0     0     0     0     0     0
3782    0     0     0     0     0     0     0
3786    0     0     0     0     0     0     0
3790    0     0     0     0     0     0     0
3794    0     0     0     0     0     0     0
3798    0     0     0     0     0     0     0
3802    0     0     0     0     0     0     0
3806    0     0     0     0     0     0     0
3810    0     0     0     0     0     0     0
3814    0     0     0     0     0     0     0
3818    0     0     0     0     0     0     0
3822    0     0     0     0     0     0     0
3826    0     0     0     0     0     0     0
3830    0     0     0     0     0     0     0
3834    0     0     0     0     0     0     0
3838    0     0     0     0     0     0     0
3842    0     0     0     0     0     0     0
3846    0     0     0     0     0     0     0
3850    0     0     0     0     0     0     0
3854    0     0     0     0     0     0     0
3858    0     0     0     0     0     0     0
3862    0     0     0     0     0     0     0
3866    0     0     0     0     0     0     0
3870    0     0     0     0     0     0     0
3874    0     0     0     0     0     0     0
3878    0     0     0     0     0     0     0
3882    0     0     0     0     0     0     0
3886    0     0     0     0     0     0     0
3890    0     0     0     0     0     0     0
3894    0     0     0     0     0     0     0
3898    0     0     0     0     0     0     0
3902    0     0     0     0     0     0     0
3906    0     0     0     0     0     0     0
3910    0     0     0     0     0     0     0
3914    0     0     0     0     0     0     0
3918    0     0     0     0     0     0     0
3922    0     0     0     0     0     0     0
3926    0     0     0     0     0     0     0
3930    0     0     0     0     0     0     0
3934    0     0     0     0     0     0     0
3938    0     0     0     0     0     0     0
3942    0     0     0     0     0     0     0
3946    0     0     0     0     0     0     0
3950    0     0     0     0     0     0     0
3954    0     0     0     0     0     0     0
3958    0     0     0     0     0     0     0
3962    0     0     0     0     0     0     0
3966    0     0     0     0     0     0     0
3970    0     0     0     0     0     0     0
3974    0     0     0     0     0     0     0
3978    0     0     0     0     0     0     0
3982    0     0     0     0     0     0     0
3986    0     0     0     0     0     0     0
3990    0     0     0     0     0     0     0
3994    0     0     0     0     0     0     0
3998    0     0     0     0     0     0     0
