1     0     0     0     0     0     0     0
3     0     0     0     0     0     0     0
5     7.37587e-06     3.02004e-08     3.02004e-08     3.02004e-08     3.02004e-08     3.02004e-08     3.02004e-08
7     0     0     0     0     0     0     0
9     7.37587e-06     1.69932e-08     1.69932e-08     1.69932e-08     1.69932e-08     1.69932e-08     1.69932e-08
11     0     0     0     0     0     0     0
13     0     0     0     0     0     0     0
15     7.37587e-06     8.30715e-09     8.30715e-09     8.30715e-09     8.30715e-09     8.30715e-09     8.30715e-09
17     3.68793e-05     3.44093e-08     3.44093e-08     3.44093e-08     3.44093e-08     3.44093e-08     3.44093e-08
19     1.47517e-05     1.19342e-08     1.19342e-08     1.19342e-08     1.19342e-08     1.19342e-08     1.19342e-08
21     6.63828e-05     4.94406e-08     4.94406e-08     4.94406e-08     4.94406e-08     4.94406e-08     4.94406e-08
23     3.68793e-05     2.49012e-08     2.49012e-08     2.49012e-08     2.49012e-08     2.49012e-08     2.49012e-08
25     3.68793e-05     2.1286e-08     2.1286e-08     2.1286e-08     2.1286e-08     2.1286e-08     2.1286e-08
27     6.63828e-05     3.58264e-08     3.58264e-08     3.58264e-08     3.58264e-08     3.58264e-08     3.58264e-08
29     7.37587e-05     3.5538e-08     3.5538e-08     3.5538e-08     3.5538e-08     3.5538e-08     3.5538e-08
31     7.37587e-05     3.28837e-08     3.28837e-08     3.28837e-08     3.28837e-08     3.28837e-08     3.28837e-08
33     0.000103262     4.22582e-08     4.22582e-08     4.22582e-08     4.22582e-08     4.22582e-08     4.22582e-08
35     9.58863e-05     3.57163e-08     3.57163e-08     3.57163e-08     3.57163e-08     3.57163e-08     3.57163e-08
37     0.000177021     6.10914e-08     6.10914e-08     6.10914e-08     6.10914e-08     6.10914e-08     6.10914e-08
39     3.68793e-05     1.17848e-08     1.17848e-08     1.17848e-08     1.17848e-08     1.17848e-08     1.17848e-08
41     0.000147517     4.41233e-08     4.41233e-08     4.41233e-08     4.41233e-08     4.41233e-08     4.41233e-08
43     8.11346e-05     2.27228e-08     2.27228e-08     2.27228e-08     2.27228e-08     2.27228e-08     2.27228e-08
45     8.85104e-05     2.37789e-08     2.37789e-08     2.37789e-08     2.37789e-08     2.37789e-08     2.37789e-08
47     0.000140142     3.53398e-08     3.53398e-08     3.53398e-08     3.53398e-08     3.53398e-08     3.53398e-08
49     0.000147517     3.47943e-08     3.47943e-08     3.47943e-08     3.47943e-08     3.47943e-08     3.47943e-08
51     0.00012539     2.80787e-08     2.80787e-08     2.80787e-08     2.80787e-08     2.80787e-08     2.80787e-08
53     0.000169645     3.63846e-08     3.63846e-08     3.63846e-08     3.63846e-08     3.63846e-08     3.63846e-08
55     0.000184397     3.76905e-08     3.76905e-08     3.76905e-08     3.76905e-08     3.76905e-08     3.76905e-08
57     0.000147517     2.89732e-08     2.89732e-08     2.89732e-08     2.89732e-08     2.89732e-08     2.89732e-08
59     0.000154893     2.92872e-08     2.92872e-08     2.92872e-08     2.92872e-08     2.92872e-08     2.92872e-08
61     0.000206524     3.76192e-08     3.76192e-08     3.76192e-08     3.76192e-08     3.76192e-08     3.76192e-08
63     0.000184397     3.24821e-08     3.24821e-08     3.24821e-08     3.24821e-08     3.24821e-08     3.24821e-08
65     0.000236028     4.02242e-08     4.02242e-08     4.02242e-08     4.02242e-08     4.02242e-08     4.02242e-08
67     0.000228652     3.77677e-08     3.77677e-08     3.77677e-08     3.77677e-08     3.77677e-08     3.77677e-08
69     0.000258155     4.16576e-08     4.16576e-08     4.16576e-08     4.16576e-08     4.16576e-08     4.16576e-08
71     0.000258155     4.07215e-08     4.07215e-08     4.07215e-08     4.07215e-08     4.07215e-08     4.07215e-08
73     0.000258155     3.97983e-08     3.97983e-08     3.97983e-08     3.97983e-08     3.97983e-08     3.97983e-08
75     0.000191773     2.90861e-08     2.90861e-08     2.90861e-08     2.90861e-08     2.90861e-08     2.90861e-08
77     0.000243404     3.63209e-08     3.63209e-08     3.63209e-08     3.63209e-08     3.63209e-08     3.63209e-08
79     0.0002139     3.14924e-08     3.14924e-08     3.14924e-08     3.14924e-08     3.14924e-08     3.14924e-08
81     0.000317162     4.61075e-08     4.61075e-08     4.61075e-08     4.61075e-08     4.61075e-08     4.61075e-08
83     0.000331914     4.7821e-08     4.7821e-08     4.7821e-08     4.7821e-08     4.7821e-08     4.7821e-08
85     0.000368793     5.27311e-08     5.27311e-08     5.27311e-08     5.27311e-08     5.27311e-08     5.27311e-08
87     0.000479432     6.81167e-08     6.81167e-08     6.81167e-08     6.81167e-08     6.81167e-08     6.81167e-08
89     0.000383545     5.42823e-08     5.42823e-08     5.42823e-08     5.42823e-08     5.42823e-08     5.42823e-08
91     0.000376169     5.31081e-08     5.31081e-08     5.31081e-08     5.31081e-08     5.31081e-08     5.31081e-08
93     0.000361418     5.09892e-08     5.09892e-08     5.09892e-08     5.09892e-08     5.09892e-08     5.09892e-08
95     0.000354042     4.9983e-08     4.9983e-08     4.9983e-08     4.9983e-08     4.9983e-08     4.9983e-08
97     0.000346666     4.90339e-08     4.90339e-08     4.90339e-08     4.90339e-08     4.90339e-08     4.90339e-08
99     0.000346666     4.9194e-08     4.9194e-08     4.9194e-08     4.9194e-08     4.9194e-08     4.9194e-08
101     0.000398297     5.67636e-08     5.67636e-08     5.67636e-08     5.67636e-08     5.67636e-08     5.67636e-08
103     0.000331914     4.7533e-08     4.7533e-08     4.7533e-08     4.7533e-08     4.7533e-08     4.7533e-08
105     0.000376169     5.42688e-08     5.42688e-08     5.42688e-08     5.42688e-08     5.42688e-08     5.42688e-08
107     0.000420425     6.11438e-08     6.11438e-08     6.11438e-08     6.11438e-08     6.11438e-08     6.11438e-08
109     0.000405673     5.96767e-08     5.96767e-08     5.96767e-08     5.96767e-08     5.96767e-08     5.96767e-08
111     0.00046468     6.9302e-08     6.9302e-08     6.9302e-08     6.9302e-08     6.9302e-08     6.9302e-08
113     0.0004278     6.49535e-08     6.49535e-08     6.49535e-08     6.49535e-08     6.49535e-08     6.49535e-08
115     0.000442552     6.86481e-08     6.86481e-08     6.86481e-08     6.86481e-08     6.86481e-08     6.86481e-08
117     0.000435176     6.92834e-08     6.92834e-08     6.92834e-08     6.92834e-08     6.92834e-08     6.92834e-08
119     0.00046468     7.63596e-08     7.63596e-08     7.63596e-08     7.63596e-08     7.63596e-08     7.63596e-08
121     0.000501559     8.53026e-08     8.53026e-08     8.53026e-08     8.53026e-08     8.53026e-08     8.53026e-08
123     0.000420425     7.44681e-08     7.44681e-08     7.44681e-08     7.44681e-08     7.44681e-08     7.44681e-08
125     0.00055319     1.02878e-07     1.02878e-07     1.02878e-07     1.02878e-07     1.02878e-07     1.02878e-07
127     0.000508935     9.9906e-08     9.9906e-08     9.9906e-08     9.9906e-08     9.9906e-08     9.9906e-08
129     0.000368793     7.7229e-08     7.7229e-08     7.7229e-08     7.7229e-08     7.7229e-08     7.7229e-08
131     0.000545814     1.22385e-07     1.22385e-07     1.22385e-07     1.22385e-07     1.22385e-07     1.22385e-07
133     0.000612197     1.48412e-07     1.48412e-07     1.48412e-07     1.48412e-07     1.48412e-07     1.48412e-07
135     0.000538439     1.41452e-07     1.41452e-07     1.41452e-07     1.41452e-07     1.41452e-07     1.41452e-07
137     0.000641701     1.84059e-07     1.84059e-07     1.84059e-07     1.84059e-07     1.84059e-07     1.84059e-07
139     0.000575318     1.83898e-07     1.83898e-07     1.83898e-07     1.83898e-07     1.83898e-07     1.83898e-07
141     0.000604821     2.14716e-07     2.14716e-07     2.14716e-07     2.14716e-07     2.14716e-07     2.14716e-07
143     0.000619573     2.48402e-07     2.48402e-07     2.48402e-07     2.48402e-07     2.48402e-07     2.48402e-07
145     0.000531063     2.41229e-07     2.41229e-07     2.41229e-07     2.41229e-07     2.41229e-07     2.41229e-07
147     0.000641701     3.33868e-07     3.33868e-07     3.33868e-07     3.33868e-07     3.33868e-07     3.33868e-07
149     0.000560566     3.39728e-07     3.39728e-07     3.39728e-07     3.39728e-07     3.39728e-07     3.39728e-07
151     0.000508935     3.76652e-07     3.76652e-07     3.76652e-07     3.76652e-07     3.76652e-07     3.76652e-07
153     0.000737587     6.58848e-07     6.58848e-07     6.58848e-07     6.58848e-07     6.58848e-07     6.58848e-07
155     0.000744963     8.54881e-07     8.54881e-07     8.54881e-07     8.54881e-07     8.54881e-07     8.54881e-07
157     0.000619573     9.17111e-07     9.17111e-07     9.17111e-07     9.17111e-07     9.17111e-07     9.17111e-07
159     0.000722835     1.68853e-06     1.68853e-06     1.68853e-06     1.68853e-06     1.68853e-06     1.68853e-06
161     0.000656452     2.53507e-06     2.53507e-06     2.53507e-06     2.53507e-06     2.53507e-06     2.53507e-06
163     0.000634325     3.98018e-06     3.98018e-06     3.98018e-06     3.98018e-06     3.98018e-06     3.98018e-06
165     0.000708084     6.07605e-06     6.07605e-06     6.07605e-06     6.07605e-06     6.07605e-06     6.07605e-06
167     0.000663828     7.01129e-06     7.01129e-06     7.01129e-06     7.01129e-06     7.01129e-06     7.01129e-06
169     0.000671204     8.09162e-06     8.09162e-06     8.09162e-06     8.09162e-06     8.09162e-06     8.09162e-06
171     0.000693332     9.44066e-06     9.44066e-06     9.44066e-06     9.44066e-06     9.44066e-06     9.44066e-06
173     0.000737587     1.11347e-05     1.11347e-05     1.11347e-05     1.11347e-05     1.11347e-05     1.11347e-05
175     0.000752339     1.23574e-05     1.23574e-05     1.23574e-05     1.23574e-05     1.23574e-05     1.23574e-05
177     0.000730211     1.29988e-05     1.29988e-05     1.29988e-05     1.29988e-05     1.29988e-05     1.29988e-05
179     0.000826097     1.59681e-05     1.59681e-05     1.59681e-05     1.59681e-05     1.59681e-05     1.59681e-05
181     0.000730211     1.54188e-05     1.54188e-05     1.54188e-05     1.54188e-05     1.54188e-05     1.54188e-05
183     0.000818722     1.92008e-05     1.92008e-05     1.92008e-05     1.92008e-05     1.92008e-05     1.92008e-05
185     0.000833473     2.1613e-05     2.1613e-05     2.1613e-05     2.1613e-05     2.1613e-05     2.1613e-05
187     0.000826097     2.32525e-05     2.32525e-05     2.32525e-05     2.32525e-05     2.32525e-05     2.32525e-05
189     0.000907232     2.76247e-05     2.76247e-05     2.76247e-05     2.76247e-05     2.76247e-05     2.76247e-05
191     0.000789218     2.57763e-05     2.57763e-05     2.57763e-05     2.57763e-05     2.57763e-05     2.57763e-05
193     0.000774466     2.6804e-05     2.6804e-05     2.6804e-05     2.6804e-05     2.6804e-05     2.6804e-05
195     0.000885104     3.23717e-05     3.23717e-05     3.23717e-05     3.23717e-05     3.23717e-05     3.23717e-05
197     0.000855601     3.2916e-05     3.2916e-05     3.2916e-05     3.2916e-05     3.2916e-05     3.2916e-05
199     0.000951487     3.83132e-05     3.83132e-05     3.83132e-05     3.83132e-05     3.83132e-05     3.83132e-05
201     0.000870353     3.6613e-05     3.6613e-05     3.6613e-05     3.6613e-05     3.6613e-05     3.6613e-05
203     0.00102525     4.51023e-05     4.51023e-05     4.51023e-05     4.51023e-05     4.51023e-05     4.51023e-05
205     0.000811346     3.71723e-05     3.71723e-05     3.71723e-05     3.71723e-05     3.71723e-05     3.71723e-05
207     0.000811346     3.87172e-05     3.87172e-05     3.87172e-05     3.87172e-05     3.87172e-05     3.87172e-05
209     0.000921984     4.57677e-05     4.57677e-05     4.57677e-05     4.57677e-05     4.57677e-05     4.57677e-05
211     0.00092936     4.78928e-05     4.78928e-05     4.78928e-05     0.000443617     0.000614589     0.000325941
213     0.000973615     5.20766e-05     5.20766e-05     5.20766e-05     0.000456302     0.000631252     0.000335864
215     0.00110638     6.14396e-05     6.14396e-05     6.14396e-05     0.000456175     0.000627419     0.000338387
217     0.000995742     5.71625e-05     5.71625e-05     5.71625e-05     0.000443808     0.000611778     0.000328294
219     0.000988367     5.87079e-05     5.87079e-05     5.87079e-05     0.000431309     0.00059334     0.000319846
221     0.00107688     6.60347e-05     6.60347e-05     6.60347e-05     0.000451738     0.000619652     0.000336237
223     0.00101049     6.38457e-05     6.38457e-05     6.38457e-05     0.000455147     0.000625597     0.000337848
225     0.00109163     7.11287e-05     7.11287e-05     7.11287e-05     0.000466184     0.000638348     0.000347709
227     0.000973615     6.54974e-05     6.54974e-05     6.54974e-05     0.000437188     0.000599208     0.000325696
229     0.000973615     6.756e-05     6.756e-05     6.756e-05     0.000451609     0.000619032     0.000336356
231     0.00089248     6.37934e-05     6.37934e-05     6.37934e-05     0.000447824     0.000615245     0.000332471
233     0.00113588     8.3614e-05     8.3614e-05     8.3614e-05     0.000477357     0.000649056     0.000359063
235     0.00115801     8.76431e-05     8.76431e-05     8.76431e-05     0.000467748     0.000633458     0.000353509
237     0.00117276     9.14499e-05     9.14499e-05     9.14499e-05     0.000460547     0.000621545     0.000349579
239     0.00113588     9.09935e-05     9.09935e-05     9.09935e-05     0.0004793     0.000648726     0.000362492
241     0.001099     9.04505e-05     9.04505e-05     9.04505e-05     0.000467172     0.0006316     0.000353773
243     0.00104737     8.85668e-05     8.85668e-05     8.85668e-05     0.000456562     0.000617277     0.000345736
245     0.00112851     9.81303e-05     9.81303e-05     9.81303e-05     0.00048337     0.000651707     0.000367256
247     0.00120227     0.000107147     0.000107147     0.000107147     0.000492119     0.000660354     0.000376042
249     0.00111376     0.000101723     0.000101723     0.000101723     0.000469542     0.000630188     0.000358674
251     0.00121702     0.00011422     0.00011422     0.00011422     0.000481522     0.000641813     0.000370842
253     0.00132028     0.000126929     0.000126929     0.000126929     0.0004923     0.0006515     0.000382288
255     0.00122439     0.000120758     0.000120758     0.000120758     0.000478792     0.000634533     0.000371055
257     0.00136454     0.00013792     0.00013792     0.00013792     0.000508882     0.000669991     0.000397409
259     0.00129078     0.000133678     0.000133678     0.000133678     0.00050012     0.000659013     0.000390036
261     0.0014678     0.000155625     0.000155625     0.000155625     0.000519433     0.000677061     0.000410207
263     0.00138666     0.000150578     0.000150578     0.000150578     0.000511397     0.000667606     0.000403113
265     0.00138666     0.000153913     0.000153913     0.000153913     0.00051802     0.000675603     0.000408722
267     0.00133503     0.000151604     0.000151604     0.000151604     0.000506807     0.000660562     0.000400166
269     0.00129078     0.000150012     0.000150012     0.000150012     0.0004911     0.000638741     0.000388635
271     0.00117276     0.000139353     0.000139353     0.000139353     0.000486051     0.000636258     0.000381847
273     0.00134241     0.000163282     0.000163282     0.000163282     0.000495499     0.000639549     0.000395569
275     0.00159319     0.000197784     0.000197784     0.000197784     0.000541014     0.000689932     0.000437681
277     0.0012539     0.000159199     0.000159199     0.000159199     0.000507996     0.000659369     0.000402904
279     0.0014678     0.000190458     0.000190458     0.000190458     0.000537265     0.000687767     0.000432753
281     0.00137929     0.000183008     0.000183008     0.000183008     0.000523669     0.00067144     0.000421053
283     0.00150468     0.00020368     0.00020368     0.00020368     0.000542336     0.000689083     0.00044034
285     0.00162269     0.000224428     0.000224428     0.000224428     0.0005504     0.000691485     0.000452297
287     0.00139404     0.000196617     0.000196617     0.000196617     0.000539643     0.000687932     0.000436452
289     0.00147517     0.000212378     0.000212378     0.000212378     0.000541216     0.000683328     0.000442323
291     0.00159319     0.000233832     0.000233832     0.000233832     0.000551475     0.00068874     0.000455897
293     0.00143829     0.000215165     0.000215165     0.000215165     0.000545146     0.000687848     0.000445805
295     0.00157106     0.00023993     0.00023993     0.00023993     0.000569222     0.000711778     0.000469982
297     0.00151205     0.00023534     0.00023534     0.00023534     0.000565284     0.00070828     0.000465763
299     0.00159319     0.000252623     0.000252623     0.000252623     0.000567338     0.000703821     0.000472313
301     0.00153418     0.000248007     0.000248007     0.000248007     0.000575569     0.000717669     0.000476652
303     0.00169645     0.000279385     0.000279385     0.000279385     0.000610414     0.000753983     0.000510425
305     0.00179234     0.000300675     0.000300675     0.000300675     0.000634715     0.000779469     0.00053384
307     0.00196936     0.000336772     0.000336772     0.000336772     0.00066136     0.000801895     0.000563372
309     0.00171858     0.00029918     0.00029918     0.00029918     0.000617877     0.000755772     0.000521705
311     0.00170383     0.000302168     0.000302168     0.000302168     0.000605278     0.000736323     0.000513852
313     0.00197673     0.00035676     0.00035676     0.00035676     0.00068583     0.000828006     0.000586581
315     0.00179971     0.000330505     0.000330505     0.000330505     0.000649002     0.000786492     0.000552972
317     0.00202836     0.000379223     0.000379223     0.000379223     0.000694293     0.000830259     0.000599293
319     0.00193985     0.000368891     0.000368891     0.000368891     0.000696461     0.000837758     0.0005977
321     0.00190297     0.000367995     0.000367995     0.000367995     0.000692931     0.000833067     0.000594978
323     0.00199886     0.000393115     0.000393115     0.000393115     0.000719805     0.000860642     0.000621294
325     0.00206524     0.000412722     0.000412722     0.000412722     0.000752877     0.00089946     0.00065031
327     0.00196936     0.000400015     0.000400015     0.000400015     0.000740087     0.000886576     0.000637566
329     0.00210212     0.000433812     0.000433812     0.000433812     0.000747306     0.000882234     0.000652831
331     0.00212425     0.000445237     0.000445237     0.000445237     0.000758557     0.000893227     0.000664212
333     0.00218326     0.000465044     0.000465044     0.000465044     0.000804554     0.000950238     0.000702436
335     0.00209475     0.000453013     0.000453013     0.000453013     0.000796935     0.000944206     0.000693595
337     0.00231602     0.000508583     0.000508583     0.000508583     0.000835291     0.000974869     0.000737263
339     0.00228652     0.000510261     0.000510261     0.000510261     0.000858888     0.00100751     0.000754422
341     0.00209475     0.00047474     0.00047474     0.00047474     0.000825026     0.000974023     0.000720181
343     0.00217588     0.000501063     0.000501063     0.000501063     0.000832413     0.000973184     0.000733308
345     0.00260368     0.000609571     0.000609571     0.000609571     0.00096556     0.00111705     0.000858931
347     0.00247829     0.000590713     0.000590713     0.000590713     0.000945682     0.00109733     0.00083907
349     0.0023234     0.000564551     0.000564551     0.000564551     0.000945298     0.00110804     0.000830863
351     0.00224226     0.000556757     0.000556757     0.000556757     0.000928377     0.00108737     0.000816564
353     0.0022939     0.000582489     0.000582489     0.000582489     0.000957037     0.00111765     0.000844151
355     0.0025373     0.000659097     0.000659097     0.000659097     0.00106603     0.00124098     0.000943147
357     0.00241929     0.00064407     0.00064407     0.00064407     0.00106029     0.00123971     0.000934342
359     0.00266269     0.000725762     0.000725762     0.000725762     0.00113542     0.00131243     0.00101121
361     0.00274382     0.000765685     0.000765685     0.000765685     0.00119845     0.00138574     0.00106709
363     0.00269219     0.000768189     0.000768189     0.000768189     0.00120333     0.00139183     0.00107111
365     0.00289134     0.000843238     0.000843238     0.000843238     0.00129027     0.00148419     0.00115431
367     0.00264056     0.000785951     0.000785951     0.000785951     0.0012396     0.00143658     0.00110147
369     0.0027807     0.000845963     0.000845963     0.000845963     0.00133663     0.00154997     0.00118708
371     0.00311999     0.000969186     0.000969188     0.000969186     0.00143837     0.00164265     0.00129519
373     0.00316425     0.00100484     0.00100485     0.00100484     0.00149281     0.00170561     0.00134371
375     0.00307574     0.000997883     0.000997898     0.000997883     0.00149787     0.00171627     0.0013449
377     0.00324538     0.00107493     0.00107494     0.00107493     0.00156575     0.0017805     0.00141539
379     0.0033929     0.00114726     0.00114728     0.00114726     0.00163636     0.00185068     0.00148634
381     0.0027512     0.000949151     0.000949168     0.000949151     0.00146467     0.00169094     0.00130636
383     0.00327489     0.00115204     0.00115206     0.00115204     0.0016717     0.00190004     0.00151194
385     0.00351829     0.00126148     0.0012615     0.00126148     0.00178741     0.00201884     0.00162555
387     0.00328964     0.00120179     0.00120181     0.00120179     0.00175766     0.00200256     0.0015864
389     0.00342978     0.00127537     0.0012754     0.00127537     0.00180684     0.00204123     0.00164295
391     0.00358467     0.00135681     0.00135684     0.00135681     0.00195855     0.0022242     0.00177281
393     0.00351091     0.00135209     0.00135212     0.00135209     0.00194165     0.00220218     0.00175949
395     0.00393871     0.00154273     0.00154277     0.00154273     0.00217096     0.00244893     0.00197671
397     0.00413049     0.00164575     0.00164579     0.00164575     0.00225775     0.00252879     0.00206834
399     0.00368793     0.00149314     0.00149318     0.00149314     0.00206385     0.00231691     0.00188706
401     0.00386496     0.00159196     0.001592     0.00159196     0.00220037     0.00247039     0.0020117
403     0.00412311     0.0017255     0.00172555     0.0017255     0.0023506     0.00262838     0.00215657
405     0.00410098     0.00174432     0.00174437     0.00174432     0.00240813     0.00270349     0.00220187
407     0.00419687     0.00181365     0.00181371     0.00181365     0.00246967     0.00276194     0.00226564
409     0.00452878     0.00198881     0.00198888     0.00198881     0.00268113     0.00298988     0.00246561
411     0.00450666     0.0020095     0.00200957     0.0020095     0.00269692     0.00300375     0.00248277
413     0.00455091     0.00205952     0.00205959     0.00205952     0.00273196     0.0030323     0.00252231
415     0.00466893     0.00214458     0.00214466     0.00214458     0.00285129     0.00316714     0.00263083
417     0.00485332     0.00226237     0.00226246     0.00226237     0.00299764     0.00332658     0.00276813
419     0.00536226     0.00253405     0.00253415     0.00253405     0.00327592     0.00360809     0.00304413
421     0.00495658     0.00237605     0.00237615     0.00237605     0.0031278     0.00346472     0.00289271
423     0.00511885     0.00248725     0.00248736     0.00248725     0.0032667     0.00361652     0.0030227
425     0.00506722     0.00249582     0.00249594     0.00249582     0.00329251     0.00365055     0.00304285
427     0.00563516     0.00281295     0.00281309     0.00281295     0.00361568     0.00397691     0.00336389
429     0.00523687     0.00264826     0.0026484     0.00264826     0.00344149     0.00379884     0.00319246
431     0.00546552     0.00280131     0.00280146     0.00280131     0.00362435     0.00399538     0.00336581
433     0.00596708     0.0030995     0.00309968     0.0030995     0.00399147     0.00439368     0.00371115
435     0.00601133     0.00316322     0.00316341     0.00316322     0.00411253     0.00454073     0.00381406
437     0.00618098     0.00329512     0.00329533     0.00329512     0.00422092     0.00463875     0.00392971
439     0.00610722     0.00329739     0.00329762     0.00329739     0.00426708     0.00470505     0.00396184
441     0.00670467     0.00366622     0.00366648     0.00366622     0.00462307     0.00505585     0.00432156
443     0.00643176     0.00356143     0.0035617     0.00356143     0.00452362     0.00495961     0.00422001
445     0.00685218     0.0038404     0.0038407     0.0038404     0.00490252     0.00538485     0.00456688
447     0.00672679     0.00381606     0.00381639     0.00381606     0.00485421     0.00532653     0.00452562
449     0.0070292     0.00403501     0.00403536     0.00403501     0.00507676     0.00555166     0.00474658
451     0.0074275     0.00431354     0.00431396     0.00431354     0.00544032     0.00595474     0.00508277
453     0.00797332     0.00468656     0.00468703     0.00468656     0.00588348     0.00643046     0.00550335
455     0.00798807     0.00474885     0.00474936     0.00474885     0.00595451     0.00650591     0.00557144
457     0.00797332     0.00479485     0.00479539     0.00479485     0.00605432     0.00663043     0.00565403
459     0.00859289     0.00522812     0.00522875     0.00522812     0.00657919     0.00719702     0.00614972
461     0.00905019     0.00557025     0.00557097     0.00557025     0.0068732     0.00746887     0.00645915
463     0.00950012     0.00591526     0.00591607     0.00591526     0.00735392     0.00801114     0.00689688
465     0.00971402     0.00611897     0.00611988     0.00611897     0.00755512     0.00821079     0.00709914
467     0.0101492     0.00646781     0.00646881     0.00646781     0.00801251     0.008717     0.00752222
469     0.00995742     0.00641911     0.0064202     0.00641911     0.00793429     0.00862506     0.00745358
471     0.010282     0.00670458     0.00670575     0.00670458     0.00829044     0.00901302     0.0077873
473     0.0107393     0.00708458     0.00708598     0.00708458     0.00868209     0.00941021     0.00817525
475     0.0115875     0.00773186     0.00773339     0.00773186     0.00950975     0.0103202     0.00894552
477     0.0120964     0.00816546     0.00816732     0.00816546     0.00999043     0.010823     0.00941091
479     0.0121923     0.00832636     0.00832828     0.00832636     0.0101028     0.0109141     0.0095383
481     0.0135421     0.00935819     0.00936062     0.00935819     0.0113504     0.0122616     0.0107168
483     0.012775     0.00893585     0.00893829     0.00893585     0.0108673     0.011752     0.0102523
485     0.0137486     0.00973619     0.00973909     0.00973619     0.011813     0.0127658     0.011151
487     0.0145968     0.0104644     0.0104677     0.0104644     0.0126683     0.013681     0.0119651
489     0.0150394     0.0109201     0.0109239     0.0109201     0.0131199     0.0141321     0.0124174
491     0.0154672     0.0113734     0.0113777     0.0113734     0.0136378     0.0146808     0.0129142
493     0.0158139     0.0117841     0.0117887     0.0117841     0.0140502     0.0150947     0.0133259
495     0.0162269     0.012249     0.0122545     0.012249     0.0146548     0.0157641     0.0138857
497     0.0168465     0.0128914     0.0128973     0.0128914     0.0154016     0.0165592     0.014599
499     0.0184766     0.0143407     0.0143483     0.0143407     0.0169475     0.0181512     0.0161139
501     0.0184028     0.0144933     0.014501     0.0144933     0.0170646     0.0182524     0.0162421
503     0.0203353     0.0162571     0.0162673     0.0162571     0.0190672     0.0203676     0.0181678
505     0.0198411     0.0161152     0.0161255     0.0161152     0.0188275     0.0200839     0.0179589
507     0.021272     0.0175593     0.0175721     0.0175593     0.020467     0.0218173     0.0195352
509     0.0215007     0.0180503     0.018064     0.0180503     0.0208743     0.0221882     0.0199684
511     0.0227472     0.0194384     0.0194548     0.0194384     0.0224031     0.0237867     0.021451
513     0.0237134     0.020644     0.0206627     0.020644     0.0236633     0.0250761     0.0226925
515     0.0236692     0.0210022     0.0210228     0.0210022     0.0239863     0.0253872     0.0230258
517     0.0254836     0.0230747     0.0230994     0.0230747     0.026159     0.0276123     0.0251652
519     0.0263982     0.0244091     0.0244367     0.0244091     0.0275689     0.0290619     0.0265496
521     0.0268924     0.0254147     0.0254467     0.0254147     0.0284925     0.0299534     0.0274988
523     0.0280136     0.027084     0.0271189     0.027084     0.030136     0.0315893     0.0291499
525     0.028906     0.0286071     0.0286488     0.0286071     0.0316687     0.0331339     0.0306791
527     0.0287806     0.0291921     0.0292347     0.0291921     0.0321579     0.0335798     0.0311989
529     0.0303443     0.0315592     0.0316118     0.0315592     0.0345148     0.0359418     0.033559
531     0.0311557     0.0332443     0.0332994     0.0332443     0.0361284     0.0375243     0.0351956
533     0.0315392     0.0345485     0.0346117     0.0345485     0.0373124     0.03866     0.0364186
535     0.030927     0.0347985     0.0348627     0.0347985     0.0373429     0.0385889     0.0365203
537     0.0326235     0.0377088     0.0377828     0.0377088     0.0401593     0.0413708     0.0393672
539     0.0319006     0.0378765     0.0379517     0.0378765     0.0400807     0.0411786     0.0393684
541     0.0328226     0.0400401     0.0401221     0.0400401     0.0420691     0.0430922     0.0414134
543     0.0325866     0.0408353     0.0409199     0.0408353     0.0426178     0.043529     0.0420416
545     0.0323137     0.0415516     0.0416381     0.0415516     0.043059     0.0438449     0.0425717
547     0.0323874     0.0427142     0.042803     0.0427142     0.0439504     0.0446127     0.0435506
549     0.0314802     0.042527     0.0426142     0.042527     0.0434515     0.0439678     0.0431525
551     0.0306689     0.042399     0.0424838     0.042399     0.0430192     0.0433921     0.0428185
553     0.0304033     0.0429497     0.0430337     0.0429497     0.0432688     0.0435011     0.0431655
555     0.029769     0.0428835     0.0429629     0.0428835     0.0429056     0.0429952     0.0428984
557     0.0297838     0.0436722     0.0437509     0.0436722     0.0433775     0.0435517     0.0432405
559     0.0287954     0.0428907     0.0429618     0.0428907     0.0423084     0.0425683     0.0420375
561     0.0269809     0.0407387     0.0408037     0.0407387     0.0399053     0.0402407     0.0395172
563     0.0270768     0.0413547     0.0414146     0.0413547     0.0402416     0.0406629     0.0397227
565     0.025137     0.0387631     0.0388162     0.0387631     0.037462     0.037938     0.0368547
567     0.0246723     0.0383649     0.0384124     0.0383649     0.0368181     0.0373688     0.0360954
569     0.0237798     0.0372367     0.037279     0.0372367     0.0355016     0.0361087     0.0346902
571     0.0226218     0.0356389     0.035676     0.0356389     0.0337471     0.0344003     0.0328621
573     0.0213753     0.0338603     0.0338918     0.0338603     0.0318593     0.0325427     0.0309232
575     0.0207852     0.0330791     0.0331076     0.0330791     0.0309284     0.0316577     0.0299219
577     0.0201287     0.032159     0.032183     0.032159     0.0298827     0.0306484     0.0288174
579     0.0190519     0.0305296     0.0305513     0.0305296     0.0281667     0.0289584     0.027061
581     0.0181594     0.0291594     0.0291766     0.0291594     0.0267518     0.0275539     0.0256248
583     0.0170751     0.027454     0.0274697     0.027454     0.0250354     0.0258399     0.023903
585     0.0164113     0.0264099     0.0264223     0.0264099     0.0239227     0.0247466     0.0227575
587     0.0156073     0.0251359     0.0251472     0.0251359     0.0226607     0.02348     0.0215008
589     0.0150025     0.024186     0.0241952     0.024186     0.0216598     0.022494     0.0204752
591     0.0142797     0.0230551     0.0230632     0.0230551     0.0205277     0.0213617     0.0193419
593     0.0134831     0.0218106     0.0218173     0.0218106     0.019299     0.0201268     0.0181199
595     0.0129151     0.0209346     0.0209405     0.0209346     0.0184095     0.0192414     0.0172232
597     0.0127012     0.020628     0.020633     0.020628     0.0180617     0.0189068     0.016855
599     0.0114474     0.01862     0.018624     0.01862     0.016212     0.0170049     0.0150791
601     0.0113515     0.0184786     0.0184823     0.0184786     0.0159796     0.0168025     0.0148024
603     0.00992054     0.0161516     0.0161543     0.0161516     0.0138788     0.0146272     0.0128073
605     0.010282     0.0167368     0.0167395     0.0167368     0.0143505     0.0151368     0.0132242
607     0.00958125     0.0155932     0.0155953     0.0155932     0.0132821     0.0140437     0.0121905
609     0.00866665     0.0141066     0.0141084     0.0141066     0.0119727     0.0126762     0.0109637
611     0.00903544     0.0147178     0.0147194     0.0147178     0.012422     0.0131789     0.0113358
613     0.00815034     0.0132949     0.0132962     0.0132949     0.0111654     0.0118676     0.0101575
615     0.00784055     0.0128137     0.0128148     0.0128137     0.0107118     0.0114049     0.00971679
617     0.00773729     0.0126738     0.0126749     0.0126738     0.0105404     0.0112439     0.00953016
619     0.00731686     0.0120141     0.0120149     0.0120141     0.00994204     0.0106254     0.00896103
621     0.00716935     0.0118002     0.011801     0.0118002     0.00973303     0.0104148     0.00875384
623     0.00648339     0.0106965     0.0106971     0.0106965     0.00879911     0.00942504     0.00790016
625     0.00668254     0.0110497     0.0110502     0.0110497     0.00902893     0.00969576     0.00807104
627     0.00562041     0.00931423     0.00931467     0.00931423     0.00755751     0.00813747     0.00672441
629     0.00597445     0.009922     0.0099224     0.009922     0.00801127     0.00864226     0.00710455
631     0.00573105     0.00953836     0.00953872     0.00953836     0.00767027     0.00828749     0.0067834
633     0.00562779     0.00938677     0.00938707     0.00938677     0.00754201     0.00815171     0.00666577
635     0.00555403     0.00928573     0.00928601     0.00928573     0.00742548     0.00804062     0.00654138
637     0.00518524     0.008691     0.00869122     0.008691     0.0069206     0.00750629     0.0060787
639     0.00511885     0.00860471     0.00860492     0.00860471     0.00682804     0.00741611     0.00598256
641     0.00513361     0.00865795     0.00865813     0.00865795     0.00685594     0.00745278     0.00599772
643     0.00475006     0.00804065     0.00804081     0.00804065     0.00634039     0.00690389     0.00552988
645     0.00432964     0.0073589     0.00735902     0.0073589     0.00579072     0.00631077     0.00504259
647     0.00404935     0.00691097     0.00691108     0.00691097     0.00539929     0.00590093     0.00467754
649     0.00404935     0.00694029     0.00694038     0.00694029     0.00540688     0.00591599     0.00467433
651     0.00408623     0.00703304     0.00703312     0.00703304     0.00547584     0.00599298     0.00473163
653     0.00371006     0.0064119     0.00641197     0.0064119     0.00493848     0.00542791     0.00423439
655     0.00376907     0.00654033     0.00654039     0.00654033     0.00504491     0.00554164     0.00433021
657     0.00392396     0.00683572     0.00683578     0.00683572     0.00528192     0.00579819     0.00453941
659     0.0031495     0.0055079     0.00550794     0.0055079     0.00418101     0.00462199     0.00354676
661     0.00333389     0.00585391     0.00585395     0.00585391     0.00447086     0.00493069     0.00380935
663     0.00323063     0.00569551     0.00569554     0.00569551     0.00433611     0.00478836     0.00368539
665     0.00303148     0.0053656     0.00536562     0.0053656     0.00405528     0.00449156     0.00342735
667     0.00303148     0.00538765     0.00538767     0.00538765     0.00406444     0.00450535     0.0034297
669     0.00275858     0.00492197     0.00492199     0.00492197     0.00364141     0.00406845     0.00302661
671     0.00289872     0.00519299     0.00519301     0.00519299     0.00387867     0.0043172     0.00324713
673     0.00262581     0.00472325     0.00472326     0.00472325     0.00354501     0.00393835     0.00297854
675     0.00261106     0.0047156     0.0047156     0.0047156     0.00349174     0.00390046     0.00290312
677     0.00230127     0.00417242     0.00417243     0.00417242     0.00309938     0.00345788     0.00258319
679     0.0023234     0.00422893     0.00422894     0.00422893     0.00312851     0.00349625     0.00259899
681     0.00236765     0.00432521     0.00432521     0.00432521     0.00321224     0.00358422     0.00267657
683     0.00242666     0.00444982     0.00444982     0.00444982     0.00328219     0.00367259     0.00272011
685     0.00223489     0.00411397     0.00411397     0.00411397     0.00300281     0.00337443     0.00246775
687     0.00203574     0.00376159     0.00376159     0.00376159     0.00277574     0.00310558     0.0023008
689     0.00202836     0.00376292     0.00376292     0.00376292     0.00275432     0.00309195     0.00226807
691     0.00216113     0.00402705     0.00402706     0.00402705     0.00296118     0.00331827     0.00244689
693     0.00203574     0.003812     0.003812     0.003812     0.00277217     0.00312081     0.00226988
695     0.00188822     0.00355305     0.00355305     0.00355305     0.0025267     0.00287109     0.00203043
697     0.00164482     0.00311013     0.00311013     0.00311013     0.0022276     0.00252401     0.00180043
699     0.00177758     0.00337724     0.00337724     0.00337724     0.00243132     0.00274923     0.00197294
701     0.0017112     0.00326635     0.00326636     0.00326635     0.00232996     0.00264487     0.00187577
703     0.00165957     0.0031822     0.00318221     0.0031822     0.00222881     0.00254965     0.00176622
705     0.00188085     0.00362307     0.00362308     0.00362307     0.00262185     0.00295892     0.00213574
707     0.00165957     0.00321083     0.00321083     0.00321083     0.00226625     0.00258437     0.00180744
709     0.00158581     0.00308393     0.00308393     0.00308393     0.00219318     0.00249329     0.00176042
711     0.00150468     0.00294108     0.00294109     0.00294108     0.00206629     0.0023611     0.00164104
713     0.00129815     0.0025504     0.0025504     0.0025504     0.00180902     0.00205897     0.00144855
715     0.0014973     0.00295838     0.00295839     0.00295838     0.00211049     0.00239646     0.00169803
717     0.00143092     0.00284317     0.00284317     0.00284317     0.0019848     0.00227445     0.00156701
719     0.00142354     0.00284313     0.00284314     0.00284313     0.00200205     0.00228602     0.00159235
721     0.00143092     0.00287167     0.00287168     0.00287167     0.00202326     0.00230993     0.00160964
723     0.0013129     0.00264628     0.00264629     0.00264628     0.00184158     0.00211369     0.00144884
725     0.0010695     0.00216483     0.00216483     0.00216483     0.0014921     0.00171979     0.00116339
727     0.0012539     0.00254834     0.00254834     0.00254834     0.0017826     0.00204197     0.00140804
729     0.00130553     0.00266442     0.00266442     0.00266442     0.00185778     0.00213122     0.00146278
731     0.00119489     0.0024491     0.0024491     0.0024491     0.00170884     0.00195993     0.00134607
733     0.00126865     0.00261173     0.00261173     0.00261173     0.00180185     0.0020767     0.00140481
735     0.00115064     0.00238088     0.00238089     0.00238088     0.00166457     0.00190776     0.00131317
737     0.00110638     0.00230083     0.00230083     0.00230083     0.00160835     0.00184354     0.00126845
739     0.00113588     0.00237401     0.00237401     0.00237401     0.0016371     0.00188751     0.00127524
741     0.000966239     0.00203066     0.00203067     0.00203066     0.00139505     0.00161118     0.00108269
743     0.00107688     0.00227613     0.00227614     0.00227613     0.00155879     0.0018029     0.00120604
745     0.00115064     0.00244602     0.00244602     0.00244602     0.0017269     0.00197176     0.00137277
747     0.000877729     0.00187677     0.00187677     0.00187677     0.0012569     0.00146815     0.000951456
749     0.000936735     0.00201385     0.00201385     0.00201385     0.00135224     0.00157786     0.00102586
751     0.00089248     0.00192758     0.00192758     0.00192758     0.00125317     0.00148331     0.000920234
753     0.00101787     0.0022088     0.0022088     0.0022088     0.00152622     0.00175926     0.00118915
755     0.000966239     0.00210623     0.00210623     0.00210623     0.00143675     0.0016654     0.00110596
757     0.00089248     0.001953     0.001953     0.001953     0.00126985     0.00150326     0.000932142
759     0.000737587     0.00162164     0.00162164     0.00162164     0.00107437     0.00126143     0.000803639
761     0.000840849     0.00185707     0.00185707     0.00185707     0.00123584     0.00144829     0.00092832
763     0.000862977     0.00191515     0.00191515     0.00191515     0.00128891     0.00150321     0.000978669
765     0.000811346     0.00180873     0.00180873     0.00180873     0.00119687     0.0014064     0.000893512
767     0.000818722     0.0018348     0.0018348     0.0018348     0.00122748     0.00143559     0.000926077
769     0.000715459     0.00161217     0.00161217     0.00161217     0.00103299     0.00123161     0.000745285
771     0.000752339     0.00170423     0.00170423     0.00170423     0.00112877     0.00132624     0.000842671
773     0.000663828     0.00151267     0.00151267     0.00151267     0.00100344     0.00117829     0.000750049
775     0.000708084     0.00162288     0.00162288     0.00162288     0.00105871     0.00125255     0.000777773
777     0.000708084     0.0016316     0.0016316     0.0016316     0.00109269     0.00127796     0.000824106
779     0.000759715     0.0017598     0.0017598     0.0017598     0.00113682     0.00135115     0.000826079
781     0.000641701     0.00149353     0.00149353     0.00149353     0.000964693     0.00114678     0.000700637
783     0.000641701     0.00150093     0.00150093     0.00150093     0.0009879     0.00116469     0.000731484
785     0.000663828     0.00155957     0.00155957     0.00155957     0.00102865     0.00121177     0.000762967
787     0.000708084     0.00167104     0.00167104     0.00167104     0.00110578     0.00130091     0.000822552
789     0.000494183     0.00117125     0.00117125     0.00117125     0.000752424     0.000897114     0.000542352
791     0.000634325     0.00151082     0.00151082     0.00151082     0.000996636     0.0011744     0.000738499
793     0.000494183     0.00118211     0.00118211     0.00118211     0.000746878     0.000897422     0.000528179
795     0.00076709     0.00184434     0.00184434     0.00184434     0.00118922     0.00141596     0.000859876
797     0.000501559     0.00121246     0.00121246     0.00121246     0.000770557     0.000923579     0.00054826
799     0.000501559     0.00121844     0.00121844     0.00121844     0.000755718     0.000916027     0.0005228
801     0.000582694     0.00142328     0.00142328     0.00142328     0.000933763     0.00110346     0.000687182
803     0.000545814     0.00134001     0.00134001     0.00134001     0.000873012     0.001035     0.000637608
805     0.000516311     0.00127469     0.00127469     0.00127469     0.000793156     0.000960292     0.000550124
807     0.000494183     0.00122666     0.00122666     0.00122666     0.00076508     0.000925425     0.000531926
809     0.000516311     0.00128839     0.00128839     0.00128839     0.000830058     0.000989395     0.000598245
811     0.00046468     0.00116595     0.00116595     0.00116595     0.00072234     0.000876689     0.000497703
813     0.000523687     0.00132084     0.00132084     0.00132084     0.000859209     0.00101999     0.000625173
815     0.000420425     0.00106601     0.00106601     0.00106601     0.000662863     0.000803393     0.000458254
817     0.000420425     0.00107148     0.00107148     0.00107148     0.000692351     0.000824587     0.00049975
819     0.000398297     0.00102017     0.00102017     0.00102017     0.000654296     0.000781953     0.000468347
821     0.000545814     0.00140468     0.00140468     0.00140468     0.000921662     0.00109021     0.000676161
823     0.000501559     0.00129721     0.00129721     0.00129721     0.000794927     0.000970181     0.000539749
825     0.000368793     0.00095829     0.00095829     0.00095829     0.00058079     0.000712506     0.000389053
827     0.000420425     0.00109754     0.00109754     0.00109754     0.000664475     0.000815597     0.000444503
829     0.000501559     0.00131611     0.00131611     0.00131611     0.000806635     0.000984549     0.000547655
831     0.000376169     0.000991685     0.000991685     0.000991685     0.00061766     0.000748432     0.00042712
833     0.000531063     0.0014077     0.0014077     0.0014077     0.000896597     0.00107564     0.000635501
835     0.000280283     0.000747002     0.000747002     0.000747002     0.000462074     0.000562116     0.00031605
837     0.000398297     0.00106694     0.00106694     0.00106694     0.000664724     0.000806219     0.000457918
839     0.000376169     0.00101311     0.00101311     0.00101311     0.000629661     0.00076478     0.000432086
841     0.000317162     0.000858297     0.000858297     0.000858297     0.000518522     0.000638335     0.000343257
843     0.000383545     0.00104352     0.00104352     0.00104352     0.000658191     0.000794066     0.000459479
845     0.000368793     0.00100772     0.00100772     0.00100772     0.00062192     0.000757896     0.000423114
847     0.000383545     0.00105356     0.00105356     0.00105356     0.000660364     0.000798885     0.000457944
849     0.000302411     0.000835014     0.000835014     0.000835014     0.000498488     0.000617014     0.000325374
851     0.000354042     0.000982408     0.000982408     0.000982408     0.000589979     0.000728228     0.000388033
853     0.000199148     0.000555443     0.000555443     0.000555443     0.000302088     0.000391427     0.000171564
855     0.000265531     0.000744851     0.000744851     0.000744851     0.000459995     0.000560562     0.000312949
857     0.000287659     0.000811007     0.000811007     0.000811007     0.000475393     0.000594063     0.000301772
859     0.00025078     0.000710723     0.000710723     0.000710723     0.000399995     0.000510034     0.000238861
861     0.000236028     0.000672164     0.000672164     0.000672164     0.000375113     0.000480444     0.000220758
863     0.000346666     0.000992713     0.000992713     0.000992713     0.000612693     0.000747618     0.000414925
865     0.0002139     0.000615478     0.000615478     0.000615478     0.000343846     0.000440379     0.000202277
867     0.000331914     0.000960065     0.000960065     0.000960065     0.000600431     0.000728357     0.000412747
869     0.000317162     0.000921772     0.000921772     0.000921772     0.000563477     0.000691031     0.000376254
871     0.000287659     0.000839981     0.000839981     0.000839981     0.000501072     0.000621837     0.000323764
873     0.000302411     0.00088739     0.00088739     0.00088739     0.000541752     0.000665014     0.000360694
875     0.000258155     0.000761139     0.000761139     0.000761139     0.000432085     0.000549543     0.000259506
877     0.000302411     0.000895556     0.000895556     0.000895556     0.000530752     0.000661076     0.000339229
879     0.00025078     0.000746402     0.000746402     0.000746402     0.000446685     0.000553819     0.000289171
881     0.00025078     0.000750158     0.000750158     0.000750158     0.000417789     0.000536649     0.000243054
883     0.000221276     0.00066506     0.00066506     0.00066506     0.00039693     0.00049284     0.000255916
885     0.000221276     0.000668354     0.000668354     0.000668354     0.000389201     0.000489077     0.000242373
887     0.00025078     0.000761092     0.000761092     0.000761092     0.00045996     0.000567749     0.000301478
889     0.00025078     0.000765086     0.000765086     0.000765086     0.000444311     0.000559224     0.000275278
891     0.000206524     0.000632829     0.000632829     0.000632829     0.00037514     0.000467591     0.000239099
893     0.000258155     0.000795823     0.000795823     0.000795823     0.000482314     0.000594984     0.000316321
895     0.000236028     0.000731791     0.000731791     0.000731791     0.000410421     0.00052614     0.000239751
897     0.0002139     0.000666308     0.000666308     0.000666308     0.000382591     0.000484938     0.000231493
899     0.000191773     0.000600315     0.000600315     0.000600315     0.000348427     0.000439437     0.000213981
901     0.000272907     0.000859184     0.000859184     0.000859184     0.000514489     0.000639128     0.000330258
903     0.0002139     0.000676537     0.000676537     0.000676537     0.000400933     0.000500624     0.000253606
905     0.000169645     0.000539384     0.000539384     0.000539384     0.000315307     0.000396359     0.000195539
907     0.000162269     0.000518302     0.000518302     0.000518302     0.000300423     0.000379224     0.000184002
909     0.000228652     0.000734103     0.000734103     0.000734103     0.000443667     0.000548722     0.000288503
911     0.000169645     0.000547609     0.000547609     0.000547609     0.000332185     0.000410143     0.000217043
913     0.000228652     0.000741631     0.000741631     0.000741631     0.000453983     0.00055817     0.000299987
915     0.000236028     0.000769652     0.000769652     0.000769652     0.000426596     0.00055102     0.000242617
917     0.000199148     0.000652831     0.000652831     0.000652831     0.000359776     0.000466208     0.000202303
919     0.000199148     0.000656179     0.000656179     0.000656179     0.000386663     0.000484677     0.00024152
921     0.000140142     0.000464118     0.000464118     0.000464118     0.000258444     0.000333332     0.000147459
923     0.000147517     0.000490537     0.000490537     0.000490537     0.000272717     0.000352116     0.000155003
925     0.00025078     0.000839198     0.000839198     0.000839198     0.000513459     0.000632301     0.000337142
927     0.000221276     0.000743488     0.000743488     0.000743488     0.000425779     0.000541806     0.000253623
929     0.000191773     0.000647126     0.000647126     0.000647126     0.000344077     0.000454836     0.000179669
931     0.000191773     0.00065096     0.00065096     0.00065096     0.000382563     0.000480744     0.000236772
933     0.000162269     0.000553517     0.000553517     0.000553517     0.000287799     0.000385074     0.000143276
935     0.000191773     0.000657561     0.000657561     0.000657561     0.000359907     0.00046897     0.00019785
937     0.000177021     0.000609959     0.000609959     0.000609959     0.000329833     0.000432552     0.000177156
939     0.000169645     0.000587651     0.000587651     0.000587651     0.000319341     0.000417792     0.000172973
941     0.000177021     0.000616247     0.000616247     0.000616247     0.000351436     0.000448656     0.000206872
943     0.000154893     0.000541731     0.000541731     0.000541731     0.000305772     0.000392437     0.000176872
945     0.000147517     0.000518754     0.000518754     0.000518754     0.000305461     0.000383835     0.000188878
947     0.0002139     0.000755619     0.000755619     0.000755619     0.000426167     0.00054729     0.000245962
949     0.000132766     0.000471334     0.000471334     0.000471334     0.000264201     0.000340411     0.000150796
951     9.58863e-05     0.000342247     0.000342247     0.000342247     0.000183215     0.000241784     9.60034e-05
953     0.000147517     0.00052883     0.00052883     0.00052883     0.000295596     0.000381596     0.000167444
955     0.000177021     0.000637452     0.000637452     0.000637452     0.000355873     0.000459856     0.000200849
957     0.000154893     0.000560652     0.000560652     0.000560652     0.000295275     0.000393422     0.000148832
959     0.000169645     0.000616962     0.000616962     0.000616962     0.000355927     0.000452614     0.000211531
961     0.000140142     0.00051263     0.00051263     0.00051263     0.000316526     0.000389263     0.000207815
963     5.9007e-05     0.000216804     0.000216804     0.000216804     9.57624e-05     0.000140715     2.85155e-05
965     0.000154893     0.000571925     0.000571925     0.000571925     0.000328304     0.000418897     0.000192737
967     0.000154893     0.000575364     0.000575364     0.000575364     0.000339618     0.000427375     0.000208204
969     0.000154893     0.000578158     0.000578158     0.000578158     0.000323664     0.000418501     0.000181568
971     0.000132766     0.000498207     0.000498207     0.000498207     0.000272446     0.000356664     0.00014619
973     0.000140142     0.00052842     0.00052842     0.00052842     0.000280215     0.000372903     0.000141229
975     0.000103262     0.000391249     0.000391249     0.000391249     0.000207446     0.000276149     0.000104363
977     0.000118014     0.000449289     0.000449289     0.000449289     0.000250855     0.000325097     0.000139404
979     0.000147517     0.000564395     0.000564395     0.000564395     0.000332441     0.000419297     0.000201969
981     0.000147517     0.000566905     0.000566905     0.000566905     0.000321455     0.000413451     0.000183239
983     0.000118014     0.000456098     0.000456098     0.000456098     0.000243656     0.000323346     0.000123874
985     0.000147517     0.000572913     0.000572913     0.000572913     0.000332566     0.000422799     0.000196878
987     0.000147517     0.000575227     0.000575227     0.000575227     0.000308302     0.000408586     0.000157408
989     0.000110638     0.000434201     0.000434201     0.000434201     0.00023547     0.000310195     0.000123035
991     0.000103262     0.000407207     0.000407207     0.000407207     0.000235281     0.000299968     0.000137898
993     0.000118014     0.000467346     0.000467346     0.000467346     0.000245132     0.000328799     0.00011918
995     0.00012539     0.000499176     0.000499176     0.000499176     0.000272967     0.000358184     0.000144608
997     0.000154893     0.000619953     0.000619953     0.000619953     0.000343416     0.000447656     0.000186368
999     8.11346e-05     0.000326447     0.000326447     0.000326447     0.000164774     0.000225716     7.29576e-05
