1     0     0     0     0     0     0     0
3     0     0     0     0     0     0     0
5     0     0     0     0     0     0     0
7     0     0     0     0     0     0     0
9     0     0     0     0     0     0     0
11     0     0     0     0     0     0     0
13     0     0     0     0     0     0     0
15     0     0     0     0     0     0     0
17     0     0     0     0     0     0     0
19     0     0     0     0     0     0     0
21     0     0     0     0     0     0     0
23     0     0     0     0     0     0     0
25     5.89218e-05     3.449e-08     3.449e-08     3.449e-08     3.449e-08     3.449e-08     3.449e-08
27     3.92812e-05     2.10902e-08     2.10902e-08     2.10902e-08     2.10902e-08     2.10902e-08     2.10902e-08
29     3.92812e-05     1.88231e-08     1.88231e-08     1.88231e-08     1.88231e-08     1.88231e-08     1.88231e-08
31     5.89218e-05     2.61944e-08     2.61944e-08     2.61944e-08     2.61944e-08     2.61944e-08     2.61944e-08
33     6.3832e-05     2.61942e-08     2.61942e-08     2.61942e-08     2.61942e-08     2.61942e-08     2.61942e-08
35     6.3832e-05     2.39723e-08     2.39723e-08     2.39723e-08     2.39723e-08     2.39723e-08     2.39723e-08
37     6.3832e-05     2.21841e-08     2.21841e-08     2.21841e-08     2.21841e-08     2.21841e-08     2.21841e-08
39     9.32929e-05     3.01772e-08     3.01772e-08     3.01772e-08     3.01772e-08     3.01772e-08     3.01772e-08
41     8.83827e-05     2.65735e-08     2.65735e-08     2.65735e-08     2.65735e-08     2.65735e-08     2.65735e-08
43     5.89218e-05     1.6492e-08     1.6492e-08     1.6492e-08     1.6492e-08     1.6492e-08     1.6492e-08
45     5.40117e-05     1.42916e-08     1.42916e-08     1.42916e-08     1.42916e-08     1.42916e-08     1.42916e-08
47     6.87421e-05     1.72378e-08     1.72378e-08     1.72378e-08     1.72378e-08     1.72378e-08     1.72378e-08
49     8.34726e-05     1.97968e-08     1.97968e-08     1.97968e-08     1.97968e-08     1.97968e-08     1.97968e-08
51     8.83827e-05     1.99415e-08     1.99415e-08     1.99415e-08     1.99415e-08     1.99415e-08     1.99415e-08
53     0.000157125     3.36147e-08     3.36147e-08     3.36147e-08     3.36147e-08     3.36147e-08     3.36147e-08
55     0.000162035     3.3136e-08     3.3136e-08     3.3136e-08     3.3136e-08     3.3136e-08     3.3136e-08
57     0.000162035     3.17826e-08     3.17826e-08     3.17826e-08     3.17826e-08     3.17826e-08     3.17826e-08
59     0.000166945     3.15828e-08     3.15828e-08     3.15828e-08     3.15828e-08     3.15828e-08     3.15828e-08
61     9.32929e-05     1.6935e-08     1.6935e-08     1.6935e-08     1.6935e-08     1.6935e-08     1.6935e-08
63     0.000127664     2.24367e-08     2.24367e-08     2.24367e-08     2.24367e-08     2.24367e-08     2.24367e-08
65     0.000137484     2.34642e-08     2.34642e-08     2.34642e-08     2.34642e-08     2.34642e-08     2.34642e-08
67     0.000122754     2.03857e-08     2.03857e-08     2.03857e-08     2.03857e-08     2.03857e-08     2.03857e-08
69     0.000211136     3.40925e-08     3.40925e-08     3.40925e-08     3.40925e-08     3.40925e-08     3.40925e-08
71     0.000147305     2.32465e-08     2.32465e-08     2.32465e-08     2.32465e-08     2.32465e-08     2.32465e-08
73     0.000181676     2.80775e-08     2.80775e-08     2.80775e-08     2.80775e-08     2.80775e-08     2.80775e-08
75     0.000240597     3.64767e-08     3.64767e-08     3.64767e-08     3.64767e-08     3.64767e-08     3.64767e-08
77     0.000196406     2.93271e-08     2.93271e-08     2.93271e-08     2.93271e-08     2.93271e-08     2.93271e-08
79     0.000186586     2.74489e-08     2.74489e-08     2.74489e-08     2.74489e-08     2.74489e-08     2.74489e-08
81     0.000220957     3.21384e-08     3.21384e-08     3.21384e-08     3.21384e-08     3.21384e-08     3.21384e-08
83     0.000201316     2.89908e-08     2.89908e-08     2.89908e-08     2.89908e-08     2.89908e-08     2.89908e-08
85     0.000240597     3.43933e-08     3.43933e-08     3.43933e-08     3.43933e-08     3.43933e-08     3.43933e-08
87     0.000216047     3.07074e-08     3.07074e-08     3.07074e-08     3.07074e-08     3.07074e-08     3.07074e-08
89     0.000201316     2.84915e-08     2.84915e-08     2.84915e-08     2.84915e-08     2.84915e-08     2.84915e-08
91     0.000220957     3.12023e-08     3.12023e-08     3.12023e-08     3.12023e-08     3.12023e-08     3.12023e-08
93     0.000309339     4.36423e-08     4.36423e-08     4.36423e-08     4.36423e-08     4.36423e-08     4.36423e-08
95     0.000309339     4.36695e-08     4.36695e-08     4.36695e-08     4.36695e-08     4.36695e-08     4.36695e-08
97     0.000274968     3.8898e-08     3.8898e-08     3.8898e-08     3.8898e-08     3.8898e-08     3.8898e-08
99     0.000274968     3.90276e-08     3.90276e-08     3.90276e-08     3.90276e-08     3.90276e-08     3.90276e-08
101     0.000162035     2.30958e-08     2.30958e-08     2.30958e-08     2.30958e-08     2.30958e-08     2.30958e-08
103     0.000304429     4.36054e-08     4.36054e-08     4.36054e-08     4.36054e-08     4.36054e-08     4.36054e-08
105     0.000353531     5.09795e-08     5.09795e-08     5.09795e-08     5.09795e-08     5.09795e-08     5.09795e-08
107     0.000294609     4.28653e-08     4.28653e-08     4.28653e-08     4.28653e-08     4.28653e-08     4.28653e-08
109     0.000279879     4.11706e-08     4.11706e-08     4.11706e-08     4.11706e-08     4.11706e-08     4.11706e-08
111     0.000309339     4.61403e-08     4.61403e-08     4.61403e-08     4.61403e-08     4.61403e-08     4.61403e-08
113     0.000255328     3.8807e-08     3.8807e-08     3.8807e-08     3.8807e-08     3.8807e-08     3.8807e-08
115     0.000368261     5.71944e-08     5.71944e-08     5.71944e-08     5.71944e-08     5.71944e-08     5.71944e-08
117     0.000348621     5.55739e-08     5.55739e-08     5.55739e-08     5.55739e-08     5.55739e-08     5.55739e-08
119     0.000373171     6.12127e-08     6.12127e-08     6.12127e-08     6.12127e-08     6.12127e-08     6.12127e-08
121     0.000373171     6.36028e-08     6.36028e-08     6.36028e-08     6.36028e-08     6.36028e-08     6.36028e-08
123     0.000397722     7.06423e-08     7.06423e-08     7.06423e-08     7.06423e-08     7.06423e-08     7.06423e-08
125     0.000260238     4.83761e-08     4.83761e-08     4.83761e-08     4.83761e-08     4.83761e-08     4.83761e-08
127     0.00033389     6.59185e-08     6.59185e-08     6.59185e-08     6.59185e-08     6.59185e-08     6.59185e-08
129     0.0003388     7.09428e-08     7.09428e-08     7.09428e-08     7.09428e-08     7.09428e-08     7.09428e-08
131     0.000402632     9.04976e-08     9.04976e-08     9.04976e-08     9.04976e-08     9.04976e-08     9.04976e-08
133     0.000402632     9.69939e-08     9.69939e-08     9.69939e-08     9.69939e-08     9.69939e-08     9.69939e-08
135     0.000412453     1.08534e-07     1.08534e-07     1.08534e-07     1.08534e-07     1.08534e-07     1.08534e-07
137     0.000422273     1.21008e-07     1.21008e-07     1.21008e-07     1.21008e-07     1.21008e-07     1.21008e-07
139     0.000446824     1.42106e-07     1.42106e-07     1.42106e-07     1.42106e-07     1.42106e-07     1.42106e-07
141     0.000432093     1.53793e-07     1.53793e-07     1.53793e-07     1.53793e-07     1.53793e-07     1.53793e-07
143     0.000402632     1.60692e-07     1.60692e-07     1.60692e-07     1.60692e-07     1.60692e-07     1.60692e-07
145     0.000441914     1.99685e-07     1.99685e-07     1.99685e-07     1.99685e-07     1.99685e-07     1.99685e-07
147     0.000441914     2.31258e-07     2.31258e-07     2.31258e-07     2.31258e-07     2.31258e-07     2.31258e-07
149     0.000343711     2.0923e-07     2.0923e-07     2.0923e-07     2.0923e-07     2.0923e-07     2.0923e-07
151     0.000382992     2.79434e-07     2.79434e-07     2.79434e-07     2.79434e-07     2.79434e-07     2.79434e-07
153     0.000437003     3.91216e-07     3.91216e-07     3.91216e-07     3.91216e-07     3.91216e-07     3.91216e-07
155     0.000378082     4.28107e-07     4.28107e-07     4.28107e-07     4.28107e-07     4.28107e-07     4.28107e-07
157     0.000441914     6.57775e-07     6.57775e-07     6.57775e-07     6.57775e-07     6.57775e-07     6.57775e-07
159     0.000441914     1.00384e-06     1.00384e-06     1.00384e-06     1.00384e-06     1.00384e-06     1.00384e-06
161     0.000466464     1.8274e-06     1.8274e-06     1.8274e-06     1.8274e-06     1.8274e-06     1.8274e-06
163     0.000545027     3.39523e-06     3.39523e-06     3.39523e-06     3.39523e-06     3.39523e-06     3.39523e-06
165     0.000466464     4.02444e-06     4.02444e-06     4.02444e-06     4.02444e-06     4.02444e-06     4.02444e-06
167     0.000500835     5.3016e-06     5.3016e-06     5.3016e-06     5.3016e-06     5.3016e-06     5.3016e-06
169     0.000446824     5.4238e-06     5.4238e-06     5.4238e-06     5.4238e-06     5.4238e-06     5.4238e-06
171     0.000510656     6.9271e-06     6.9271e-06     6.9271e-06     6.9271e-06     6.9271e-06     6.9271e-06
173     0.000495925     7.45546e-06     7.45546e-06     7.45546e-06     7.45546e-06     7.45546e-06     7.45546e-06
175     0.000549937     9.07389e-06     9.07389e-06     9.07389e-06     9.07389e-06     9.07389e-06     9.07389e-06
177     0.000481195     8.54256e-06     8.54256e-06     8.54256e-06     8.54256e-06     8.54256e-06     8.54256e-06
179     0.000579398     1.1245e-05     1.1245e-05     1.1245e-05     1.1245e-05     1.1245e-05     1.1245e-05
181     0.000569577     1.21149e-05     1.21149e-05     1.21149e-05     1.21149e-05     1.21149e-05     1.21149e-05
183     0.000603948     1.42068e-05     1.42068e-05     1.42068e-05     1.42068e-05     1.42068e-05     1.42068e-05
185     0.000628499     1.62554e-05     1.62554e-05     1.62554e-05     1.62554e-05     1.62554e-05     1.62554e-05
187     0.000603948     1.70911e-05     1.70911e-05     1.70911e-05     1.70911e-05     1.70911e-05     1.70911e-05
189     0.000540117     1.648e-05     1.648e-05     1.648e-05     1.648e-05     1.648e-05     1.648e-05
191     0.000549937     1.79338e-05     1.79338e-05     1.79338e-05     1.79338e-05     1.79338e-05     1.79338e-05
193     0.00064323     2.22762e-05     2.22762e-05     2.22762e-05     2.22762e-05     2.22762e-05     2.22762e-05
195     0.00066287     2.42607e-05     2.42607e-05     2.42607e-05     2.42607e-05     2.42607e-05     2.42607e-05
197     0.000608859     2.34377e-05     2.34377e-05     2.34377e-05     2.34377e-05     2.34377e-05     2.34377e-05
199     0.000697241     2.80552e-05     2.80552e-05     2.80552e-05     2.80552e-05     2.80552e-05     2.80552e-05
201     0.00065796     2.76653e-05     2.76653e-05     2.76653e-05     2.76653e-05     2.76653e-05     2.76653e-05
203     0.00063832     2.80331e-05     2.80331e-05     2.80331e-05     2.80331e-05     2.80331e-05     2.80331e-05
205     0.000687421     3.14667e-05     3.14667e-05     3.14667e-05     3.14667e-05     3.14667e-05     3.14667e-05
207     0.000608859     2.90369e-05     2.90369e-05     2.90369e-05     2.90369e-05     2.90369e-05     2.90369e-05
209     0.000711972     3.53837e-05     3.53837e-05     3.53837e-05     3.53837e-05     3.53837e-05     3.53837e-05
211     0.000761073     3.92673e-05     3.92673e-05     3.92673e-05     0.000348435     0.000482009     0.000256497
213     0.000765983     4.10336e-05     4.10336e-05     4.10336e-05     0.000356836     0.000493517     0.000262744
215     0.00065305     3.6254e-05     3.6254e-05     3.6254e-05     0.000344591     0.000478354     0.000252584
217     0.000731612     4.2051e-05     4.2051e-05     4.2051e-05     0.000344107     0.000475329     0.000253865
219     0.000697241     4.14092e-05     4.14092e-05     4.14092e-05     0.000332485     0.000459063     0.00024541
221     0.000594128     3.64138e-05     3.64138e-05     3.64138e-05     0.000337678     0.000468831     0.000247463
223     0.000741433     4.68638e-05     4.68638e-05     4.68638e-05     0.000352554     0.000485712     0.000260919
225     0.000702151     4.58175e-05     4.58175e-05     4.58175e-05     0.000354408     0.00048889     0.000261863
227     0.00066778     4.49318e-05     4.49318e-05     4.49318e-05     0.000335285     0.000461851     0.000248191
229     0.000726702     5.04296e-05     5.04296e-05     5.04296e-05     0.000350457     0.00048125     0.000260418
231     0.000805265     5.74985e-05     5.74985e-05     5.74985e-05     0.000357561     0.000488376     0.00026743
233     0.000726702     5.34348e-05     5.34348e-05     5.34348e-05     0.000360984     0.000495096     0.000268585
235     0.000751253     5.69318e-05     5.69318e-05     5.69318e-05     0.000353827     0.000483262     0.000264597
237     0.000815085     6.34245e-05     6.34245e-05     6.34245e-05     0.000351738     0.000477499     0.000265057
239     0.000775804     6.21785e-05     6.21785e-05     6.21785e-05     0.000365492     0.000497833     0.000274251
241     0.000716882     5.90798e-05     5.90798e-05     5.90798e-05     0.000353327     0.000481758     0.000264754
243     0.000770894     6.52095e-05     6.52095e-05     6.52095e-05     0.000352682     0.000478231     0.000266107
245     0.000819995     7.12107e-05     7.12107e-05     7.12107e-05     0.000372146     0.000503645     0.000281442
247     0.000859276     7.65554e-05     7.65554e-05     7.65554e-05     0.00037727     0.000508684     0.000286599
249     0.00098694     9.01621e-05     9.01621e-05     9.01621e-05     0.000377589     0.000503123     0.000290953
251     0.000751253     7.0496e-05     7.0496e-05     7.0496e-05     0.000357327     0.0004825     0.000270895
253     0.00098203     9.4463e-05     9.4463e-05     9.4463e-05     0.000379877     0.000504238     0.00029394
255     0.000893647     8.80744e-05     8.80744e-05     8.80744e-05     0.000367745     0.0004894     0.000283589
257     0.000869097     8.78156e-05     8.78156e-05     8.78156e-05     0.000377489     0.000503294     0.000290443
259     0.00098694     0.000102106     0.000102106     0.000102106     0.000388372     0.0005125     0.000302374
261     0.000932929     9.89252e-05     9.89252e-05     9.89252e-05     0.000382982     0.000506056     0.0002977
263     0.000839636     9.11141e-05     9.11141e-05     9.11141e-05     0.000372802     0.000494753     0.000288266
265     0.000888737     9.87573e-05     9.87573e-05     9.87573e-05     0.000383048     0.000506088     0.00029771
267     0.000942749     0.000107216     0.000107216     0.000107216     0.00038463     0.000504712     0.000301343
269     0.000869097     0.000100991     0.000100991     0.000100991     0.000367335     0.000482622     0.000287323
271     0.000923108     0.000109778     0.000109778     0.000109778     0.000380644     0.000497996     0.000299232
273     0.000918198     0.000111566     0.000111566     0.000111566     0.000370974     0.000483453     0.000292945
275     0.000761073     9.45466e-05     9.45466e-05     9.45466e-05     0.000362163     0.000478276     0.000281594
277     0.00107532     0.000136576     0.000136576     0.000136576     0.000409185     0.000527494     0.000327048
279     0.000923108     0.000119842     0.000119842     0.000119842     0.000390514     0.000507976     0.000308946
281     0.00098694     0.000130832     0.000130832     0.000130832     0.000396859     0.000512256     0.000316725
283     0.0010655     0.000144191     0.000144191     0.000144191     0.00040862     0.000523202     0.000328979
285     0.000937839     0.000129614     0.000129614     0.000129614     0.000383825     0.00049385     0.000307318
287     0.000923108     0.000130415     0.000130415     0.000130415     0.000398163     0.000513909     0.000317617
289     0.00104586     0.000150515     0.000150515     0.000150515     0.000407256     0.000518211     0.000330045
291     0.00100167     0.000147187     0.000147187     0.000147187     0.000394967     0.000502041     0.00032041
293     0.0011146     0.000166975     0.000166975     0.000166975     0.000424761     0.000536241     0.000347154
295     0.00119808     0.000182882     0.000182882     0.000182882     0.000440089     0.000551438     0.000362574
297     0.0010655     0.000165766     0.000165766     0.000165766     0.00042332     0.000534944     0.000345634
299     0.00102131     0.000161984     0.000161984     0.000161984     0.000407432     0.000513876     0.000333321
301     0.00106059     0.000171349     0.000171349     0.000171349     0.000426975     0.000537868     0.000349781
303     0.0010655     0.000175556     0.000175556     0.000175556     0.000433631     0.000545559     0.000355678
305     0.00134538     0.000225591     0.000225591     0.000225591     0.000486436     0.000599472     0.000407665
307     0.00125209     0.000213951     0.000213951     0.000213951     0.000466862     0.000576364     0.000390512
309     0.00132574     0.000230694     0.000230694     0.000230694     0.000479634     0.000587347     0.000404512
311     0.00124718     0.000220937     0.000220937     0.000220937     0.000457529     0.000559816     0.000386166
313     0.00141903     0.000256205     0.000256205     0.000256205     0.00051296     0.000623892     0.000435522
315     0.0013552     0.000248852     0.000248852     0.000248852     0.000497536     0.00060489     0.000422556
317     0.00143867     0.000268972     0.000268972     0.000268972     0.000514697     0.000620737     0.000440606
319     0.00132083     0.000251234     0.000251234     0.000251234     0.000506553     0.000616684     0.000429575
321     0.00134538     0.000260153     0.000260153     0.000260153     0.000513562     0.00062285     0.000437171
323     0.00134047     0.000263539     0.000263539     0.000263539     0.000518003     0.000627703     0.000441271
325     0.00128155     0.000256047     0.000256047     0.000256047     0.000520607     0.000634614     0.000440834
327     0.0014043     0.000285208     0.000285208     0.000285208     0.000550387     0.000664615     0.000470444
329     0.00138466     0.00028579     0.00028579     0.00028579     0.000529724     0.000634714     0.000456212
331     0.0015958     0.000334497     0.000334497     0.000334497     0.000579021     0.000684121     0.000505391
333     0.00152215     0.000324043     0.000324043     0.000324043     0.000588481     0.000701952     0.000508943
335     0.00141903     0.000307021     0.000307021     0.000307021     0.000574731     0.000689367     0.000494291
337     0.0013552     0.000297763     0.000297763     0.000297763     0.000550824     0.000658939     0.000474894
339     0.00169891     0.000378908     0.000378908     0.000378908     0.000650831     0.00076675     0.000569349
341     0.00153688     0.000348259     0.000348259     0.000348259     0.000621373     0.000737545     0.000539627
343     0.00158598     0.000365229     0.000365229     0.000365229     0.000623469     0.00073318     0.00054623
345     0.00162526     0.00038075     0.00038075     0.00038075     0.000656473     0.000773805     0.000573886
347     0.00155652     0.000371145     0.000371145     0.000371145     0.000646026     0.000763458     0.000563468
349     0.0016449     0.000399625     0.000399625     0.000399625     0.000695908     0.000822548     0.000606859
351     0.00179712     0.000446117     0.000446117     0.000446117     0.000736777     0.000861133     0.000649323
353     0.00146322     0.000371316     0.000371316     0.000371316     0.000661352     0.000785722     0.000573937
355     0.00171855     0.000446679     0.000446679     0.000446679     0.000762367     0.000898089     0.000667038
357     0.00181676     0.000483516     0.000483516     0.000483516     0.000808015     0.000947894     0.00070982
359     0.00171364     0.000467146     0.000467146     0.000467146     0.000783668     0.000920438     0.0006877
361     0.00182658     0.000509302     0.000509302     0.000509302     0.000844093     0.000988984     0.000742473
363     0.00172837     0.000493011     0.000493011     0.000493011     0.00082886     0.00097435     0.000726809
365     0.00191496     0.00055826     0.00055826     0.00055826     0.000903495     0.00105325     0.000798493
367     0.00196406     0.000584714     0.000584714     0.000584714     0.000937897     0.00109126     0.000830357
369     0.00175783     0.000534644     0.000534644     0.000534644     0.00091249     0.00107678     0.00079733
371     0.0019837     0.000616065     0.000616067     0.000616065     0.000976182     0.00113297     0.000866285
373     0.00197388     0.000626884     0.000626894     0.000626884     0.00100074     0.00116377     0.000886509
375     0.00214083     0.000694047     0.000694058     0.000694047     0.00108055     0.00124938     0.000962302
377     0.00199843     0.000661714     0.000661725     0.000661714     0.0010363     0.00120019     0.000921551
379     0.00216047     0.000730913     0.000730925     0.000730913     0.00110434     0.00126797     0.000989804
381     0.00216047     0.000745521     0.000745534     0.000745521     0.00114848     0.00132535     0.00102474
383     0.00210645     0.000741294     0.000741308     0.000741294     0.00113853     0.00131307     0.0010164
385     0.00230286     0.000825821     0.000825836     0.000825821     0.00122761     0.0014044     0.00110395
387     0.00228322     0.000834096     0.000834112     0.000834096     0.00126219     0.0014508     0.0011303
389     0.00230286     0.000856537     0.000856554     0.000856537     0.00126324     0.00144261     0.00113782
391     0.00243543     0.000921806     0.000921826     0.000921806     0.00138324     0.00158694     0.0012408
393     0.00244034     0.000939828     0.000939848     0.000939828     0.00139288     0.00159308     0.0012529
395     0.00252382     0.000989062     0.000989086     0.000989062     0.00146541     0.00167616     0.00131812
397     0.00277915     0.00110713     0.00110716     0.00110713     0.00157294     0.00177923     0.00142877
399     0.00266621     0.00107999     0.00108002     0.00107999     0.00151969     0.00171466     0.00138349
401     0.00263675     0.00108551     0.00108554     0.00108551     0.00154925     0.00175505     0.00140544
403     0.0027104     0.0011344     0.00113443     0.0011344     0.00160662     0.00181647     0.00146004
405     0.00291663     0.00124052     0.00124055     0.00124052     0.00174962     0.00197614     0.00159143
407     0.00287735     0.00124383     0.00124387     0.00124383     0.00174254     0.00196472     0.00158744
409     0.00286262     0.00125702     0.00125706     0.00125702     0.00177346     0.00200377     0.0016127
411     0.00277423     0.0012373     0.00123734     0.0012373     0.00174627     0.00197345     0.00158771
413     0.00312286     0.00141351     0.00141356     0.00141351     0.00192184     0.00214888     0.00176336
415     0.00313268     0.00143912     0.00143917     0.00143912     0.00197007     0.00220736     0.00180444
417     0.00338309     0.00157678     0.00157685     0.00157678     0.00213369     0.00238282     0.00195985
419     0.00328489     0.00155291     0.00155297     0.00155291     0.00209235     0.00233387     0.00192381
421     0.00336836     0.00161471     0.00161478     0.00161471     0.00217855     0.00243124     0.00200223
423     0.00350094     0.00170141     0.00170148     0.00170141     0.00228627     0.00254875     0.00210318
425     0.00361387     0.00178006     0.00178015     0.00178006     0.00238513     0.00265705     0.00219552
427     0.00343711     0.00171579     0.00171587     0.00171579     0.00229232     0.00255175     0.00211149
429     0.00388393     0.00196508     0.00196518     0.00196508     0.00257358     0.00284772     0.00238255
431     0.00391339     0.00200559     0.0020057     0.00200559     0.0026285     0.0029093     0.00243283
433     0.00389866     0.00202489     0.00202501     0.00202489     0.00267679     0.00297074     0.00247192
435     0.00395758     0.00208278     0.00208291     0.00208278     0.00277956     0.00309383     0.00256048
437     0.00450752     0.00240272     0.00240287     0.00240272     0.00310571     0.00342297     0.00288458
439     0.00429147     0.00231704     0.0023172     0.00231704     0.00304321     0.00337118     0.00281463
441     0.00448297     0.00245146     0.00245163     0.00245146     0.00314799     0.00346301     0.0029285
443     0.0044977     0.00248997     0.00249017     0.00248997     0.00320467     0.00352851     0.00297916
445     0.0048365     0.00271118     0.0027114     0.00271118     0.00350363     0.00386348     0.00325321
447     0.0049838     0.00282706     0.0028273     0.00282706     0.00361781     0.00397758     0.00336752
449     0.00505254     0.00290018     0.00290043     0.00290018     0.00368015     0.00403571     0.00343294
451     0.00506237     0.00294063     0.00294092     0.00294063     0.00376199     0.00413696     0.00350136
453     0.00496907     0.0029203     0.00292059     0.0029203     0.00375198     0.00413201     0.00348784
455     0.00528332     0.00314031     0.00314065     0.00314031     0.00400133     0.00439508     0.00372776
457     0.0053717     0.00323097     0.00323134     0.00323097     0.00414064     0.00455672     0.00385153
459     0.00580871     0.00353388     0.00353431     0.00353388     0.00450856     0.00495424     0.00419874
461     0.00598547     0.00368352     0.003684     0.00368352     0.00460201     0.00502188     0.00431014
463     0.0060935     0.0037937     0.00379422     0.0037937     0.00479302     0.00524949     0.00447556
465     0.00597565     0.00376439     0.00376495     0.00376439     0.00473093     0.00517215     0.00442405
467     0.00615242     0.00392061     0.00392121     0.00392061     0.00495207     0.00542243     0.00462468
469     0.00634391     0.00408973     0.00409043     0.00408973     0.00512875     0.00560239     0.00479911
471     0.00645685     0.00421067     0.0042114     0.00421067     0.00528693     0.00577726     0.00494547
473     0.00731121     0.00482239     0.00482334     0.00482239     0.00595663     0.00647356     0.00559678
475     0.00764019     0.00509846     0.00509948     0.00509846     0.00633581     0.0068998     0.00594313
477     0.00821959     0.00554762     0.00554888     0.00554762     0.00683878     0.00742777     0.00642877
479     0.00772858     0.00527829     0.00527951     0.00527829     0.00646703     0.00700982     0.00608927
481     0.00831288     0.00574574     0.00574723     0.00574574     0.00704652     0.00764137     0.0066328
483     0.00847983     0.00593055     0.00593216     0.00593055     0.00726808     0.00788066     0.00684217
485     0.00909851     0.00644276     0.00644468     0.00644276     0.00787463     0.00853146     0.00741821
487     0.00953551     0.00683589     0.00683807     0.00683589     0.00833877     0.00902925     0.00785923
489     0.00959443     0.00696611     0.0069685     0.00696611     0.00842971     0.00910304     0.0079623
491     0.0101395     0.00745698     0.00745979     0.00745698     0.00899444     0.00970249     0.00850315
493     0.0102622     0.0076461     0.00764913     0.0076461     0.00916499     0.00986495     0.0086795
495     0.010876     0.00821067     0.00821433     0.00821067     0.00987234     0.0106384     0.00934113
497     0.010876     0.00832433     0.00832815     0.00832433     0.0100097     0.0107867     0.00947083
499     0.0117303     0.00910499     0.0091098     0.00910499     0.010814     0.0116031     0.0102675
501     0.0120986     0.00952749     0.00953257     0.00952749     0.0112608     0.0120613     0.0107063
503     0.0126878     0.010143     0.0101494     0.010143     0.0119527     0.0127899     0.0113735
505     0.0131003     0.0106382     0.0106449     0.0106382     0.0124679     0.0133153     0.0118819
507     0.0134636     0.0111135     0.0111216     0.0111135     0.0130091     0.0138892     0.0124016
509     0.0144015     0.0120906     0.0120998     0.0120906     0.0140133     0.0149078     0.0133965
511     0.0149367     0.0127663     0.0127771     0.0127663     0.0147511     0.0156772     0.0141137
513     0.0151822     0.013218     0.01323     0.013218     0.0151902     0.0161128     0.0145561
515     0.0155701     0.013818     0.0138315     0.013818     0.0158173     0.0167557     0.0151737
517     0.0166012     0.0150316     0.0150476     0.0150316     0.017073     0.0180346     0.0164152
519     0.0169646     0.0156849     0.0157026     0.0156849     0.0177536     0.0187307     0.0170863
521     0.017814     0.0168348     0.016856     0.0168348     0.0188994     0.0198792     0.0182328
523     0.0180743     0.0174664     0.0174889     0.0174664     0.0194564     0.0204038     0.0188135
525     0.0186733     0.0184807     0.0185076     0.0184807     0.0204821     0.0214397     0.0198352
527     0.0188943     0.0191622     0.0191902     0.0191622     0.0211326     0.0220769     0.0204954
529     0.0196062     0.0203898     0.0204238     0.0203898     0.0223205     0.0232522     0.0216961
531     0.0195424     0.0208514     0.0208859     0.0208514     0.0226824     0.0235684     0.0220902
533     0.0200972     0.0220118     0.0220521     0.0220118     0.0237922     0.0246599     0.0232165
535     0.0204901     0.0230541     0.0230967     0.0230541     0.0247559     0.0255889     0.0242058
537     0.0214426     0.0247819     0.0248305     0.0247819     0.0264042     0.0272059     0.0258798
539     0.0210449     0.0249972     0.0250469     0.0249972     0.0264627     0.0271924     0.0259891
541     0.0211677     0.0258256     0.0258785     0.0258256     0.0271445     0.0278091     0.0267182
543     0.0201562     0.0252598     0.0253121     0.0252598     0.0263738     0.0269428     0.0260137
545     0.0207699     0.0267099     0.0267655     0.0267099     0.027686     0.0281944     0.0273705
547     0.0209418     0.0276256     0.027683     0.0276256     0.0284306     0.0288616     0.0281703
549     0.0202789     0.0274027     0.0274589     0.0274027     0.0280023     0.0283367     0.0278084
551     0.0202151     0.0279501     0.028006     0.0279501     0.0283614     0.0286084     0.0282283
553     0.0200236     0.0282824     0.0283378     0.0282824     0.0284941     0.0286477     0.0284256
555     0.0191152     0.0275388     0.0275898     0.0275388     0.0275531     0.0276107     0.0275485
557     0.0179515     0.0263208     0.0263682     0.0263208     0.0261415     0.026247     0.0260581
559     0.018143     0.027025     0.0270698     0.027025     0.0266555     0.0268201     0.0264836
561     0.0181185     0.0273583     0.0274019     0.0273583     0.0267955     0.0270218     0.0265334
563     0.016503     0.0252063     0.0252428     0.0252063     0.024522     0.0247807     0.024203
565     0.0163606     0.0252302     0.0252648     0.0252302     0.0243784     0.0246898     0.0239808
567     0.0155995     0.0242558     0.0242859     0.0242558     0.0232699     0.0236206     0.0228092
569     0.0152951     0.0239507     0.0239779     0.0239507     0.0228272     0.0232202     0.0223019
571     0.0143622     0.022628     0.0226516     0.022628     0.0214178     0.0218355     0.0208517
573     0.0137239     0.0217406     0.0217607     0.0217406     0.0204463     0.0208881     0.0198407
575     0.0131248     0.020888     0.020906     0.020888     0.0195198     0.0199836     0.0188794
577     0.013115     0.0209537     0.0209693     0.0209537     0.0194611     0.0199631     0.0187626
579     0.0117254     0.0187897     0.0188031     0.0187897     0.0173197     0.0178121     0.0166318
581     0.0115438     0.0185363     0.0185472     0.0185363     0.0169933     0.0175073     0.0162711
583     0.011642     0.0187183     0.018729     0.0187183     0.0170609     0.0176122     0.016285
585     0.0102131     0.0164357     0.0164434     0.0164357     0.0148714     0.0153895     0.0141386
587     0.00992832     0.0159899     0.0159971     0.0159899     0.0144032     0.0149283     0.0136597
589     0.00943731     0.0152142     0.01522     0.0152142     0.013609     0.014139     0.0128563
591     0.00897084     0.0144834     0.0144885     0.0144834     0.0128802     0.0134092     0.012128
593     0.00870079     0.0140745     0.0140788     0.0140745     0.0124376     0.0129771     0.0116691
595     0.00847001     0.0137299     0.0137337     0.0137299     0.0120572     0.0126082     0.0112714
597     0.00750271     0.012185     0.012188     0.012185     0.0106465     0.0111531     0.00992313
599     0.00718846     0.0116924     0.011695     0.0116924     0.0101624     0.0106662     0.0094426
601     0.00696259     0.0113342     0.0113364     0.0113342     0.0097778     0.0102903     0.00904465
603     0.00665816     0.0108401     0.010842     0.0108401     0.00929848     0.00980613     0.00857164
605     0.00632918     0.0103025     0.0103042     0.0103025     0.00881365     0.0093042     0.00811086
607     0.0061917     0.0100768     0.0100782     0.0100768     0.00856511     0.00906325     0.00785103
609     0.00565649     0.00920705     0.00920825     0.00920705     0.00779952     0.00826353     0.00713396
611     0.00546991     0.00891001     0.00891095     0.00891001     0.00749626     0.00796231     0.00682739
613     0.00581362     0.00948312     0.0094841     0.00948312     0.00795565     0.00845936     0.0072327
615     0.00501817     0.00820142     0.00820212     0.00820142     0.0068371     0.00728696     0.00619127
617     0.00486596     0.00797065     0.00797129     0.00797065     0.00660794     0.00705728     0.00596264
619     0.00434057     0.00712729     0.00712779     0.00712729     0.00587184     0.00628588     0.00527745
621     0.00451243     0.0074272     0.00742768     0.0074272     0.00610624     0.0065419     0.00548053
623     0.00419818     0.00692621     0.0069266     0.00692621     0.00568332     0.00609334     0.00509445
625     0.0041589     0.00687687     0.00687722     0.00687687     0.00559672     0.00601916     0.0049899
627     0.00389866     0.00646074     0.00646104     0.00646074     0.00522967     0.00563609     0.00464586
629     0.00358932     0.00596099     0.00596123     0.00596099     0.00478414     0.00517277     0.00422567
631     0.00378573     0.00630112     0.00630136     0.00630112     0.00504778     0.00546188     0.00445275
633     0.00362369     0.0060444     0.00604459     0.0060444     0.00483746     0.00523636     0.00426418
635     0.00336345     0.00562336     0.00562354     0.00562336     0.00447063     0.00485181     0.00392278
637     0.00322597     0.00540706     0.0054072     0.00540706     0.00428276     0.00465471     0.00374812
639     0.00304429     0.00511746     0.00511759     0.00511746     0.00403397     0.0043926     0.00351835
641     0.00316214     0.00533335     0.00533346     0.00533335     0.00420027     0.00457554     0.00366063
643     0.00288226     0.00487928     0.00487937     0.00487928     0.00382425     0.0041739     0.00332132
645     0.0027104     0.00460695     0.00460703     0.00460695     0.00360683     0.00393849     0.0031297
647     0.00264166     0.00450864     0.00450871     0.00450864     0.00350566     0.00383849     0.00302679
649     0.00252873     0.0043337     0.00433376     0.0043337     0.00335557     0.00368032     0.0028883
651     0.00262202     0.00451331     0.00451336     0.00451331     0.00349744     0.0038348     0.00301193
653     0.00249927     0.00431934     0.00431938     0.00431934     0.00331065     0.00364571     0.00282864
655     0.00225867     0.00391887     0.0039189     0.00391887     0.00299876     0.00330439     0.00255901
657     0.00226849     0.00395183     0.00395187     0.00395183     0.00303048     0.00333661     0.0025902
659     0.00199352     0.00348683     0.00348686     0.00348683     0.00262452     0.0029111     0.00221233
661     0.00211136     0.0037069     0.00370692     0.0037069     0.00281336     0.00311043     0.00238597
663     0.00187077     0.00329806     0.00329807     0.00329806     0.00248595     0.00275612     0.0020972
665     0.00188059     0.00332859     0.00332861     0.00332859     0.00249396     0.00277185     0.00209398
667     0.00189041     0.0033595     0.00335951     0.0033595     0.0025141     0.0027958     0.00210857
669     0.00173819     0.00310132     0.00310134     0.00310132     0.00226677     0.00254507     0.0018661
671     0.00180694     0.00323677     0.00323678     0.00323677     0.00239404     0.00267522     0.0019891
673     0.00173819     0.0031267     0.00312671     0.0031267     0.00233374     0.00259845     0.0019525
675     0.00164981     0.00297951     0.00297952     0.00297951     0.00218442     0.00244995     0.00180201
677     0.00156634     0.00283991     0.00283992     0.00283991     0.00209806     0.00234591     0.00174118
679     0.00137484     0.00250224     0.00250224     0.00250224     0.00182867     0.00205376     0.00150455
681     0.00148287     0.00270934     0.00270934     0.00270934     0.00199599     0.00223441     0.00165267
683     0.00138957     0.00254811     0.00254811     0.00254811     0.00185389     0.00208601     0.0015197
685     0.00148778     0.00273823     0.00273823     0.00273823     0.00198276     0.00223542     0.00161897
687     0.00140921     0.00260397     0.00260397     0.00260397     0.00191367     0.00214463     0.00158111
689     0.00139939     0.00259625     0.00259625     0.00259625     0.00189081     0.00212696     0.00155072
691     0.00129137     0.00240657     0.00240657     0.00240657     0.00175283     0.00197185     0.0014374
693     0.00116862     0.00218817     0.00218817     0.00218817     0.00156844     0.00177623     0.00126908
695     0.00121772     0.00229087     0.00229087     0.00229087     0.00160789     0.00183706     0.00127765
697     0.00114898     0.00217232     0.00217232     0.00217232     0.00154633     0.00175658     0.00124334
699     0.0011588     0.00220186     0.00220187     0.00220186     0.00157119     0.00178315     0.00126557
701     0.00112442     0.00214665     0.00214665     0.00214665     0.001516     0.00172809     0.00121012
703     0.000996761     0.00191131     0.00191131     0.00191131     0.00131051     0.0015127     0.00101901
705     0.00106059     0.00204264     0.00204264     0.00204264     0.00145885     0.00165539     0.00117542
707     0.000903468     0.00174795     0.00174795     0.00174795     0.00120263     0.00138629     0.000937746
709     0.00102622     0.0019957     0.0019957     0.0019957     0.00140549     0.00160434     0.00111874
711     0.0009673     0.00189003     0.00189003     0.00189003     0.00131132     0.00150635     0.00103
713     0.000937839     0.00184262     0.00184263     0.00184262     0.00130208     0.00148432     0.00103926
715     0.00109005     0.00215389     0.00215389     0.00215389     0.00153223     0.0017419     0.00122982
717     0.000790534     0.00157058     0.00157059     0.00157058     0.00106989     0.00123885     0.000826199
719     0.000883827     0.00176504     0.00176505     0.00176504     0.00122739     0.00140891     0.000965486
721     0.000815085     0.00163591     0.00163591     0.00163591     0.00113338     0.00130318     0.000888385
723     0.000805265     0.00162337     0.00162337     0.00162337     0.0011127     0.00128538     0.00086347
725     0.000780714     0.00158018     0.00158019     0.00158018     0.00108425     0.00125211     0.000841932
727     0.00065796     0.00133734     0.00133734     0.00133734     0.00091413     0.00105748     0.000707113
729     0.000770894     0.00157343     0.00157344     0.00157343     0.0010793     0.0012468     0.000837324
731     0.000697241     0.00142911     0.00142912     0.00142911     0.000981644     0.00113343     0.000762359
733     0.000633409     0.0013042     0.0013042     0.0013042     0.000870952     0.00101798     0.000658551
735     0.000761073     0.00157426     0.00157427     0.00157426     0.00109261     0.00125614     0.000856337
737     0.000711972     0.00148045     0.00148046     0.00148045     0.00102628     0.00118053     0.000803346
739     0.000687421     0.00143704     0.00143704     0.00143704     0.00097613     0.00113275     0.000749799
741     0.00063832     0.00134195     0.00134195     0.00134195     0.000912818     0.00105874     0.000701932
743     0.000608859     0.00128734     0.00128734     0.00128734     0.00086368     0.00100785     0.000655347
745     0.00064814     0.00137761     0.00137761     0.00137761     0.000964288     0.00110503     0.000760748
747     0.000603948     0.00129128     0.00129128     0.00129128     0.00085601     0.00100435     0.000641534
749     0.00066287     0.00142476     0.00142476     0.00142476     0.000949706     0.00111171     0.000715358
751     0.000628499     0.00135787     0.00135787     0.00135787     0.000872729     0.00103828     0.000633228
753     0.000554847     0.00120381     0.00120381     0.00120381     0.000818466     0.000950028     0.000628177
755     0.000520476     0.00113431     0.00113431     0.00113431     0.000757107     0.000885937     0.00057073
757     0.000446824     0.000977973     0.000977973     0.000977973     0.000600673     0.000729586     0.000414161
759     0.000397722     0.000874454     0.000874454     0.000874454     0.000559235     0.000666977     0.000403296
761     0.000545027     0.00120386     0.00120386     0.00120386     0.000789701     0.000931332     0.000584681
763     0.000466464     0.00103494     0.00103494     0.00103494     0.000678918     0.000800745     0.000502548
765     0.000505745     0.00112753     0.00112753     0.00112753     0.000732092     0.00086751     0.000536038
767     0.000481195     0.00107834     0.00107834     0.00107834     0.000707165     0.000834354     0.000522956
769     0.000417363     0.00094049     0.00094049     0.00094049     0.000581655     0.00070471     0.000403405
771     0.000466464     0.00105715     0.00105715     0.00105715     0.000687876     0.000814588     0.000504283
773     0.000402632     0.000917482     0.000917482     0.000917482     0.000597894     0.000707627     0.000438866
775     0.000373171     0.000854984     0.000854984     0.000854984     0.000536245     0.000645755     0.000377524
777     0.000417363     0.000961497     0.000961497     0.000961497     0.000633514     0.000746271     0.00047005
779     0.000392812     0.000909844     0.000909844     0.000909844     0.000561638     0.000681438     0.000387957
781     0.000348621     0.000811526     0.000811526     0.000811526     0.00050444     0.000610172     0.000351108
783     0.000363351     0.000849764     0.000849764     0.000849764     0.000545911     0.000650621     0.000394044
785     0.000422273     0.00099207     0.00099207     0.00099207     0.000645622     0.000765115     0.00047225
787     0.000348621     0.00082271     0.00082271     0.00082271     0.000527026     0.000629098     0.000378874
789     0.00032407     0.000767983     0.000767983     0.000767983     0.00048545     0.000583055     0.00034374
791     0.000378082     0.000900179     0.000900179     0.000900179     0.000583959     0.000693283     0.000425207
793     0.000402632     0.000963461     0.000963461     0.000963461     0.000611288     0.000733102     0.000434327
795     0.000363351     0.000873856     0.000873856     0.000873856     0.000536065     0.000652977     0.000366252
797     0.000250418     0.000605083     0.000605083     0.000605083     0.000364802     0.000448006     0.000243932
799     0.000407542     0.000989842     0.000989842     0.000989842     0.00061661     0.000745916     0.000428738
801     0.000348621     0.000851606     0.000851606     0.000851606     0.000549571     0.000654275     0.000397429
803     0.000299519     0.000735597     0.000735597     0.000735597     0.000467289     0.000560358     0.00033204
805     0.00031916     0.000787869     0.000787869     0.000787869     0.00047635     0.000584475     0.000319126
807     0.000358441     0.000889668     0.000889668     0.000889668     0.000550539     0.000668348     0.000379237
809     0.000279879     0.000698646     0.000698646     0.000698646     0.000437063     0.000528     0.000304761
811     0.000348621     0.000874584     0.000874584     0.000874584     0.000539436     0.000656048     0.000369721
813     0.000289699     0.000730511     0.000730511     0.000730511     0.00046477     0.000557322     0.000330045
815     0.000309339     0.00078421     0.00078421     0.00078421     0.00048469     0.000589096     0.000332676
817     0.000225867     0.000575574     0.000575574     0.000575574     0.000362006     0.000436496     0.000253511
819     0.000220957     0.00056569     0.00056569     0.00056569     0.000353528     0.000427554     0.000245699
821     0.000230777     0.000594015     0.000594015     0.000594015     0.000377414     0.000452999     0.000267323
823     0.000255328     0.000660182     0.000660182     0.000660182     0.000380428     0.000478039     0.000238302
825     0.00031916     0.000829085     0.000829085     0.000829085     0.000508393     0.000620288     0.000345511
827     0.000216047     0.00056405     0.00056405     0.00056405     0.000320382     0.000405412     0.000196613
829     0.000235687     0.000618355     0.000618355     0.000618355     0.000353405     0.000445929     0.000218722
831     0.000235687     0.000621579     0.000621579     0.000621579     0.000379041     0.000463841     0.000255486
833     0.000206226     0.000546908     0.000546908     0.000546908     0.000327655     0.000404462     0.00021565
835     0.000235687     0.000628059     0.000628059     0.000628059     0.00039092     0.000474183     0.000269389
837     0.000225867     0.000605007     0.000605007     0.000605007     0.000365588     0.000449812     0.000242488
839     0.000201316     0.000542091     0.000542091     0.000542091     0.000324207     0.000400984     0.000211942
841     0.000206226     0.000558319     0.000558319     0.000558319     0.00032995     0.000410479     0.000212151
843     0.000265148     0.000721279     0.000721279     0.000721279     0.000451246     0.000546467     0.00031199
845     0.000235687     0.00064426     0.00064426     0.00064426     0.000390206     0.000479749     0.000259288
847     0.000186586     0.000512636     0.000512636     0.000512636     0.000308712     0.000380553     0.000203732
849     0.000206226     0.000569121     0.000569121     0.000569121     0.000333851     0.000416715     0.000212824
851     0.000230777     0.000640351     0.000640351     0.000640351     0.000376149     0.000469224     0.000240189
853     0.000162035     0.000452123     0.000452123     0.000452123     0.000248083     0.000320033     0.000142966
855     0.000230777     0.00064698     0.00064698     0.00064698     0.000402593     0.000488873     0.000276439
857     0.000186586     0.000526044     0.000526044     0.000526044     0.000299879     0.000379849     0.000182878
859     0.000216047     0.000612258     0.000612258     0.000612258     0.000350295     0.000443065     0.000214449
861     0.000235687     0.000671146     0.000671146     0.000671146     0.000389757     0.000489535     0.000243542
863     0.000196406     0.000562156     0.000562156     0.000562156     0.000338131     0.00041767     0.000221545
865     0.000191496     0.000551083     0.000551083     0.000551083     0.000315083     0.000398953     0.000192086
867     0.000157125     0.000454459     0.000454459     0.000454459     0.000274613     0.000338586     0.000180756
869     0.000191496     0.000556345     0.000556345     0.000556345     0.000332521     0.000412203     0.000215564
871     0.000127664     0.000372861     0.000372861     0.000372861     0.000205574     0.000265184     0.000118054
873     0.000127664     0.000374477     0.000374477     0.000374477     0.000213796     0.000271099     0.000129626
875     0.000171855     0.000506499     0.000506499     0.000506499     0.000279894     0.000360782     0.000161046
877     0.000142394     0.000421816     0.000421816     0.000421816     0.0002323     0.000300003     0.000132803
879     0.000171855     0.000511238     0.000511238     0.000511238     0.000301945     0.000376757     0.000191952
881     0.000127664     0.000381765     0.000381765     0.000381765     0.000193325     0.000260714     9.42565e-05
883     0.000181676     0.000545966     0.000545966     0.000545966     0.000327286     0.000405508     0.000212278
885     0.000162035     0.000489437     0.000489437     0.000489437     0.000282748     0.000356698     0.000174035
887     9.8203e-05     0.00029831     0.00029831     0.00029831     0.000167224     0.000214146     9.82349e-05
889     0.000142394     0.000434309     0.000434309     0.000434309     0.000241031     0.00031027     0.000139182
891     0.000112933     0.000346436     0.000346436     0.000346436     0.000197177     0.000250727     0.00011838
893     0.000152215     0.00046932     0.00046932     0.00046932     0.000278511     0.000347085     0.000177485
895     0.000117844     0.000365398     0.000365398     0.000365398     0.000187512     0.000251565     9.30416e-05
897     0.000132574     0.000412964     0.000412964     0.000412964     0.000229514     0.000295691     0.000131814
899     0.000147305     0.000461401     0.000461401     0.000461401     0.0002673     0.00033743     0.000163697
901     0.000117844     0.000371086     0.000371086     0.000371086     0.000208782     0.00026747     0.000122034
903     8.83827e-05     0.000279601     0.000279601     0.000279601     0.000153169     0.000198901     8.55832e-05
905     0.000127664     0.000405952     0.000405952     0.000405952     0.000236415     0.000297739     0.000145799
907     0.000117844     0.000376523     0.000376523     0.000376523     0.000216457     0.000274349     0.000130927
909     0.000137484     0.000441385     0.000441385     0.000441385     0.000261933     0.000326844     0.000166061
911     0.000162035     0.000522958     0.000522958     0.000522958     0.00032035     0.000393669     0.000212057
913     0.000142394     0.000461708     0.000461708     0.000461708     0.000279316     0.000345379     0.000181669
915     0.000147305     0.000480174     0.000480174     0.000480174     0.000256184     0.000337423     0.000136059
917     0.000108023     0.000354027     0.000354027     0.000354027     0.00018207     0.000244521     8.96695e-05
919     0.000108023     0.000355887     0.000355887     0.000355887     0.000202485     0.000258272     0.000119874
921     7.36523e-05     0.000243956     0.000243956     0.000243956     0.000126563     0.000169307     6.32157e-05
923     0.000112933     0.000375868     0.000375868     0.000375868     0.000208395     0.000269442     0.00011789
925     0.000132574     0.000443184     0.000443184     0.000443184     0.000266544     0.000330989     0.000170931
927     7.85624e-05     0.000264113     0.000264113     0.000264113     0.000131853     0.000180154     6.01849e-05
929     5.40117e-05     0.000182351     0.000182351     0.000182351     6.48505e-05     0.000107795     1.10459e-06
931     0.000112933     0.000383272     0.000383272     0.000383272     0.00021993     0.000279682     0.000131205
933     0.000122754     0.000418528     0.000418528     0.000418528     0.000216102     0.000290207     0.000106004
935     9.32929e-05     0.000319678     0.000319678     0.000319678     0.00015946     0.000218165     7.22295e-05
937     8.83827e-05     0.000304522     0.000304522     0.000304522     0.000149837     0.000206558     6.5529e-05
939     0.000103113     0.000357283     0.000357283     0.000357283     0.000185589     0.000248589     9.19271e-05
941     0.000103113     0.000358955     0.000358955     0.000358955     0.000197919     0.00025704     0.000110007
943     9.32929e-05     0.000326186     0.000326186     0.000326186     0.000178257     0.000232589     9.74455e-05
945     7.85624e-05     0.00027628     0.00027628     0.00027628     0.000157691     0.000201267     9.2872e-05
947     0.000112933     0.000398956     0.000398956     0.000398956     0.000213896     0.000281933     0.000112671
949     8.83827e-05     0.00031386     0.00031386     0.00031386     0.000172508     0.000224516     9.51187e-05
951     8.34726e-05     0.000297683     0.000297683     0.000297683     0.000161993     0.000211966     8.75827e-05
953     0.000137484     0.000492813     0.000492813     0.000492813     0.000280433     0.000358743     0.000163738
955     8.34726e-05     0.000300686     0.000300686     0.000300686     0.00015567     0.000209222     7.58303e-05
957     7.85624e-05     0.000284224     0.000284224     0.000284224     0.000135407     0.000190446     5.32859e-05
959     9.32929e-05     0.000339416     0.000339416     0.000339416     0.000190284     0.000245522     0.000107789
961     7.36523e-05     0.000269333     0.000269333     0.000269333     0.000166301     0.000204517     0.000109185
963     8.83827e-05     0.00032486     0.00032486     0.00032486     0.000170804     0.000228018     8.52156e-05
965     9.32929e-05     0.000344734     0.000344734     0.000344734     0.000193623     0.000249815     0.000109535
967     5.89218e-05     0.00021882     0.00021882     0.00021882     0.000123404     0.000158923     7.0215e-05
969     7.36523e-05     0.000274954     0.000274954     0.000274954     0.000144163     0.000192902     7.11363e-05
971     7.36523e-05     0.000276304     0.000276304     0.000276304     0.000143484     0.000193031     6.92042e-05
973     7.36523e-05     0.000277821     0.000277821     0.000277821     0.0001359     0.000188898     5.64303e-05
975     6.87421e-05     0.000260303     0.000260303     0.000260303     0.000134289     0.000181391     6.36153e-05
977     8.34726e-05     0.000317682     0.000317682     0.000317682     0.000175583     0.000228748     9.5774e-05
979     4.41914e-05     0.000168956     0.000168956     0.000168956     9.33106e-05     0.000121636     5.07609e-05
981     2.45508e-05     9.43526e-05     9.43526e-05     9.43526e-05     3.76903e-05     5.89276e-05     5.78304e-06
983     9.32929e-05     0.00036047     0.00036047     0.00036047     0.000192879     0.000255745     9.83859e-05
985     9.32929e-05     0.000362055     0.000362055     0.000362055     0.000207745     0.000265677     0.000120629
987     6.3832e-05     0.000249208     0.000249208     0.000249208     0.000118901     0.000167857     4.5238e-05
989     6.3832e-05     0.00025031     0.00025031     0.00025031     0.00013006     0.000175275     6.20257e-05
991     4.91015e-05     0.000193459     0.000193459     0.000193459     0.000108278     0.000140327     6.00282e-05
993     5.89218e-05     0.0002334     0.0002334     0.0002334     0.000111806     0.000157589     4.28859e-05
995     6.3832e-05     0.000254265     0.000254265     0.000254265     0.00013104     0.000177461     6.11174e-05
997     4.91015e-05     0.00019631     0.00019631     0.00019631     9.42517e-05     0.000132722     3.62917e-05
999     6.87421e-05     0.000276403     0.000276403     0.000276403     0.000141571     0.000192396     6.4999e-05
