1     0     0     0     0     0     0     0
3     0     0     0     0     0     0     0
5     4.64985e-06     9.58884e-09     9.58884e-09     9.58884e-09     9.58884e-09     9.58884e-09     9.58884e-09
7     3.0999e-06     4.88685e-09     4.88685e-09     4.88685e-09     4.88685e-09     4.88685e-09     4.88685e-09
9     1.54995e-06     1.82813e-09     1.82813e-09     1.82813e-09     1.82813e-09     1.82813e-09     1.82813e-09
11     3.0999e-06     2.58896e-09     2.58896e-09     2.58896e-09     2.58896e-09     2.58896e-09     2.58896e-09
13     9.29969e-06     6.83065e-09     6.83065e-09     6.83065e-09     6.83065e-09     6.83065e-09     6.83065e-09
15     6.1998e-06     4.01518e-09     4.01518e-09     4.01518e-09     4.01518e-09     4.01518e-09     4.01518e-09
17     9.29969e-06     4.82617e-09     4.82617e-09     4.82617e-09     4.82617e-09     4.82617e-09     4.82617e-09
19     9.29969e-06     4.30639e-09     4.30639e-09     4.30639e-09     4.30639e-09     4.30639e-09     4.30639e-09
21     1.54995e-05     6.19956e-09     6.19956e-09     6.19956e-09     6.19956e-09     6.19956e-09     6.19956e-09
23     9.29969e-06     3.33773e-09     3.33773e-09     3.33773e-09     3.33773e-09     3.33773e-09     3.33773e-09
25     1.39495e-05     4.47152e-09     4.47152e-09     4.47152e-09     4.47152e-09     4.47152e-09     4.47152e-09
27     1.85994e-05     5.38484e-09     5.38484e-09     5.38484e-09     5.38484e-09     5.38484e-09     5.38484e-09
29     2.47992e-05     6.62583e-09     6.62583e-09     6.62583e-09     6.62583e-09     6.62583e-09     6.62583e-09
31     2.78991e-05     6.74556e-09     6.74556e-09     6.74556e-09     6.74556e-09     6.74556e-09     6.74556e-09
33     1.85994e-05     4.06971e-09     4.06971e-09     4.06971e-09     4.06971e-09     4.06971e-09     4.06971e-09
35     2.63491e-05     5.37679e-09     5.37679e-09     5.37679e-09     5.37679e-09     5.37679e-09     5.37679e-09
37     3.40989e-05     6.4426e-09     6.4426e-09     6.4426e-09     6.4426e-09     6.4426e-09     6.4426e-09
39     2.78991e-05     4.9393e-09     4.9393e-09     4.9393e-09     4.9393e-09     4.9393e-09     4.9393e-09
41     5.26983e-05     8.6887e-09     8.6887e-09     8.6887e-09     8.6887e-09     8.6887e-09     8.6887e-09
43     5.11483e-05     7.88109e-09     7.88109e-09     7.88109e-09     7.88109e-09     7.88109e-09     7.88109e-09
45     3.40989e-05     4.90791e-09     4.90791e-09     4.90791e-09     4.90791e-09     4.90791e-09     4.90791e-09
47     4.49485e-05     6.12016e-09     6.12016e-09     6.12016e-09     6.12016e-09     6.12016e-09     6.12016e-09
49     2.78991e-05     3.60023e-09     3.60023e-09     3.60023e-09     3.60023e-09     3.60023e-09     3.60023e-09
51     4.49485e-05     5.49117e-09     5.49117e-09     5.49117e-09     5.49117e-09     5.49117e-09     5.49117e-09
53     5.26983e-05     6.17222e-09     6.17222e-09     6.17222e-09     6.17222e-09     6.17222e-09     6.17222e-09
55     5.42482e-05     6.0585e-09     6.0585e-09     6.0585e-09     6.0585e-09     6.0585e-09     6.0585e-09
57     7.12976e-05     7.63291e-09     7.63291e-09     7.63291e-09     7.63291e-09     7.63291e-09     7.63291e-09
59     4.49485e-05     4.61449e-09     4.61449e-09     4.61449e-09     4.61449e-09     4.61449e-09     4.61449e-09
61     5.26983e-05     5.21323e-09     5.21323e-09     5.21323e-09     5.21323e-09     5.21323e-09     5.21323e-09
63     6.66478e-05     6.37389e-09     6.37389e-09     6.37389e-09     6.37389e-09     6.37389e-09     6.37389e-09
65     6.0448e-05     5.62331e-09     5.62331e-09     5.62331e-09     5.62331e-09     5.62331e-09     5.62331e-09
67     9.1447e-05     8.23095e-09     8.23095e-09     8.23095e-09     8.23095e-09     8.23095e-09     8.23095e-09
69     8.52472e-05     7.4928e-09     7.4928e-09     7.4928e-09     7.4928e-09     7.4928e-09     7.4928e-09
71     8.05973e-05     6.91369e-09     6.91369e-09     6.91369e-09     6.91369e-09     6.91369e-09     6.91369e-09
73     8.36972e-05     7.02794e-09     7.02794e-09     7.02794e-09     7.02794e-09     7.02794e-09     7.02794e-09
75     9.1447e-05     7.54458e-09     7.54458e-09     7.54458e-09     7.54458e-09     7.54458e-09     7.54458e-09
77     9.60968e-05     7.79711e-09     7.79711e-09     7.79711e-09     7.79711e-09     7.79711e-09     7.79711e-09
79     7.12976e-05     5.7096e-09     5.7096e-09     5.7096e-09     5.7096e-09     5.7096e-09     5.7096e-09
81     8.36972e-05     6.62404e-09     6.62404e-09     6.62404e-09     6.62404e-09     6.62404e-09     6.62404e-09
83     9.76468e-05     7.65288e-09     7.65288e-09     7.65288e-09     7.65288e-09     7.65288e-09     7.65288e-09
85     8.52472e-05     6.62866e-09     6.62866e-09     6.62866e-09     6.62866e-09     6.62866e-09     6.62866e-09
87     7.74974e-05     5.9936e-09     5.9936e-09     5.9936e-09     5.9936e-09     5.9936e-09     5.9936e-09
89     0.000106946     8.23618e-09     8.23618e-09     8.23618e-09     8.23618e-09     8.23618e-09     8.23618e-09
91     0.000117796     9.05077e-09     9.05077e-09     9.05077e-09     9.05077e-09     9.05077e-09     9.05077e-09
93     9.45469e-05     7.25811e-09     7.25811e-09     7.25811e-09     7.25811e-09     7.25811e-09     7.25811e-09
95     0.000111596     8.5727e-09     8.5727e-09     8.5727e-09     8.5727e-09     8.5727e-09     8.5727e-09
97     0.000120896     9.30542e-09     9.30542e-09     9.30542e-09     9.30542e-09     9.30542e-09     9.30542e-09
99     0.000131746     1.01732e-08     1.01732e-08     1.01732e-08     1.01732e-08     1.01732e-08     1.01732e-08
101     0.000125546     9.73333e-09     9.73333e-09     9.73333e-09     9.73333e-09     9.73333e-09     9.73333e-09
103     0.000134846     1.05071e-08     1.05071e-08     1.05071e-08     1.05071e-08     1.05071e-08     1.05071e-08
105     0.000142595     1.11897e-08     1.11897e-08     1.11897e-08     1.11897e-08     1.11897e-08     1.11897e-08
107     0.000120896     9.56691e-09     9.56691e-09     9.56691e-09     9.56691e-09     9.56691e-09     9.56691e-09
109     0.000156545     1.25278e-08     1.25278e-08     1.25278e-08     1.25278e-08     1.25278e-08     1.25278e-08
111     0.000141045     1.14605e-08     1.14605e-08     1.14605e-08     1.14605e-08     1.14605e-08     1.14605e-08
113     0.000122446     1.01259e-08     1.01259e-08     1.01259e-08     1.01259e-08     1.01259e-08     1.01259e-08
115     0.000125546     1.06089e-08     1.06089e-08     1.06089e-08     1.06089e-08     1.06089e-08     1.06089e-08
117     0.000103847     9.00115e-09     9.00115e-09     9.00115e-09     9.00115e-09     9.00115e-09     9.00115e-09
119     0.000158095     1.41183e-08     1.41183e-08     1.41183e-08     1.41183e-08     1.41183e-08     1.41183e-08
121     0.000172044     1.5912e-08     1.5912e-08     1.5912e-08     1.5912e-08     1.5912e-08     1.5912e-08
123     0.000150345     1.45006e-08     1.45006e-08     1.45006e-08     1.45006e-08     1.45006e-08     1.45006e-08
125     0.000136395     1.38224e-08     1.38224e-08     1.38224e-08     1.38224e-08     1.38224e-08     1.38224e-08
127     0.000162745     1.74522e-08     1.74522e-08     1.74522e-08     1.74522e-08     1.74522e-08     1.74522e-08
129     0.000148795     1.69201e-08     1.69201e-08     1.69201e-08     1.69201e-08     1.69201e-08     1.69201e-08
131     0.000170494     2.07285e-08     2.07285e-08     2.07285e-08     2.07285e-08     2.07285e-08     2.07285e-08
133     0.000145695     1.91105e-08     1.91105e-08     1.91105e-08     1.91105e-08     1.91105e-08     1.91105e-08
135     0.000161195     2.30355e-08     2.30355e-08     2.30355e-08     2.30355e-08     2.30355e-08     2.30355e-08
137     0.000161195     2.52128e-08     2.52128e-08     2.52128e-08     2.52128e-08     2.52128e-08     2.52128e-08
139     0.000164295     2.84536e-08     2.84536e-08     2.84536e-08     2.84536e-08     2.84536e-08     2.84536e-08
141     0.000175144     3.37959e-08     3.37959e-08     3.37959e-08     3.37959e-08     3.37959e-08     3.37959e-08
143     0.000189094     4.11957e-08     4.11957e-08     4.11957e-08     4.11957e-08     4.11957e-08     4.11957e-08
145     0.000178244     4.39716e-08     4.39716e-08     4.39716e-08     4.39716e-08     4.39716e-08     4.39716e-08
147     0.000164295     4.64964e-08     4.64964e-08     4.64964e-08     4.64964e-08     4.64964e-08     4.64964e-08
149     0.000148795     4.94417e-08     4.94417e-08     4.94417e-08     4.94417e-08     4.94417e-08     4.94417e-08
151     0.000215443     8.6145e-08     8.6145e-08     8.6145e-08     8.6145e-08     8.6145e-08     8.6145e-08
153     0.000178244     8.81711e-08     8.81711e-08     8.81711e-08     8.81711e-08     8.81711e-08     8.81711e-08
155     0.000176694     1.08126e-07     1.08126e-07     1.08126e-07     1.08126e-07     1.08126e-07     1.08126e-07
157     0.000179794     1.4536e-07     1.4536e-07     1.4536e-07     1.4536e-07     1.4536e-07     1.4536e-07
159     0.000207693     2.63765e-07     2.63765e-07     2.63765e-07     2.63765e-07     2.63765e-07     2.63765e-07
161     0.000173594     3.6587e-07     3.6587e-07     3.6587e-07     3.6587e-07     3.6587e-07     3.6587e-07
163     0.000173594     5.85989e-07     5.85989e-07     5.85989e-07     5.85989e-07     5.85989e-07     5.85989e-07
165     0.000204593     9.54769e-07     9.54769e-07     9.54769e-07     9.54769e-07     9.54769e-07     9.54769e-07
167     0.000199943     1.14072e-06     1.14072e-06     1.14072e-06     1.14072e-06     1.14072e-06     1.14072e-06
169     0.000220093     1.45148e-06     1.45148e-06     1.45148e-06     1.45148e-06     1.45148e-06     1.45148e-06
171     0.000209243     1.53922e-06     1.53922e-06     1.53922e-06     1.53922e-06     1.53922e-06     1.53922e-06
173     0.000207693     1.69424e-06     1.69424e-06     1.69424e-06     1.69424e-06     1.69424e-06     1.69424e-06
175     0.000206143     1.8408e-06     1.8408e-06     1.8408e-06     1.8408e-06     1.8408e-06     1.8408e-06
177     0.000192194     1.85469e-06     1.85469e-06     1.85469e-06     1.85469e-06     1.85469e-06     1.85469e-06
179     0.000226293     2.38117e-06     2.38117e-06     2.38117e-06     2.38117e-06     2.38117e-06     2.38117e-06
181     0.000199943     2.30906e-06     2.30906e-06     2.30906e-06     2.30906e-06     2.30906e-06     2.30906e-06
183     0.000216993     2.77554e-06     2.77554e-06     2.77554e-06     2.77554e-06     2.77554e-06     2.77554e-06
185     0.000227842     3.202e-06     3.202e-06     3.202e-06     3.202e-06     3.202e-06     3.202e-06
187     0.000227842     3.49169e-06     3.49169e-06     3.49169e-06     3.49169e-06     3.49169e-06     3.49169e-06
189     0.000252642     4.1715e-06     4.1715e-06     4.1715e-06     4.1715e-06     4.1715e-06     4.1715e-06
191     0.000258841     4.57508e-06     4.57508e-06     4.57508e-06     4.57508e-06     4.57508e-06     4.57508e-06
193     0.000257292     4.83077e-06     4.83077e-06     4.83077e-06     4.83077e-06     4.83077e-06     4.83077e-06
195     0.000278991     5.55063e-06     5.55063e-06     5.55063e-06     5.55063e-06     5.55063e-06     5.55063e-06
197     0.000260391     5.43776e-06     5.43776e-06     5.43776e-06     5.43776e-06     5.43776e-06     5.43776e-06
199     0.000277441     6.0565e-06     6.0565e-06     6.0565e-06     6.0565e-06     6.0565e-06     6.0565e-06
201     0.00030069     6.86042e-06     6.86042e-06     6.86042e-06     6.86042e-06     6.86042e-06     6.86042e-06
203     0.000243342     5.79468e-06     5.79468e-06     5.79468e-06     5.79468e-06     5.79468e-06     5.79468e-06
205     0.000272791     6.7855e-06     6.7855e-06     6.7855e-06     6.7855e-06     6.7855e-06     6.7855e-06
207     0.000241792     6.26254e-06     6.26254e-06     6.26254e-06     6.26254e-06     6.26254e-06     6.26254e-06
209     0.000238692     6.44056e-06     6.44056e-06     6.44056e-06     6.44056e-06     6.44056e-06     6.44056e-06
211     0.000265041     7.42029e-06     7.42029e-06     7.42029e-06     0.000245592     0.000348541     0.000174821
213     0.000258841     7.51083e-06     7.51083e-06     7.51083e-06     0.000210188     0.000297952     0.000149856
215     0.00028829     8.67272e-06     8.67272e-06     8.67272e-06     0.000228599     0.000324022     0.000162909
217     0.000243342     7.58244e-06     7.58244e-06     7.58244e-06     0.00022098     0.000313673     0.000157219
219     0.000255742     8.2312e-06     8.2312e-06     8.2312e-06     0.000212242     0.000300973     0.000151206
221     0.000257292     8.55021e-06     8.55021e-06     8.55021e-06     0.000218239     0.00030953     0.000155455
223     0.00031619     1.08507e-05     1.08507e-05     1.08507e-05     0.000214494     0.000303245     0.000153468
225     0.00031774     1.12372e-05     1.12372e-05     1.12372e-05     0.000223779     0.000316371     0.000160025
227     0.000271241     9.88732e-06     9.88732e-06     9.88732e-06     0.000196533     0.000277914     0.000140516
229     0.000255742     9.61236e-06     9.61236e-06     9.61236e-06     0.00020917     0.00029613     0.000149248
231     0.000271241     1.05037e-05     1.05037e-05     1.05037e-05     0.000203406     0.00028755     0.000145467
233     0.000272791     1.08763e-05     1.08763e-05     1.08763e-05     0.000215119     0.000304163     0.000153794
235     0.00029604     1.21633e-05     1.21633e-05     1.21633e-05     0.000209335     0.000295316     0.000150062
237     0.000271241     1.14422e-05     1.14422e-05     1.14422e-05     0.000203025     0.000286561     0.000145427
239     0.00028829     1.25216e-05     1.25216e-05     1.25216e-05     0.000213741     0.000301513     0.000153254
241     0.00029449     1.31234e-05     1.31234e-05     1.31234e-05     0.000202646     0.000285357     0.000145618
243     0.000320839     1.46869e-05     1.46869e-05     1.46869e-05     0.000199909     0.00028083     0.000144123
245     0.00031774     1.4947e-05     1.4947e-05     1.4947e-05     0.000202967     0.000285103     0.000146277
247     0.000339439     1.63873e-05     1.63873e-05     1.63873e-05     0.000204328     0.000286464     0.000147684
249     0.00030534     1.51124e-05     1.51124e-05     1.51124e-05     0.000200486     0.00028147     0.000144642
251     0.000278991     1.41681e-05     1.41681e-05     1.41681e-05     0.000193658     0.000271994     0.000139583
253     0.00031774     1.65401e-05     1.65401e-05     1.65401e-05     0.000195127     0.000272944     0.00014134
255     0.000379737     2.0279e-05     2.0279e-05     2.0279e-05     0.000206434     0.000287443     0.000150443
257     0.00030999     1.69656e-05     1.69656e-05     1.69656e-05     0.000198479     0.000277327     0.00014392
259     0.000347189     1.94668e-05     1.94668e-05     1.94668e-05     0.000198849     0.000276655     0.000144964
261     0.000354938     2.03631e-05     2.03631e-05     2.03631e-05     0.000198559     0.000275761     0.0001451
263     0.000337889     1.98589e-05     1.98589e-05     1.98589e-05     0.00019078     0.000264742     0.000139485
265     0.000370438     2.22685e-05     2.22685e-05     2.22685e-05     0.000200833     0.000278124     0.000147245
267     0.000379737     2.3352e-05     2.3352e-05     2.3352e-05     0.00019185     0.000264788     0.000141265
269     0.000353388     2.22134e-05     2.22134e-05     2.22134e-05     0.000184125     0.000254199     0.00013548
271     0.000354938     2.28178e-05     2.28178e-05     2.28178e-05     0.000182453     0.000251602     0.000134482
273     0.00030844     2.02829e-05     2.02829e-05     2.02829e-05     0.00017821     0.00024667     0.00013068
275     0.00031774     2.1348e-05     2.1348e-05     2.1348e-05     0.000184509     0.000255294     0.000135391
277     0.000378188     2.5961e-05     2.5961e-05     2.5961e-05     0.000192063     0.000264182     0.000142035
279     0.000384387     2.69627e-05     2.69627e-05     2.69627e-05     0.000192183     0.000263881     0.000142385
281     0.000340989     2.44514e-05     2.44514e-05     2.44514e-05     0.000180973     0.00024888     0.000133811
283     0.000358038     2.62117e-05     2.62117e-05     2.62117e-05     0.000187818     0.000257851     0.000139155
285     0.000337889     2.52415e-05     2.52415e-05     2.52415e-05     0.000175123     0.000240019     0.000130021
287     0.000379737     2.89516e-05     2.89516e-05     2.89516e-05     0.000181935     0.000248071     0.000135918
289     0.000356488     2.77255e-05     2.77255e-05     2.77255e-05     0.000174473     0.000237883     0.000130341
291     0.000385937     3.06167e-05     3.06167e-05     3.06167e-05     0.000177206     0.000240549     0.000133114
293     0.000373538     3.02293e-05     3.02293e-05     3.02293e-05     0.000182786     0.000248778     0.000136862
295     0.000392137     3.23487e-05     3.23491e-05     3.23487e-05     0.000184706     0.000250656     0.000138787
297     0.000373538     3.14293e-05     3.14297e-05     3.14293e-05     0.000184308     0.000250539     0.00013819
299     0.000382837     3.28185e-05     3.28188e-05     3.28185e-05     0.00016811     0.00022679     0.000127259
301     0.000398337     3.47822e-05     3.47826e-05     3.47822e-05     0.000186929     0.000252928     0.000140975
303     0.000359588     3.20026e-05     3.20029e-05     3.20026e-05     0.0001747     0.000236569     0.000131612
305     0.000362688     3.28576e-05     3.2858e-05     3.28576e-05     0.000188277     0.000255631     0.000141335
307     0.000427786     3.94891e-05     3.94896e-05     3.94891e-05     0.000179455     0.000240053     0.000137208
309     0.000395237     3.71506e-05     3.7151e-05     3.71506e-05     0.000180067     0.000241913     0.000136935
311     0.000392137     3.7534e-05     3.75344e-05     3.7534e-05     0.000173562     0.000232367     0.000132515
313     0.000385937     3.76085e-05     3.76089e-05     3.76085e-05     0.000180312     0.000241956     0.00013727
315     0.000385937     3.82888e-05     3.82894e-05     3.82888e-05     0.000176889     0.00023672     0.000135103
317     0.000433986     4.3781e-05     4.37816e-05     4.3781e-05     0.000180892     0.000240059     0.000139565
319     0.000402987     4.13623e-05     4.13628e-05     4.13623e-05     0.000184307     0.000245972     0.000141215
321     0.000406087     4.23913e-05     4.23919e-05     4.23913e-05     0.000184725     0.000246112     0.000141808
323     0.000424686     4.50561e-05     4.50567e-05     4.50561e-05     0.000183305     0.000242917     0.000141622
325     0.000460335     4.96844e-05     4.96852e-05     4.96844e-05     0.000194109     0.000256363     0.000150576
327     0.000423136     4.63705e-05     4.63712e-05     4.63705e-05     0.000191272     0.000253689     0.000147582
329     0.000430886     4.79857e-05     4.79865e-05     4.79857e-05     0.000175172     0.000229918     0.000136849
331     0.000440185     4.97788e-05     4.97796e-05     4.97788e-05     0.000172896     0.000225809     0.00013582
333     0.000485134     5.57501e-05     5.5751e-05     5.57501e-05     0.000196479     0.000256853     0.000154135
335     0.000463435     5.4077e-05     5.4078e-05     5.4077e-05     0.00019749     0.000258899     0.000154399
337     0.000416936     4.93926e-05     4.93935e-05     4.93926e-05     0.000185125     0.000243119     0.000144404
339     0.000480484     5.78328e-05     5.78338e-05     5.78328e-05     0.000191865     0.000248994     0.000151704
341     0.000458785     5.60926e-05     5.60936e-05     5.60926e-05     0.000194055     0.000252744     0.000152755
343     0.000485134     6.02324e-05     6.02335e-05     6.02324e-05     0.000195651     0.000253183     0.000155152
345     0.000472734     5.96861e-05     5.96874e-05     5.96861e-05     0.00019304     0.000249783     0.000153096
347     0.000503733     6.47514e-05     6.47528e-05     6.47514e-05     0.000201269     0.000259601     0.00016027
349     0.000424686     5.56053e-05     5.56065e-05     5.56053e-05     0.000198884     0.00026013     0.000155819
351     0.000513033     6.86248e-05     6.86262e-05     6.86248e-05     0.000216423     0.000279676     0.000171963
353     0.000480484     6.57847e-05     6.57862e-05     6.57847e-05     0.000211069     0.000273384     0.000167284
355     0.000478934     6.71235e-05     6.71253e-05     6.71235e-05     0.000220612     0.000286615     0.000174269
357     0.000517683     7.43385e-05     7.43404e-05     7.43385e-05     0.000228041     0.000294303     0.000181534
359     0.000508383     7.47129e-05     7.47148e-05     7.47129e-05     0.000225814     0.00029112     0.000180003
361     0.000537832     8.08398e-05     8.08418e-05     8.08398e-05     0.000244614     0.00031548     0.000194896
363     0.000540932     8.31463e-05     8.31485e-05     8.31463e-05     0.000236621     0.000303106     0.000189988
365     0.000471184     7.3965e-05     7.39672e-05     7.3965e-05     0.000239438     0.000311206     0.000189105
367     0.000561081     9.00458e-05     9.00485e-05     9.00458e-05     0.000255613     0.000327507     0.000205203
369     0.000437086     7.16482e-05     7.16503e-05     7.16482e-05     0.000246961     0.000323195     0.000193525
371     0.000502183     8.41044e-05     8.41068e-05     8.41044e-05     0.000253569     0.000327348     0.000201851
373     0.000523883     8.96029e-05     8.96056e-05     8.96029e-05     0.000258956     0.000332816     0.000207207
375     0.000497534     8.68922e-05     8.68952e-05     8.68922e-05     0.000262027     0.000338538     0.000208444
377     0.000551782     9.84964e-05     9.84997e-05     9.84964e-05     0.000265491     0.000338555     0.000214333
379     0.000545582     9.93475e-05     9.93507e-05     9.93475e-05     0.00026866     0.000342861     0.000216726
381     0.000494434     9.18778e-05     9.18807e-05     9.18778e-05     0.000268689     0.000346281     0.000214391
383     0.000531632     0.000100685     0.000100689     0.000100685     0.000273729     0.000349777     0.000220533
385     0.000519233     0.000100197     0.000100201     0.000100197     0.000271305     0.000346591     0.000218646
387     0.000556432     0.00010939     0.000109394     0.00010939     0.000291336     0.000371498     0.000235278
389     0.000511483     0.000102451     0.000102455     0.000102451     0.000271901     0.000346637     0.000219645
391     0.000519233     0.000105778     0.000105782     0.000105778     0.000297581     0.000382259     0.000238376
393     0.000588981     0.0001221     0.000122105     0.0001221     0.000307943     0.000390065     0.000250523
395     0.000575031     0.000121227     0.000121232     0.000121227     0.000315715     0.00040176     0.000255579
397     0.00059363     0.000127196     0.000127201     0.000127196     0.000310886     0.000392232     0.00025404
399     0.000627729     0.000136817     0.000136822     0.000136817     0.000308014     0.000383916     0.000254982
401     0.00059828     0.000132547     0.000132552     0.000132547     0.000313466     0.000393752     0.000257361
403     0.00061843     0.000139268     0.000139274     0.000139268     0.00032055     0.000401115     0.000264283
405     0.00059518     0.000136123     0.00013613     0.000136123     0.000327941     0.000413292     0.00026834
407     0.00059673     0.000138674     0.00013868     0.000138674     0.000325048     0.000408062     0.000267083
409     0.00060758     0.000143463     0.000143469     0.000143463     0.000334752     0.000420048     0.000275205
411     0.000630829     0.000151212     0.000151218     0.000151212     0.000338784     0.000422499     0.000280352
413     0.000561081     0.000136488     0.000136494     0.000136488     0.000315159     0.00039495     0.000259463
415     0.00061688     0.00015235     0.000152357     0.00015235     0.000337167     0.000419765     0.000279513
417     0.000629279     0.000157598     0.000157606     0.000157598     0.000347757     0.000432798     0.000288399
419     0.00059518     0.00015116     0.000151167     0.00015116     0.000332289     0.000413372     0.0002757
421     0.000621529     0.000159986     0.000159993     0.000159986     0.00034705     0.000430884     0.00028855
423     0.000637029     0.000166265     0.000166273     0.000166265     0.000356449     0.000441788     0.00029692
425     0.000630829     0.000166811     0.000166819     0.000166811     0.000360844     0.000448026     0.000300036
427     0.00059518     0.00015947     0.000159478     0.00015947     0.000341416     0.000423269     0.000284348
429     0.00060913     0.000165418     0.000165426     0.000165418     0.000348378     0.000430764     0.000290938
431     0.000678878     0.000186674     0.000186684     0.000186674     0.000371483     0.000454774     0.000313429
433     0.000658728     0.000183491     0.000183501     0.000183491     0.000378439     0.000466316     0.000317174
435     0.000712976     0.000201154     0.000201165     0.000201154     0.000411099     0.000505783     0.000345102
437     0.000573481     0.000163877     0.000163886     0.000163877     0.000356365     0.000443192     0.000295818
439     0.000705227     0.000204062     0.000204074     0.000204062     0.000410485     0.000503684     0.000345516
441     0.000657178     0.000192524     0.000192535     0.000192524     0.00037536     0.000458016     0.000317745
443     0.000681977     0.000202227     0.000202239     0.000202227     0.000387803     0.00047185     0.000329249
445     0.000692827     0.00020783     0.000207843     0.00020783     0.000413408     0.000506702     0.000348442
447     0.000720726     0.000218801     0.000218814     0.000218801     0.000414108     0.000502917     0.000352289
449     0.000745525     0.000228921     0.000228935     0.000228921     0.000413682     0.000497858     0.000355124
451     0.000711427     0.000220907     0.000220919     0.000220907     0.00041865     0.000508869     0.000355904
453     0.000742425     0.000233051     0.000233066     0.000233051     0.000434494     0.000526487     0.000370517
455     0.000712976     0.000226282     0.000226297     0.000226282     0.000425615     0.000516709     0.000362282
457     0.000706777     0.000226699     0.000226713     0.000226699     0.000440276     0.000537893     0.000372394
459     0.000736226     0.000238713     0.000238728     0.000238713     0.000460104     0.000561277     0.000389738
461     0.000770325     0.000252454     0.00025247     0.000252454     0.000435903     0.000519683     0.000377607
463     0.000770325     0.000255181     0.000255199     0.000255181     0.000467303     0.00056411     0.000399925
465     0.000855572     0.000286446     0.000286466     0.000286446     0.000484523     0.000574835     0.000421632
467     0.000765675     0.000258964     0.000258982     0.000258964     0.000475379     0.000573957     0.000406688
469     0.000798224     0.000272862     0.000272881     0.000272862     0.000479585     0.000573678     0.000413991
471     0.000792024     0.00027344     0.000273458     0.00027344     0.000486874     0.000583993     0.000419169
473     0.000801324     0.000279405     0.000279426     0.000279405     0.000474029     0.000562585     0.00041228
475     0.000782724     0.000275687     0.000275708     0.000275687     0.000498788     0.000600313     0.000427986
477     0.000782724     0.000278281     0.000278301     0.000278281     0.000493183     0.000591027     0.00042494
479     0.000796674     0.000286061     0.000286083     0.000286061     0.000473102     0.000558338     0.000413663
481     0.000857122     0.0003107     0.000310723     0.0003107     0.000520159     0.000615726     0.000453539
483     0.000799774     0.000292776     0.000292799     0.000292776     0.000507696     0.000605878     0.000439259
485     0.000867971     0.000320677     0.000320703     0.000320677     0.000545487     0.000648337     0.000473827
487     0.000810623     0.000302354     0.000302378     0.000302354     0.000535908     0.000642896     0.000461387
489     0.000891221     0.00033549     0.000335517     0.00033549     0.000546473     0.000643217     0.000479093
491     0.000971818     0.000369198     0.000369227     0.000369198     0.000586045     0.000685542     0.000516752
493     0.000886571     0.000339894     0.000339923     0.000339894     0.000536317     0.000626473     0.000473533
495     0.00092377     0.000357346     0.000357377     0.000357346     0.000599188     0.000710196     0.000521875
497     0.00090517     0.000353188     0.000353219     0.000353188     0.000615954     0.000736536     0.000531942
499     0.00089742     0.000353252     0.000353282     0.000353252     0.000569228     0.000668352     0.000500164
501     0.000939269     0.00037296     0.000372991     0.00037296     0.000588007     0.000686735     0.000519221
503     0.000953219     0.000381739     0.000381775     0.000381739     0.000611054     0.00071637     0.000537661
505     0.000886571     0.000358133     0.000358167     0.000358133     0.000573448     0.000672409     0.000504498
507     0.000947019     0.000385887     0.000385923     0.000385887     0.000641681     0.00075935     0.000559695
509     0.00104467     0.00042923     0.00042927     0.00042923     0.000642567     0.00074085     0.000574129
511     0.00102452     0.000424578     0.000424617     0.000424578     0.000662061     0.000771604     0.000585801
513     0.000991967     0.000414597     0.00041464     0.000414597     0.000644997     0.00075143     0.000570916
515     0.00092377     0.000389311     0.000389351     0.000389311     0.000640023     0.000756009     0.000559319
517     0.00103382     0.000439283     0.000439328     0.000439283     0.000674658     0.000783719     0.000598804
519     0.000953219     0.000408428     0.000408469     0.000408428     0.00067572     0.000799721     0.000589494
521     0.000988867     0.000427138     0.00042718     0.000427138     0.000662949     0.000772483     0.000586815
523     0.00103847     0.00045209     0.000452141     0.00045209     0.000648327     0.000739555     0.000584925
525     0.000973368     0.000427128     0.000427176     0.000427128     0.000647717     0.000750327     0.000576417
527     0.00106017     0.000468873     0.000468925     0.000468873     0.000728156     0.000848772     0.000644313
529     0.00102917     0.000458719     0.00045877     0.000458719     0.000697489     0.000808574     0.000620268
531     0.00109891     0.000493487     0.000493541     0.000493487     0.000737506     0.000851001     0.000658586
533     0.00112061     0.00050704     0.000507103     0.00050704     0.000762587     0.000881406     0.000679952
535     0.00106636     0.000486025     0.000486084     0.000486025     0.000763023     0.000891751     0.000673478
537     0.00103227     0.000473974     0.000474032     0.000473974     0.000706094     0.000813902     0.000631067
539     0.00105242     0.000486845     0.000486903     0.000486845     0.000731312     0.000844793     0.000652305
541     0.00114231     0.000532359     0.000532423     0.000532359     0.000779359     0.000893989     0.000699533
543     0.00117951     0.000553783     0.000553858     0.000553783     0.000824171     0.000949668     0.000736775
545     0.00112216     0.000530728     0.000530799     0.000530728     0.000777654     0.000892271     0.00069783
547     0.00124616     0.000593781     0.00059386     0.000593781     0.000856064     0.000977853     0.000771251
549     0.00116711     0.000560316     0.00056039     0.000560316     0.000801383     0.000913354     0.000723409
551     0.00119501     0.000578181     0.000578257     0.000578181     0.000841737     0.000964197     0.000756452
553     0.00119811     0.00058405     0.000584137     0.00058405     0.000885628     0.00102579     0.000787997
555     0.00122911     0.000603666     0.000603755     0.000603666     0.000904621     0.00104455     0.000807152
557     0.00130196     0.000644122     0.000644217     0.000644122     0.00093182     0.00106568     0.000838604
559     0.00124306     0.000619331     0.000619422     0.000619331     0.000887224     0.00101196     0.000800365
561     0.00124926     0.000626428     0.000626519     0.000626428     0.000917012     0.00105243     0.000822729
563     0.00127871     0.000645194     0.0006453     0.000645194     0.000925153     0.0010558     0.00083424
565     0.00137325     0.000697095     0.000697209     0.000697095     0.000966675     0.0010926     0.00087906
567     0.00132211     0.000675145     0.000675255     0.000675145     0.000979251     0.00112141     0.000880331
569     0.00138255     0.000710543     0.000710658     0.000710543     0.000996047     0.00112965     0.000903114
571     0.00130041     0.000672836     0.000672947     0.000672836     0.000957292     0.00109046     0.000864646
573     0.0014213     0.000740546     0.000740681     0.000740546     0.0010409     0.00118157     0.000943048
575     0.00141665     0.000743482     0.000743618     0.000743482     0.00102945     0.0011634     0.000936275
577     0.00137015     0.000724379     0.000724509     0.000724379     0.0010065     0.00113866     0.000914567
579     0.00145075     0.00077242     0.000772558     0.00077242     0.00110297     0.00125782     0.00099524
581     0.00143525     0.000769466     0.000769608     0.000769466     0.0010706     0.00121168     0.000972429
583     0.0015267     0.000823669     0.000823838     0.000823669     0.00112291     0.00126317     0.00102532
585     0.001505     0.000817192     0.000817358     0.000817192     0.0011443     0.0012977     0.00103758
587     0.00159955     0.000874256     0.000874433     0.000874256     0.00117134     0.00131075     0.00107437
589     0.00157785     0.000868573     0.000868747     0.000868573     0.00119835     0.00135314     0.00109065
591     0.00167704     0.000930197     0.000930389     0.000930197     0.00125929     0.00141389     0.00115175
593     0.00152825     0.000854467     0.000854664     0.000854467     0.00119449     0.00135433     0.00108331
595     0.0015794     0.000890699     0.000890903     0.000890699     0.00125529     0.0014268     0.00113602
597     0.0015453     0.000878586     0.000878785     0.000878586     0.00121531     0.00137383     0.00110509
599     0.00167239     0.000958242     0.000958458     0.000958242     0.00130532     0.00146888     0.00119163
601     0.00172354     0.000994536     0.000994769     0.000994536     0.00137853     0.00155963     0.00125265
603     0.00179329     0.00104136     0.00104163     0.00104136     0.00144477     0.00163523     0.00131241
605     0.0016631     0.000971575     0.000971826     0.000971575     0.00131859     0.00148261     0.00120464
607     0.00177624     0.0010437     0.00104397     0.0010437     0.00142335     0.00160296     0.00129859
609     0.00173749     0.00102704     0.00102731     0.00102704     0.00137649     0.00154199     0.00126159
611     0.00173129     0.00103019     0.00103047     0.00103019     0.00140465     0.00158206     0.00128146
613     0.00193434     0.00115949     0.00115983     0.00115949     0.00154526     0.00172819     0.00141829
615     0.00181809     0.00109801     0.00109833     0.00109801     0.00148125     0.00166297     0.00135508
617     0.00196689     0.00119718     0.00119752     0.00119718     0.00160388     0.00179672     0.00146995
619     0.00183049     0.00112306     0.00112338     0.00112306     0.00151436     0.0017     0.00138548
621     0.00190024     0.00117494     0.00117529     0.00117494     0.00156524     0.00175047     0.00143666
623     0.00205213     0.00127876     0.00127919     0.00127876     0.00166376     0.00184662     0.00153688
625     0.00192969     0.00121147     0.00121187     0.00121147     0.0016208     0.00181524     0.00148584
627     0.00203198     0.00128533     0.00128575     0.00128533     0.00171134     0.00191379     0.0015708
629     0.00197618     0.00125906     0.00125947     0.00125906     0.0016994     0.00190875     0.00155408
631     0.00202733     0.00130139     0.00130184     0.00130139     0.00174796     0.00196043     0.0016005
633     0.00200408     0.00129582     0.00129632     0.00129582     0.00171578     0.00191577     0.00157705
635     0.00209708     0.00136613     0.00136664     0.00136613     0.00180952     0.00202077     0.00166297
637     0.00225518     0.00148054     0.0014811     0.00148054     0.00194127     0.00216092     0.00178891
639     0.00205833     0.0013621     0.00136261     0.0013621     0.00179746     0.00200514     0.00165341
641     0.00218233     0.00145655     0.00145713     0.00145655     0.0019039     0.00211754     0.00175578
643     0.00206918     0.00139331     0.00139392     0.00139331     0.00182142     0.0020261     0.00167957
645     0.00220868     0.00150119     0.00150184     0.00150119     0.00193362     0.00214057     0.00179024
647     0.00224588     0.00154094     0.0015416     0.00154094     0.0019932     0.00220979     0.00184315
649     0.00224743     0.00155656     0.00155722     0.00155656     0.00201007     0.00222735     0.00185952
651     0.00231562     0.00161955     0.0016203     0.00161955     0.00207201     0.00228897     0.00192178
653     0.00237452     0.00167642     0.00167726     0.00167642     0.00216892     0.0024051     0.00200535
655     0.00221333     0.00157791     0.00157868     0.00157791     0.00202869     0.00224486     0.00187895
657     0.00236367     0.00170146     0.00170229     0.00170146     0.00215718     0.00237578     0.00200578
659     0.00230012     0.00167192     0.00167273     0.00167192     0.00215544     0.00238736     0.00199476
661     0.00233112     0.0017112     0.0017121     0.0017112     0.00217103     0.00239184     0.00201814
663     0.00249542     0.0018506     0.00185165     0.0018506     0.00233662     0.00257032     0.00217494
665     0.00253882     0.00190186     0.00190292     0.00190186     0.00240484     0.00264688     0.00223738
667     0.00264111     0.00199948     0.00200058     0.00199948     0.00251361     0.00276132     0.0023423
669     0.00259306     0.00198363     0.00198471     0.00198363     0.0025352     0.00280114     0.00235127
671     0.00258066     0.00199546     0.00199665     0.00199546     0.00251266     0.00276236     0.00234008
673     0.00261166     0.0020419     0.00204321     0.0020419     0.00252843     0.00276364     0.00236601
675     0.00258996     0.00204739     0.00204868     0.00204739     0.00256113     0.00280953     0.00238956
677     0.00259151     0.00207187     0.00207316     0.00207187     0.00255699     0.00279166     0.00239492
679     0.00250317     0.00202422     0.00202547     0.00202422     0.0024993     0.00272916     0.00234056
681     0.00261786     0.00214123     0.00214268     0.00214123     0.0026179     0.00284876     0.00245859
683     0.00274961     0.00227583     0.00227745     0.00227583     0.00278455     0.00303104     0.00261446
685     0.00252487     0.00211449     0.00211597     0.00211449     0.00259843     0.00283298     0.00243658
687     0.00268451     0.00227622     0.0022778     0.00227622     0.00274415     0.0029712     0.00258759
689     0.00281471     0.00241764     0.0024193     0.00241764     0.00291578     0.00315758     0.00274901
691     0.00277131     0.00241182     0.00241362     0.00241182     0.00288994     0.00312245     0.00272976
693     0.00277596     0.00244999     0.00245191     0.00244999     0.00293971     0.00317816     0.00277552
695     0.00272946     0.00244344     0.00244533     0.00244344     0.00295171     0.00319939     0.00278116
697     0.00277286     0.00251877     0.00252069     0.00251877     0.00300293     0.00323921     0.00284034
699     0.00270466     0.00249302     0.0024949     0.00249302     0.00295805     0.00318528     0.00280177
701     0.00273411     0.00255826     0.00256036     0.00255826     0.00303045     0.00326157     0.00287165
703     0.00277751     0.00263766     0.00263989     0.00263766     0.00313137     0.00337315     0.00296523
705     0.00284881     0.00274668     0.00274896     0.00274668     0.00320399     0.00342827     0.00305004
707     0.00282866     0.00277003     0.00277229     0.00277003     0.00324303     0.00347502     0.00308373
709     0.00272481     0.00271072     0.00271291     0.00271072     0.00314802     0.00336271     0.00300071
711     0.00276511     0.00279629     0.00279872     0.00279629     0.00324133     0.0034601     0.00309135
713     0.00277751     0.00285658     0.00285912     0.00285658     0.00327783     0.00348518     0.00313581
715     0.00279611     0.00292503     0.00292758     0.00292503     0.00333977     0.0035441     0.00319989
717     0.00271086     0.00288568     0.00288815     0.00288568     0.00330028     0.00350455     0.00316038
719     0.00265196     0.00287205     0.00287447     0.00287205     0.00326091     0.00345274     0.0031296
721     0.00269226     0.0029653     0.00296795     0.0029653     0.00334824     0.00353761     0.00321885
723     0.00286586     0.00321024     0.00321314     0.00321024     0.00361095     0.00380943     0.00347544
725     0.00284571     0.00324049     0.00324336     0.00324049     0.00362536     0.00381628     0.0034951
727     0.00270621     0.00313261     0.00313534     0.00313261     0.00348558     0.00366097     0.00336602
729     0.00275116     0.00323867     0.00324144     0.00323867     0.00358881     0.00376302     0.00347012
731     0.00261166     0.0031262     0.00312898     0.0031262     0.00344541     0.00360462     0.00333714
733     0.00273721     0.00333297     0.00333591     0.00333297     0.00366192     0.00382614     0.00355028
735     0.00265351     0.00328784     0.0032907     0.00328784     0.00358542     0.00373425     0.00348439
737     0.00269691     0.0034002     0.00340311     0.0034002     0.0036885     0.0038329     0.00359059
739     0.00256827     0.00329572     0.00329848     0.00329572     0.00356467     0.0036995     0.00347328
741     0.00260081     0.0033975     0.00340037     0.0033975     0.00365473     0.00378401     0.00356727
743     0.00247217     0.00328702     0.00328976     0.00328702     0.00352211     0.0036405     0.00344213
745     0.00252022     0.00341165     0.00341444     0.00341165     0.00362709     0.00373595     0.00355372
747     0.00244737     0.0033719     0.00337462     0.0033719     0.00357915     0.00368401     0.00350852
749     0.00250627     0.00351097     0.00351375     0.00351097     0.0037077     0.00380751     0.00364061
751     0.00241947     0.0034466     0.00344924     0.0034466     0.00362713     0.0037189     0.00356553
753     0.00242412     0.00350797     0.00351061     0.00350797     0.00366163     0.00374016     0.00360917
755     0.00236057     0.00346856     0.00347113     0.00346856     0.00360459     0.00367438     0.00355813
757     0.00229547     0.00342447     0.00342698     0.00342447     0.00354736     0.00361061     0.00350537
759     0.00225363     0.00341251     0.00341497     0.00341251     0.00351187     0.00356348     0.00347791
761     0.00214203     0.00329095     0.00329316     0.00329095     0.00337076     0.00341247     0.00334347
763     0.00217923     0.00339716     0.00339938     0.00339716     0.003461     0.00349486     0.00343916
765     0.00214978     0.0034012     0.0034034     0.0034012     0.00344805     0.00347347     0.003432
767     0.00211568     0.00339489     0.00339705     0.00339489     0.0034234     0.00343972     0.00341363
769     0.00214668     0.00349317     0.00349536     0.00349317     0.00350592     0.00351444     0.00350155
771     0.00198393     0.00327348     0.00327531     0.00327348     0.00326781     0.00327158     0.00326499
773     0.00205988     0.00344651     0.00344841     0.00344651     0.00342351     0.00343331     0.00341207
775     0.00203973     0.00345924     0.00346111     0.00345924     0.00341773     0.00343387     0.00339706
777     0.00190954     0.0032802     0.00328195     0.0032802     0.00322574     0.00324622     0.00319859
779     0.00181654     0.00315911     0.00316078     0.00315911     0.00308804     0.00311416     0.00305259
781     0.00189869     0.0033407     0.00334221     0.0033407     0.00325054     0.00328309     0.00320553
783     0.00180414     0.00320969     0.00321112     0.00320969     0.00310925     0.00314529     0.00305905
785     0.00186149     0.00334563     0.0033471     0.00334563     0.00322493     0.00326803     0.00316453
787     0.00170804     0.00310004     0.00310139     0.00310004     0.00297257     0.00301792     0.0029087
789     0.00180104     0.00330024     0.00330165     0.00330024     0.0031483     0.00320221     0.00307209
791     0.00179329     0.00331703     0.0033182     0.00331703     0.00315057     0.00320929     0.00306699
793     0.00173284     0.00323536     0.0032365     0.00323536     0.00305446     0.00311817     0.00296356
795     0.00159955     0.00301342     0.00301447     0.00301342     0.00282606     0.00289195     0.00273187
797     0.00165225     0.00314103     0.00314211     0.00314103     0.00293614     0.00300816     0.00283306
799     0.0015856     0.00303967     0.0030407     0.00303967     0.00282303     0.00289911     0.00271399
801     0.00157785     0.00305089     0.00305172     0.00305089     0.00282826     0.00290627     0.0027161
803     0.0015918     0.00310288     0.00310372     0.00310288     0.00286174     0.00294622     0.00274017
805     0.00153445     0.00301604     0.00301685     0.00301604     0.00275962     0.00284945     0.00263023
807     0.0014771     0.00292529     0.00292607     0.00292529     0.0026644     0.00275581     0.00253262
809     0.0015484     0.00308958     0.00309037     0.00308958     0.00280811     0.00290676     0.00266577
811     0.00144765     0.00290897     0.00290957     0.00290897     0.00262379     0.00272361     0.00247939
813     0.00144145     0.00291633     0.00291693     0.00291633     0.00262788     0.00272894     0.00248169
815     0.00132366     0.00269527     0.00269582     0.00269527     0.00240936     0.00250956     0.00226425
817     0.00135776     0.00278157     0.00278214     0.00278157     0.00248432     0.00258856     0.00233332
819     0.00125856     0.00259369     0.00259419     0.00259369     0.00230415     0.00240568     0.00215698
821     0.00114541     0.00237347     0.00237384     0.00237347     0.00209984     0.00219569     0.00196076
823     0.00115936     0.00241507     0.00241544     0.00241507     0.00210869     0.00221596     0.00195303
825     0.00129111     0.00270344     0.00270385     0.00270344     0.00235973     0.00248007     0.00218518
827     0.00119656     0.0025182     0.00251858     0.0025182     0.00218213     0.00229978     0.00201142
829     0.00116246     0.00245799     0.00245834     0.00245799     0.0021178     0.00223695     0.00194487
831     0.00114851     0.00244053     0.0024408     0.00244053     0.00210501     0.00222261     0.00193414
833     0.00112681     0.00240606     0.00240633     0.00240606     0.00206598     0.0021854     0.00189227
835     0.00112216     0.00240753     0.0024078     0.00240753     0.00206192     0.00218352     0.00188476
837     0.00107101     0.00230862     0.00230887     0.00230862     0.00196392     0.00208545     0.00178672
839     0.00102452     0.00221832     0.00221855     0.00221832     0.0018783     0.00199834     0.0017031
841     0.00104622     0.00227488     0.00227507     0.00227488     0.0019158     0.00204261     0.00173058
843     0.00107721     0.00235189     0.00235208     0.00235189     0.00198021     0.00211147     0.00178852
845     0.00100437     0.00220125     0.00220143     0.00220125     0.00183943     0.00196715     0.00165301
847     0.00091757     0.00201864     0.00201881     0.00201864     0.00168186     0.00180067     0.00150848
849     0.000874171     0.00193067     0.00193081     0.00193067     0.00159316     0.00171218     0.00141952
851     0.000883471     0.00195859     0.00195871     0.00195859     0.00160611     0.0017304     0.00142471
853     0.000864871     0.00192483     0.00192495     0.00192483     0.00157014     0.00169531     0.00138738
855     0.000931519     0.00208108     0.0020812     0.00208108     0.00170947     0.00184079     0.00151762
857     0.000881921     0.00197806     0.00197818     0.00197806     0.00160382     0.00173626     0.00141019
859     0.00089897     0.00202401     0.00202412     0.00202401     0.0016301     0.0017697     0.00142583
861     0.000767225     0.00173352     0.00173359     0.00173352     0.00138627     0.00150947     0.00120583
863     0.000855572     0.00193993     0.00194001     0.00193993     0.00156377     0.0016974     0.00136803
865     0.000809073     0.00184076     0.00184084     0.00184076     0.00146647     0.00159956     0.0012714
867     0.000734676     0.00167699     0.00167706     0.00167699     0.0013438     0.00146239     0.00116994
869     0.000807523     0.00184902     0.00184909     0.00184902     0.00147145     0.00160594     0.00127415
871     0.000742425     0.0017052     0.00170525     0.0017052     0.00134541     0.00147365     0.00115714
873     0.000764125     0.00176029     0.00176034     0.00176029     0.00139023     0.00152225     0.00119633
875     0.000734676     0.00169741     0.00169746     0.00169741     0.00131972     0.00145459     0.00112161
877     0.000657178     0.00152292     0.00152296     0.00152292     0.00118231     0.00130404     0.00100345
879     0.000663378     0.00154185     0.00154189     0.00154185     0.00120052     0.00132257     0.00102118
881     0.000688177     0.00160417     0.0016042     0.00160417     0.00122706     0.00136193     0.00102878
883     0.00061378     0.00143509     0.00143512     0.00143509     0.00111058     0.00122668     0.000939954
885     0.000640129     0.00150133     0.00150136     0.00150133     0.00115289     0.00127759     0.000969579
887     0.00061068     0.00143692     0.00143695     0.00143692     0.00110491     0.00122378     0.000930147
889     0.000652528     0.00154034     0.00154036     0.00154034     0.00117087     0.00130327     0.000976189
891     0.000587431     0.00139133     0.00139134     0.00139133     0.0010613     0.00117971     0.000887043
893     0.000582781     0.00138499     0.00138501     0.00138499     0.0010544     0.00117323     0.000879361
895     0.000561081     0.00133792     0.00133793     0.00133792     0.000995242     0.00111865     0.000813259
897     0.000540932     0.00129425     0.00129426     0.00129425     0.000967725     0.00108554     0.000793839
899     0.000547132     0.00131338     0.00131339     0.00131338     0.000984973     0.00110364     0.000809705
901     0.000516133     0.00124297     0.00124298     0.00124297     0.000927493     0.00104159     0.000758911
903     0.000502183     0.00121317     0.00121317     0.00121317     0.0009045     0.00101616     0.000739478
905     0.000477384     0.00115679     0.0011568     0.00115679     0.000860444     0.000967646     0.000702065
907     0.000506833     0.00123193     0.00123194     0.00123193     0.000913981     0.00102899     0.000744105
909     0.000544032     0.00132665     0.00132665     0.00132665     0.000986258     0.00110939     0.000804407
911     0.000505283     0.00123598     0.00123599     0.00123598     0.000920482     0.00103466     0.000751832
913     0.000443285     0.00108799     0.001088     0.00108799     0.00080485     0.00090741     0.000653283
915     0.000474284     0.00116807     0.00116808     0.00116807     0.000832029     0.0009539     0.000651799
917     0.000455685     0.00112605     0.00112606     0.00112605     0.000803343     0.000920536     0.000629903
919     0.000480484     0.00119142     0.00119142     0.00119142     0.000867183     0.000985098     0.000692573
921     0.000430886     0.00107193     0.00107193     0.00107193     0.000771521     0.000880903     0.000609416
923     0.000423136     0.00105591     0.00105591     0.00105591     0.000755708     0.000865136     0.000593454
925     0.000457235     0.00114464     0.00114464     0.00114464     0.000833372     0.000946949     0.000664938
927     0.000457235     0.00114823     0.00114823     0.00114823     0.000814526     0.000936397     0.000633723
929     0.000418486     0.00105423     0.00105423     0.00105423     0.000728516     0.000847561     0.000551811
931     0.000350288     0.000885321     0.000885321     0.000885321     0.000628693     0.000722569     0.000489313
933     0.000423136     0.00107304     0.00107304     0.00107304     0.000740182     0.000862037     0.000559162
935     0.000393687     0.00100184     0.00100184     0.00100184     0.000691148     0.000804989     0.000521993
937     0.000399887     0.00102108     0.00102108     0.00102108     0.000703139     0.000819723     0.000529854
939     0.000404537     0.00103652     0.00103652     0.00103652     0.000715037     0.000832999     0.000539662
941     0.000365788     0.000940403     0.000940404     0.000940403     0.000654299     0.000759337     0.000498093
943     0.000378188     0.000975455     0.000975457     0.000975455     0.000678587     0.000787626     0.000516414
945     0.000381287     0.00098658     0.000986582     0.00098658     0.000695686     0.000802577     0.000536688
947     0.000328589     0.000853054     0.000853055     0.000853054     0.000578076     0.000679173     0.000427668
949     0.00031619     0.000823389     0.000823391     0.000823389     0.000566692     0.00066113     0.000426125
951     0.000334789     0.000874761     0.000874764     0.000874761     0.000601521     0.000702155     0.000451679
953     0.000331689     0.00086956     0.000869563     0.00086956     0.000593571     0.000695349     0.000441953
955     0.00030379     0.000799043     0.000799046     0.000799043     0.000536798     0.000633643     0.000392418
957     0.000325489     0.000859225     0.000859227     0.000859225     0.000568282     0.000675887     0.000407713
959     0.000285191     0.000755577     0.000755579     0.000755577     0.000514232     0.000603628     0.000380728
961     0.00030999     0.000824297     0.0008243     0.000824297     0.000580546     0.000670959     0.000445406
963     0.000340989     0.000910081     0.000910084     0.000910081     0.000610098     0.000721511     0.000443437
965     0.000327039     0.000875903     0.000875906     0.000875903     0.000595342     0.000699664     0.000439209
967     0.000265041     0.000712552     0.000712554     0.000712552     0.00048708     0.000571016     0.000361393
969     0.000269691     0.000727677     0.00072768     0.000727677     0.000482928     0.000574136     0.000346273
971     0.000274341     0.000742842     0.000742845     0.000742842     0.000490667     0.000584742     0.000349655
973     0.000254192     0.000690762     0.000690765     0.000690762     0.000445012     0.000536777     0.000307377
975     0.000280541     0.000764909     0.000764912     0.000764909     0.000504438     0.000601792     0.000358332
977     0.000246442     0.000674295     0.000674298     0.000674295     0.00044696     0.000532018     0.000319291
979     0.000261941     0.000719226     0.000719229     0.000719226     0.000486     0.000573336     0.000354813
981     0.000260391     0.000717524     0.000717528     0.000717524     0.000473889     0.000565208     0.000336664
983     0.000251092     0.000694276     0.000694279     0.000694276     0.000449076     0.000541058     0.000310824
985     0.000223193     0.000619431     0.000619434     0.000619431     0.00041119     0.000489373     0.000293628
987     0.00029914     0.000833352     0.000833356     0.000833352     0.000535949     0.000647687     0.000367845
989     0.000249542     0.000697711     0.000697714     0.000697711     0.00045291     0.000544953     0.000314402
991     0.000258841     0.000726596     0.0007266     0.000726596     0.000484762     0.000575765     0.000347804
993     0.000246442     0.000694446     0.00069445     0.000694446     0.000440507     0.000536124     0.000296557
995     0.000227842     0.000644509     0.000644512     0.000644509     0.000412717     0.000500048     0.000281196
997     0.000251092     0.000713099     0.000713102     0.000713099     0.000456463     0.000553204     0.0003107
999     0.000251092     0.000715517     0.000715521     0.000715517     0.000455886     0.000553757     0.000308422
