1     0     0     0     0     0     0     0
3     0     0     0     0     0     0     0
5     0     0     0     0     0     0     0
7     0     0     0     0     0     0     0
9     0     0     0     0     0     0     0
11     0     0     0     0     0     0     0
13     0     0     0     0     0     0     0
15     0     0     0     0     0     0     0
17     0     0     0     0     0     0     0
19     0     0     0     0     0     0     0
21     0     0     0     0     0     0     0
23     0     0     0     0     0     0     0
25     0     0     0     0     0     0     0
27     0     0     0     0     0     0     0
29     0     0     0     0     0     0     0
31     0     0     0     0     0     0     0
33     0     0     0     0     0     0     0
35     0     0     0     0     0     0     0
37     0     0     0     0     0     0     0
39     0     0     0     0     0     0     0
41     0     0     0     0     0     0     0
43     0     0     0     0     0     0     0
45     0     0     0     0     0     0     0
47     0     0     0     0     0     0     0
49     0     0     0     0     0     0     0
51     0     0     0     0     0     0     0
53     0     0     0     0     0     0     0
55     0     0     0     0     0     0     0
57     0     0     0     0     0     0     0
59     0     0     0     0     0     0     0
61     0     0     0     0     0     0     0
63     0     0     0     0     0     0     0
65     0     0     0     0     0     0     0
67     0     0     0     0     0     0     0
69     0     0     0     0     0     0     0
71     0     0     0     0     0     0     0
73     0     0     0     0     0     0     0
75     0     0     0     0     0     0     0
77     0     0     0     0     0     0     0
79     0     0     0     0     0     0     0
81     0     0     0     0     0     0     0
83     0     0     0     0     0     0     0
85     0     0     0     0     0     0     0
87     0     0     0     0     0     0     0
89     0     0     0     0     0     0     0
91     0     0     0     0     0     0     0
93     0     0     0     0     0     0     0
95     0     0     0     0     0     0     0
97     0     0     0     0     0     0     0
99     0     0     0     0     0     0     0
101     0     0     0     0     0     0     0
103     0     0     0     0     0     0     0
105     0     0     0     0     0     0     0
107     0     0     0     0     0     0     0
109     0.000501639     1.74008e-07     1.74008e-07     1.74008e-07     1.74008e-07     1.74008e-07     1.74008e-07
111     0.000710656     2.50246e-07     2.50246e-07     2.50246e-07     2.50246e-07     2.50246e-07     2.50246e-07
113     0.000731557     2.62241e-07     2.62241e-07     2.62241e-07     2.62241e-07     2.62241e-07     2.62241e-07
115     0.00106598     3.90765e-07     3.90765e-07     3.90765e-07     3.90765e-07     3.90765e-07     3.90765e-07
117     0.000585246     2.20087e-07     2.20087e-07     2.20087e-07     2.20087e-07     2.20087e-07     2.20087e-07
119     0.000836065     3.23664e-07     3.23664e-07     3.23664e-07     3.23664e-07     3.23664e-07     3.23664e-07
121     0.000794262     3.19776e-07     3.19776e-07     3.19776e-07     3.19776e-07     3.19776e-07     3.19776e-07
123     0.000418033     1.75072e-07     1.75072e-07     1.75072e-07     1.75072e-07     1.75072e-07     1.75072e-07
125     0.000856967     3.77184e-07     3.77184e-07     3.77184e-07     3.77184e-07     3.77184e-07     3.77184e-07
127     0.000815164     3.78842e-07     3.78842e-07     3.78842e-07     3.78842e-07     3.78842e-07     3.78842e-07
129     0.00104508     5.16632e-07     5.16632e-07     5.16632e-07     5.16632e-07     5.16632e-07     5.16632e-07
131     0.00089877     4.75167e-07     4.75167e-07     4.75167e-07     4.75167e-07     4.75167e-07     4.75167e-07
133     0.000689754     3.92656e-07     3.92656e-07     3.92656e-07     3.92656e-07     3.92656e-07     3.92656e-07
135     0.00104508     6.50958e-07     6.50958e-07     6.50958e-07     6.50958e-07     6.50958e-07     6.50958e-07
137     0.000919672     6.22271e-07     6.22271e-07     6.22271e-07     6.22271e-07     6.22271e-07     6.22271e-07
139     0.000940574     7.07965e-07     7.07965e-07     7.07965e-07     7.07965e-07     7.07965e-07     7.07965e-07
141     0.00112869     9.47525e-07     9.47525e-07     9.47525e-07     9.47525e-07     9.47525e-07     9.47525e-07
143     0.000982377     9.3265e-07     9.3265e-07     9.3265e-07     9.3265e-07     9.3265e-07     9.3265e-07
145     0.00104508     1.11823e-06     1.11823e-06     1.11823e-06     1.11823e-06     1.11823e-06     1.11823e-06
147     0.00102418     1.25457e-06     1.25457e-06     1.25457e-06     1.25457e-06     1.25457e-06     1.25457e-06
149     0.000961475     1.38957e-06     1.38957e-06     1.38957e-06     1.38957e-06     1.38957e-06     1.38957e-06
151     0.00104508     1.81401e-06     1.81401e-06     1.81401e-06     1.81401e-06     1.81401e-06     1.81401e-06
153     0.00112869     2.41737e-06     2.41737e-06     2.41737e-06     2.41737e-06     2.41737e-06     2.41737e-06
155     0.00142131     3.73373e-06     3.73373e-06     3.73373e-06     3.73373e-06     3.73373e-06     3.73373e-06
157     0.00102418     3.67146e-06     3.67146e-06     3.67146e-06     3.67146e-06     3.67146e-06     3.67146e-06
159     0.00102418     5.59933e-06     5.59933e-06     5.59933e-06     5.59933e-06     5.59933e-06     5.59933e-06
161     0.0013168     1.21218e-05     1.21218e-05     1.21218e-05     1.21218e-05     1.21218e-05     1.21218e-05
163     0.00140041     2.06027e-05     2.06027e-05     2.06027e-05     2.06027e-05     2.06027e-05     2.06027e-05
165     0.0012959     2.60833e-05     2.60833e-05     2.60833e-05     2.60833e-05     2.60833e-05     2.60833e-05
167     0.00121229     3.01196e-05     3.01196e-05     3.01196e-05     3.01196e-05     3.01196e-05     3.01196e-05
169     0.0013377     3.85197e-05     3.85197e-05     3.85197e-05     3.85197e-05     3.85197e-05     3.85197e-05
171     0.00144221     4.62522e-05     4.62522e-05     4.62522e-05     4.62522e-05     4.62522e-05     4.62522e-05
173     0.00146311     5.22341e-05     5.22341e-05     5.22341e-05     5.22341e-05     5.22341e-05     5.22341e-05
175     0.00146311     5.67365e-05     5.67365e-05     5.67365e-05     5.67365e-05     5.67365e-05     5.67365e-05
177     0.00150492     6.34225e-05     6.34225e-05     6.34225e-05     6.34225e-05     6.34225e-05     6.34225e-05
179     0.00171393     7.87535e-05     7.87535e-05     7.87535e-05     7.87535e-05     7.87535e-05     7.87535e-05
181     0.00156762     7.83492e-05     7.83492e-05     7.83492e-05     7.83492e-05     7.83492e-05     7.83492e-05
183     0.00177664     9.89214e-05     9.89214e-05     9.89214e-05     9.89214e-05     9.89214e-05     9.89214e-05
185     0.0012541     7.6609e-05     7.6609e-05     7.6609e-05     7.6609e-05     7.6609e-05     7.6609e-05
187     0.0013377     8.92329e-05     8.92329e-05     8.92329e-05     8.92329e-05     8.92329e-05     8.92329e-05
189     0.00144221     0.000104005     0.000104005     0.000104005     0.000104005     0.000104005     0.000104005
191     0.00171393     0.000131697     0.000131697     0.000131697     0.000131697     0.000131697     0.000131697
193     0.00137951     0.000112796     0.000112796     0.000112796     0.000112796     0.000112796     0.000112796
195     0.00163033     0.000141295     0.000141295     0.000141295     0.000141295     0.000141295     0.000141295
197     0.00148402     0.000134681     0.000134681     0.000134681     0.000134681     0.000134681     0.000134681
199     0.00152582     0.000145305     0.000145305     0.000145305     0.000145305     0.000145305     0.000145305
201     0.00196475     0.000195212     0.000195212     0.000195212     0.000195212     0.000195212     0.000195212
203     0.00221557     0.000230425     0.000230425     0.000230425     0.000230425     0.000230425     0.000230425
205     0.00200656     0.000217309     0.000217309     0.000217309     0.000217309     0.000217309     0.000217309
207     0.00179754     0.000202992     0.000202992     0.000202992     0.000202992     0.000202992     0.000202992
209     0.00167213     0.00019635     0.00019635     0.00019635     0.00019635     0.00019635     0.00019635
211     0.00198566     0.000242405     0.000242405     0.000242405     0.000856908     0.00112241     0.000674142
213     0.00227828     0.000287959     0.000287959     0.000287959     0.000915914     0.00118775     0.000728799
215     0.00206926     0.000271782     0.000271782     0.000271782     0.000918724     0.00119936     0.000725661
217     0.00244549     0.000332191     0.000332191     0.000332191     0.000992897     0.00127997     0.000795488
219     0.00232008     0.000325401     0.000325401     0.000325401     0.000969555     0.00124978     0.000776828
221     0.00211107     0.000306193     0.000306193     0.000306193     0.000966745     0.00125438     0.00076893
223     0.00202746     0.00030364     0.00030364     0.00030364     0.000955003     0.0012389     0.00075977
225     0.00181844     0.000280791     0.000280791     0.000280791     0.000947091     0.00123754     0.000747272
227     0.00219467     0.000349003     0.000349003     0.000349003     0.000996854     0.00127925     0.00080248
229     0.00236188     0.000387226     0.000387226     0.000387226     0.00106423     0.00135936     0.00086098
231     0.00269631     0.00045573     0.00045573     0.00045573     0.00113018     0.00142427     0.00092766
233     0.0025291     0.000440623     0.000440623     0.000440623     0.0011286     0.00142858     0.000921932
235     0.00217377     0.000389609     0.000389609     0.000389609     0.00107164     0.00136907     0.00086673
237     0.00282172     0.0005202     0.0005202     0.0005202     0.00118334     0.00147252     0.000984009
239     0.00221557     0.000420699     0.000420699     0.000420699     0.00111068     0.00141172     0.000903141
241     0.00280082     0.000545787     0.000545787     0.000545787     0.001237     0.00153865     0.00102897
243     0.00282172     0.000564623     0.000564623     0.000564623     0.00123942     0.00153413     0.00103623
245     0.00284262     0.000584386     0.000584386     0.000584386     0.00128646     0.00159312     0.00107489
247     0.0026127     0.000551149     0.000551149     0.000551149     0.0012513     0.00155723     0.00104027
249     0.00288443     0.000624452     0.000624452     0.000624452     0.00131493     0.00161652     0.00110677
251     0.00346967     0.000770483     0.000770483     0.000770483     0.00145745     0.00175725     0.00125043
253     0.00342787     0.000780636     0.000780636     0.000780636     0.0014716     0.00177269     0.00126352
255     0.00334426     0.000781063     0.000781063     0.000781063     0.00147469     0.00177642     0.00126602
257     0.00321885     0.000770247     0.000770247     0.000770247     0.00148645     0.00179755     0.00127119
259     0.00351147     0.000861348     0.000861348     0.000861348     0.00156921     0.00187614     0.00135661
261     0.00363688     0.000913931     0.000913931     0.000913931     0.00163352     0.00194518     0.00141748
263     0.00409672     0.00105335     0.00105335     0.00105335     0.00177328     0.00208494     0.00155721
265     0.00367869     0.00096772     0.00096772     0.00096772     0.00169423     0.00200859     0.00147614
267     0.00426393     0.00114745     0.00114745     0.00114745     0.00187244     0.00218618     0.00165478
269     0.0037832     0.0010409     0.0010409     0.0010409     0.00174201     0.00204547     0.00153139
271     0.0037832     0.00106516     0.00106516     0.00106516     0.00177147     0.00207745     0.00155914
273     0.00376229     0.00108299     0.00108299     0.00108299     0.0017881     0.00209379     0.00157597
275     0.00491188     0.00144605     0.00144605     0.00144605     0.00217974     0.00249801     0.00195883
277     0.00397131     0.00119536     0.00119536     0.00119536     0.00194174     0.00226573     0.0017169
279     0.00434754     0.00133731     0.00133731     0.00133731     0.00208823     0.0024142     0.00186195
281     0.0050791     0.0015971     0.0015971     0.0015971     0.00236304     0.00269523     0.00213226
283     0.00470287     0.00150877     0.00150877     0.00150877     0.00225763     0.00258217     0.00203211
285     0.00436844     0.00143105     0.00143105     0.00143105     0.00217132     0.00249176     0.00194855
287     0.00491188     0.00164335     0.00164335     0.00164335     0.00242465     0.00276239     0.00218959
289     0.00570615     0.00194728     0.00194728     0.00194728     0.00271947     0.00305316     0.00248719
291     0.0051418     0.00178981     0.00178981     0.00178981     0.00255257     0.00288223     0.00232305
293     0.00597787     0.00212238     0.00212238     0.00212238     0.00292003     0.003265     0.00267987
295     0.00551803     0.00199643     0.00199643     0.00199643     0.00280129     0.00314967     0.00255873
297     0.00553893     0.00204265     0.00204265     0.00204265     0.00286397     0.00321979     0.00261619
299     0.00614508     0.00231032     0.00231032     0.00231032     0.00312401     0.00347683     0.00287839
301     0.00687664     0.00263474     0.00263474     0.00263474     0.00348778     0.00385786     0.00323018
303     0.00733647     0.00286385     0.00286385     0.00286385     0.00376005     0.00414871     0.00348938
305     0.00729467     0.00290162     0.00290162     0.00290162     0.00380134     0.00419128     0.00352966
307     0.00683483     0.00276805     0.00276805     0.00276805     0.00365868     0.00404443     0.00338982
309     0.00744098     0.00307039     0.00307039     0.00307039     0.00399641     0.00439703     0.00371697
311     0.00819344     0.00344471     0.00344471     0.00344471     0.0043605     0.00475643     0.00408424
313     0.00810983     0.00346996     0.00346996     0.00346996     0.00445489     0.00488035     0.00415786
315     0.00794262     0.00345718     0.00345718     0.00345718     0.00442976     0.00484964     0.00413651
317     0.0100537     0.00445565     0.00445565     0.00445565     0.00549471     0.00594319     0.00518146
319     0.00938483     0.00422988     0.00422988     0.00422988     0.00529751     0.00575809     0.00497564
321     0.00961475     0.00440788     0.00440788     0.00440788     0.0055164     0.00599445     0.00518221
323     0.0105135     0.00490039     0.00490039     0.00490039     0.00604634     0.00654044     0.00570081
325     0.0102627     0.00486134     0.00486134     0.00486134     0.00606635     0.00658577     0.00570306
327     0.011475     0.00552592     0.00552592     0.00552592     0.00680161     0.00735106     0.00641701
329     0.011684     0.00571464     0.00571464     0.00571464     0.00698095     0.00752595     0.00659937
331     0.0133561     0.00663686     0.00663686     0.00663686     0.00798578     0.00856554     0.00757957
333     0.013816     0.00697393     0.00697393     0.00697393     0.00844235     0.0090723     0.00800058
335     0.014025     0.00719211     0.00719211     0.00719211     0.00875417     0.00942304     0.00828485
337     0.0146102     0.0076064     0.0076064     0.0076064     0.00917455     0.00984452     0.008704
339     0.0160943     0.00851014     0.00851014     0.00851014     0.0102748     0.0110271     0.009746
341     0.0172857     0.00928468     0.00928468     0.00928468     0.0111373     0.0119254     0.0105828
343     0.0188324     0.0102774     0.0102775     0.0102774     0.0122749     0.0131236     0.0116775
345     0.019125     0.0106156     0.0106157     0.0106156     0.012775     0.0136942     0.0121282
347     0.0200656     0.0113378     0.011338     0.0113378     0.0136312     0.014611     0.0129423
349     0.0212988     0.012266     0.0122662     0.012266     0.0148182     0.0159093     0.0140512
351     0.0226365     0.0133151     0.0133153     0.0133151     0.0160436     0.0172113     0.0152226
353     0.0248938     0.0149811     0.0149815     0.0149811     0.0180159     0.0193176     0.0171013
355     0.0258344     0.0159238     0.0159242     0.0159238     0.019259     0.0206936     0.0182519
357     0.0284053     0.0179387     0.0179392     0.0179387     0.0216623     0.0232679     0.0205355
359     0.0319586     0.0206748     0.0206756     0.0206748     0.0248509     0.0266564     0.0235848
361     0.0356791     0.0236242     0.0236253     0.0236242     0.0283946     0.0304602     0.0269466
363     0.0390861     0.026481     0.0264824     0.026481     0.0317678     0.0340599     0.0301613
365     0.0407164     0.0282044     0.0282063     0.0282044     0.0338536     0.0363057     0.0321353
367     0.0465897     0.0329942     0.032997     0.0329942     0.0394534     0.042261     0.0374869
369     0.0508328     0.0368237     0.0368276     0.0368237     0.044004     0.0471303     0.0418155
371     0.0545951     0.0404623     0.0404676     0.0404623     0.0481131     0.0514494     0.0457783
373     0.0631856     0.047952     0.0479599     0.047952     0.056755     0.0606021     0.0540652
375     0.0668225     0.051936     0.0519471     0.051936     0.0612004     0.0652586     0.0583661
377     0.0779213     0.0620844     0.0621014     0.0620844     0.0725728     0.0771784     0.0693599
379     0.0880377     0.071974     0.0719995     0.071974     0.0834272     0.0884719     0.0799144
381     0.100558     0.0843954     0.0844353     0.0843954     0.0970528     0.102647     0.0931658
383     0.117781     0.101638     0.101702     0.101638     0.115632     0.121844     0.11133
385     0.135025     0.120051     0.120149     0.120051     0.135075     0.141785     0.130451
387     0.153084     0.140572     0.140727     0.140572     0.156361     0.163471     0.151496
389     0.171247     0.162949     0.163189     0.162949     0.178815     0.186051     0.173923
391     0.191438     0.189543     0.189905     0.189543     0.205219     0.212502     0.20038
393     0.212653     0.219747     0.220278     0.219747     0.234611     0.24171     0.230019
395     0.232175     0.251048     0.251796     0.251048     0.264101     0.270625     0.260065
397     0.247099     0.27976     0.280712     0.27976     0.289963     0.295433     0.286806
399     0.247684     0.292759     0.293821     0.292759     0.298903     0.302688     0.297
401     0.246096     0.301662     0.30274     0.301662     0.303551     0.305467     0.302965
403     0.232322     0.292925     0.293872     0.292925     0.290535     0.292223     0.289472
405     0.210584     0.270695     0.271438     0.270695     0.264649     0.26727     0.261959
407     0.192107     0.249921     0.250469     0.249921     0.241092     0.244387     0.23716
409     0.170913     0.223882     0.224255     0.223882     0.213107     0.216834     0.208304
411     0.147775     0.194322     0.194569     0.194322     0.182708     0.186572     0.177525
413     0.128357     0.169226     0.169385     0.169226     0.157268     0.161155     0.151929
415     0.113078     0.149425     0.149528     0.149425     0.137279     0.14117     0.131851
417     0.0969     0.128396     0.128462     0.128396     0.116702     0.120418     0.111472
419     0.0858012     0.114067     0.114111     0.114067     0.102642     0.106255     0.0975274
421     0.0738664     0.0986135     0.0986419     0.0986135     0.0878911     0.0912726     0.083087
423     0.0622242     0.0834862     0.0835043     0.0834862     0.0737537     0.0768181     0.0693863
425     0.0562463     0.0759053     0.075918     0.0759053     0.0665267     0.0694784     0.0623126
427     0.050352     0.0683956     0.0684045     0.0683956     0.0595074     0.0623041     0.0555086
429     0.0446877     0.0611345     0.0611406     0.0611345     0.0527853     0.0554125     0.049026
431     0.0405701     0.0559282     0.0559326     0.0559282     0.0479849     0.0504845     0.0444055
433     0.0370377     0.0514938     0.0514971     0.0514938     0.0438882     0.0462817     0.0404601
435     0.0336934     0.0472499     0.0472523     0.0472499     0.0399926     0.0422767     0.0367206
437     0.0296594     0.0419735     0.0419752     0.0419735     0.0353638     0.0374446     0.0323822
439     0.0265033     0.0378591     0.0378603     0.0378591     0.0316883     0.0336317     0.0289025
441     0.0237652     0.03427     0.0342709     0.03427     0.0285875     0.030379     0.0260188
443     0.0221557     0.0322578     0.0322585     0.0322578     0.026796     0.0285202     0.0243231
445     0.0190205     0.0279624     0.0279629     0.0279624     0.0230405     0.0245964     0.0208072
447     0.0187906     0.0278884     0.0278889     0.0278884     0.0229453     0.0245103     0.0206979
449     0.016575     0.0248416     0.0248419     0.0248416     0.0203704     0.0217878     0.0183337
451     0.0161779     0.0244813     0.0244816     0.0244813     0.0199901     0.0214155     0.0179413
453     0.014652     0.0223879     0.0223881     0.0223879     0.0181996     0.0195297     0.0162868
455     0.0127918     0.0197363     0.0197364     0.0197363     0.0159623     0.0171615     0.0142379
457     0.0133352     0.0207776     0.0207777     0.0207776     0.0167792     0.0180501     0.0149522
459     0.0121648     0.0191395     0.0191395     0.0191395     0.0153773     0.0165731     0.0136583
461     0.0112033     0.0178049     0.0178049     0.0178049     0.0143464     0.0154454     0.0127672
463     0.0100119     0.016065     0.016065     0.016065     0.0128218     0.013852     0.0113419
465     0.00934303     0.0151436     0.0151436     0.0151436     0.0120834     0.0130551     0.0106885
467     0.00919672     0.0150555     0.0150555     0.0150555     0.0119621     0.012944     0.0105535
469     0.00846516     0.0139973     0.0139973     0.0139973     0.0111019     0.0120205     0.00978395
471     0.00821434     0.0137153     0.0137153     0.0137153     0.0108474     0.0117572     0.00954272
473     0.00823524     0.0138818     0.0138818     0.0138818     0.0110258     0.0119319     0.00972683
475     0.00752459     0.0128056     0.0128056     0.0128056     0.010077     0.0109429     0.00883545
477     0.00731557     0.0125687     0.0125687     0.0125687     0.0098948     0.0107439     0.00867765
479     0.00681393     0.0118211     0.0118211     0.0118211     0.00934097     0.0101291     0.00821088
481     0.00610328     0.0106881     0.0106881     0.0106881     0.00836517     0.00910398     0.00730542
483     0.00618688     0.0109399     0.0109399     0.0109399     0.00855879     0.00931699     0.00747114
485     0.00551803     0.00985247     0.00985247     0.00985247     0.00764773     0.00835051     0.00663931
487     0.0051     0.00919334     0.00919334     0.00919334     0.0070887     0.00776025     0.0061248
489     0.0051627     0.00939336     0.00939336     0.00939336     0.00731575     0.00797925     0.00636335
491     0.00457746     0.00840949     0.00840949     0.00840949     0.00649681     0.00710799     0.00561934
493     0.00474467     0.00879211     0.00879211     0.00879211     0.00685268     0.00747259     0.0059628
495     0.00457746     0.00855983     0.00855983     0.00855983     0.00658062     0.00721334     0.00567254
497     0.00415943     0.00785066     0.00785066     0.00785066     0.00596034     0.00656473     0.00509311
499     0.00415943     0.00792207     0.00792207     0.00792207     0.00611022     0.0066896     0.00527892
501     0.00401311     0.00771189     0.00771189     0.00771189     0.0059489     0.00651283     0.00513977
503     0.00365779     0.00709235     0.00709235     0.00709235     0.00542255     0.0059569     0.00465578
505     0.00426393     0.00833833     0.00833833     0.00833833     0.00645386     0.00705733     0.00558803
507     0.00313525     0.00618957     0.00618957     0.00618957     0.00464873     0.00514251     0.00393998
509     0.00328156     0.00653613     0.00653613     0.00653613     0.00501153     0.00550061     0.00430955
511     0.00346967     0.00697074     0.00697074     0.00697074     0.00532416     0.0058529     0.00456493
513     0.00300984     0.00610184     0.00610184     0.00610184     0.00463395     0.00510592     0.00395612
515     0.00223647     0.00457478     0.00457478     0.00457478     0.00336844     0.00375676     0.00281054
517     0.00232008     0.00478804     0.00478804     0.00478804     0.00357738     0.00396753     0.00301665
519     0.00269631     0.00561101     0.00561101     0.00561101     0.00418571     0.00464549     0.00352471
521     0.00240369     0.00504471     0.00504471     0.00504471     0.00378611     0.00419246     0.00320172
523     0.00227828     0.0048243     0.0048243     0.0048243     0.00367382     0.00404553     0.00313928
525     0.00238279     0.00508699     0.00508699     0.00508699     0.00384443     0.00424606     0.00326671
527     0.00273811     0.00589494     0.00589494     0.00589494     0.00445323     0.00491943     0.00378286
529     0.0025709     0.0055812     0.0055812     0.0055812     0.00422764     0.0046654     0.00359821
531     0.00219467     0.00479994     0.00479994     0.00479994     0.00359667     0.00398582     0.00303721
533     0.00248729     0.00548699     0.00548699     0.00548699     0.00414051     0.00457591     0.00351488
535     0.00211107     0.00469639     0.00469639     0.00469639     0.00347508     0.0038699     0.00290777
537     0.00198566     0.00445085     0.00445085     0.00445085     0.00333799     0.0036977     0.0028214
539     0.00179754     0.0040614     0.0040614     0.0040614     0.00301228     0.00335133     0.00252553
541     0.00190205     0.00433034     0.00433034     0.00433034     0.00323092     0.00358623     0.00272098
543     0.00183934     0.00422192     0.00422192     0.00422192     0.00312515     0.0034796     0.00261636
545     0.00163033     0.00377416     0.00377416     0.00377416     0.00279045     0.00310846     0.00233405
547     0.00181844     0.00424314     0.00424314     0.00424314     0.00316322     0.00351243     0.0026621
549     0.0013168     0.00309669     0.00309669     0.00309669     0.00226745     0.00253571     0.00188257
551     0.00142131     0.00336971     0.00336971     0.00336971     0.00245873     0.00275352     0.00203578
553     0.00167213     0.00399697     0.00399697     0.00399697     0.00292174     0.00326982     0.00242233
555     0.00175574     0.00423306     0.00423306     0.00423306     0.00312047     0.0034808     0.00260344
557     0.00144221     0.0035029     0.0035029     0.0035029     0.00255391     0.00286139     0.00211261
559     0.00117049     0.00286424     0.00286424     0.00286424     0.00207043     0.00232781     0.00170109
561     0.00137951     0.00340038     0.00340038     0.00340038     0.00247379     0.00277444     0.00204227
563     0.00119139     0.00295697     0.00295697     0.00295697     0.00214192     0.00240659     0.00176194
565     0.0012959     0.00323575     0.00323575     0.00323575     0.0023835     0.00266048     0.0019857
567     0.00121229     0.00304666     0.00304666     0.00304666     0.00219503     0.00247205     0.00179716
569     0.001275     0.00322743     0.00322743     0.00322743     0.00236267     0.00264416     0.00195835
571     0.00100328     0.00255868     0.00255868     0.00255868     0.00183388     0.00206994     0.00149479
573     0.001275     0.0032754     0.0032754     0.0032754     0.00239273     0.00268029     0.00197973
575     0.000940574     0.00243548     0.00243548     0.00243548     0.00174987     0.00197326     0.00142904
577     0.00102418     0.00267425     0.00267425     0.00267425     0.00194041     0.00217955     0.00159698
579     0.00102418     0.00269344     0.00269344     0.00269344     0.00191466     0.00216848     0.00155023
581     0.00106598     0.00282313     0.00282313     0.00282313     0.00204799     0.00230069     0.00168526
583     0.00100328     0.00267446     0.00267446     0.00267446     0.0019432     0.00218166     0.00160086
585     0.00100328     0.0026921     0.0026921     0.0026921     0.0019275     0.00217698     0.00156938
587     0.000982377     0.0026549     0.0026549     0.0026549     0.00194087     0.00217395     0.00160627
589     0.0012332     0.00335893     0.00335893     0.00335893     0.00246259     0.00275533     0.00204236
591     0.000919672     0.00252576     0.00252576     0.00252576     0.00181998     0.00205061     0.0014889
593     0.00077336     0.00214238     0.00214238     0.00214238     0.00149742     0.00170829     0.00119464
595     0.00106598     0.00297608     0.00297608     0.00297608     0.00213447     0.00240976     0.00173907
597     0.000836065     0.00235103     0.00235103     0.00235103     0.0016699     0.00189285     0.00134968
599     0.000752459     0.00213569     0.00213569     0.00213569     0.0015062     0.00171242     0.00121004
601     0.000668852     0.00191273     0.00191273     0.00191273     0.0013054     0.00150449     0.00101934
603     0.000627049     0.00180248     0.00180248     0.00180248     0.00120984     0.00140428     0.000930388
605     0.000752459     0.00217745     0.00217745     0.00217745     0.00154462     0.00175242     0.0012459
607     0.000794262     0.00231104     0.00231104     0.00231104     0.00163192     0.0018551     0.00131108
609     0.000585246     0.00171366     0.00171366     0.00171366     0.00119198     0.00136351     0.000945302
611     0.000731557     0.00215549     0.00215549     0.00215549     0.00151446     0.00172535     0.00121121
613     0.000689754     0.00204632     0.00204632     0.00204632     0.00144233     0.00164112     0.00115651
615     0.000606147     0.0018124     0.0018124     0.0018124     0.00125335     0.0014374     0.000988715
617     0.000543442     0.00163641     0.00163641     0.00163641     0.0011132     0.00128547     0.000865475
619     0.000438934     0.00133277     0.00133277     0.00133277     0.000879362     0.00102869     0.000664681
621     0.000585246     0.00178936     0.00178936     0.00178936     0.0012434     0.00142329     0.000984836
623     0.000543442     0.00167289     0.00167289     0.00167289     0.00117545     0.0013394     0.000939777
625     0.000459836     0.00142497     0.00142497     0.00142497     0.000952507     0.00110829     0.000728546
627     0.000418033     0.00130418     0.00130418     0.00130418     0.000857776     0.00100504     0.000646073
629     0.000585246     0.00183632     0.00183632     0.00183632     0.00124867     0.00144261     0.000969849
631     0.000543442     0.00171574     0.00171574     0.00171574     0.0011585     0.00134251     0.000893959
633     0.000480738     0.00152817     0.00152817     0.00152817     0.0010364     0.00119885     0.000802791
635     0.000501639     0.0016046     0.0016046     0.0016046     0.00108651     0.00125775     0.000840278
637     0.000501639     0.00161472     0.00161472     0.00161472     0.00109781     0.00126875     0.000851999
639     0.000585246     0.00189601     0.00189601     0.00189601     0.00131374     0.0015064     0.0010366
641     0.000522541     0.0017048     0.0017048     0.0017048     0.00117236     0.00134865     0.000918784
643     0.000480738     0.00157998     0.00157998     0.00157998     0.00108078     0.00124618     0.000842811
645     0.000543442     0.00179819     0.00179819     0.00179819     0.00126206     0.00143981     0.00100628
647     0.000585246     0.00195107     0.00195107     0.00195107     0.00136463     0.0015592     0.00108463
649     0.000355328     0.00119361     0.00119361     0.00119361     0.00078766     0.000922418     0.000593754
651     0.000397131     0.00134301     0.00134301     0.00134301     0.000911515     0.00105479     0.000705324
653     0.000480738     0.00163696     0.00163696     0.00163696     0.00110725     0.00128318     0.000854121
655     0.000647951     0.00222303     0.00222303     0.00222303     0.00156924     0.00178641     0.0012568
657     0.000480738     0.00166068     0.00166068     0.00166068     0.00115766     0.00132477     0.000917319
659     0.000292623     0.00101799     0.00101799     0.00101799     0.000634771     0.000762116     0.000451595
661     0.000355328     0.00124224     0.00124224     0.00124224     0.000830641     0.000967476     0.000633768
663     0.000355328     0.00125124     0.00125124     0.00125124     0.000836731     0.000974623     0.000638317
665     0.000271721     0.000962335     0.000962335     0.000962335     0.000607381     0.000725557     0.00043728
667     0.000522541     0.00186326     0.00186326     0.00186326     0.00128853     0.00148003     0.00101284
669     0.000271721     0.000974619     0.000974619     0.000974619     0.000574388     0.000707851     0.000382235
671     0.000438934     0.00158433     0.00158433     0.00158433     0.00106359     0.00123733     0.00081333
673     0.000271721     0.000986373     0.000986373     0.000986373     0.000647253     0.000760459     0.000484211
675     0.000418033     0.00152641     0.00152641     0.00152641     0.00101981     0.00118899     0.000776164
677     0.000355328     0.00130575     0.00130575     0.00130575     0.000881796     0.00102341     0.000677839
679     0.00025082     0.000926826     0.000926826     0.000926826     0.000592046     0.000703907     0.000430942
681     0.000271721     0.00100892     0.00100892     0.00100892     0.000667124     0.00078136     0.000502619
683     0.000313525     0.00117255     0.00117255     0.00117255     0.000773182     0.000906711     0.000580957
685     0.000292623     0.00109976     0.00109976     0.00109976     0.000705474     0.00083734     0.000515589
687     0.000209016     0.000790073     0.000790073     0.000790073     0.000514732     0.000606867     0.000382091
689     0.000292623     0.00111356     0.00111356     0.00111356     0.000740879     0.000865653     0.000561216
691     0.000313525     0.0011988     0.0011988     0.0011988     0.000814101     0.000942983     0.000628478
693     0     0     0     0     -9.1305e-05     -6.0692e-05     -0.000135404
695     0     0     0     0     -0.00012831     -8.52556e-05     -0.000190351
697     0     0     0     0     -9.51617e-05     -6.32052e-05     -0.000141232
699     0     0     0     0     -8.87547e-05     -5.89262e-05     -0.000131765
701     0     0     0     0     -0.000100559     -6.67415e-05     -0.000149327
703     0     0     0     0     -0.00012733     -8.4487e-05     -0.000189124
705     0     0     0     0     -7.21694e-05     -4.78735e-05     -0.000107208
707     0     0     0     0     -0.000106755     -7.08017e-05     -0.00015861
709     0     0     0     0     -8.33975e-05     -5.53033e-05     -0.000123924
711     0     0     0     0     -9.67702e-05     -6.41584e-05     -0.000143805
713     0     0     0     0     -6.74106e-05     -4.46841e-05     -0.000100191
715     0     0     0     0     -6.58548e-05     -4.36443e-05     -9.7894e-05
717     0     0     0     0     -9.33655e-05     -6.18601e-05     -0.000138808
719     0     0     0     0     -7.76941e-05     -5.14599e-05     -0.000115533
721     0     0     0     0     -7.28333e-05     -4.82244e-05     -0.000108341
723     0     0     0     0     -8.14162e-05     -5.38859e-05     -0.000121152
725     0     0     0     0     -7.63488e-05     -5.05085e-05     -0.000113654
727     0     0     0     0     -6.65513e-05     -4.40095e-05     -9.91053e-05
729     0     0     0     0     -7.43237e-05     -4.913e-05     -0.000110719
731     0     0     0     0     -6.25444e-05     -4.13299e-05     -9.31945e-05
733     0     0     0     0     -8.12149e-05     -5.36532e-05     -0.000121031
735     0     0     0     0     -5.30908e-05     -3.50665e-05     -7.91348e-05
737     0     0     0     0     -4.95714e-05     -3.27356e-05     -7.39003e-05
739     0     0     0     0     -6.68134e-05     -4.41098e-05     -9.96225e-05
741     0     0     0     0     -5.97141e-05     -3.941e-05     -8.90549e-05
743     0     0     0     0     -6.5964e-05     -4.35177e-05     -9.84066e-05
745     0     0     0     0     -3.01037e-05     -1.98521e-05     -4.49253e-05
747     0     0     0     0     -7.43191e-05     -4.89909e-05     -0.000110945
749     0     0     0     0     -7.4706e-05     -4.92295e-05     -0.000111564
751     0     0     0     0     -0.000103195     -6.79813e-05     -0.000154134
753     0     0     0     0     -4.44435e-05     -2.92718e-05     -6.63974e-05
755     0     0     0     0     -5.4049e-05     -3.55889e-05     -8.07585e-05
757     0     0     0     0     -9.86192e-05     -6.4928e-05     -0.00014738
759     0     0     0     0     -6.52746e-05     -4.29635e-05     -9.75617e-05
761     0     0     0     0     -6.76318e-05     -4.45033e-05     -0.000101107
763     0     0     0     0     -5.72892e-05     -3.76853e-05     -8.567e-05
765     0     0     0     0     -6.94581e-05     -4.5672e-05     -0.000103895
767     0     0     0     0     -5.75973e-05     -3.7858e-05     -8.61802e-05
769     0     0     0     0     -8.3076e-05     -5.4587e-05     -0.000124338
771     0     0     0     0     -5.972e-05     -3.9225e-05     -8.94094e-05
773     0     0     0     0     -4.8116e-05     -3.15949e-05     -7.20587e-05
775     0     0     0     0     -6.60283e-05     -4.33428e-05     -9.8908e-05
777     0     0     0     0     -4.24466e-05     -2.7854e-05     -6.36016e-05
779     0     0     0     0     -7.70976e-05     -5.05723e-05     -0.000115553
781     0     0     0     0     -6.46457e-05     -4.23878e-05     -9.692e-05
783     0     0     0     0     -4.85707e-05     -3.18328e-05     -7.28496e-05
785     0     0     0     0     -4.68543e-05     -3.0694e-05     -7.03045e-05
787     0     0     0     0     -4.68817e-05     -3.06979e-05     -7.03717e-05
789     0     0     0     0     -4.90091e-05     -3.20783e-05     -7.35937e-05
791     0     0     0     0     -4.13776e-05     -2.70743e-05     -6.21544e-05
793     0     0     0     0     -5.88595e-05     -3.85004e-05     -8.84317e-05
795     0     0     0     0     -6.9276e-05     -4.53021e-05     -0.000104109
797     0     0     0     0     -5.44488e-05     -3.55945e-05     -8.18352e-05
799     0     0     0     0     -6.68112e-05     -4.36646e-05     -0.000100442
801     0     0     0     0     -3.88287e-05     -2.537e-05     -5.83915e-05
803     0     0     0     0     -4.00212e-05     -2.61389e-05     -6.01952e-05
805     0     0     0     0     -6.61265e-05     -4.3172e-05     -9.94985e-05
807     0     0     0     0     -6.05229e-05     -3.94981e-05     -9.10944e-05
809     0     0     0     0     -4.23331e-05     -2.76163e-05     -6.37413e-05
811     0     0     0     0     -5.96861e-05     -3.89163e-05     -8.99047e-05
813     0     0     0     0     -3.544e-05     -2.3097e-05     -5.34095e-05
815     0     0     0     0     -5.01506e-05     -3.26692e-05     -7.56e-05
817     0     0     0     0     -3.14402e-05     -2.04743e-05     -4.74122e-05
819     0     0     0     0     -3.1761e-05     -2.06791e-05     -4.7903e-05
821     0     0     0     0     -2.67051e-05     -1.73861e-05     -4.02766e-05
823     0     0     0     0     -6.86052e-05     -4.46678e-05     -0.000103464
825     0     0     0     0     -5.45351e-05     -3.55069e-05     -8.22269e-05
827     0     0     0     0     -6.11705e-05     -3.98246e-05     -9.22456e-05
829     0     0     0     0     -6.37015e-05     -4.14589e-05     -9.6089e-05
831     0     0     0     0     -4.06284e-05     -2.64216e-05     -6.13218e-05
833     0     0     0     0     -4.08086e-05     -2.65112e-05     -6.16542e-05
835     0     0     0     0     -3.15235e-05     -2.04565e-05     -4.76802e-05
837     0     0     0     0     -4.1043e-05     -2.66029e-05     -6.21418e-05
839     0     0     0     0     -3.99745e-05     -2.58885e-05     -6.05714e-05
841     0     0     0     0     -4.35719e-05     -2.82073e-05     -6.60476e-05
843     0     0     0     0     -3.18013e-05     -2.05873e-05     -4.82033e-05
845     0     0     0     0     -4.04067e-05     -2.61651e-05     -6.12288e-05
847     0     0     0     0     -3.31168e-05     -2.14501e-05     -5.01675e-05
849     0     0     0     0     -4.58187e-05     -2.9681e-05     -6.93883e-05
851     0     0     0     0     -5.02487e-05     -3.25465e-05     -7.61069e-05
853     0     0     0     0     -5.17771e-05     -3.35214e-05     -7.84566e-05
855     0     0     0     0     -2.69324e-05     -1.74241e-05     -4.0835e-05
857     0     0     0     0     -4.94105e-05     -3.19395e-05     -7.49749e-05
859     0     0     0     0     -5.51526e-05     -3.56213e-05     -8.37494e-05
861     0     0     0     0     -5.42004e-05     -3.49792e-05     -8.23587e-05
863     0     0     0     0     -3.18292e-05     -2.05297e-05     -4.83947e-05
865     0     0     0     0     -4.88672e-05     -3.15007e-05     -7.43356e-05
867     0     0     0     0     -2.41688e-05     -1.55717e-05     -3.67803e-05
869     0     0     0     0     -3.29955e-05     -2.1249e-05     -5.0237e-05
871     0     0     0     0     -3.86928e-05     -2.49053e-05     -5.89334e-05
873     0     0     0     0     -3.19195e-05     -2.05362e-05     -4.86401e-05
875     0     0     0     0     -5.10654e-05     -3.28373e-05     -7.78475e-05
877     0     0     0     0     -4.40836e-05     -2.83351e-05     -6.72305e-05
879     0     0     0     0     -3.21816e-05     -2.06783e-05     -4.90924e-05
881     0     0     0     0     -5.4874e-05     -3.52502e-05     -8.37192e-05
883     0     0     0     0     -2.79868e-05     -1.79759e-05     -4.27019e-05
885     0     0     0     0     -3.57705e-05     -2.29725e-05     -5.45873e-05
887     0     0     0     0     -2.59909e-05     -1.66876e-05     -3.96714e-05
889     0     0     0     0     -4.05345e-05     -2.60121e-05     -6.18929e-05
891     0     0     0     0     -2.71107e-05     -1.73854e-05     -4.14276e-05
893     0     0     0     0     -2.39755e-05     -1.5359e-05     -3.66682e-05
895     0     0     0     0     -4.78914e-05     -3.06465e-05     -7.33219e-05
897     0     0     0     0     -3.64993e-05     -2.33311e-05     -5.59342e-05
899     0     0     0     0     -3.06455e-05     -1.9573e-05     -4.70027e-05
901     0     0     0     0     -2.97777e-05     -1.90091e-05     -4.56902e-05
903     0     0     0     0     -2.63692e-05     -1.6831e-05     -4.04669e-05
905     0     0     0     0     -2.41234e-05     -1.53976e-05     -3.70173e-05
907     0     0     0     0     -2.52244e-05     -1.61013e-05     -3.87012e-05
909     0     0     0     0     -2.07576e-05     -1.32501e-05     -3.18493e-05
911     0     0     0     0     -1.38981e-05     -8.86871e-06     -2.13284e-05
913     0     0     0     0     -1.61702e-05     -1.03133e-05     -2.48261e-05
915     0     0     0     0     -4.9063e-05     -3.12703e-05     -7.53737e-05
917     0     0     0     0     -4.22928e-05     -2.69346e-05     -6.50258e-05
919     0     0     0     0     -2.34313e-05     -1.49101e-05     -3.60512e-05
921     0     0     0     0     -2.81573e-05     -1.79049e-05     -4.33514e-05
923     0     0     0     0     -2.94461e-05     -1.87126e-05     -4.53593e-05
925     0     0     0     0     -1.41309e-05     -8.97485e-06     -2.17783e-05
927     0     0     0     0     -3.52732e-05     -2.23914e-05     -5.43842e-05
929     0     0     0     0     -4.98508e-05     -3.16313e-05     -7.68986e-05
931     0     0     0     0     -2.14103e-05     -1.35783e-05     -3.30401e-05
933     0     0     0     0     -4.66354e-05     -2.95629e-05     -7.20004e-05
935     0     0     0     0     -4.07862e-05     -2.58418e-05     -6.29921e-05
937     0     0     0     0     -4.08106e-05     -2.58459e-05     -6.30535e-05
939     0     0     0     0     -3.83422e-05     -2.42733e-05     -5.9261e-05
941     0     0     0     0     -2.64884e-05     -1.67637e-05     -4.09487e-05
943     0     0     0     0     -2.53591e-05     -1.6045e-05     -3.92124e-05
945     0     0     0     0     -1.55478e-05     -9.83473e-06     -2.4046e-05
947     0     0     0     0     -3.40679e-05     -2.15429e-05     -5.27046e-05
949     0     0     0     0     -2.30065e-05     -1.45427e-05     -3.56063e-05
951     0     0     0     0     -2.30718e-05     -1.45747e-05     -3.57226e-05
953     0     0     0     0     -2.55874e-05     -1.61526e-05     -3.96483e-05
955     0     0     0     0     -3.05952e-05     -1.92969e-05     -4.74394e-05
957     0     0     0     0     -4.04235e-05     -2.54733e-05     -6.2733e-05
959     0     0     0     0     -1.85816e-05     -1.16991e-05     -2.88605e-05
961     0     0     0     0     0     0     0
963     0     0     0     0     -2.9588e-05     -1.85994e-05     -4.60244e-05
965     0     0     0     0     -1.85651e-05     -1.16623e-05     -2.88979e-05
967     0     0     0     0     -1.11552e-05     -7.00266e-06     -1.73736e-05
969     0     0     0     0     -2.48026e-05     -1.556e-05     -3.86494e-05
971     0     0     0     0     -2.61046e-05     -1.63665e-05     -4.07019e-05
973     0     0     0     0     -3.47181e-05     -2.17532e-05     -5.41612e-05
975     0     0     0     0     -2.49749e-05     -1.56405e-05     -3.89857e-05
977     0     0     0     0     -1.87575e-05     -1.17396e-05     -2.92915e-05
979     0     0     0     0     -1.00073e-05     -6.25967e-06     -1.56361e-05
981     0     0     0     0     -1.99704e-05     -1.24854e-05     -3.1216e-05
983     0     0     0     0     -2.6488e-05     -1.65519e-05     -4.14245e-05
985     0     0     0     0     -1.26104e-05     -7.87609e-06     -1.97296e-05
987     0     0     0     0     -3.2747e-05     -2.04426e-05     -5.12538e-05
989     0     0     0     0     -2.15887e-05     -1.3471e-05     -3.38029e-05
991     0     0     0     0     -8.90073e-06     -5.55184e-06     -1.39424e-05
993     0     0     0     0     -2.92926e-05     -1.82634e-05     -4.58977e-05
995     0     0     0     0     -2.28805e-05     -1.42602e-05     -3.58616e-05
997     0     0     0     0     -2.42652e-05     -1.51185e-05     -3.80457e-05
999     0     0     0     0     -2.44635e-05     -1.52421e-05     -3.83567e-05
