2    0     0     0     0     0     0     0
6    0     0     0     0     0     0     0
10    0     0     0     0     0     0     0
14    0     0     0     0     0     0     0
18    0     0     0     0     0     0     0
22    0     0     0     0     0     0     0
26    1.75535e-05     2.28351e-09     2.28351e-09     2.28351e-09     2.28351e-09     2.28351e-09     2.28351e-09
30    2.37489e-05     2.58271e-09     2.58271e-09     2.58271e-09     2.58271e-09     2.58271e-09     2.58271e-09
34    2.7535e-05     2.50398e-09     2.50398e-09     2.50398e-09     2.50398e-09     2.50398e-09     2.50398e-09
38    3.02885e-05     2.36598e-09     2.36598e-09     2.36598e-09     2.36598e-09     2.36598e-09     2.36598e-09
42    3.51071e-05     2.40077e-09     2.40077e-09     2.40077e-09     2.40077e-09     2.40077e-09     2.40077e-09
46    4.16466e-05     2.49683e-09     2.49683e-09     2.49683e-09     2.49683e-09     2.49683e-09     2.49683e-09
50    4.61211e-05     2.47028e-09     2.47028e-09     2.47028e-09     2.47028e-09     2.47028e-09     2.47028e-09
54    5.19722e-05     2.53999e-09     2.53999e-09     2.53999e-09     2.53999e-09     2.53999e-09     2.53999e-09
58    5.05955e-05     2.27168e-09     2.27168e-09     2.27168e-09     2.27168e-09     2.27168e-09     2.27168e-09
62    6.95258e-05     2.8988e-09     2.8988e-09     2.8988e-09     2.8988e-09     2.8988e-09     2.8988e-09
66    6.64281e-05     2.60583e-09     2.60583e-09     2.60583e-09     2.60583e-09     2.60583e-09     2.60583e-09
70    6.53955e-05     2.42741e-09     2.42741e-09     2.42741e-09     2.42741e-09     2.42741e-09     2.42741e-09
74    7.22793e-05     2.57623e-09     2.57623e-09     2.57623e-09     2.57623e-09     2.57623e-09     2.57623e-09
78    7.46886e-05     2.57795e-09     2.57795e-09     2.57795e-09     2.57795e-09     2.57795e-09     2.57795e-09
82    8.19165e-05     2.75972e-09     2.75972e-09     2.75972e-09     2.75972e-09     2.75972e-09     2.75972e-09
86    8.6391e-05     2.86583e-09     2.86583e-09     2.86583e-09     2.86583e-09     2.86583e-09     2.86583e-09
90    9.77491e-05     3.21579e-09     3.21579e-09     3.21579e-09     3.21579e-09     3.21579e-09     3.21579e-09
94    9.70608e-05     3.18765e-09     3.18765e-09     3.18765e-09     3.18765e-09     3.18765e-09     3.18765e-09
98    0.000100158     3.30267e-09     3.30267e-09     3.30267e-09     3.30267e-09     3.30267e-09     3.30267e-09
102    0.000109107     3.62726e-09     3.62726e-09     3.62726e-09     3.62726e-09     3.62726e-09     3.62726e-09
106    0.000107731     3.62997e-09     3.62997e-09     3.62997e-09     3.62997e-09     3.62997e-09     3.62997e-09
110    0.000121498     4.18717e-09     4.18717e-09     4.18717e-09     4.18717e-09     4.18717e-09     4.18717e-09
114    0.000126317     4.51423e-09     4.51423e-09     4.51423e-09     4.51423e-09     4.51423e-09     4.51423e-09
118    0.000121498     4.57056e-09     4.57056e-09     4.57056e-09     4.57056e-09     4.57056e-09     4.57056e-09
122    0.000125972     5.09512e-09     5.09512e-09     5.09512e-09     5.09512e-09     5.09512e-09     5.09512e-09
126    0.000133545     5.93782e-09     5.93782e-09     5.93782e-09     5.93782e-09     5.93782e-09     5.93782e-09
130    0.000136298     6.8653e-09     6.8653e-09     6.8653e-09     6.8653e-09     6.8653e-09     6.8653e-09
134    0.000141117     8.27766e-09     8.27766e-09     8.27766e-09     8.27766e-09     8.27766e-09     8.27766e-09
138    0.000133545     9.4417e-09     9.4417e-09     9.4417e-09     9.4417e-09     9.4417e-09     9.4417e-09
142    0.000155573     1.36217e-08     1.36217e-08     1.36217e-08     1.36217e-08     1.36217e-08     1.36217e-08
146    0.000144214     1.63965e-08     1.63965e-08     1.63965e-08     1.63965e-08     1.63965e-08     1.63965e-08
150    0.000152131     2.38297e-08     2.38297e-08     2.38297e-08     2.38297e-08     2.38297e-08     2.38297e-08
154    0.000163833     3.86232e-08     3.86232e-08     3.86232e-08     3.86232e-08     3.86232e-08     3.86232e-08
158    0.000159014     7.14901e-08     7.14901e-08     7.14901e-08     7.14901e-08     7.14901e-08     7.14901e-08
162    0.000171405     2.02047e-07     2.02047e-07     2.02047e-07     2.02047e-07     2.02047e-07     2.02047e-07
166    0.00016108     3.56236e-07     3.56236e-07     3.56236e-07     3.56236e-07     3.56236e-07     3.56236e-07
170    0.000184828     5.53241e-07     5.53241e-07     5.53241e-07     5.53241e-07     5.53241e-07     5.53241e-07
174    0.000174503     6.38149e-07     6.38149e-07     6.38149e-07     6.38149e-07     6.38149e-07     6.38149e-07
178    0.000182763     7.87289e-07     7.87289e-07     7.87289e-07     7.87289e-07     7.87289e-07     7.87289e-07
182    0.000191712     9.93072e-07     9.93072e-07     9.93072e-07     9.93072e-07     9.93072e-07     9.93072e-07
186    0.000179666     1.12305e-06     1.12305e-06     1.12305e-06     1.12305e-06     1.12305e-06     1.12305e-06
190    0.000185517     1.35425e-06     1.35425e-06     1.35425e-06     1.35425e-06     1.35425e-06     1.35425e-06
194    0.000186894     1.54306e-06     1.54306e-06     1.54306e-06     1.54306e-06     1.54306e-06     1.54306e-06
198    0.000193777     1.76439e-06     1.76439e-06     1.76439e-06     1.76439e-06     1.76439e-06     1.76439e-06
202    0.000209266     2.08674e-06     2.08674e-06     2.08674e-06     2.08674e-06     2.08674e-06     2.08674e-06
206    0.000206168     2.23333e-06     2.23333e-06     2.23333e-06     2.23333e-06     2.23333e-06     2.23333e-06
210    0.000208233     2.44208e-06     2.44208e-06     2.44208e-06     8.91691e-05     0.000125166     6.41079e-05
214    0.000220624     2.78503e-06     2.78503e-06     2.78503e-06     0.000172357     0.000242815     0.000123313
218    0.00023095     3.11929e-06     3.11929e-06     3.11929e-06     0.000174151     0.000245438     0.000124561
222    0.00021374     3.08097e-06     3.08097e-06     3.08097e-06     0.000191766     0.000270574     0.000136961
226    0.000219247     3.36736e-06     3.36736e-06     3.36736e-06     0.000189898     0.00026782     0.000135672
230    0.000220968     3.59723e-06     3.59723e-06     3.59723e-06     0.000186759     0.000263335     0.000133408
234    0.000238866     4.12752e-06     4.12752e-06     4.12752e-06     0.000174854     0.000246287     0.000125036
238    0.000223722     4.08585e-06     4.08585e-06     4.08585e-06     0.000151087     0.000212593     0.000108181
242    0.000229917     4.43087e-06     4.43087e-06     4.43087e-06     0.000167981     0.000236554     0.000120191
246    0.000242308     4.9268e-06     4.9268e-06     4.9268e-06     0.000169752     0.000238906     0.000121482
250    0.000246782     5.28673e-06     5.28673e-06     5.28673e-06     0.000154207     0.000216632     0.000110581
254    0.000245061     5.51199e-06     5.51199e-06     5.51199e-06     0.000142059     0.000199186     0.000102089
258    0.00025401     6.00325e-06     6.00325e-06     6.00325e-06     0.000144692     0.000202592     0.000104137
262    0.000240587     5.96205e-06     5.96205e-06     5.96205e-06     0.000163409     0.00022905     0.000117393
266    0.000259517     6.73251e-06     6.73251e-06     6.73251e-06     0.000149696     0.000209313     0.00010789
270    0.000256419     6.96234e-06     6.96234e-06     6.96234e-06     0.000139785     0.000195239     0.000100878
274    0.000242996     6.89369e-06     6.89369e-06     6.89369e-06     0.000139293     0.00019466     0.000100437
278    0.000246782     7.31107e-06     7.31107e-06     7.31107e-06     0.000142215     0.000198722     0.000102579
282    0.000275694     8.52436e-06     8.52436e-06     8.52436e-06     0.000130805     0.000182026     9.4863e-05
286    0.000231294     7.45115e-06     7.45115e-06     7.45115e-06     0.000126719     0.000176617     9.16701e-05
290    0.000254698     8.54377e-06     8.54377e-06     8.54377e-06     0.000133208     0.000185359     9.65521e-05
294    0.000270187     9.42241e-06     9.42241e-06     9.42241e-06     0.000140662     0.000195615     0.000102027
298    0.00026055     9.44474e-06     9.44474e-06     9.44474e-06     0.000126235     0.000175251     9.17814e-05
302    0.000277415     1.04322e-05     1.04322e-05     1.04322e-05     0.000113975     0.000157481     8.3372e-05
306    0.000295313     1.15351e-05     1.15351e-05     1.15351e-05     0.00012775     0.000176548     9.34249e-05
310    0.000271219     1.0986e-05     1.0986e-05     1.0986e-05     0.000129583     0.000179339     9.45702e-05
314    0.000263991     1.1075e-05     1.1075e-05     1.1075e-05     0.000132122     0.000182853     9.63986e-05
318    0.000272252     1.18283e-05     1.18283e-05     1.18283e-05     0.000129937     0.000179375     9.50875e-05
322    0.000284987     1.28004e-05     1.28004e-05     1.28004e-05     0.000116433     0.000159789     8.58367e-05
326    0.000293247     1.36172e-05     1.36172e-05     1.36172e-05     0.00012102     0.000165885     8.93277e-05
330    0.00026881     1.28822e-05     1.28822e-05     1.28822e-05     0.000112982     0.000154669     8.34958e-05
334    0.000293247     1.4497e-05     1.4497e-05     1.4497e-05     0.000119425     0.000162919     8.86083e-05
338    0.000278792     1.42196e-05     1.42196e-05     1.42196e-05     0.000114904     0.000156385     8.54521e-05
342    0.000310457     1.63395e-05     1.63395e-05     1.63395e-05     0.000118233     0.000159727     8.86437e-05
346    0.000294968     1.60463e-05     1.60463e-05     1.60463e-05     0.000117357     0.000158019     8.82283e-05
350    0.000316996     1.79411e-05     1.79411e-05     1.79411e-05     0.000119237     0.000159685     9.02058e-05
354    0.000291182     1.72272e-05     1.72272e-05     1.72272e-05     0.000118673     0.000159245     8.95557e-05
358    0.000309424     1.92142e-05     1.92142e-05     1.92142e-05     0.000122001     0.00016334     9.23789e-05
362    0.000299787     1.94969e-05     1.94969e-05     1.94969e-05     0.000125219     0.000168135     9.45209e-05
366    0.000311833     2.11613e-05     2.11613e-05     2.11613e-05     0.000126882     0.000169988     9.60802e-05
370    0.00031321     2.21946e-05     2.21946e-05     2.21946e-05     0.000139084     0.000186937     0.000104915
374    0.000308392     2.27998e-05     2.27998e-05     2.27998e-05     0.00014519     0.000195504     0.000109295
378    0.000321471     2.47906e-05     2.47906e-05     2.47906e-05     0.000128153     0.000170883     9.77109e-05
382    0.000322159     2.58653e-05     2.58653e-05     2.58653e-05     0.000147059     0.000197529     0.000111158
386    0.000293247     2.44631e-05     2.44631e-05     2.44631e-05     0.000146592     0.000197705     0.000110275
390    0.000320094     2.76976e-05     2.76976e-05     2.76976e-05     0.000152139     0.000204457     0.000115003
394    0.000309424     2.7696e-05     2.7696e-05     2.7696e-05     0.000156926     0.000211462     0.000118245
398    0.000300475     2.78215e-05     2.78215e-05     2.78215e-05     0.000146909     0.000197356     0.000111157
402    0.000329043     3.14928e-05     3.14928e-05     3.14928e-05     0.000153382     0.000205302     0.00011663
406    0.00032801     3.24351e-05     3.24351e-05     3.24351e-05     0.000160932     0.000215892     0.000122063
410    0.000349006     3.55983e-05     3.55983e-05     3.55983e-05     0.000163139     0.000217901     0.000124443
414    0.000337303     3.5485e-05     3.5485e-05     3.5485e-05     0.000155794     0.000207633     0.00011919
418    0.00035761     3.87134e-05     3.87134e-05     3.87134e-05     0.000160985     0.000213845     0.000123686
422    0.00034935     3.89059e-05     3.89059e-05     3.89059e-05     0.00016279     0.00021664     0.000124838
426    0.00034281     3.92193e-05     3.92193e-05     3.92193e-05     0.000161899     0.000215442     0.000124201
430    0.000332485     3.9062e-05     3.9062e-05     3.9062e-05     0.000158089     0.000210209     0.000121416
434    0.000349006     4.21057e-05     4.21057e-05     4.21057e-05     0.00017259     0.000229881     0.000132298
438    0.000332141     4.11094e-05     4.11094e-05     4.11094e-05     0.000170387     0.00022728     0.000130396
442    0.000350382     4.44673e-05     4.44673e-05     4.44673e-05     0.00016337     0.000215973     0.000126443
446    0.000344875     4.48553e-05     4.48553e-05     4.48553e-05     0.000172752     0.000229637     0.000132875
450    0.000366559     4.88014e-05     4.88014e-05     4.88014e-05     0.000169499     0.000223426     0.000131735
454    0.00038308     5.21785e-05     5.21785e-05     5.21785e-05     0.000178477     0.000235089     0.00013886
458    0.000365527     5.08934e-05     5.08934e-05     5.08934e-05     0.000185517     0.000245988     0.000143217
462    0.000363806     5.1778e-05     5.1778e-05     5.1778e-05     0.000174295     0.000229356     0.000135772
466    0.00038308     5.57306e-05     5.57306e-05     5.57306e-05     0.000181791     0.000238426     0.000142147
470    0.000366559     5.44863e-05     5.44863e-05     5.44863e-05     0.000182388     0.000239861     0.000142148
474    0.000376885     5.71877e-05     5.71877e-05     5.71877e-05     0.000183727     0.000240637     0.000143881
478    0.000361052     5.58896e-05     5.58896e-05     5.58896e-05     0.000176223     0.000230439     0.000138271
482    0.00040442     6.39077e-05     6.39077e-05     6.39077e-05     0.00019251     0.000250713     0.000151812
486    0.000395471     6.3738e-05     6.3738e-05     6.3738e-05     0.000199428     0.000261077     0.000156365
490    0.000377229     6.20084e-05     6.20084e-05     6.20084e-05     0.00018488     0.000240864     0.000145798
494    0.000413369     6.92313e-05     6.92313e-05     6.92313e-05     0.000194208     0.000251265     0.000154389
498    0.000399601     6.81969e-05     6.81969e-05     6.81969e-05     0.000205104     0.000267679     0.000161437
502    0.000392717     6.82546e-05     6.82546e-05     6.82546e-05     0.000194681     0.00025261     0.000154287
506    0.000396848     7.02222e-05     7.02222e-05     7.02222e-05     0.000204881     0.000266752     0.000161756
510    0.000414057     7.46314e-05     7.46314e-05     7.46314e-05     0.00019806     0.000254962     0.000158428
514    0.000402011     7.37666e-05     7.37666e-05     7.37666e-05     0.000206512     0.00026792     0.000163779
518    0.000417499     7.799e-05     7.799e-05     7.799e-05     0.000215966     0.000280025     0.000171426
522    0.000419564     7.97318e-05     7.97318e-05     7.97318e-05     0.00019538     0.000249296     0.000157935
526    0.000392373     7.58541e-05     7.58541e-05     7.58541e-05     0.000202804     0.000262085     0.000161638
530    0.000406485     7.98774e-05     7.98774e-05     7.98774e-05     0.000204405     0.00026261     0.00016399
534    0.000399601     7.98296e-05     7.98296e-05     7.98296e-05     0.000217875     0.000282438     0.000173047
538    0.000436429     8.85834e-05     8.85834e-05     8.85834e-05     0.000207969     0.000263817     0.000169184
542    0.000409583     8.44967e-05     8.44967e-05     8.44967e-05     0.000212064     0.000271775     0.000170585
546    0.000421629     8.8404e-05     8.8404e-05     8.8404e-05     0.00021017     0.00026723     0.000170539
550    0.000434364     9.25748e-05     9.25748e-05     9.25748e-05     0.000210907     0.000266439     0.000172343
554    0.000425759     9.22651e-05     9.22651e-05     9.22651e-05     0.000239118     0.000308156     0.000191191
558    0.000425415     9.36526e-05     9.36526e-05     9.36526e-05     0.000222428     0.000283119     0.00018033
562    0.000417499     9.32224e-05     9.32224e-05     9.32224e-05     0.00022716     0.000290511     0.000183259
566    0.000473257     0.000107116     0.000107116     0.000107116     0.000236025     0.000297148     0.000193684
570    0.000442625     0.00010159     0.00010159     0.00010159     0.000226591     0.000285973     0.000185471
574    0.000464653     0.000108292     0.000108292     0.000108292     0.000231008     0.000289392     0.00019059
578    0.000441248     0.000104489     0.000104489     0.000104489     0.000234549     0.000296507     0.000191667
582    0.000453639     0.000108994     0.000108994     0.000108994     0.000230292     0.000288188     0.000190239
586    0.000453983     0.00011063     0.00011063     0.00011063     0.000233083     0.00029163     0.000192584
590    0.000440559     0.000109029     0.000109029     0.000109029     0.000235445     0.000295997     0.000193572
594    0.000456048     0.00011482     0.00011482     0.00011482     0.000259326     0.000328687     0.000211383
598    0.000484271     0.000124045     0.000124045     0.000124045     0.000255043     0.000318058     0.000211506
602    0.00048496     0.00012606     0.00012606     0.00012606     0.000280361     0.000354846     0.000228954
606    0.000476355     0.000125436     0.000125436     0.000125436     0.000260869     0.000326411     0.000215658
610    0.000479453     0.000127879     0.000127879     0.000127879     0.000258249     0.000321482     0.000214653
614    0.00047429     0.000128382     0.000128382     0.000128382     0.000260591     0.000324821     0.000216323
618    0.000496662     0.00013655     0.00013655     0.00013655     0.000276833     0.000345072     0.000229811
622    0.000507332     0.000141695     0.000141695     0.000141695     0.000264137     0.000323808     0.000223035
626    0.000489778     0.00013882     0.00013882     0.00013882     0.000282089     0.000352022     0.000233932
630    0.000498039     0.000143166     0.000143166     0.000143166     0.000302389     0.000380258     0.000248793
634    0.000460866     0.000134317     0.000134317     0.000134317     0.000278298     0.00034885     0.000229761
638    0.00051456     0.000152084     0.000152084     0.000152084     0.000298325     0.000370114     0.000248951
642    0.000511462     0.000153459     0.000153459     0.000153459     0.000294243     0.000363563     0.000246607
646    0.000518002     0.000157934     0.000157934     0.000157934     0.000288706     0.000353225     0.000244388
650    0.000488401     0.000151345     0.000151345     0.000151345     0.000283528     0.000348861     0.000238668
654    0.000511462     0.000161041     0.000161041     0.000161041     0.000310496     0.000384469     0.000259717
658    0.000493564     0.000157797     0.000157797     0.000157797     0.000298709     0.000368528     0.000250791
662    0.000535211     0.000173693     0.000173693     0.000173693     0.00030913     0.000376411     0.000262984
666    0.000509397     0.00016785     0.00016785     0.00016785     0.000313165     0.000385546     0.00026356
670    0.000508709     0.00017012     0.00017012     0.00017012     0.000349584     0.000439163     0.00028822
674    0.000513527     0.000174324     0.000174324     0.000174324     0.000319729     0.000392448     0.000269933
678    0.000543127     0.000187042     0.000187042     0.000187042     0.000324244     0.000392953     0.000277211
682    0.000505267     0.000176464     0.000176464     0.000176464     0.000314155     0.000383226     0.000266896
686    0.000547602     0.000194     0.000194     0.000194     0.00033433     0.000404816     0.000286105
690    0.00054829     0.000197113     0.000197113     0.000197113     0.000324707     0.000388935     0.000280789
694    0.000525918     0.000192148     0.000192148     0.000192148     0.000355729     0.000438294     0.000299318
698    0.000557583     0.00020708     0.00020708     0.00020708     0.000353907     0.000428214     0.000303171
702    0.000542439     0.000204731     0.000204731     0.000204731     0.000383368     0.00047407     0.000321495
706    0.000558616     0.000214172     0.000214172     0.000214172     0.000364985     0.0004417     0.000312675
710    0.000561713     0.000218917     0.000218917     0.000218917     0.00037305     0.000451583     0.00031952
714    0.000559648     0.000221978     0.000221978     0.000221978     0.000348481     0.000413041     0.000304491
718    0.000559992     0.000226141     0.000226141     0.000226141     0.000379676     0.000458156     0.000326216
722    0.000570318     0.000234245     0.000234245     0.000234245     0.000381989     0.000457746     0.000330432
726    0.000562057     0.000234484     0.000234484     0.000234484     0.000376263     0.000449139     0.000326699
730    0.000556551     0.000235894     0.000235894     0.000235894     0.000375944     0.000448104     0.0003269
734    0.000583741     0.000251598     0.000251598     0.000251598     0.000394305     0.000467982     0.000344261
738    0.000566532     0.000248597     0.000248597     0.000248597     0.00037995     0.000447881     0.00033383
742    0.000563778     0.000252211     0.000252211     0.000252211     0.000393694     0.000467081     0.00034391
746    0.000568597     0.000259303     0.000259303     0.000259303     0.000388864     0.000456264     0.000343178
750    0.000586151     0.000272422     0.000272422     0.000272422     0.000459819     0.000557536     0.000393627
754    0.000584774     0.000276784     0.000276784     0.000276784     0.000407557     0.000475873     0.000361306
758    0.000568941     0.000274028     0.000274028     0.000274028     0.000454057     0.000548263     0.000390304
762    0.000577202     0.000283126     0.000283126     0.000283126     0.000439265     0.000521172     0.000383861
766    0.000587527     0.000293809     0.000293809     0.000293809     0.000455412     0.000540378     0.000397978
770    0.000586839     0.000299565     0.000299565     0.000299565     0.000475111     0.00056764     0.000412612
774    0.000565155     0.000294694     0.000294694     0.000294694     0.000448639     0.000529988     0.000393731
778    0.000603704     0.000321493     0.000321493     0.000321493     0.000487452     0.000575334     0.000428171
782    0.000585806     0.000318493     0.000318493     0.000318493     0.000480943     0.000567263     0.000422781
786    0.000566188     0.000314068     0.000314068     0.000314068     0.000460551     0.000538624     0.000407996
790    0.000573416     0.000324537     0.000324537     0.000324537     0.00047158     0.000550131     0.000418735
794    0.000605081     0.00034986     0.00034986     0.00034986     0.000533869     0.000632404     0.000467622
798    0.000568253     0.000335938     0.000335938     0.000335938     0.000512183     0.000606752     0.000448641
802    0.000584774     0.000353839     0.000353839     0.000353839     0.000501777     0.000581378     0.000448332
806    0.00059923     0.00037104     0.00037104     0.00037104     0.000561106     0.000663611     0.000492331
810    0.000548634     0.000348059     0.000348059     0.000348059     0.000514168     0.00060402     0.000453936
814    0.000593378     0.000385465     0.000385465     0.000385465     0.000548337     0.000636675     0.000489172
818    0.000574792     0.000382384     0.000382384     0.000382384     0.000527438     0.000606299     0.000474663
822    0.000611965     0.000416977     0.000416977     0.000416977     0.000596499     0.000694232     0.000531111
826    0.000534178     0.000373119     0.000373119     0.000373119     0.000557242     0.000657575     0.000490126
830    0.000554141     0.000396514     0.000396514     0.000396514     0.000577022     0.000675649     0.000511101
834    0.000561369     0.000412151     0.000412151     0.000412151     0.00057181     0.000659469     0.000513315
838    0.000562057     0.000423813     0.000423813     0.000423813     0.000593545     0.000687322     0.000531109
842    0.000559304     0.000432768     0.000432768     0.000432768     0.000599825     0.000692449     0.000538226
846    0.000561369     0.000445997     0.000445997     0.000445997     0.000613515     0.000706353     0.000551751
850    0.000564467     0.000460486     0.000460486     0.000460486     0.000648066     0.000752114     0.000578855
854    0.000552764     0.000463692     0.000463692     0.000463692     0.000638044     0.000734982     0.00057361
858    0.000553109     0.000477067     0.000477067     0.000477067     0.000673208     0.000782776     0.000600496
862    0.000561025     0.000497788     0.000497788     0.000497788     0.000684514     0.000789419     0.000615027
866    0.000548634     0.000500541     0.000500541     0.000500541     0.000676833     0.000776172     0.0006111
870    0.00052282     0.000490768     0.000490768     0.000490768     0.000660849     0.000756984     0.000597305
874    0.000527639     0.000509465     0.000509465     0.000509465     0.000689929     0.000792206     0.000622384
878    0.000523509     0.000520149     0.000520149     0.000520149     0.000697671     0.000798533     0.000631107
882    0.000495974     0.000507471     0.000507471     0.000507471     0.000682914     0.000782856     0.00061702
886    0.000530736     0.000559101     0.000559101     0.000559101     0.000730334     0.000828072     0.000665932
890    0.000505267     0.000548336     0.000548336     0.000548336     0.000718643     0.000816176     0.000654449
894    0.000492532     0.000551338     0.000551338     0.000551338     0.000721772     0.000819861     0.000657325
898    0.000496318     0.000572864     0.000572864     0.000572864     0.000742287     0.000840325     0.000677998
902    0.000496662     0.000591115     0.000591115     0.000591115     0.000754275     0.000849047     0.000692206
906    0.000476355     0.000584767     0.000584767     0.000584767     0.000739054     0.000828735     0.000680333
910    0.000493564     0.000624958     0.000624958     0.000624958     0.000776338     0.000864463     0.000718662
914    0.000458113     0.000598301     0.000598301     0.000598301     0.000758652     0.000852261     0.000697442
918    0.00046362     0.000624981     0.000624981     0.000624981     0.000786979     0.000881919     0.00072498
922    0.000468094     0.000650591     0.000650591     0.000650591     0.000808121     0.000900959     0.000747622
926    0.000460866     0.000660828     0.000660828     0.000660828     0.000812226     0.000901747     0.000753956
930    0.000435397     0.000643886     0.000643886     0.000643886     0.000799383     0.000891591     0.000739425
934    0.000425759     0.00064957     0.00064957     0.00064957     0.000809294     0.000904292     0.000747586
938    0.000420941     0.000662499     0.000662499     0.000662499     0.000815741     0.000907132     0.000756425
942    0.000419564     0.000681068     0.000681068     0.000681068     0.000818645     0.000900919     0.000765296
946    0.000406141     0.000680294     0.000680294     0.000680294     0.000811835     0.000890673     0.000760752
950    0.000416122     0.000717993     0.000717993     0.000717993     0.000849687     0.000928839     0.000798452
954    0.000396504     0.000705158     0.000705158     0.000705158     0.000833864     0.000911528     0.000783665
958    0.000401322     0.000735939     0.000735939     0.000735939     0.000864865     0.000943037     0.000814433
962    0.000372066     0.000703187     0.000703187     0.000703187     0.000810212     0.000875505     0.000768189
966    0.000374476     0.000729487     0.000729487     0.000729487     0.000835191     0.000899905     0.000793588
970    0.000381703     0.000766063     0.000766063     0.000766063     0.000878095     0.000946943     0.000833896
974    0.000361741     0.000747548     0.000747548     0.000747548     0.000854698     0.00092078     0.000812334
978    0.000367936     0.000782411     0.000782411     0.000782411     0.000878656     0.000938223     0.000840519
982    0.000362429     0.000792388     0.000792388     0.000792388     0.000887136     0.000946002     0.000849496
986    0.000352792     0.000793693     0.000793693     0.000793693     0.000882103     0.000937189     0.000846919
990    0.00034935     0.000808127     0.000808127     0.000808127     0.000888768     0.000939139     0.000856623
994    0.000328699     0.000781589     0.000781589     0.000781589     0.000858987     0.000907461     0.000828081
998    0.00032388     0.000790805     0.000790805     0.000790805     0.000861968     0.000906679     0.000833497
1002    0.000323536     0.000811319     0.000811319     0.000811319     0.000880734     0.00085289     0.000924525
1006    0.00031321     0.000806239     0.000806239     0.000806239     0.000865006     0.00084139     0.000902194
1010    0.000294624     0.000778103     0.000778103     0.000778103     0.000827385     0.00080754     0.00085867
1014    0.000291526     0.000789493     0.000789493     0.000789493     0.000833635     0.000815822     0.00086175
1018    0.00028361     0.000786523     0.000786523     0.000786523     0.000824405     0.000809087     0.000848616
1022    0.000286364     0.000813773     0.000813773     0.000813773     0.000844598     0.000832098     0.000864387
1026    0.000273629     0.000795678     0.000795678     0.000795678     0.000820924     0.000810667     0.00083718
1030    0.000267433     0.000795873     0.000795873     0.000795873     0.0008147     0.000807035     0.000826867
1034    0.000262959     0.00080023     0.00080023     0.00080023     0.000813097     0.000807847     0.000821442
1038    0.000255387     0.000794307     0.000794307     0.000794307     0.000801741     0.0007987     0.000806582
1042    0.000250568     0.000795502     0.000795502     0.000795502     0.000795502     0.000795502     0.000795502
1046    0.000228884     0.000741532     0.000741532     0.000741532     0.000736205     0.000732702     0.000738397
1050    0.000222345     0.0007348     0.0007348     0.0007348     0.000723976     0.000716834     0.000728439
1054    0.000224754     0.000757119     0.000757119     0.000757119     0.000741442     0.000731062     0.00074792
1058    0.000227163     0.00077945     0.00077945     0.00077945     0.000757258     0.000742518     0.000766446
1062    0.000227163     0.000793899     0.000793899     0.000793899     0.000764712     0.000745224     0.000776833
1066    0.000215117     0.000764935     0.000764935     0.000764935     0.000732283     0.000710396     0.000745876
1070    0.000207201     0.000749348     0.000749348     0.000749348     0.000711964     0.0006868     0.000727565
1074    0.000195842     0.00071994     0.00071994     0.00071994     0.000679282     0.000651804     0.00069629
1078    0.000189303     0.000707042     0.000707042     0.000707042     0.00066354     0.000634029     0.000681778
1082    0.00019481     0.000738226     0.000738226     0.000738226     0.000683995     0.000647009     0.000706804
1086    0.000191712     0.000737458     0.000737458     0.000737458     0.00067846     0.000638052     0.000703338
1090    0.000200661     0.000782874     0.000782874     0.000782874     0.000719628     0.00067614     0.000746359
1094    0.000191368     0.000756894     0.000756894     0.000756894     0.000687937     0.000640317     0.000717155
1098    0.000164177     0.000658038     0.000658038     0.000658038     0.000592818     0.000547593     0.000620516
1102    0.000167619     0.000680346     0.000680346     0.000680346     0.000607208     0.000556208     0.000638371
1106    0.000168652     0.000692767     0.000692767     0.000692767     0.000619371     0.00056798     0.000650722
1110    0.000170028     0.000706722     0.000706722     0.000706722     0.000624206     0.000566173     0.000659544
1114    0.000161424     0.00067851     0.00067851     0.00067851     0.000598987     0.000542819     0.000633128
1118    0.000151442     0.000643435     0.000643435     0.000643435     0.00055834     0.000497993     0.000594956
1122    0.000149377     0.000641267     0.000641267     0.000641267     0.000555621     0.000494543     0.000592596
1126    0.000142149     0.000616497     0.000616497     0.000616497     0.000527853     0.000464357     0.000566219
1130    0.00015454     0.000676699     0.000676699     0.000676699     0.00057627     0.000504015     0.00061985
1134    0.000144903     0.000640243     0.000640243     0.000640243     0.000545431     0.000476942     0.000586671
1138    0.000139396     0.000621571     0.000621571     0.000621571     0.000523404     0.000452181     0.00056621
1142    0.000132856     0.000597566     0.000597566     0.000597566     0.000500866     0.000430303     0.00054317
1146    0.000134921     0.000611773     0.000611773     0.000611773     0.000503376     0.000423934     0.000550912
1150    0.000127005     0.000580597     0.000580597     0.000580597     0.000476968     0.000400675     0.000522529
1154    0.000122186     0.000562776     0.000562776     0.000562776     0.000468275     0.000398419     0.00050992
1158    0.000130447     0.000605405     0.000605405     0.000605405     0.000499654     0.000421126     0.000546379
1162    0.000121154     0.000566319     0.000566319     0.000566319     0.000460146     0.000380842     0.000507213
1166    0.000116335     0.00054773     0.00054773     0.00054773     0.000436431     0.000352919     0.000485898
1170    0.000109451     0.000518725     0.000518725     0.000518725     0.000414439     0.000335859     0.000460899
1174    0.000115647     0.000551594     0.000551594     0.000551594     0.000442577     0.000360104     0.000491253
1178    0.00012081     0.000579987     0.000579987     0.000579987     0.000463292     0.000374594     0.000515535
1182    0.000104977     0.000507047     0.000507047     0.000507047     0.000397256     0.00031332     0.00044657
1186    0.000100158     0.000486721     0.000486721     0.000486721     0.000379341     0.000296903     0.000427681
1190    9.22421e-05     0.000450819     0.000450819     0.000450819     0.000349285     0.000270986     0.000395107
1194    9.70608e-05     0.000477077     0.000477077     0.000477077     0.000370811     0.000288499     0.000418889
1198    0.000100847     0.00049843     0.00049843     0.00049843     0.000379283     0.000286583     0.000433323
1202    9.80933e-05     0.000487341     0.000487341     0.000487341     0.000376334     0.00028946     0.000426843
1206    9.46514e-05     0.000472716     0.000472716     0.000472716     0.000356558     0.000265242     0.000409544
1210    8.6391e-05     0.0004337     0.0004337     0.0004337     0.000331048     0.000249983     0.00037799
1214    8.01956e-05     0.0004046     0.0004046     0.0004046     0.000296617     0.000210988     0.000346107
1218    8.74235e-05     0.000443155     0.000443155     0.000443155     0.000330332     0.000240484     0.000382163
1222    7.95072e-05     0.000404915     0.000404915     0.000404915     0.000303918     0.000223013     0.000350463
1226    8.12282e-05     0.000415694     0.000415694     0.000415694     0.000308941     0.000223048     0.00035826
1230    7.9163e-05     0.000406935     0.000406935     0.000406935     0.000300846     0.000215133     0.000349969
1234    7.50328e-05     0.000387396     0.000387396     0.000387396     0.000279813     0.000192506     0.000329746
1238    7.15909e-05     0.000371283     0.000371283     0.000371283     0.000274399     0.000195414     0.000319476
1242    6.74607e-05     0.000351348     0.000351348     0.000351348     0.000251324     0.000169311     0.00029801
1246    6.8149e-05     0.000356523     0.000356523     0.000356523     0.00025819     0.000177204     0.000304195
1250    7.05584e-05     0.000370617     0.000370617     0.000370617     0.000263246     0.000174468     0.000313587
1254    6.4363e-05     0.00033949     0.00033949     0.00033949     0.000235502     0.000149109     0.000284384
1258    6.67723e-05     0.000353651     0.000353651     0.000353651     0.000248232     0.000160255     0.000297903
1262    7.02142e-05     0.000373422     0.000373422     0.000373422     0.000266116     0.000176035     0.000316835
1266    6.33304e-05     0.000338182     0.000338182     0.000338182     0.00023951     0.00015632     0.000286259
1270    5.61025e-05     0.000300777     0.000300777     0.000300777     0.00020872     0.000130752     0.000252442
1274    6.8149e-05     0.00036681     0.00036681     0.00036681     0.00025245     0.000155164     0.00030689
1278    6.09211e-05     0.000329194     0.000329194     0.000329194     0.000227273     0.000140187     0.000275905
1282    4.95629e-05     0.000268834     0.000268834     0.000268834     0.000183087     0.000109383     0.000224127
1286    5.40374e-05     0.000294205     0.000294205     0.000294205     0.000200166     0.000118976     0.000245283
1290    4.92188e-05     0.000269069     0.000269069     0.000269069     0.000181472     0.000105473     0.000223609
1294    5.09397e-05     0.000279476     0.000279476     0.000279476     0.000191033     0.000114018     0.00023366
1298    4.50885e-05     0.000248291     0.000248291     0.000248291     0.000165351     9.27848e-05     0.000205424
1302    5.40374e-05     0.000298664     0.000298664     0.000298664     0.000200598     0.000114283     0.000248125
1306    4.88746e-05     0.000271201     0.000271201     0.000271201     0.000175796     9.1413e-05     0.000222149
1310    3.61396e-05     0.000201274     0.000201274     0.000201274     0.000132605     7.16384e-05     0.000166036
1314    4.50885e-05     0.000252018     0.000252018     0.000252018     0.000167974     9.29934e-05     0.000208993
1318    4.50885e-05     0.00025294     0.00025294     0.00025294     0.000167818     9.15276e-05     0.00020946
1322    4.37118e-05     0.000246113     0.000246113     0.000246113     0.000167543     9.66989e-05     0.0002061
1326    4.7842e-05     0.000270358     0.000270358     0.000270358     0.000178447     9.52155e-05     0.000223651
1330    4.88746e-05     0.000277198     0.000277198     0.000277198     0.000185481     0.000102047     0.000230694
1334    3.82048e-05     0.000217493     0.000217493     0.000217493     0.000144285     7.73707e-05     0.000180462
1338    3.71722e-05     0.000212416     0.000212416     0.000212416     0.000140452     7.43724e-05     0.000176096
1342    3.54513e-05     0.000203266     0.000203266     0.000203266     0.00013359     6.92253e-05     0.000168209
1346    3.64838e-05     0.000210006     0.000210006     0.000210006     0.000140896     7.67507e-05     0.000175316
1350    4.50885e-05     0.000260401     0.000260401     0.000260401     0.000168896     8.36389e-05     0.000214558
1354    3.37303e-05     0.000195509     0.000195509     0.000195509     0.000130388     6.94172e-05     0.000162963
1358    3.20094e-05     0.000186203     0.000186203     0.000186203     0.00011726     5.23929e-05     0.000151831
1362    3.61396e-05     0.000211039     0.000211039     0.000211039     0.000127617     4.86477e-05     0.000169579
1366    3.33861e-05     0.000195621     0.000195621     0.000195621     0.000125933     5.97125e-05     0.000161053
1370    3.6828e-05     0.000216608     0.000216608     0.000216608     0.000139379     6.55847e-05     0.000178408
1374    3.99257e-05     0.000235711     0.000235711     0.000235711     0.000154806     7.71392e-05     0.000195788
1378    3.1321e-05     0.000185561     0.000185561     0.000185561     0.000121396     5.9527e-05     0.000153968
1382    3.09768e-05     0.000184216     0.000184216     0.000184216     0.000108796     3.56266e-05     0.000147198
1386    2.89117e-05     0.000172545     0.000172545     0.000172545     0.000112244     5.34555e-05     0.000143023
1390    3.23536e-05     0.000193752     0.000193752     0.000193752     0.000125663     5.90015e-05     0.000160488
1394    2.65024e-05     0.000159308     0.000159308     0.000159308     9.95485e-05     4.07674e-05     0.000130184
1398    2.47815e-05     0.00014945     0.00014945     0.00014945     9.29988e-05     3.72143e-05     0.000122005
1402    3.02885e-05     0.000183383     0.000183383     0.000183383     0.000114385     4.57809e-05     0.000149946
1406    2.54698e-05     0.000154758     0.000154758     0.000154758     9.11142e-05     2.75112e-05     0.000123995
1410    2.13396e-05     0.000130132     0.000130132     0.000130132     7.8607e-05     2.68993e-05     0.000105281
1414    2.68466e-05     0.000164367     0.000164367     0.000164367     0.00010133     3.77306e-05     0.000134048
1418    2.96001e-05     0.000181777     0.000181777     0.000181777     0.000108599     3.44694e-05     0.000146654
1422    2.2028e-05     0.000135788     0.000135788     0.000135788     8.60635e-05     3.53849e-05     0.000112
1426    2.44373e-05     0.000151174     0.000151174     0.000151174     9.08803e-05     2.91763e-05     0.000122391
1430    1.99629e-05     0.000123978     0.000123978     0.000123978     7.46766e-05     2.39547e-05     0.000100508
1434    1.99629e-05     0.000124437     0.000124437     0.000124437     7.47883e-05     2.34673e-05     0.000100861
1438    2.06512e-05     0.000129177     0.000129177     0.000129177     8.11754e-05     3.13341e-05     0.000106437
1442    2.06512e-05     0.00012966     0.00012966     0.00012966     8.13085e-05     3.07931e-05     0.00010683
1446    2.34047e-05     0.000147457     0.000147457     0.000147457     9.21657e-05     3.41471e-05     0.00012141
1450    2.40931e-05     0.000152386     0.000152386     0.000152386     9.49997e-05     3.44425e-05     0.000125433
1454    2.0307e-05     0.000128882     0.000128882     0.000128882     8.02388e-05     2.87048e-05     0.000106084
1458    1.78977e-05     0.000114006     0.000114006     0.000114006     6.71617e-05     1.72957e-05     9.21068e-05
1462    2.40931e-05     0.000154056     0.000154056     0.000154056     9.16707e-05     2.48467e-05     0.000124987
1466    2.09954e-05     0.000134721     0.000134721     0.000134721     8.32245e-05     2.78083e-05     0.000110786
1470    1.54884e-05     9.97489e-05     9.97489e-05     9.97489e-05     5.1562e-05     -5.40128e-07     7.74097e-05
1474    1.92745e-05     0.000124598     0.000124598     0.000124598     7.66859e-05     2.46317e-05     0.000102444
1478    1.78977e-05     0.000116151     0.000116151     0.000116151     6.76049e-05     1.46185e-05     9.37588e-05
1482    1.68652e-05     0.000109862     0.000109862     0.000109862     6.61067e-05     1.80489e-05     8.97484e-05
1486    1.48e-05     9.67663e-05     9.67663e-05     9.67663e-05     5.29209e-05     4.49958e-06     7.66722e-05
1490    1.78977e-05     0.00011741     0.00011741     0.00011741     7.1701e-05     2.10051e-05     9.65107e-05
1494    1.68652e-05     0.000111059     0.000111059     0.000111059     6.7662e-05     1.93093e-05     9.12661e-05
1498    1.58326e-05     0.000104608     0.000104608     0.000104608     6.35716e-05     1.7644e-05     8.5937e-05
1502    1.82419e-05     0.000121016     0.000121016     0.000121016     6.96684e-05     1.18373e-05     9.77341e-05
1506    1.6521e-05     0.000109977     0.000109977     0.000109977     6.66563e-05     1.7636e-05     9.03859e-05
1510    1.78977e-05     0.000119543     0.000119543     0.000119543     6.72255e-05     7.75103e-06     9.59436e-05
1514    1.72094e-05     0.000115385     0.000115385     0.000115385     6.0699e-05     -1.80043e-06     9.07891e-05
1518    1.78977e-05     0.000120443     0.000120443     0.000120443     6.87167e-05     9.34761e-06     9.72326e-05
1522    1.75535e-05     0.000118556     0.000118556     0.000118556     7.13828e-05     1.6894e-05     9.74628e-05
1526    1.48e-05     0.000100344     0.000100344     0.000100344     6.02863e-05     1.37977e-05     8.24793e-05
1530    1.44559e-05     9.83563e-05     9.83563e-05     9.83563e-05     5.50845e-05     4.66051e-06     7.9102e-05
1534    1.41117e-05     9.63508e-05     9.63508e-05     9.63508e-05     5.76477e-05     1.23261e-05     7.91766e-05
1538    1.6521e-05     0.000113248     0.000113248     0.000113248     6.63642e-05     1.11763e-05     9.2505e-05
1542    1.30791e-05     8.99535e-05     8.99535e-05     8.99535e-05     4.97255e-05     2.07165e-06     7.22178e-05
1546    1.23907e-05     8.55735e-05     8.55735e-05     8.55735e-05     4.82978e-05     3.90439e-06     6.91889e-05
1550    1.06698e-05     7.39596e-05     7.39596e-05     7.39596e-05     3.74021e-05     -6.31523e-06     5.79278e-05
1554    1.37675e-05     9.5762e-05     9.5762e-05     9.5762e-05     5.29365e-05     1.50151e-06     7.70273e-05
1558    1.41117e-05     9.85186e-05     9.85186e-05     9.85186e-05     5.18084e-05     -4.5817e-06     7.81442e-05
1562    1.20465e-05     8.44311e-05     8.44311e-05     8.44311e-05     4.47157e-05     -3.53561e-06     6.71696e-05
1566    8.60468e-06     6.04996e-05     6.04996e-05     6.04996e-05     3.17708e-05     -3.29261e-06     4.80457e-05
1570    1.48e-05     0.000104483     0.000104483     0.000104483     5.76862e-05     2.80415e-07     8.42555e-05
1574    1.51442e-05     0.000107286     0.000107286     0.000107286     6.32731e-05     9.03674e-06     8.83108e-05
1578    1.30791e-05     9.30134e-05     9.30134e-05     9.30134e-05     5.07619e-05     -1.55242e-06     7.48462e-05
1582    1.03256e-05     7.37002e-05     7.37002e-05     7.37002e-05     4.33431e-05     5.52095e-06     6.06948e-05
1586    1.34233e-05     9.61231e-05     9.61231e-05     9.61231e-05     4.84306e-05     -1.12467e-05     7.57409e-05
1590    9.98143e-06     7.17444e-05     7.17444e-05     7.17444e-05     4.20956e-05     4.84056e-06     5.91039e-05
1594    7.9163e-06     5.71303e-05     5.71303e-05     5.71303e-05     3.34661e-05     3.53453e-06     4.70794e-05
1598    1.03256e-05     7.47886e-05     7.47886e-05     7.47886e-05     4.37407e-05     4.31882e-06     6.16305e-05
1602    8.94886e-06     6.50448e-05     6.50448e-05     6.50448e-05     3.39753e-05     -5.7217e-06     5.19253e-05
1606    1.06698e-05     7.78283e-05     7.78283e-05     7.78283e-05     4.54402e-05     3.87486e-06     6.41876e-05
1610    8.60468e-06     6.2984e-05     6.2984e-05     6.2984e-05     3.27104e-05     -6.32061e-06     5.02681e-05
1614    6.88374e-06     5.05778e-05     5.05778e-05     5.05778e-05     2.54533e-05     -7.08617e-06     4.00525e-05
1618    8.60468e-06     6.34315e-05     6.34315e-05     6.34315e-05     3.28533e-05     -6.95596e-06     5.06602e-05
1622    6.53955e-06     4.84087e-05     4.84087e-05     4.84087e-05     2.81061e-05     1.50658e-06     3.99598e-05
1626    8.60468e-06     6.39111e-05     6.39111e-05     6.39111e-05     3.70996e-05     1.79775e-06     5.27866e-05
1630    6.53955e-06     4.87461e-05     4.87461e-05     4.87461e-05     2.82857e-05     1.25082e-06     4.02745e-05
1634    5.16281e-06     3.86351e-05     3.86351e-05     3.86351e-05     2.23902e-05     8.0461e-07     3.19311e-05
1638    6.19537e-06     4.65231e-05     4.65231e-05     4.65231e-05     2.69101e-05     7.27947e-07     3.84509e-05
1642    8.60468e-06     6.48474e-05     6.48474e-05     6.48474e-05     3.74875e-05     7.37251e-07     5.36284e-05
1646    7.9163e-06     5.98759e-05     5.98759e-05     5.98759e-05     3.45688e-05     4.07321e-07     4.95285e-05
1650    5.85118e-06     4.44156e-05     4.44156e-05     4.44156e-05     2.15295e-05     -9.48723e-06     3.50802e-05
1654    5.16281e-06     3.93467e-05     3.93467e-05     3.93467e-05     2.27085e-05     4.95978e-08     3.25795e-05
1658    5.85118e-06     4.47405e-05     4.47405e-05     4.47405e-05     2.16526e-05     -9.94671e-06     3.5378e-05
1662    6.19537e-06     4.75539e-05     4.75539e-05     4.75539e-05     2.74207e-05     -3.08054e-07     3.94199e-05
1666    7.57212e-06     5.83242e-05     5.83242e-05     5.83242e-05     3.35773e-05     -6.77745e-07     4.83569e-05
1670    7.22793e-06     5.58901e-05     5.58901e-05     5.58901e-05     3.21362e-05     -9.10645e-07     4.63514e-05
1674    9.63724e-06     7.47776e-05     7.47776e-05     7.47776e-05     4.2965e-05     -1.47987e-06     6.20346e-05
1678    7.9163e-06     6.16369e-05     6.16369e-05     6.16369e-05     3.5398e-05     -1.42381e-06     5.11548e-05
1682    7.57212e-06     5.91542e-05     5.91542e-05     5.91542e-05     3.39241e-05     -1.70488e-06     4.91128e-05
1686    6.88374e-06     5.3972e-05     5.3972e-05     5.3972e-05     3.0934e-05     -1.76379e-06     4.48307e-05
1690    5.50699e-06     4.33399e-05     4.33399e-05     4.33399e-05     2.48258e-05     -1.56578e-06     3.60131e-05
1694    6.53955e-06     5.16494e-05     5.16494e-05     5.16494e-05     2.54151e-05     -1.21967e-05     4.13038e-05
1698    6.53955e-06     5.18402e-05     5.18402e-05     5.18402e-05     2.96764e-05     -2.2142e-06     4.31191e-05
1702    5.16281e-06     4.10745e-05     4.10745e-05     4.10745e-05     1.92973e-05     -1.2232e-05     3.25381e-05
1706    6.19537e-06     4.94694e-05     4.94694e-05     4.94694e-05     2.82495e-05     -2.63505e-06     4.11777e-05
1710    4.47443e-06     3.58594e-05     3.58594e-05     3.58594e-05     2.04724e-05     -2.03276e-06     2.9865e-05
1714    5.16281e-06     4.15184e-05     4.15184e-05     4.15184e-05     2.37025e-05     -2.47223e-06     3.45968e-05
1718    7.22793e-06     5.83116e-05     5.83116e-05     5.83116e-05     3.32947e-05     -3.61182e-06     4.8617e-05
1722    6.19537e-06     5.01763e-05     5.01763e-05     5.01763e-05     2.86526e-05     -3.30065e-06     4.18673e-05
1726    4.13025e-06     3.35532e-05     3.35532e-05     3.35532e-05     1.77565e-05     -5.77302e-06     2.74676e-05
1730    5.85118e-06     4.77249e-05     4.77249e-05     4.77249e-05     2.72067e-05     -3.55822e-06     3.98526e-05
1734    4.13025e-06     3.38046e-05     3.38046e-05     3.38046e-05     1.92675e-05     -2.60838e-06     2.82395e-05
1738    3.09768e-06     2.54471e-05     2.54471e-05     2.54471e-05     1.44981e-05     -2.0634e-06     2.12692e-05
1742    5.50699e-06     4.53859e-05     4.53859e-05     4.53859e-05     2.58944e-05     -3.77592e-06     3.79772e-05
1746    4.81862e-06     3.98656e-05     3.98656e-05     3.98656e-05     2.26926e-05     -3.58934e-06     3.33598e-05
1750    4.13025e-06     3.42753e-05     3.42753e-05     3.42753e-05     1.95125e-05     -3.17142e-06     2.86966e-05
1754    2.40931e-06     2.00684e-05     2.00684e-05     2.00684e-05     1.14266e-05     -1.91704e-06     1.68128e-05
1758    5.16281e-06     4.31405e-05     4.31405e-05     4.31405e-05     2.45439e-05     -4.29831e-06     3.61541e-05
1762    3.78606e-06     3.17557e-05     3.17557e-05     3.17557e-05     1.8063e-05     -3.30675e-06     2.66318e-05
1766    5.85118e-06     4.92375e-05     4.92375e-05     4.92375e-05     2.79625e-05     -5.39996e-06     4.13e-05
1770    1.72094e-06     1.45462e-05     1.45462e-05     1.45462e-05     8.26222e-06     -1.65539e-06     1.22112e-05
1774    5.85118e-06     4.95774e-05     4.95774e-05     4.95774e-05     2.39628e-05     -1.65506e-05     4.00724e-05
1778    2.7535e-06     2.34246e-05     2.34246e-05     2.34246e-05     1.32988e-05     -2.80327e-06     1.96797e-05
1782    2.7535e-06     2.34903e-05     2.34903e-05     2.34903e-05     1.33547e-05     -2.86178e-06     1.97566e-05
1786    4.81862e-06     4.12733e-05     4.12733e-05     4.12733e-05     2.34205e-05     -5.29633e-06     3.47189e-05
1790    4.13025e-06     3.54997e-05     3.54997e-05     3.54997e-05     1.59565e-05     -1.56398e-05     2.83477e-05
1794    4.47443e-06     3.85839e-05     3.85839e-05     3.85839e-05     2.19205e-05     -5.11398e-06     3.24993e-05
1798    4.13025e-06     3.57274e-05     3.57274e-05     3.57274e-05     2.03022e-05     -4.84364e-06     3.01121e-05
1802    3.78606e-06     3.28662e-05     3.28662e-05     3.28662e-05     1.8647e-05     -4.67662e-06     2.77101e-05
1806    2.7535e-06     2.39853e-05     2.39853e-05     2.39853e-05     9.40528e-06     -1.45642e-05     1.8706e-05
1810    2.06512e-06     1.80586e-05     1.80586e-05     1.80586e-05     1.02444e-05     -2.70722e-06     1.52438e-05
1814    7.57212e-06     6.64531e-05     6.64531e-05     6.64531e-05     3.76808e-05     -1.02423e-05     5.61213e-05
1818    2.40931e-06     2.12174e-05     2.12174e-05     2.12174e-05     1.20277e-05     -3.33108e-06     1.79247e-05
1822    2.7535e-06     2.43269e-05     2.43269e-05     2.43269e-05     1.37948e-05     -3.91535e-06     2.0568e-05
1826    3.78606e-06     3.35411e-05     3.35411e-05     3.35411e-05     1.90318e-05     -5.47552e-06     2.83777e-05
1830    2.7535e-06     2.44848e-05     2.44848e-05     2.44848e-05     1.38945e-05     -4.09283e-06     2.07296e-05
1834    3.44187e-06     3.0707e-05     3.0707e-05     3.0707e-05     1.74287e-05     -5.21799e-06     2.60114e-05
1838    3.78606e-06     3.39156e-05     3.39156e-05     3.39156e-05     1.92617e-05     -5.83776e-06     2.87482e-05
1842    2.40931e-06     2.1663e-05     2.1663e-05     2.1663e-05     8.07662e-06     -1.53368e-05     1.6891e-05
1846    2.06512e-06     1.86199e-05     1.86199e-05     1.86199e-05     6.38943e-06     -1.479e-05     1.43375e-05
1850    2.7535e-06     2.49199e-05     2.49199e-05     2.49199e-05     1.41519e-05     -4.59083e-06     2.11623e-05
1854    3.44187e-06     3.12455e-05     3.12455e-05     3.12455e-05     1.77334e-05     -5.88274e-06     2.6543e-05
1858    1.72094e-06     1.5684e-05     1.5684e-05     1.5684e-05     8.90908e-06     -2.98364e-06     1.33328e-05
1862    2.40931e-06     2.19969e-05     2.19969e-05     2.19969e-05     1.2503e-05     -4.26482e-06     1.87152e-05
1866    3.09768e-06     2.83725e-05     2.83725e-05     2.83725e-05     1.19181e-05     -1.72323e-05     2.26963e-05
1870    2.06512e-06     1.89932e-05     1.89932e-05     1.89932e-05     1.0789e-05     -3.83339e-06     1.61743e-05
1874    2.40931e-06     2.22382e-05     2.22382e-05     2.22382e-05     1.2642e-05     -4.52776e-06     1.89494e-05
1878    4.13025e-06     3.82376e-05     3.82376e-05     3.82376e-05     2.17576e-05     -7.88092e-06     3.2609e-05
1882    2.7535e-06     2.55723e-05     2.55723e-05     2.55723e-05     1.03279e-05     -1.72569e-05     2.03866e-05
1886    2.40931e-06     2.24618e-05     2.24618e-05     2.24618e-05     1.27603e-05     -4.87053e-06     1.91709e-05
1890    1.72094e-06     1.61003e-05     1.61003e-05     1.61003e-05     9.15259e-06     -3.55686e-06     1.37538e-05
1894    1.72094e-06     1.61485e-05     1.61485e-05     1.61485e-05     9.18851e-06     -3.58932e-06     1.38035e-05
1898    1.72094e-06     1.62073e-05     1.62073e-05     1.62073e-05     6.44038e-06     -1.1555e-05     1.29244e-05
1902    3.09768e-06     2.92671e-05     2.92671e-05     2.92671e-05     1.66611e-05     -6.70529e-06     2.50468e-05
1906    1.37675e-06     1.30544e-05     1.30544e-05     1.30544e-05     7.43596e-06     -3.04046e-06     1.1181e-05
1910    3.09768e-06     2.94607e-05     2.94607e-05     2.94607e-05     1.6787e-05     -6.93968e-06     2.52459e-05
1914    1.72094e-06     1.64079e-05     1.64079e-05     1.64079e-05     9.35203e-06     -3.8996e-06     1.40664e-05
1918    2.40931e-06     2.30484e-05     2.30484e-05     2.30484e-05     1.31425e-05     -5.55004e-06     1.97717e-05
1922    2.40931e-06     2.31306e-05     2.31306e-05     2.31306e-05     1.31957e-05     -5.66322e-06     1.98574e-05
1926    2.06512e-06     1.98825e-05     1.98825e-05     1.98825e-05     1.13523e-05     -4.8885e-06     1.70777e-05
1930    2.06512e-06     1.99656e-05     1.99656e-05     1.99656e-05     1.14055e-05     -5.00482e-06     1.7164e-05
1934    1.03256e-06     1.00024e-05     1.00024e-05     1.00024e-05     5.71302e-06     -2.52617e-06     8.60042e-06
1938    3.78606e-06     3.68232e-05     3.68232e-05     3.68232e-05     2.10482e-05     -9.432e-06     3.16876e-05
1942    2.06512e-06     2.01432e-05     2.01432e-05     2.01432e-05     1.15158e-05     -5.25247e-06     1.73456e-05
1946    2.40931e-06     2.35794e-05     2.35794e-05     2.35794e-05     9.33704e-06     -1.84743e-05     1.89757e-05
1950    2.7535e-06     2.70431e-05     2.70431e-05     2.70431e-05     1.54712e-05     -7.25153e-06     2.33168e-05
1954    1.37675e-06     1.35617e-05     1.35617e-05     1.35617e-05     7.75977e-06     -3.66615e-06     1.16971e-05
1958    6.88374e-07     6.80804e-06     6.80804e-06     6.80804e-06     3.89976e-06     -1.85289e-06     5.87617e-06
1962    1.72094e-06     1.70594e-05     1.70594e-05     1.70594e-05     9.78386e-06     -4.69078e-06     1.47374e-05
1966    3.44187e-07     3.42876e-06     3.42876e-06     3.42876e-06     1.96374e-06     -9.67802e-07     2.96305e-06
1970    1.37675e-06     1.37372e-05     1.37372e-05     1.37372e-05     7.87058e-06     -3.88555e-06     1.18741e-05
1974    2.40931e-06     2.41133e-05     2.41133e-05     2.41133e-05     1.38316e-05     -6.87863e-06     2.08597e-05
1978    2.40931e-06     2.41909e-05     2.41909e-05     2.41909e-05     1.38791e-05     -6.99439e-06     2.09388e-05
1982    2.7535e-06     2.7742e-05     2.7742e-05     2.7742e-05     1.59428e-05     -8.07918e-06     2.40354e-05
1986    1.72094e-06     1.73883e-05     1.73883e-05     1.73883e-05     5.8596e-06     -1.77461e-05     1.3781e-05
1990    2.06512e-06     2.09449e-05     2.09449e-05     2.09449e-05     1.20488e-05     -6.25322e-06     1.81704e-05
1994    1.72094e-06     1.75009e-05     1.75009e-05     1.75009e-05     1.00582e-05     -5.26824e-06     1.51812e-05
1998    3.44187e-07     3.50833e-06     3.50833e-06     3.50833e-06     2.01294e-06     -1.06646e-06     3.04226e-06
2002    3.44187e-07     3.5238e-06     3.5238e-06     3.5238e-06     3.5238e-06     3.5238e-06     3.5238e-06
2006    3.44187e-07     3.5318e-06     3.5318e-06     3.5318e-06     3.5318e-06     3.5318e-06     3.5318e-06
2010    6.88374e-07     7.07985e-06     7.07985e-06     7.07985e-06     7.07985e-06     7.07985e-06     7.07985e-06
2014    1.37675e-06     1.42275e-05     1.42275e-05     1.42275e-05     1.42275e-05     1.42275e-05     1.42275e-05
2018    1.37675e-06     1.42693e-05     1.42693e-05     1.42693e-05     1.42693e-05     1.42693e-05     1.42693e-05
2022    1.37675e-06     1.43102e-05     1.43102e-05     1.43102e-05     1.43102e-05     1.43102e-05     1.43102e-05
2026    1.37675e-06     1.43489e-05     1.43489e-05     1.43489e-05     1.43489e-05     1.43489e-05     1.43489e-05
2030    3.44187e-07     3.60012e-06     3.60012e-06     3.60012e-06     3.60012e-06     3.60012e-06     3.60012e-06
2034    6.88374e-07     7.23041e-06     7.23041e-06     7.23041e-06     7.23041e-06     7.23041e-06     7.23041e-06
2038    3.44187e-07     3.61961e-06     3.61961e-06     3.61961e-06     3.61961e-06     3.61961e-06     3.61961e-06
2042    1.72094e-06     1.81551e-05     1.81551e-05     1.81551e-05     1.81551e-05     1.81551e-05     1.81551e-05
2046    6.88374e-07     7.29581e-06     7.29581e-06     7.29581e-06     7.29581e-06     7.29581e-06     7.29581e-06
2050    6.88374e-07     7.31389e-06     7.31389e-06     7.31389e-06     7.31389e-06     7.31389e-06     7.31389e-06
2054    3.44187e-07     3.67183e-06     3.67183e-06     3.67183e-06     3.67183e-06     3.67183e-06     3.67183e-06
2058    3.44187e-07     3.6768e-06     3.6768e-06     3.6768e-06     3.6768e-06     3.6768e-06     3.6768e-06
2062    1.37675e-06     1.4759e-05     1.4759e-05     1.4759e-05     1.4759e-05     1.4759e-05     1.4759e-05
2066    1.37675e-06     1.48071e-05     1.48071e-05     1.48071e-05     1.48071e-05     1.48071e-05     1.48071e-05
2070    1.37675e-06     1.48382e-05     1.48382e-05     1.48382e-05     1.48382e-05     1.48382e-05     1.48382e-05
2074    3.44187e-07     3.72486e-06     3.72486e-06     3.72486e-06     3.72486e-06     3.72486e-06     3.72486e-06
2078    6.88374e-07     7.46139e-06     7.46139e-06     7.46139e-06     7.46139e-06     7.46139e-06     7.46139e-06
2082    1.03256e-06     1.12294e-05     1.12294e-05     1.12294e-05     1.12294e-05     1.12294e-05     1.12294e-05
2086    1.03256e-06     1.12649e-05     1.12649e-05     1.12649e-05     1.12649e-05     1.12649e-05     1.12649e-05
2090    6.88374e-07     7.52845e-06     7.52845e-06     7.52845e-06     7.52845e-06     7.52845e-06     7.52845e-06
2094    1.03256e-06     1.13465e-05     1.13465e-05     1.13465e-05     1.13465e-05     1.13465e-05     1.13465e-05
2098    6.88374e-07     7.57958e-06     7.57958e-06     7.57958e-06     7.57958e-06     7.57958e-06     7.57958e-06
2102    1.03256e-06     1.1409e-05     1.1409e-05     1.1409e-05     1.1409e-05     1.1409e-05     1.1409e-05
2106    1.37675e-06     1.52509e-05     1.52509e-05     1.52509e-05     1.52509e-05     1.52509e-05     1.52509e-05
2110    6.88374e-07     7.65223e-06     7.65223e-06     7.65223e-06     7.65223e-06     7.65223e-06     7.65223e-06
2114    0     0     0     0     0     0     0
2118    1.37675e-06     1.53823e-05     1.53823e-05     1.53823e-05     1.53823e-05     1.53823e-05     1.53823e-05
2122    6.88374e-07     7.72007e-06     7.72007e-06     7.72007e-06     7.72007e-06     7.72007e-06     7.72007e-06
2126    1.72094e-06     1.93525e-05     1.93525e-05     1.93525e-05     1.93525e-05     1.93525e-05     1.93525e-05
2130    2.06512e-06     2.32891e-05     2.32891e-05     2.32891e-05     2.32891e-05     2.32891e-05     2.32891e-05
2134    3.44187e-07     3.8922e-06     3.8922e-06     3.8922e-06     3.8922e-06     3.8922e-06     3.8922e-06
2138    1.03256e-06     1.17104e-05     1.17104e-05     1.17104e-05     1.17104e-05     1.17104e-05     1.17104e-05
2142    1.72094e-06     1.95839e-05     1.95839e-05     1.95839e-05     1.95839e-05     1.95839e-05     1.95839e-05
2146    6.88374e-07     7.85298e-06     7.85298e-06     7.85298e-06     7.85298e-06     7.85298e-06     7.85298e-06
2150    3.44187e-07     3.94224e-06     3.94224e-06     3.94224e-06     3.94224e-06     3.94224e-06     3.94224e-06
2154    0     0     0     0     0     0     0
2158    3.09768e-06     3.56448e-05     3.56448e-05     3.56448e-05     3.56448e-05     3.56448e-05     3.56448e-05
2162    6.88374e-07     7.94689e-06     7.94689e-06     7.94689e-06     7.94689e-06     7.94689e-06     7.94689e-06
2166    3.44187e-07     3.98234e-06     3.98234e-06     3.98234e-06     3.98234e-06     3.98234e-06     3.98234e-06
2170    3.44187e-07     3.99901e-06     3.99901e-06     3.99901e-06     3.99901e-06     3.99901e-06     3.99901e-06
2174    3.44187e-07     4.01007e-06     4.01007e-06     4.01007e-06     4.01007e-06     4.01007e-06     4.01007e-06
2178    0     0     0     0     0     0     0
2182    2.06512e-06     2.41852e-05     2.41852e-05     2.41852e-05     2.41852e-05     2.41852e-05     2.41852e-05
2186    1.03256e-06     1.21196e-05     1.21196e-05     1.21196e-05     1.21196e-05     1.21196e-05     1.21196e-05
2190    6.88374e-07     8.09918e-06     8.09918e-06     8.09918e-06     8.09918e-06     8.09918e-06     8.09918e-06
2194    6.88374e-07     8.12991e-06     8.12991e-06     8.12991e-06     8.12991e-06     8.12991e-06     8.12991e-06
2198    6.88374e-07     8.15492e-06     8.15492e-06     8.15492e-06     8.15492e-06     8.15492e-06     8.15492e-06
2202    3.44187e-07     4.08992e-06     4.08992e-06     4.08992e-06     4.08992e-06     4.08992e-06     4.08992e-06
2206    3.44187e-07     4.09774e-06     4.09774e-06     4.09774e-06     4.09774e-06     4.09774e-06     4.09774e-06
2210    3.44187e-07     4.11388e-06     4.11388e-06     4.11388e-06     4.11388e-06     4.11388e-06     4.11388e-06
2214    6.88374e-07     8.25105e-06     8.25105e-06     8.25105e-06     8.25105e-06     8.25105e-06     8.25105e-06
2218    1.03256e-06     1.24101e-05     1.24101e-05     1.24101e-05     1.24101e-05     1.24101e-05     1.24101e-05
2222    0     0     0     0     0     0     0
2226    1.03256e-06     1.24648e-05     1.24648e-05     1.24648e-05     1.24648e-05     1.24648e-05     1.24648e-05
2230    0     0     0     0     0     0     0
2234    6.88374e-07     8.36332e-06     8.36332e-06     8.36332e-06     8.36332e-06     8.36332e-06     8.36332e-06
2238    6.88374e-07     8.38516e-06     8.38516e-06     8.38516e-06     8.38516e-06     8.38516e-06     8.38516e-06
2242    1.37675e-06     1.68172e-05     1.68172e-05     1.68172e-05     1.68172e-05     1.68172e-05     1.68172e-05
2246    1.37675e-06     1.68737e-05     1.68737e-05     1.68737e-05     1.68737e-05     1.68737e-05     1.68737e-05
2250    6.88374e-07     8.46113e-06     8.46113e-06     8.46113e-06     8.46113e-06     8.46113e-06     8.46113e-06
2254    1.37675e-06     1.69506e-05     1.69506e-05     1.69506e-05     1.69506e-05     1.69506e-05     1.69506e-05
2258    3.44187e-07     4.25462e-06     4.25462e-06     4.25462e-06     4.25462e-06     4.25462e-06     4.25462e-06
2262    0     0     0     0     0     0     0
2266    3.44187e-07     4.27223e-06     4.27223e-06     4.27223e-06     4.27223e-06     4.27223e-06     4.27223e-06
2270    6.88374e-07     8.57336e-06     8.57336e-06     8.57336e-06     8.57336e-06     8.57336e-06     8.57336e-06
2274    0     0     0     0     0     0     0
2278    0     0     0     0     0     0     0
2282    3.44187e-07     4.32558e-06     4.32558e-06     4.32558e-06     4.32558e-06     4.32558e-06     4.32558e-06
2286    0     0     0     0     0     0     0
2290    3.44187e-07     4.34366e-06     4.34366e-06     4.34366e-06     4.34366e-06     4.34366e-06     4.34366e-06
2294    6.88374e-07     8.70564e-06     8.70564e-06     8.70564e-06     8.70564e-06     8.70564e-06     8.70564e-06
2298    0     0     0     0     0     0     0
2302    6.88374e-07     8.7659e-06     8.7659e-06     8.7659e-06     8.7659e-06     8.7659e-06     8.7659e-06
2306    3.44187e-07     4.39211e-06     4.39211e-06     4.39211e-06     4.39211e-06     4.39211e-06     4.39211e-06
2310    3.44187e-07     4.39845e-06     4.39845e-06     4.39845e-06     4.39845e-06     4.39845e-06     4.39845e-06
2314    6.88374e-07     8.83641e-06     8.83641e-06     8.83641e-06     8.83641e-06     8.83641e-06     8.83641e-06
2318    3.44187e-07     4.42858e-06     4.42858e-06     4.42858e-06     4.42858e-06     4.42858e-06     4.42858e-06
2322    3.44187e-07     4.4425e-06     4.4425e-06     4.4425e-06     4.4425e-06     4.4425e-06     4.4425e-06
2326    6.88374e-07     8.89663e-06     8.89663e-06     8.89663e-06     8.89663e-06     8.89663e-06     8.89663e-06
2330    6.88374e-07     8.91682e-06     8.91682e-06     8.91682e-06     8.91682e-06     8.91682e-06     8.91682e-06
2334    0     0     0     0     0     0     0
2338    0     0     0     0     0     0     0
2342    0     0     0     0     0     0     0
2346    6.88374e-07     9.02426e-06     9.02426e-06     9.02426e-06     9.02426e-06     9.02426e-06     9.02426e-06
2350    0     0     0     0     0     0     0
2354    1.03256e-06     1.35994e-05     1.35994e-05     1.35994e-05     1.35994e-05     1.35994e-05     1.35994e-05
2358    0     0     0     0     0     0     0
2362    0     0     0     0     0     0     0
2366    0     0     0     0     0     0     0
2370    3.44187e-07     4.5783e-06     4.5783e-06     4.5783e-06     4.5783e-06     4.5783e-06     4.5783e-06
2374    3.44187e-07     4.59712e-06     4.59712e-06     4.59712e-06     4.59712e-06     4.59712e-06     4.59712e-06
2378    3.44187e-07     4.60096e-06     4.60096e-06     4.60096e-06     4.60096e-06     4.60096e-06     4.60096e-06
2382    3.44187e-07     4.61132e-06     4.61132e-06     4.61132e-06     4.61132e-06     4.61132e-06     4.61132e-06
2386    3.44187e-07     4.63151e-06     4.63151e-06     4.63151e-06     4.63151e-06     4.63151e-06     4.63151e-06
2390    0     0     0     0     0     0     0
2394    0     0     0     0     0     0     0
2398    0     0     0     0     0     0     0
2402    6.88374e-07     9.3484e-06     9.3484e-06     9.3484e-06     9.3484e-06     9.3484e-06     9.3484e-06
2406    1.03256e-06     1.40702e-05     1.40702e-05     1.40702e-05     1.40702e-05     1.40702e-05     1.40702e-05
2410    3.44187e-07     4.70618e-06     4.70618e-06     4.70618e-06     4.70618e-06     4.70618e-06     4.70618e-06
2414    0     0     0     0     0     0     0
2418    3.44187e-07     4.72764e-06     4.72764e-06     4.72764e-06     4.72764e-06     4.72764e-06     4.72764e-06
2422    0     0     0     0     0     0     0
2426    0     0     0     0     0     0     0
2430    6.88374e-07     9.5212e-06     9.5212e-06     9.5212e-06     9.5212e-06     9.5212e-06     9.5212e-06
2434    6.88374e-07     9.53731e-06     9.53731e-06     9.53731e-06     9.53731e-06     9.53731e-06     9.53731e-06
2438    3.44187e-07     4.7875e-06     4.7875e-06     4.7875e-06     4.7875e-06     4.7875e-06     4.7875e-06
2442    0     0     0     0     0     0     0
2446    3.44187e-07     4.80784e-06     4.80784e-06     4.80784e-06     4.80784e-06     4.80784e-06     4.80784e-06
2450    0     0     0     0     0     0     0
2454    0     0     0     0     0     0     0
2458    3.44187e-07     4.84346e-06     4.84346e-06     4.84346e-06     4.84346e-06     4.84346e-06     4.84346e-06
2462    6.88374e-07     9.71666e-06     9.71666e-06     9.71666e-06     9.71666e-06     9.71666e-06     9.71666e-06
2466    3.44187e-07     4.867e-06     4.867e-06     4.867e-06     4.867e-06     4.867e-06     4.867e-06
2470    3.44187e-07     4.88508e-06     4.88508e-06     4.88508e-06     4.88508e-06     4.88508e-06     4.88508e-06
2474    3.44187e-07     4.89276e-06     4.89276e-06     4.89276e-06     4.89276e-06     4.89276e-06     4.89276e-06
2478    0     0     0     0     0     0     0
2482    3.44187e-07     4.91101e-06     4.91101e-06     4.91101e-06     4.91101e-06     4.91101e-06     4.91101e-06
2486    0     0     0     0     0     0     0
2490    0     0     0     0     0     0     0
2494    0     0     0     0     0     0     0
2498    0     0     0     0     0     0     0
2502    0     0     0     0     0     0     0
2506    0     0     0     0     0     0     0
2510    0     0     0     0     0     0     0
2514    0     0     0     0     0     0     0
2518    3.44187e-07     5.03163e-06     5.03163e-06     5.03163e-06     5.03163e-06     5.03163e-06     5.03163e-06
2522    3.44187e-07     5.03311e-06     5.03311e-06     5.03311e-06     5.03311e-06     5.03311e-06     5.03311e-06
2526    3.44187e-07     5.0454e-06     5.0454e-06     5.0454e-06     5.0454e-06     5.0454e-06     5.0454e-06
2530    0     0     0     0     0     0     0
2534    3.44187e-07     5.07328e-06     5.07328e-06     5.07328e-06     5.07328e-06     5.07328e-06     5.07328e-06
2538    6.88374e-07     1.0174e-05     1.0174e-05     1.0174e-05     1.0174e-05     1.0174e-05     1.0174e-05
2542    0     0     0     0     0     0     0
2546    3.44187e-07     5.10534e-06     5.10534e-06     5.10534e-06     5.10534e-06     5.10534e-06     5.10534e-06
2550    0     0     0     0     0     0     0
2554    3.44187e-07     5.1397e-06     5.1397e-06     5.1397e-06     5.1397e-06     5.1397e-06     5.1397e-06
2558    0     0     0     0     0     0     0
2562    3.44187e-07     5.16528e-06     5.16528e-06     5.16528e-06     5.16528e-06     5.16528e-06     5.16528e-06
2566    3.44187e-07     5.17289e-06     5.17289e-06     5.17289e-06     5.17289e-06     5.17289e-06     5.17289e-06
2570    0     0     0     0     0     0     0
2574    0     0     0     0     0     0     0
2578    0     0     0     0     0     0     0
2582    0     0     0     0     0     0     0
2586    3.44187e-07     5.23103e-06     5.23103e-06     5.23103e-06     5.23103e-06     5.23103e-06     5.23103e-06
2590    0     0     0     0     0     0     0
2594    0     0     0     0     0     0     0
2598    0     0     0     0     0     0     0
2602    0     0     0     0     0     0     0
2606    3.44187e-07     5.29534e-06     5.29534e-06     5.29534e-06     5.29534e-06     5.29534e-06     5.29534e-06
2610    0     0     0     0     0     0     0
2614    3.44187e-07     5.32293e-06     5.32293e-06     5.32293e-06     5.32293e-06     5.32293e-06     5.32293e-06
2618    0     0     0     0     0     0     0
2622    0     0     0     0     0     0     0
2626    0     0     0     0     0     0     0
2630    6.88374e-07     1.07437e-05     1.07437e-05     1.07437e-05     1.07437e-05     1.07437e-05     1.07437e-05
2634    3.44187e-07     5.37568e-06     5.37568e-06     5.37568e-06     5.37568e-06     5.37568e-06     5.37568e-06
2638    3.44187e-07     5.38918e-06     5.38918e-06     5.38918e-06     5.38918e-06     5.38918e-06     5.38918e-06
2642    0     0     0     0     0     0     0
2646    0     0     0     0     0     0     0
2650    0     0     0     0     0     0     0
2654    3.44187e-07     5.4377e-06     5.4377e-06     5.4377e-06     5.4377e-06     5.4377e-06     5.4377e-06
2658    0     0     0     0     0     0     0
2662    0     0     0     0     0     0     0
2666    0     0     0     0     0     0     0
2670    0     0     0     0     0     0     0
2674    0     0     0     0     0     0     0
2678    3.44187e-07     5.51177e-06     5.51177e-06     5.51177e-06     5.51177e-06     5.51177e-06     5.51177e-06
2682    0     0     0     0     0     0     0
2686    0     0     0     0     0     0     0
2690    0     0     0     0     0     0     0
2694    0     0     0     0     0     0     0
2698    0     0     0     0     0     0     0
2702    0     0     0     0     0     0     0
2706    0     0     0     0     0     0     0
2710    0     0     0     0     0     0     0
2714    0     0     0     0     0     0     0
2718    0     0     0     0     0     0     0
2722    6.88374e-07     1.13012e-05     1.13012e-05     1.13012e-05     1.13012e-05     1.13012e-05     1.13012e-05
2726    0     0     0     0     0     0     0
2730    0     0     0     0     0     0     0
2734    0     0     0     0     0     0     0
2738    0     0     0     0     0     0     0
2742    0     0     0     0     0     0     0
2746    0     0     0     0     0     0     0
2750    0     0     0     0     0     0     0
2754    0     0     0     0     0     0     0
2758    0     0     0     0     0     0     0
2762    0     0     0     0     0     0     0
2766    0     0     0     0     0     0     0
2770    0     0     0     0     0     0     0
2774    0     0     0     0     0     0     0
2778    0     0     0     0     0     0     0
2782    0     0     0     0     0     0     0
2786    0     0     0     0     0     0     0
2790    3.44187e-07     5.86914e-06     5.86914e-06     5.86914e-06     5.86914e-06     5.86914e-06     5.86914e-06
2794    3.44187e-07     5.87619e-06     5.87619e-06     5.87619e-06     5.87619e-06     5.87619e-06     5.87619e-06
2798    0     0     0     0     0     0     0
2802    0     0     0     0     0     0     0
2806    0     0     0     0     0     0     0
2810    0     0     0     0     0     0     0
2814    0     0     0     0     0     0     0
2818    0     0     0     0     0     0     0
2822    0     0     0     0     0     0     0
2826    3.44187e-07     5.97982e-06     5.97982e-06     5.97982e-06     5.97982e-06     5.97982e-06     5.97982e-06
2830    3.44187e-07     5.98352e-06     5.98352e-06     5.98352e-06     5.98352e-06     5.98352e-06     5.98352e-06
2834    0     0     0     0     0     0     0
2838    0     0     0     0     0     0     0
2842    0     0     0     0     0     0     0
2846    0     0     0     0     0     0     0
2850    0     0     0     0     0     0     0
2854    0     0     0     0     0     0     0
2858    0     0     0     0     0     0     0
2862    3.44187e-07     6.08884e-06     6.08884e-06     6.08884e-06     6.08884e-06     6.08884e-06     6.08884e-06
2866    0     0     0     0     0     0     0
2870    0     0     0     0     0     0     0
2874    0     0     0     0     0     0     0
2878    0     0     0     0     0     0     0
2882    0     0     0     0     0     0     0
2886    0     0     0     0     0     0     0
2890    0     0     0     0     0     0     0
2894    0     0     0     0     0     0     0
2898    0     0     0     0     0     0     0
2902    0     0     0     0     0     0     0
2906    0     0     0     0     0     0     0
2910    0     0     0     0     0     0     0
2914    0     0     0     0     0     0     0
2918    0     0     0     0     0     0     0
2922    0     0     0     0     0     0     0
2926    3.44187e-07     6.29149e-06     6.29149e-06     6.29149e-06     6.29149e-06     6.29149e-06     6.29149e-06
2930    0     0     0     0     0     0     0
2934    0     0     0     0     0     0     0
2938    0     0     0     0     0     0     0
2942    0     0     0     0     0     0     0
2946    3.44187e-07     6.35872e-06     6.35872e-06     6.35872e-06     6.35872e-06     6.35872e-06     6.35872e-06
2950    0     0     0     0     0     0     0
2954    0     0     0     0     0     0     0
2958    3.44187e-07     6.39639e-06     6.39639e-06     6.39639e-06     6.39639e-06     6.39639e-06     6.39639e-06
2962    0     0     0     0     0     0     0
2966    0     0     0     0     0     0     0
2970    0     0     0     0     0     0     0
2974    0     0     0     0     0     0     0
2978    0     0     0     0     0     0     0
2982    0     0     0     0     0     0     0
2986    0     0     0     0     0     0     0
2990    0     0     0     0     0     0     0
2994    0     0     0     0     0     0     0
2998    0     0     0     0     0     0     0
3002    0     0     0     0     0     0     0
3006    0     0     0     0     0     0     0
3010    0     0     0     0     0     0     0
3014    0     0     0     0     0     0     0
3018    0     0     0     0     0     0     0
3022    0     0     0     0     0     0     0
3026    0     0     0     0     0     0     0
3030    0     0     0     0     0     0     0
3034    0     0     0     0     0     0     0
3038    0     0     0     0     0     0     0
3042    0     0     0     0     0     0     0
3046    0     0     0     0     0     0     0
3050    0     0     0     0     0     0     0
3054    0     0     0     0     0     0     0
3058    0     0     0     0     0     0     0
3062    0     0     0     0     0     0     0
3066    0     0     0     0     0     0     0
3070    0     0     0     0     0     0     0
3074    0     0     0     0     0     0     0
3078    0     0     0     0     0     0     0
3082    0     0     0     0     0     0     0
3086    0     0     0     0     0     0     0
3090    0     0     0     0     0     0     0
3094    0     0     0     0     0     0     0
3098    0     0     0     0     0     0     0
3102    0     0     0     0     0     0     0
3106    0     0     0     0     0     0     0
3110    0     0     0     0     0     0     0
3114    0     0     0     0     0     0     0
3118    0     0     0     0     0     0     0
3122    0     0     0     0     0     0     0
3126    0     0     0     0     0     0     0
3130    0     0     0     0     0     0     0
3134    0     0     0     0     0     0     0
3138    0     0     0     0     0     0     0
3142    0     0     0     0     0     0     0
3146    0     0     0     0     0     0     0
3150    0     0     0     0     0     0     0
3154    0     0     0     0     0     0     0
3158    0     0     0     0     0     0     0
3162    0     0     0     0     0     0     0
3166    0     0     0     0     0     0     0
3170    0     0     0     0     0     0     0
3174    0     0     0     0     0     0     0
3178    0     0     0     0     0     0     0
3182    3.44187e-07     7.10011e-06     7.10011e-06     7.10011e-06     7.10011e-06     7.10011e-06     7.10011e-06
3186    0     0     0     0     0     0     0
3190    0     0     0     0     0     0     0
3194    0     0     0     0     0     0     0
3198    0     0     0     0     0     0     0
3202    0     0     0     0     0     0     0
3206    0     0     0     0     0     0     0
3210    0     0     0     0     0     0     0
3214    0     0     0     0     0     0     0
3218    0     0     0     0     0     0     0
3222    0     0     0     0     0     0     0
3226    0     0     0     0     0     0     0
3230    3.44187e-07     7.25532e-06     7.25532e-06     7.25532e-06     7.25532e-06     7.25532e-06     7.25532e-06
3234    0     0     0     0     0     0     0
3238    0     0     0     0     0     0     0
3242    0     0     0     0     0     0     0
3246    0     0     0     0     0     0     0
3250    0     0     0     0     0     0     0
3254    0     0     0     0     0     0     0
3258    0     0     0     0     0     0     0
3262    0     0     0     0     0     0     0
3266    0     0     0     0     0     0     0
3270    0     0     0     0     0     0     0
3274    0     0     0     0     0     0     0
3278    0     0     0     0     0     0     0
3282    0     0     0     0     0     0     0
3286    0     0     0     0     0     0     0
3290    0     0     0     0     0     0     0
3294    0     0     0     0     0     0     0
3298    0     0     0     0     0     0     0
3302    0     0     0     0     0     0     0
3306    0     0     0     0     0     0     0
3310    0     0     0     0     0     0     0
3314    0     0     0     0     0     0     0
3318    0     0     0     0     0     0     0
3322    0     0     0     0     0     0     0
3326    0     0     0     0     0     0     0
3330    0     0     0     0     0     0     0
3334    0     0     0     0     0     0     0
3338    0     0     0     0     0     0     0
3342    0     0     0     0     0     0     0
3346    0     0     0     0     0     0     0
3350    0     0     0     0     0     0     0
3354    0     0     0     0     0     0     0
3358    0     0     0     0     0     0     0
3362    0     0     0     0     0     0     0
3366    0     0     0     0     0     0     0
3370    0     0     0     0     0     0     0
3374    0     0     0     0     0     0     0
3378    0     0     0     0     0     0     0
3382    0     0     0     0     0     0     0
3386    0     0     0     0     0     0     0
3390    0     0     0     0     0     0     0
3394    0     0     0     0     0     0     0
3398    0     0     0     0     0     0     0
3402    0     0     0     0     0     0     0
3406    0     0     0     0     0     0     0
3410    0     0     0     0     0     0     0
3414    0     0     0     0     0     0     0
3418    0     0     0     0     0     0     0
3422    0     0     0     0     0     0     0
3426    0     0     0     0     0     0     0
3430    0     0     0     0     0     0     0
3434    0     0     0     0     0     0     0
3438    0     0     0     0     0     0     0
3442    0     0     0     0     0     0     0
3446    0     0     0     0     0     0     0
3450    0     0     0     0     0     0     0
3454    0     0     0     0     0     0     0
3458    0     0     0     0     0     0     0
3462    0     0     0     0     0     0     0
3466    0     0     0     0     0     0     0
3470    0     0     0     0     0     0     0
3474    0     0     0     0     0     0     0
3478    0     0     0     0     0     0     0
3482    0     0     0     0     0     0     0
3486    0     0     0     0     0     0     0
3490    0     0     0     0     0     0     0
3494    0     0     0     0     0     0     0
3498    0     0     0     0     0     0     0
3502    0     0     0     0     0     0     0
3506    0     0     0     0     0     0     0
3510    0     0     0     0     0     0     0
3514    0     0     0     0     0     0     0
3518    0     0     0     0     0     0     0
3522    0     0     0     0     0     0     0
3526    0     0     0     0     0     0     0
3530    0     0     0     0     0     0     0
3534    0     0     0     0     0     0     0
3538    0     0     0     0     0     0     0
3542    0     0     0     0     0     0     0
3546    0     0     0     0     0     0     0
3550    0     0     0     0     0     0     0
3554    0     0     0     0     0     0     0
3558    0     0     0     0     0     0     0
3562    0     0     0     0     0     0     0
3566    0     0     0     0     0     0     0
3570    0     0     0     0     0     0     0
3574    0     0     0     0     0     0     0
3578    0     0     0     0     0     0     0
3582    0     0     0     0     0     0     0
3586    0     0     0     0     0     0     0
3590    0     0     0     0     0     0     0
3594    3.44187e-07     8.44256e-06     8.44256e-06     8.44256e-06     8.44256e-06     8.44256e-06     8.44256e-06
3598    0     0     0     0     0     0     0
3602    0     0     0     0     0     0     0
3606    0     0     0     0     0     0     0
3610    0     0     0     0     0     0     0
3614    0     0     0     0     0     0     0
3618    0     0     0     0     0     0     0
3622    0     0     0     0     0     0     0
3626    0     0     0     0     0     0     0
3630    0     0     0     0     0     0     0
3634    0     0     0     0     0     0     0
3638    0     0     0     0     0     0     0
3642    0     0     0     0     0     0     0
3646    0     0     0     0     0     0     0
3650    0     0     0     0     0     0     0
3654    0     0     0     0     0     0     0
3658    0     0     0     0     0     0     0
3662    0     0     0     0     0     0     0
3666    0     0     0     0     0     0     0
3670    0     0     0     0     0     0     0
3674    0     0     0     0     0     0     0
3678    0     0     0     0     0     0     0
3682    0     0     0     0     0     0     0
3686    0     0     0     0     0     0     0
3690    0     0     0     0     0     0     0
3694    0     0     0     0     0     0     0
3698    0     0     0     0     0     0     0
3702    0     0     0     0     0     0     0
3706    0     0     0     0     0     0     0
3710    0     0     0     0     0     0     0
3714    0     0     0     0     0     0     0
3718    0     0     0     0     0     0     0
3722    0     0     0     0     0     0     0
3726    0     0     0     0     0     0     0
3730    0     0     0     0     0     0     0
3734    0     0     0     0     0     0     0
3738    0     0     0     0     0     0     0
3742    0     0     0     0     0     0     0
3746    0     0     0     0     0     0     0
3750    0     0     0     0     0     0     0
3754    0     0     0     0     0     0     0
3758    0     0     0     0     0     0     0
3762    0     0     0     0     0     0     0
3766    0     0     0     0     0     0     0
3770    0     0     0     0     0     0     0
3774    0     0     0     0     0     0     0
3778    0     0     0     0     0     0     0
3782    0     0     0     0     0     0     0
3786    0     0     0     0     0     0     0
3790    0     0     0     0     0     0     0
3794    0     0     0     0     0     0     0
3798    0     0     0     0     0     0     0
3802    0     0     0     0     0     0     0
3806    0     0     0     0     0     0     0
3810    0     0     0     0     0     0     0
3814    0     0     0     0     0     0     0
3818    0     0     0     0     0     0     0
3822    0     0     0     0     0     0     0
3826    0     0     0     0     0     0     0
3830    0     0     0     0     0     0     0
3834    0     0     0     0     0     0     0
3838    0     0     0     0     0     0     0
3842    0     0     0     0     0     0     0
3846    0     0     0     0     0     0     0
3850    0     0     0     0     0     0     0
3854    0     0     0     0     0     0     0
3858    0     0     0     0     0     0     0
3862    0     0     0     0     0     0     0
3866    0     0     0     0     0     0     0
3870    0     0     0     0     0     0     0
3874    0     0     0     0     0     0     0
3878    0     0     0     0     0     0     0
3882    0     0     0     0     0     0     0
3886    0     0     0     0     0     0     0
3890    0     0     0     0     0     0     0
3894    0     0     0     0     0     0     0
3898    0     0     0     0     0     0     0
3902    0     0     0     0     0     0     0
3906    0     0     0     0     0     0     0
3910    0     0     0     0     0     0     0
3914    0     0     0     0     0     0     0
3918    0     0     0     0     0     0     0
3922    0     0     0     0     0     0     0
3926    0     0     0     0     0     0     0
3930    0     0     0     0     0     0     0
3934    0     0     0     0     0     0     0
3938    0     0     0     0     0     0     0
3942    0     0     0     0     0     0     0
3946    0     0     0     0     0     0     0
3950    0     0     0     0     0     0     0
3954    0     0     0     0     0     0     0
3958    0     0     0     0     0     0     0
3962    0     0     0     0     0     0     0
3966    0     0     0     0     0     0     0
3970    0     0     0     0     0     0     0
3974    0     0     0     0     0     0     0
3978    0     0     0     0     0     0     0
3982    0     0     0     0     0     0     0
3986    0     0     0     0     0     0     0
3990    0     0     0     0     0     0     0
3994    0     0     0     0     0     0     0
3998    0     0     0     0     0     0     0
