1     0     0     0     0     0     0     0
3     0     0     0     0     0     0     0
5     0     0     0     0     0     0     0
7     0     0     0     0     0     0     0
9     0     0     0     0     0     0     0
11     3.57816e-06     2.55327e-09     2.55327e-09     2.55327e-09     2.55327e-09     2.55327e-09     2.55327e-09
13     3.57816e-06     1.90382e-09     1.90382e-09     1.90382e-09     1.90382e-09     1.90382e-09     1.90382e-09
15     3.57816e-06     1.5816e-09     1.5816e-09     1.5816e-09     1.5816e-09     1.5816e-09     1.5816e-09
17     3.57816e-06     1.48431e-09     1.48431e-09     1.48431e-09     1.48431e-09     1.48431e-09     1.48431e-09
19     1.07345e-05     3.72594e-09     3.72594e-09     3.72594e-09     3.72594e-09     3.72594e-09     3.72594e-09
21     3.57816e-06     1.13726e-09     1.13726e-09     1.13726e-09     1.13726e-09     1.13726e-09     1.13726e-09
23     1.78908e-05     4.9399e-09     4.9399e-09     4.9399e-09     4.9399e-09     4.9399e-09     4.9399e-09
25     1.07345e-05     2.55522e-09     2.55522e-09     2.55522e-09     2.55522e-09     2.55522e-09     2.55522e-09
27     3.57816e-06     8.2848e-10     8.2848e-10     8.2848e-10     8.2848e-10     8.2848e-10     8.2848e-10
29     3.57816e-05     7.29067e-09     7.29067e-09     7.29067e-09     7.29067e-09     7.29067e-09     7.29067e-09
31     3.57816e-06     6.55118e-10     6.55118e-10     6.55118e-10     6.55118e-10     6.55118e-10     6.55118e-10
33     2.50471e-05     4.24444e-09     4.24444e-09     4.24444e-09     4.24444e-09     4.24444e-09     4.24444e-09
35     1.43126e-05     2.25058e-09     2.25058e-09     2.25058e-09     2.25058e-09     2.25058e-09     2.25058e-09
37     2.86253e-05     4.17372e-09     4.17372e-09     4.17372e-09     4.17372e-09     4.17372e-09     4.17372e-09
39     7.15632e-06     9.47837e-10     9.47837e-10     9.47837e-10     9.47837e-10     9.47837e-10     9.47837e-10
41     2.50471e-05     3.1275e-09     3.1275e-09     3.1275e-09     3.1275e-09     3.1275e-09     3.1275e-09
43     3.93598e-05     4.60153e-09     4.60153e-09     4.60153e-09     4.60153e-09     4.60153e-09     4.60153e-09
45     4.29379e-05     4.74669e-09     4.74669e-09     4.74669e-09     4.74669e-09     4.74669e-09     4.74669e-09
47     3.22034e-05     3.37883e-09     3.37883e-09     3.37883e-09     3.37883e-09     3.37883e-09     3.37883e-09
49     2.86253e-05     2.83161e-09     2.83161e-09     2.83161e-09     2.83161e-09     2.83161e-09     2.83161e-09
51     3.93598e-05     3.70314e-09     3.70314e-09     3.70314e-09     3.70314e-09     3.70314e-09     3.70314e-09
53     3.93598e-05     3.5602e-09     3.5602e-09     3.5602e-09     3.5602e-09     3.5602e-09     3.5602e-09
55     4.29379e-05     3.66455e-09     3.66455e-09     3.66455e-09     3.66455e-09     3.66455e-09     3.66455e-09
57     6.7985e-05     5.58427e-09     5.58427e-09     5.58427e-09     5.58427e-09     5.58427e-09     5.58427e-09
59     7.51413e-05     5.89429e-09     5.89429e-09     5.89429e-09     5.89429e-09     5.89429e-09     5.89429e-09
61     5.72506e-05     4.37864e-09     4.37864e-09     4.37864e-09     4.37864e-09     4.37864e-09     4.37864e-09
63     3.93598e-05     2.8864e-09     2.8864e-09     2.8864e-09     2.8864e-09     2.8864e-09     2.8864e-09
65     0.000114501     8.17346e-09     8.17346e-09     8.17346e-09     8.17346e-09     8.17346e-09     8.17346e-09
67     5.72506e-05     3.96178e-09     3.96178e-09     3.96178e-09     3.96178e-09     3.96178e-09     3.96178e-09
69     6.08287e-05     4.10695e-09     4.10695e-09     4.10695e-09     4.10695e-09     4.10695e-09     4.10695e-09
71     4.29379e-05     2.83713e-09     2.83713e-09     2.83713e-09     2.83713e-09     2.83713e-09     2.83713e-09
73     7.87195e-05     5.08541e-09     5.08541e-09     5.08541e-09     5.08541e-09     5.08541e-09     5.08541e-09
75     6.44069e-05     4.08428e-09     4.08428e-09     4.08428e-09     4.08428e-09     4.08428e-09     4.08428e-09
77     6.44069e-05     4.01748e-09     4.01748e-09     4.01748e-09     4.01748e-09     4.01748e-09     4.01748e-09
79     8.58758e-05     5.28756e-09     5.28756e-09     5.28756e-09     5.28756e-09     5.28756e-09     5.28756e-09
81     7.51413e-05     4.56773e-09     4.56773e-09     4.56773e-09     4.56773e-09     4.56773e-09     4.56773e-09
83     8.9454e-05     5.38588e-09     5.38588e-09     5.38588e-09     5.38588e-09     5.38588e-09     5.38588e-09
85     8.58758e-05     5.13303e-09     5.13303e-09     5.13303e-09     5.13303e-09     5.13303e-09     5.13303e-09
87     9.66103e-05     5.73918e-09     5.73918e-09     5.73918e-09     5.73918e-09     5.73918e-09     5.73918e-09
89     5.36724e-05     3.17601e-09     3.17601e-09     3.17601e-09     3.17601e-09     3.17601e-09     3.17601e-09
91     8.58758e-05     5.06798e-09     5.06798e-09     5.06798e-09     5.06798e-09     5.06798e-09     5.06798e-09
93     7.15632e-05     4.22006e-09     4.22006e-09     4.22006e-09     4.22006e-09     4.22006e-09     4.22006e-09
95     7.15632e-05     4.2225e-09     4.2225e-09     4.2225e-09     4.2225e-09     4.2225e-09     4.2225e-09
97     0.000100188     5.92398e-09     5.92398e-09     5.92398e-09     5.92398e-09     5.92398e-09     5.92398e-09
99     7.51413e-05     4.45588e-09     4.45588e-09     4.45588e-09     4.45588e-09     4.45588e-09     4.45588e-09
101     0.000118079     7.03191e-09     7.03191e-09     7.03191e-09     7.03191e-09     7.03191e-09     7.03191e-09
103     8.9454e-05     5.35392e-09     5.35392e-09     5.35392e-09     5.35392e-09     5.35392e-09     5.35392e-09
105     7.87195e-05     4.74275e-09     4.74275e-09     4.74275e-09     4.74275e-09     4.74275e-09     4.74275e-09
107     8.9454e-05     5.4386e-09     5.4386e-09     5.4386e-09     5.4386e-09     5.4386e-09     5.4386e-09
109     0.000132392     8.14838e-09     8.14838e-09     8.14838e-09     8.14838e-09     8.14838e-09     8.14838e-09
111     9.66103e-05     6.02484e-09     6.02484e-09     6.02484e-09     6.02484e-09     6.02484e-09     6.02484e-09
113     9.66103e-05     6.13969e-09     6.13969e-09     6.13969e-09     6.13969e-09     6.13969e-09     6.13969e-09
115     0.000132392     8.58925e-09     8.58925e-09     8.58925e-09     8.58925e-09     8.58925e-09     8.58925e-09
117     0.000143126     9.52738e-09     9.52738e-09     9.52738e-09     9.52738e-09     9.52738e-09     9.52738e-09
119     0.000110923     7.59996e-09     7.59996e-09     7.59996e-09     7.59996e-09     7.59996e-09     7.59996e-09
121     0.000114501     8.1484e-09     8.1484e-09     8.1484e-09     8.1484e-09     8.1484e-09     8.1484e-09
123     0.00013597     1.00534e-08     1.00534e-08     1.00534e-08     1.00534e-08     1.00534e-08     1.00534e-08
125     0.000121657     9.44463e-09     9.44463e-09     9.44463e-09     9.44463e-09     9.44463e-09     9.44463e-09
127     9.30321e-05     7.66447e-09     7.66447e-09     7.66447e-09     7.66447e-09     7.66447e-09     7.66447e-09
129     0.000100188     8.74288e-09     8.74288e-09     8.74288e-09     8.74288e-09     8.74288e-09     8.74288e-09
131     0.000110923     1.03455e-08     1.03455e-08     1.03455e-08     1.03455e-08     1.03455e-08     1.03455e-08
133     0.000157439     1.59882e-08     1.59882e-08     1.59882e-08     1.59882e-08     1.59882e-08     1.59882e-08
135     0.000164595     1.80601e-08     1.80601e-08     1.80601e-08     1.80601e-08     1.80601e-08     1.80601e-08
137     0.000103767     1.25418e-08     1.25418e-08     1.25418e-08     1.25418e-08     1.25418e-08     1.25418e-08
139     0.000121657     1.61664e-08     1.61664e-08     1.61664e-08     1.61664e-08     1.61664e-08     1.61664e-08
141     0.000161017     2.37741e-08     2.37741e-08     2.37741e-08     2.37741e-08     2.37741e-08     2.37741e-08
143     0.000168173     2.81897e-08     2.81897e-08     2.81897e-08     2.81897e-08     2.81897e-08     2.81897e-08
145     0.000171752     3.27112e-08     3.27112e-08     3.27112e-08     3.27112e-08     3.27112e-08     3.27112e-08
147     0.000168173     3.66034e-08     3.66034e-08     3.66034e-08     3.66034e-08     3.66034e-08     3.66034e-08
149     0.000121657     3.06859e-08     3.06859e-08     3.06859e-08     3.06859e-08     3.06859e-08     3.06859e-08
151     0.00013597     4.13402e-08     4.13402e-08     4.13402e-08     4.13402e-08     4.13402e-08     4.13402e-08
153     0.000186064     7.05879e-08     7.05879e-08     7.05879e-08     7.05879e-08     7.05879e-08     7.05879e-08
155     0.000157439     7.38177e-08     7.38177e-08     7.38177e-08     7.38177e-08     7.38177e-08     7.38177e-08
157     0.000157439     9.73592e-08     9.73592e-08     9.73592e-08     9.73592e-08     9.73592e-08     9.73592e-08
159     0.000164595     1.62593e-07     1.62593e-07     1.62593e-07     1.62593e-07     1.62593e-07     1.62593e-07
161     0.00017533     2.91664e-07     2.91664e-07     2.91664e-07     2.91664e-07     2.91664e-07     2.91664e-07
163     0.000143126     3.72776e-07     3.72776e-07     3.72776e-07     3.72776e-07     3.72776e-07     3.72776e-07
165     0.000168173     6.0803e-07     6.0803e-07     6.0803e-07     6.0803e-07     6.0803e-07     6.0803e-07
167     0.000196799     8.60348e-07     8.60348e-07     8.60348e-07     8.60348e-07     8.60348e-07     8.60348e-07
169     0.000153861     7.70657e-07     7.70657e-07     7.70657e-07     7.70657e-07     7.70657e-07     7.70657e-07
171     0.000164595     9.33629e-07     9.33629e-07     9.33629e-07     9.33629e-07     9.33629e-07     9.33629e-07
173     0.000150283     9.48258e-07     9.48258e-07     9.48258e-07     9.48258e-07     9.48258e-07     9.48258e-07
175     0.000157439     1.08e-06     1.08e-06     1.08e-06     1.08e-06     1.08e-06     1.08e-06
177     0.000225424     1.67917e-06     1.67917e-06     1.67917e-06     1.67917e-06     1.67917e-06     1.67917e-06
179     0.000250471     2.02171e-06     2.02171e-06     2.02171e-06     2.02171e-06     2.02171e-06     2.02171e-06
181     0.000189642     1.68587e-06     1.68587e-06     1.68587e-06     1.68587e-06     1.68587e-06     1.68587e-06
183     0.000182486     1.79274e-06     1.79274e-06     1.79274e-06     1.79274e-06     1.79274e-06     1.79274e-06
185     0.000211111     2.26823e-06     2.26823e-06     2.26823e-06     2.26823e-06     2.26823e-06     2.26823e-06
187     0.000186064     2.18537e-06     2.18537e-06     2.18537e-06     2.18537e-06     2.18537e-06     2.18537e-06
189     0.000203955     2.5894e-06     2.5894e-06     2.5894e-06     2.5894e-06     2.5894e-06     2.5894e-06
191     0.000196799     2.67112e-06     2.67112e-06     2.67112e-06     2.67112e-06     2.67112e-06     2.67112e-06
193     0.000178908     2.59177e-06     2.59177e-06     2.59177e-06     2.59177e-06     2.59177e-06     2.59177e-06
195     0.000200377     3.05356e-06     3.05356e-06     3.05356e-06     3.05356e-06     3.05356e-06     3.05356e-06
197     0.00017533     2.81626e-06     2.81626e-06     2.81626e-06     2.81626e-06     2.81626e-06     2.81626e-06
199     0.000193221     3.24582e-06     3.24582e-06     3.24582e-06     3.24582e-06     3.24582e-06     3.24582e-06
201     0.000193221     3.38866e-06     3.38866e-06     3.38866e-06     3.38866e-06     3.38866e-06     3.38866e-06
203     0.000229002     4.1856e-06     4.1856e-06     4.1856e-06     4.1856e-06     4.1856e-06     4.1856e-06
205     0.000211111     4.02845e-06     4.02845e-06     4.02845e-06     4.02845e-06     4.02845e-06     4.02845e-06
207     0.000182486     3.62632e-06     3.62632e-06     3.62632e-06     3.62632e-06     3.62632e-06     3.62632e-06
209     0.000211111     4.37381e-06     4.37381e-06     4.37381e-06     4.37381e-06     4.37381e-06     4.37381e-06
211     0.000207533     4.45804e-06     4.45804e-06     4.45804e-06     0.000161258     0.000226291     0.000115958
213     0.000196799     4.38677e-06     4.38677e-06     4.38677e-06     0.000176044     0.000247308     0.000126366
215     0.000178908     4.13884e-06     4.13884e-06     4.13884e-06     0.000199713     0.000281101     0.000143038
217     0.00021469     5.1288e-06     5.1288e-06     5.1288e-06     0.000196776     0.000276568     0.000141217
219     0.00023258     5.74564e-06     5.74564e-06     5.74564e-06     0.000173677     0.000243707     0.000124903
221     0.00021469     5.4747e-06     5.4747e-06     5.4747e-06     0.000180792     0.000253892     0.000129902
223     0.000207533     5.4514e-06     5.4514e-06     5.4514e-06     0.000177863     0.000249875     0.000127746
225     0.00023258     6.31713e-06     6.31713e-06     6.31713e-06     0.000188203     0.000264195     0.000135297
227     0.000257627     7.2108e-06     7.2108e-06     7.2108e-06     0.000178446     0.000250021     0.000128577
229     0.000182486     5.25057e-06     5.25057e-06     5.25057e-06     0.000176123     0.000247495     0.000126334
231     0.000221846     6.59642e-06     6.59642e-06     6.59642e-06     0.000171846     0.000240915     0.00012368
233     0.000200377     6.1351e-06     6.1351e-06     6.1351e-06     0.000182722     0.00025656     0.000131236
235     0.000157439     4.96671e-06     4.96671e-06     4.96671e-06     0.000175484     0.000246747     0.000125785
237     0.00027194     8.79707e-06     8.79707e-06     8.79707e-06     0.000174434     0.000243739     0.000126098
239     0.000314878     1.04897e-05     1.04897e-05     1.04897e-05     0.000185963     0.000259418     0.000134752
241     0.000286253     9.8132e-06     9.8132e-06     9.8132e-06     0.000173777     0.000242457     0.000125839
243     0.000186064     6.5605e-06     6.5605e-06     6.5605e-06     0.000166815     0.000234     0.000119936
245     0.000289831     1.04599e-05     1.04599e-05     1.04599e-05     0.000173147     0.000241358     0.000125531
247     0.000264784     9.80955e-06     9.80957e-06     9.80955e-06     0.000172422     0.000240679     0.000124788
249     0.00023258     8.83886e-06     8.83896e-06     8.83886e-06     0.000157701     0.000220141     0.000114085
251     0.000254049     9.91957e-06     9.91969e-06     9.91957e-06     0.000165247     0.000230365     0.000119726
253     0.000296987     1.18754e-05     1.18756e-05     1.18754e-05     0.000166471     0.000231215     0.000121221
255     0.000243315     9.9797e-06     9.97982e-06     9.9797e-06     0.000161608     0.000225046     0.000117228
257     0.000196799     8.27022e-06     8.27031e-06     8.27022e-06     0.000154139     0.000215035     0.000111495
259     0.000254049     1.09378e-05     1.09379e-05     1.09378e-05     0.000155144     0.000215314     0.000113
261     0.000189642     8.35545e-06     8.35556e-06     8.35545e-06     0.000162672     0.000227033     0.000117596
263     0.00023258     1.0493e-05     1.04931e-05     1.0493e-05     0.000157157     0.000218284     0.000114341
265     0.00027194     1.25386e-05     1.25388e-05     1.25386e-05     0.000156122     0.000215926     0.000114163
267     0.000257627     1.21594e-05     1.21596e-05     1.21594e-05     0.000156798     0.000217075     0.000114506
269     0.000261206     1.26189e-05     1.26191e-05     1.26189e-05     0.000151644     0.000209627     0.000110976
271     0.000243315     1.20161e-05     1.20163e-05     1.20161e-05     0.000149104     0.000206356     0.000108943
273     0.000318456     1.60907e-05     1.60909e-05     1.60907e-05     0.000151753     0.000208479     0.000111955
275     0.0003113     1.60659e-05     1.60661e-05     1.60659e-05     0.000156229     0.000214901     0.000115059
277     0.000307722     1.62475e-05     1.62478e-05     1.62475e-05     0.000159007     0.000218813     0.000117075
279     0.0003113     1.67903e-05     1.67905e-05     1.67903e-05     0.000158784     0.000218319     0.000117021
281     0.000275518     1.51718e-05     1.5172e-05     1.51718e-05     0.000148277     0.000204063     0.000109147
283     0.000239737     1.34739e-05     1.34741e-05     1.34739e-05     0.000152426     0.000210623     0.000111586
285     0.000322034     1.8481e-05     1.84813e-05     1.8481e-05     0.000145997     0.000199338     0.000108535
287     0.000279096     1.63392e-05     1.63395e-05     1.63392e-05     0.000146494     0.000200925     0.000108238
289     0.000289831     1.73003e-05     1.73006e-05     1.73003e-05     0.000142201     0.000194415     0.000105503
291     0.000286253     1.74368e-05     1.74371e-05     1.74368e-05     0.000142205     0.000194377     0.000105522
293     0.000300565     1.86816e-05     1.86819e-05     1.86816e-05     0.00014858     0.000202952     0.000110374
295     0.000250471     1.58696e-05     1.58698e-05     1.58696e-05     0.000145579     0.000199953     0.000107368
297     0.000289831     1.87223e-05     1.87226e-05     1.87223e-05     0.000148938     0.00020358     0.000110529
299     0.000304144     2.00088e-05     2.00092e-05     2.00088e-05     0.000133814     0.000181611     0.00010021
301     0.000322034     2.16146e-05     2.1615e-05     2.16146e-05     0.000151248     0.000205724     0.000112959
303     0.000286253     1.95437e-05     1.9544e-05     1.95437e-05     0.000139606     0.000190084     0.00010413
305     0.000325613     2.26715e-05     2.26719e-05     2.26715e-05     0.000155187     0.000210858     0.000116044
307     0.000325613     2.30577e-05     2.30581e-05     2.30577e-05     0.000140846     0.000190315     0.000106043
309     0.000264784     1.91046e-05     1.9105e-05     1.91046e-05     0.000139427     0.000189912     0.0001039
311     0.000275518     2.02505e-05     2.02509e-05     2.02505e-05     0.00013479     0.000182816     0.000100959
313     0.000296987     2.2228e-05     2.22285e-05     2.2228e-05     0.000142456     0.000192825     0.000106954
315     0.000329191     2.50692e-05     2.50697e-05     2.50692e-05     0.000141857     0.000190776     0.00010738
317     0.00027194     2.10945e-05     2.10949e-05     2.10945e-05     0.000136602     0.000184958     0.000102518
319     0.000282675     2.22838e-05     2.22842e-05     2.22838e-05     0.000142757     0.000193166     0.000107205
321     0.000314878     2.5251e-05     2.52515e-05     2.5251e-05     0.000145279     0.000195481     0.000109858
323     0.000296987     2.42042e-05     2.42048e-05     2.42042e-05     0.000140764     0.000189505     0.00010636
325     0.000289831     2.40113e-05     2.40119e-05     2.40113e-05     0.000145773     0.000196672     0.000109838
327     0.000339925     2.86377e-05     2.86383e-05     2.86377e-05     0.000150885     0.000201922     0.000114827
329     0.000322034     2.75405e-05     2.75411e-05     2.75405e-05     0.000133192     0.000177255     0.000102059
331     0.000286253     2.48791e-05     2.48797e-05     2.48791e-05     0.00012715     0.000169723     9.70478e-05
333     0.000275518     2.42844e-05     2.42849e-05     2.42844e-05     0.000142955     0.000192222     0.000108067
335     0.000307722     2.75834e-05     2.75841e-05     2.75834e-05     0.000148592     0.000198671     0.000113095
337     0.00035066     3.19195e-05     3.19203e-05     3.19195e-05     0.00014648     0.000193727     0.000112946
339     0.000300565     2.77831e-05     2.77838e-05     2.77831e-05     0.000139109     0.000184851     0.000106603
341     0.00036855     3.46528e-05     3.46537e-05     3.46528e-05     0.000151048     0.00019866     0.000117155
343     0.000286253     2.73064e-05     2.73071e-05     2.73064e-05     0.000141403     0.000187824     0.000108294
345     0.000289831     2.81225e-05     2.81234e-05     2.81225e-05     0.000138526     0.000183075     0.000106681
347     0.00035066     3.46191e-05     3.46203e-05     3.46191e-05     0.000149     0.000194688     0.000116233
349     0.000357816     3.60436e-05     3.60448e-05     3.60436e-05     0.000156206     0.000204096     0.000121837
351     0.000336347     3.45932e-05     3.45944e-05     3.45932e-05     0.000160032     0.000210032     0.000124122
353     0.000372129     3.91217e-05     3.9123e-05     3.91217e-05     0.000162579     0.00021189     0.00012719
355     0.000318456     3.42864e-05     3.42874e-05     3.42864e-05     0.000164775     0.000217029     0.000127285
357     0.000372129     4.10262e-05     4.10277e-05     4.10262e-05     0.000171806     0.00022437     0.00013413
359     0.000375707     4.2453e-05     4.24548e-05     4.2453e-05     0.000159607     0.000206849     0.000125766
361     0.000375707     4.34548e-05     4.34565e-05     4.34548e-05     0.000172979     0.000225443     0.000135446
363     0.000347081     4.10072e-05     4.10089e-05     4.10072e-05     0.000172022     0.000225276     0.000133959
365     0.000325613     3.9343e-05     3.93445e-05     3.9343e-05     0.0001705     0.000223913     0.000132314
367     0.000390019     4.81104e-05     4.81122e-05     4.81104e-05     0.000179326     0.000232884     0.000141076
369     0.000400754     5.04711e-05     5.04732e-05     5.04711e-05     0.000189836     0.000246808     0.000149142
371     0.000325613     4.18805e-05     4.18825e-05     4.18805e-05     0.000178569     0.000234559     0.000138589
373     0.000357816     4.70544e-05     4.70566e-05     4.70544e-05     0.00018157     0.000236828     0.000142154
375     0.000347081     4.65544e-05     4.65565e-05     4.65544e-05     0.000185825     0.000243189     0.000144913
377     0.000404332     5.54349e-05     5.54374e-05     5.54349e-05     0.000188283     0.00024318     0.000149178
379     0.000336347     4.70753e-05     4.70775e-05     4.70753e-05     0.000183929     0.000240658     0.000143545
381     0.000450848     6.4419e-05     6.44219e-05     6.4419e-05     0.00020897     0.000269067     0.000166218
383     0.000336347     4.89601e-05     4.89628e-05     4.89601e-05     0.000190592     0.000249633     0.000148608
385     0.000357816     5.31325e-05     5.31353e-05     5.31325e-05     0.000191947     0.000249974     0.000150717
387     0.000425801     6.44335e-05     6.44369e-05     6.44335e-05     0.000212501     0.000274533     0.000168436
389     0.000354238     5.45472e-05     5.455e-05     5.45472e-05     0.000192951     0.000251082     0.000151689
391     0.000450848     7.06502e-05     7.06538e-05     7.06502e-05     0.000227296     0.000293227     0.000180519
393     0.000372129     5.93739e-05     5.9377e-05     5.93739e-05     0.000210992     0.000274938     0.000165642
395     0.000400754     6.49991e-05     6.5003e-05     6.49991e-05     0.000222582     0.000289173     0.000175363
397     0.00044727     7.38028e-05     7.38072e-05     7.38028e-05     0.000223284     0.000286571     0.000178425
399     0.000397176     6.65774e-05     6.65812e-05     6.65774e-05     0.000205117     0.000263912     0.000163479
401     0.000393598     6.7137e-05     6.71408e-05     6.7137e-05     0.000213531     0.000275783     0.000169451
403     0.000379285     6.57174e-05     6.57212e-05     6.57174e-05     0.000211894     0.000274191     0.000167802
405     0.000443692     7.81494e-05     7.81538e-05     7.81494e-05     0.000233407     0.000299727     0.000186495
407     0.000379285     6.78433e-05     6.78477e-05     6.78433e-05     0.000218197     0.00028257     0.00017269
409     0.000440114     8.00245e-05     8.00297e-05     8.00245e-05     0.000235039     0.000301543     0.000188041
411     0.000375707     6.93611e-05     6.93655e-05     6.93611e-05     0.000219664     0.000284279     0.000174028
413     0.000511677     9.58661e-05     9.58721e-05     9.58661e-05     0.000240621     0.000302955     0.000196609
415     0.000461583     8.77894e-05     8.77948e-05     8.77894e-05     0.00023659     0.000300779     0.000191279
417     0.000375707     7.24816e-05     7.2486e-05     7.24816e-05     0.0002244     0.000290054     0.000178074
419     0.000400754     7.84144e-05     7.84199e-05     7.84144e-05     0.000223479     0.00028629     0.000179177
421     0.000436535     8.66579e-05     8.66639e-05     8.66579e-05     0.000237802     0.000303395     0.000191571
423     0.000411488     8.27381e-05     8.27438e-05     8.27381e-05     0.000236636     0.000303565     0.000189479
425     0.00040791     8.3194e-05     8.31996e-05     8.3194e-05     0.000239808     0.00030807     0.000191728
427     0.000458004     9.45832e-05     9.45895e-05     9.45832e-05     0.000241715     0.000306004     0.000196473
429     0.000472317     9.88868e-05     9.88933e-05     9.88868e-05     0.000245585     0.000309811     0.000200407
431     0.000418645     8.88092e-05     8.88158e-05     8.88092e-05     0.000236275     0.000300927     0.000190803
433     0.000490208     0.000105292     0.0001053     0.000105292     0.00026142     0.000329958     0.000213237
435     0.000432957     9.4209e-05     9.42159e-05     9.4209e-05     0.000262161     0.000335964     0.000210278
437     0.000465161     0.000102604     0.000102611     0.000102604     0.000257638     0.000325854     0.000209701
439     0.000458004     0.000102299     0.000102307     0.000102299     0.000265936     0.000338056     0.000215275
441     0.000450848     0.00010196     0.000101967     0.00010196     0.000247875     0.000312298     0.000202627
443     0.000536724     0.000122883     0.000122893     0.000122883     0.000271417     0.000337177     0.000225263
445     0.000440114     0.000101909     0.000101917     0.000101909     0.000265629     0.000338314     0.000214655
447     0.000551037     0.000129241     0.000129251     0.000129241     0.000285764     0.000355455     0.00023692
449     0.000404332     9.58515e-05     9.5859e-05     9.58515e-05     0.000240798     0.000305518     0.000195484
451     0.000411488     9.87229e-05     9.87305e-05     9.87229e-05     0.000254769     0.0003246     0.000205897
453     0.000576084     0.000139728     0.000139739     0.000139728     0.000299597     0.00037126     0.00024946
455     0.000540302     0.000132534     0.000132545     0.000132534     0.00029099     0.000362106     0.000241243
457     0.000450848     0.000111782     0.000111791     0.000111782     0.000280946     0.000356945     0.000227798
459     0.000515255     0.000129265     0.000129276     0.000129265     0.0003047     0.000383545     0.000249549
461     0.00048663     0.000123312     0.000123322     0.000123312     0.000267687     0.0003326     0.000222295
463     0.000525989     0.000134728     0.000134739     0.000134728     0.000300714     0.000375327     0.000248517
465     0.00050452     0.000130702     0.000130713     0.000130702     0.000284324     0.000353368     0.000236017
467     0.000533146     0.000139552     0.000139564     0.000139552     0.000309346     0.000385634     0.000255951
469     0.000540302     0.000142884     0.000142897     0.000142884     0.000304498     0.000377109     0.000253669
471     0.000418645     0.000111914     0.000111924     0.000111914     0.000277279     0.000351597     0.000225255
473     0.000604709     0.000163261     0.000163276     0.000163261     0.000315394     0.000383808     0.000267513
475     0.000593974     0.00016207     0.000162085     0.00016207     0.000337132     0.000415912     0.000281992
477     0.000508099     0.000140004     0.000140017     0.000140004     0.00030653     0.000381551     0.000254032
479     0.00058324     0.000162286     0.000162302     0.000162286     0.000308393     0.000374312     0.000262277
481     0.000472317     0.000132706     0.000132719     0.000132706     0.00029225     0.000364359     0.000241825
483     0.000518833     0.000147246     0.00014726     0.000147246     0.000314174     0.000389779     0.000261329
485     0.000601131     0.000172276     0.000172292     0.000172276     0.000345958     0.000424792     0.000290887
487     0.000522411     0.000151187     0.000151201     0.000151187     0.000332959     0.000415615     0.000275238
489     0.000533146     0.000155763     0.000155778     0.000155763     0.000316635     0.000389932     0.000265483
491     0.000590396     0.000174139     0.000174157     0.000174139     0.000339302     0.000414645     0.000286734
493     0.000601131     0.000178939     0.000178958     0.000178939     0.000329507     0.000398252     0.000281548
495     0.000576084     0.000173086     0.000173104     0.000173086     0.000357033     0.000441067     0.000298409
497     0.000647647     0.000196383     0.000196403     0.000196383     0.000400055     0.000493159     0.000335107
499     0.000554615     0.000169695     0.000169713     0.000169695     0.000332548     0.000407029     0.000280585
501     0.000626178     0.000193343     0.000193362     0.000193343     0.000355771     0.000430123     0.000303906
503     0.000611865     0.000190526     0.000190546     0.000190526     0.000364511     0.000444248     0.000308907
505     0.000547458     0.000172038     0.000172057     0.000172038     0.000333997     0.000408333     0.000282184
507     0.000626178     0.000198635     0.000198657     0.000198635     0.000393705     0.000483378     0.00033122
509     0.0006226     0.000199225     0.000199247     0.000199225     0.000356379     0.00042875     0.000305965
511     0.000683428     0.000220724     0.000220748     0.000220724     0.000397821     0.000479535     0.000340927
513     0.000651225     0.000212076     0.000212099     0.000212076     0.0003846     0.000464372     0.000329097
515     0.000669116     0.000219876     0.000219901     0.000219876     0.000411775     0.000500687     0.000349942
517     0.000701319     0.000232541     0.000232569     0.000232541     0.000408247     0.000489833     0.000351551
519     0.000683428     0.000228425     0.000228452     0.000228425     0.000432476     0.000527389     0.00036654
521     0.000762148     0.000257011     0.000257041     0.000257011     0.000434446     0.000517114     0.000377037
523     0.000790773     0.000268867     0.000268898     0.000268867     0.000414408     0.000482309     0.000367271
525     0.000586818     0.000201282     0.000201306     0.000201282     0.000361842     0.000436817     0.000309798
527     0.000676272     0.000233795     0.000233823     0.000233795     0.000423851     0.00051266     0.000362203
529     0.000704897     0.000245696     0.000245728     0.000245696     0.000420504     0.000502261     0.000363777
531     0.000726366     0.000255268     0.000255301     0.000255268     0.000431728     0.000514277     0.000374442
533     0.000615443     0.000217935     0.000217962     0.000217935     0.000399843     0.000484947     0.000340771
535     0.000708476     0.000252941     0.000252973     0.000252941     0.000458053     0.000554021     0.000391436
537     0.000729945     0.00026258     0.000262613     0.00026258     0.000432225     0.000511612     0.00037712
539     0.000676272     0.000245222     0.000245253     0.000245222     0.000422972     0.00050616     0.000365217
541     0.000694163     0.000253722     0.000253757     0.000253722     0.000428669     0.000510576     0.000371809
543     0.000780039     0.000287329     0.000287369     0.000287329     0.000481443     0.000572356     0.000418327
545     0.000808664     0.000300202     0.000300244     0.000300202     0.000479064     0.000562877     0.000420876
547     0.000754992     0.000282708     0.000282746     0.000282708     0.00046441     0.000549614     0.000405265
549     0.000762148     0.000287671     0.00028771     0.000287671     0.000456575     0.000535833     0.000401557
551     0.000805086     0.000306407     0.000306449     0.000306407     0.000493454     0.000581321     0.000432483
553     0.00067985     0.000260872     0.000260912     0.000260872     0.000472713     0.000572321     0.000403603
555     0.000751413     0.000290627     0.00029067     0.000290627     0.000504089     0.000604567     0.000434392
557     0.000808664     0.000315155     0.000315202     0.000315155     0.000516202     0.00061096     0.000450495
559     0.000772882     0.000303618     0.000303663     0.000303618     0.000490038     0.000578007     0.000429043
561     0.000715632     0.000283075     0.000283117     0.000283075     0.000483484     0.000578205     0.000417849
563     0.00075857     0.000302154     0.000302198     0.000302154     0.00049229     0.000582279     0.000429951
565     0.00081582     0.000327071     0.000327125     0.000327071     0.000506346     0.000591328     0.000447503
567     0.000805086     0.000324977     0.000325031     0.000324977     0.000533951     0.000633117     0.000465284
569     0.000890962     0.000362148     0.000362207     0.000362148     0.000556922     0.000649479     0.00049287
571     0.000937478     0.000383847     0.000383909     0.000383847     0.000585004     0.000680679     0.000518798
573     0.000883805     0.000364699     0.000364757     0.000364699     0.000568025     0.000664809     0.000501068
575     0.000780039     0.000324456     0.000324507     0.000324456     0.000508539     0.000596202     0.000447886
577     0.000908852     0.000381061     0.000381129     0.000381061     0.000572384     0.000663574     0.00050931
579     0.000851602     0.000359819     0.000359884     0.000359819     0.000581394     0.000687049     0.000508308
581     0.000905274     0.000385429     0.000385498     0.000385429     0.000586007     0.000681722     0.000519802
583     0.00100904     0.000432641     0.000432717     0.000432641     0.000631013     0.000725772     0.000565491
585     0.000887384     0.00038326     0.000383327     0.00038326     0.000599382     0.000702715     0.000527949
587     0.000794351     0.000345609     0.000345669     0.000345609     0.000521502     0.000605684     0.000463311
589     0.000966103     0.00042341     0.000423493     0.00042341     0.000638931     0.00074219     0.000567571
591     0.000869493     0.000384428     0.000384504     0.000384428     0.000584165     0.00067997     0.000517978
593     0.000890962     0.000397425     0.000397503     0.000397425     0.000619591     0.000726269     0.000545912
595     0.00100546     0.000452646     0.000452733     0.000452646     0.000698513     0.000816697     0.000616897
597     0.000883805     0.000401359     0.000401436     0.000401359     0.000617624     0.000721711     0.000545776
599     0.00102693     0.000470444     0.000470534     0.000470444     0.000693576     0.000801098     0.000619367
601     0.000898118     0.000414577     0.000414665     0.000414577     0.000655291     0.000771463     0.00057516
603     0.000898118     0.000417497     0.000417587     0.000417497     0.00066755     0.000788374     0.000584209
605     0.000969681     0.000453824     0.000453921     0.000453824     0.000672554     0.000778431     0.000599585
607     0.000958947     0.000451844     0.000451941     0.000451844     0.000686376     0.000800052     0.000608052
609     0.00103409     0.000490442     0.000490547     0.000490442     0.000707758     0.000813228     0.000635117
611     0.00099115     0.000473522     0.000473622     0.000473522     0.000710312     0.000825347     0.000631097
613     0.00102693     0.000494511     0.000494626     0.000494511     0.000722696     0.000833654     0.00064631
615     0.00111281     0.00054035     0.000540481     0.00054035     0.000785484     0.000904748     0.00070337
617     0.00101262     0.000495963     0.000496082     0.000495963     0.000737131     0.000854539     0.000656304
619     0.00116648     0.000576269     0.000576406     0.000576269     0.000831573     0.000955958     0.000745962
621     0.000973259     0.000484928     0.000485042     0.000484928     0.000714304     0.000826141     0.000637347
623     0.0010162     0.000510436     0.000510555     0.000510436     0.000720468     0.000822965     0.000649955
625     0.00112712     0.000570717     0.000570861     0.000570717     0.000827473     0.000952875     0.000741205
627     0.00110207     0.000562775     0.000562926     0.000562775     0.000820096     0.000945909     0.000733582
629     0.00114859     0.000591221     0.000591378     0.000591221     0.000872961     0.00101082     0.000778164
631     0.00119511     0.000619877     0.00062004     0.000619877     0.000906312     0.00104661     0.000809859
633     0.00124162     0.000649126     0.000649295     0.000649126     0.000918838     0.00105108     0.000827944
635     0.00110565     0.000582791     0.000582942     0.000582791     0.000850036     0.000981206     0.000759915
637     0.00111281     0.000591343     0.000591508     0.000591343     0.000855682     0.000985575     0.00076646
639     0.00127025     0.000680595     0.000680798     0.000680595     0.000962813     0.00110169     0.000867482
641     0.00111281     0.000601669     0.000601847     0.000601669     0.000863464     0.000992416     0.00077494
643     0.00119511     0.000652203     0.000652394     0.000652203     0.000919206     0.0010509     0.000828839
645     0.00119511     0.000658494     0.000658684     0.000658494     0.000911434     0.00103636     0.00082575
647     0.00125951     0.000700549     0.00070075     0.000700549     0.000975458     0.00111137     0.000882247
649     0.001213     0.000681326     0.000681535     0.000681326     0.000953241     0.00108781     0.000860974
651     0.00127025     0.000720584     0.000720824     0.000720584     0.000988771     0.00112164     0.000897711
653     0.00120226     0.000688385     0.000688612     0.000688385     0.000981043     0.00112609     0.000881634
655     0.00132034     0.000763494     0.000763743     0.000763494     0.00105382     0.0011978     0.000955155
657     0.00132392     0.00077297     0.00077322     0.00077297     0.00104698     0.00118296     0.000953808
659     0.00133108     0.000784664     0.000784915     0.000784664     0.00109957     0.00125594     0.00099244
661     0.00133108     0.00079256     0.00079283     0.00079256     0.00107958     0.00122228     0.000981859
663     0.0013597     0.000817265     0.000817568     0.000817265     0.00111162     0.0012582     0.00101131
665     0.00133465     0.000810028     0.000810326     0.000810028     0.00111494     0.00126697     0.00101092
667     0.00134539     0.000824906     0.000825207     0.000824906     0.00112812     0.00127949     0.00102456
669     0.001442     0.000893036     0.000893358     0.000893036     0.00126152     0.00144574     0.00113555
671     0.0013275     0.000830781     0.000831078     0.000830781     0.00115157     0.00131213     0.00104181
673     0.00133108     0.000841252     0.000841565     0.000841252     0.00112603     0.00126875     0.00102853
675     0.00137401     0.000877759     0.000878123     0.000877759     0.00120564     0.00137009     0.00109332
677     0.0014742     0.000951514     0.000951905     0.000951514     0.00126475     0.00142199     0.00115738
679     0.00145631     0.000949652     0.000950038     0.000949652     0.00126743     0.00142701     0.00115846
681     0.00151714     0.00100006     0.00100046     0.00100006     0.00131282     0.00147002     0.00120551
683     0.00137044     0.000912722     0.000913085     0.000912722     0.00122282     0.00137872     0.00111636
685     0.00137044     0.000922296     0.000922672     0.000922296     0.00124792     0.00141178     0.00113608
687     0.00139548     0.000949566     0.000950005     0.000949566     0.00123532     0.00137931     0.00113709
689     0.00157081     0.00108113     0.00108162     0.00108113     0.0014103     0.00157637     0.00129706
691     0.00164953     0.00114882     0.00114934     0.00114882     0.00147917     0.00164608     0.00136541
693     0.00143126     0.00100901     0.00100946     0.00100901     0.00132476     0.00148447     0.00121592
695     0.00147062     0.00104993     0.00105039     0.00104993     0.0014124     0.00159596     0.00128732
697     0.00167816     0.00121359     0.00121414     0.00121359     0.00157493     0.00175825     0.0014501
699     0.00146347     0.00107148     0.00107203     0.00107148     0.0013935     0.00155721     0.00128214
701     0.00144915     0.00107528     0.00107582     0.00107528     0.00140808     0.00157744     0.00129288
703     0.00149925     0.00112643     0.00112699     0.00112643     0.00149604     0.00168434     0.00136799
705     0.00165311     0.00125887     0.00125948     0.00125887     0.00159657     0.00176889     0.00147948
707     0.00168173     0.0012978     0.00129843     0.0012978     0.00167689     0.00187039     0.00154536
709     0.00150641     0.00117867     0.00117924     0.00117867     0.00150792     0.00167616     0.00139361
711     0.00174972     0.00138799     0.00138877     0.00138799     0.00177049     0.00196622     0.00163761
713     0.00159228     0.00128193     0.00128264     0.00128193     0.00161057     0.00177892     0.00149633
715     0.00173899     0.00142116     0.00142193     0.00142116     0.00177327     0.0019538     0.00165078
717     0.00167458     0.00138971     0.00139046     0.00138971     0.00175988     0.00194982     0.00163103
719     0.0015887     0.00133855     0.00133926     0.00133855     0.00167889     0.00185372     0.00156033
721     0.00167816     0.00143527     0.00143601     0.00143527     0.00178668     0.00196744     0.00166414
723     0.00168531     0.00146286     0.00146374     0.00146286     0.0018244     0.00201072     0.00169821
725     0.00169963     0.0014965     0.00149739     0.0014965     0.00185489     0.00203987     0.00172966
727     0.00169963     0.00151932     0.00152022     0.00151932     0.0018687     0.00204932     0.0017465
729     0.00169963     0.00154145     0.00154235     0.00154145     0.00189532     0.00207847     0.00177143
731     0.00165311     0.0015227     0.00152357     0.0015227     0.00185969     0.00203434     0.00174162
733     0.00154576     0.00144565     0.00144646     0.00144565     0.00177929     0.0019523     0.00166231
735     0.00163164     0.00155097     0.00155196     0.00155097     0.00187488     0.00204317     0.00176123
737     0.00170678     0.00164951     0.00165056     0.00164951     0.00198309     0.00215661     0.00186598
739     0.00164953     0.0016221     0.00162311     0.0016221     0.00195822     0.00213316     0.00184013
741     0.00166384     0.00166505     0.00166608     0.00166505     0.00199678     0.00216968     0.00188014
743     0.0016388     0.00166874     0.00166974     0.00166874     0.00200155     0.00217521     0.0018844
745     0.00168889     0.0017506     0.00175164     0.0017506     0.00206253     0.00222566     0.00195263
747     0.00150641     0.00158937     0.00159041     0.00158937     0.00190174     0.00206534     0.00179156
749     0.00169963     0.00182557     0.00182677     0.00182557     0.00216865     0.00234864     0.00204753
751     0.00156366     0.00170894     0.00171005     0.00170894     0.00204572     0.00222252     0.00192671
753     0.00168889     0.00187766     0.00187885     0.00187766     0.00219315     0.0023591     0.00208158
755     0.00169605     0.00191812     0.00191932     0.00191812     0.00223847     0.00240711     0.00212512
757     0.00162806     0.00187293     0.00187408     0.00187293     0.00220736     0.00238347     0.00208894
759     0.00168531     0.00197284     0.00197414     0.00197284     0.00229113     0.00245907     0.00217835
761     0.00159228     0.00189522     0.00189649     0.00189522     0.00219618     0.00235519     0.00208947
763     0.00166027     0.00201142     0.00201274     0.00201142     0.0023133     0.00247306     0.00220617
765     0.00166384     0.00205225     0.00205357     0.00205225     0.00235655     0.00251778     0.00224846
767     0.00159586     0.00200444     0.0020057     0.00200444     0.00228716     0.00243718     0.00218662
769     0.00159944     0.00204554     0.00204681     0.00204554     0.00233848     0.00249408     0.00223422
771     0.00168531     0.00219571     0.00219713     0.00219571     0.00248291     0.00263585     0.00238061
773     0.00159944     0.00212345     0.00212484     0.00212345     0.00238761     0.00252849     0.00229343
775     0.00143842     0.00194391     0.00194516     0.00194391     0.00218628     0.00231567     0.00209981
777     0.00157439     0.00216745     0.00216881     0.00216745     0.00241431     0.00254634     0.00232615
779     0.00164595     0.00230542     0.00230684     0.00230542     0.00257076     0.00271282     0.00247593
781     0.00156366     0.00223     0.00223135     0.00223     0.00247114     0.00260046     0.00238486
783     0.00150998     0.00218974     0.00219107     0.00218974     0.00241078     0.00252959     0.00233161
785     0.00148494     0.0021897     0.00219104     0.0021897     0.00239979     0.00251296     0.00232447
787     0.00149567     0.00224265     0.002244     0.00224265     0.00244583     0.0025555     0.00237291
789     0.00147062     0.00224074     0.00224206     0.00224074     0.00243489     0.00253988     0.00236514
791     0.00148851     0.00230602     0.00230736     0.00230602     0.00249132     0.00259173     0.00242469
793     0.00126309     0.00198821     0.00198935     0.00198821     0.00214525     0.00223046     0.00208873
795     0.00148136     0.00236942     0.00237076     0.00236942     0.00254483     0.00264015     0.00248165
797     0.00136328     0.00221578     0.00221701     0.00221578     0.00236568     0.00244733     0.00231165
799     0.00122731     0.00202798     0.00202909     0.00202798     0.0021597     0.00223155     0.00211219
801     0.00136686     0.00229508     0.00229631     0.00229508     0.00242392     0.00249442     0.00237741
803     0.00134539     0.00229377     0.00229499     0.00229377     0.00241146     0.00247602     0.00236894
805     0.00134539     0.00232915     0.00233036     0.00232915     0.00244255     0.00250488     0.00240154
807     0.00140622     0.002472     0.00247324     0.002472     0.0025791     0.00263814     0.00254034
809     0.00138833     0.00247652     0.00247771     0.00247652     0.00256867     0.00261966     0.00253528
811     0.001213     0.00219624     0.00219728     0.00219624     0.00226976     0.0023106     0.00224309
813     0.00129887     0.00238384     0.00238495     0.00238384     0.00244925     0.00248583     0.0024255
815     0.00130245     0.0024232     0.00242432     0.0024232     0.00247926     0.00251081     0.00245888
817     0.00130961     0.0024697     0.00247082     0.0024697     0.00251422     0.00253954     0.00249802
819     0.00128456     0.00245263     0.0024537     0.00245263     0.00248498     0.00250365     0.00247321
821     0.00137044     0.00264914     0.0026502     0.00264914     0.00267165     0.00268496     0.00266345
823     0.00115217     0.00225364     0.00225453     0.00225364     0.00226249     0.00226819     0.00225926
825     0.00124162     0.00245724     0.0024582     0.00245724     0.00245498     0.00245676     0.00245375
827     0.0011629     0.00232797     0.00232887     0.00232797     0.00231482     0.00232051     0.00230766
829     0.00113428     0.0022956     0.00229647     0.0022956     0.00227127     0.00228102     0.00225799
831     0.00112712     0.00230589     0.00230673     0.00230589     0.00227186     0.00228514     0.00225326
833     0.00107703     0.00222704     0.00222776     0.00222704     0.00218418     0.00220059     0.00216067
835     0.0011629     0.00242926     0.00243004     0.00242926     0.00237285     0.00239432     0.00234179
837     0.00111996     0.00236281     0.00236356     0.00236281     0.00229667     0.00232173     0.00226015
839     0.000973259     0.00207306     0.0020737     0.00207306     0.00200512     0.00203079     0.0019675
841     0.00107703     0.00231477     0.00231548     0.00231477     0.00222849     0.00226102     0.00218066
843     0.00117006     0.00253727     0.00253803     0.00253727     0.00243327     0.00247238     0.00237559
845     0.00101978     0.0022298     0.00223036     0.0022298     0.00212728     0.00216565     0.00207047
847     0.0010484     0.00231156     0.00231214     0.00231156     0.00219619     0.00223931     0.00213228
849     0.000923165     0.00205149     0.002052     0.00205149     0.00193714     0.00197981     0.00187378
851     0.00099115     0.00221896     0.00221951     0.00221896     0.00208461     0.00213472     0.0020101
853     0.00100904     0.00227636     0.00227692     0.00227636     0.00212849     0.00218366     0.00204637
855     0.000955369     0.0021707     0.00217122     0.0021707     0.00202626     0.00208021     0.00194584
857     0.00089454     0.00204688     0.00204727     0.00204688     0.00189578     0.00195216     0.00181144
859     0.000844446     0.00194565     0.00194602     0.00194565     0.00179141     0.00184903     0.00170508
861     0.000851602     0.0019745     0.00197487     0.0019745     0.00181057     0.00187189     0.00171861
863     0.000908852     0.00212019     0.00212058     0.00212019     0.00194191     0.00200867     0.00184169
865     0.000812242     0.00190538     0.00190573     0.00190538     0.00173214     0.00179706     0.00163458
867     0.000783617     0.00184855     0.0018489     0.00184855     0.00168001     0.00174323     0.00158494
869     0.000754992     0.00179019     0.00179044     0.00179019     0.00161706     0.00168197     0.00151929
871     0.000737101     0.00175638     0.00175663     0.00175638     0.00157674     0.00164414     0.00147513
873     0.000787195     0.00188478     0.00188505     0.00188478     0.00168856     0.00176225     0.0015774
875     0.000651225     0.00156617     0.00156639     0.00156617     0.00138721     0.00145445     0.00128566
877     0.000665538     0.00160748     0.0016077     0.00160748     0.0014208     0.00149101     0.00131475
879     0.00058324     0.00141432     0.00141451     0.00141432     0.00124755     0.00131032     0.00115272
881     0.000665538     0.00162051     0.00162068     0.00162051     0.00141462     0.00149209     0.00129743
883     0.000704897     0.00172314     0.00172332     0.00172314     0.00151036     0.00159047     0.00138914
885     0.000590396     0.00144865     0.0014488     0.00144865     0.00125931     0.00133063     0.00115134
887     0.000687007     0.00169243     0.0016926     0.00169243     0.00147158     0.00155483     0.00134549
889     0.00058324     0.00144201     0.00144215     0.00144201     0.00124082     0.00131673     0.00112577
891     0.000629756     0.00156265     0.00156281     0.00156265     0.00134663     0.00142826     0.0012228
893     0.000572506     0.00142585     0.00142596     0.00142585     0.0012233     0.00129994     0.00110686
895     0.000683428     0.00170821     0.00170833     0.00170821     0.00145044     0.00154816     0.00130176
897     0.000629756     0.00157949     0.0015796     0.00157949     0.00133972     0.00143078     0.00120105
899     0.00050452     0.00126942     0.00126952     0.00126942     0.00107187     0.00114702     0.000957349
901     0.000629756     0.00158941     0.00158952     0.00158941     0.00134118     0.0014357     0.00119706
903     0.000672694     0.00170259     0.00170271     0.00170259     0.00143387     0.00153623     0.00127774
905     0.00054388     0.00138027     0.00138035     0.00138027     0.00115607     0.00124147     0.00102581
907     0.000533146     0.00135658     0.00135665     0.00135658     0.00113096     0.00121691     0.000999829
909     0.000615443     0.00157028     0.00157036     0.00157028     0.00130847     0.00140823     0.00115624
911     0.000536724     0.00137307     0.00137314     0.00137307     0.00114215     0.00123021     0.00100775
913     0.00048663     0.00124816     0.00124822     0.00124816     0.00103259     0.00111488     0.000906903
915     0.000493786     0.00126985     0.00126992     0.00126985     0.00102633     0.00111942     0.000884044
917     0.00048663     0.00125485     0.0012549     0.00125485     0.00101353     0.0011059     0.000872181
919     0.00048663     0.001258     0.00125805     0.001258     0.00102421     0.00111384     0.000886944
921     0.000422223     0.00109408     0.00109412     0.00109408     0.000882582     0.000963774     0.000758115
923     0.000475895     0.00123601     0.00123606     0.00123601     0.000994573     0.00108738     0.000852212
925     0.000483052     0.00125726     0.0012573     0.00125726     0.00101823     0.00111021     0.000877035
927     0.000479473     0.00125071     0.00125075     0.00125071     0.000995801     0.001094     0.000844991
929     0.000483052     0.00126272     0.00126276     0.00126272     0.000991537     0.0010961     0.000830812
931     0.000468739     0.00122775     0.00122778     0.00122775     0.00097822     0.00107453     0.000830122
933     0.000400754     0.00105219     0.00105222     0.00105219     0.000816175     0.000907358     0.000675853
935     0.000397176     0.00104514     0.00104516     0.00104514     0.000811121     0.00090162     0.000671784
937     0.000429379     0.00113234     0.00113237     0.00113234     0.000877893     0.00097639     0.000726185
939     0.000432957     0.00114434     0.00114436     0.00114434     0.00088613     0.000986158     0.000731974
941     0.000400754     0.0010615     0.00106152     0.0010615     0.000825179     0.000916796     0.00068394
943     0.000393598     0.00104459     0.0010446     0.00104459     0.000809551     0.000900726     0.000668954
945     0.000325613     0.000865792     0.000865805     0.000865792     0.000673328     0.000748039     0.000558082
947     0.000343503     0.000915155     0.000915169     0.000915155     0.000695333     0.000780721     0.000563546
949     0.000411488     0.00109841     0.00109843     0.00109841     0.000845205     0.000943656     0.000693187
951     0.00036855     0.00098567     0.000985685     0.00098567     0.000753939     0.000844143     0.000614564
953     0.00035066     0.000939772     0.000939783     0.000939772     0.000713642     0.00080179     0.000577318
955     0.000432957     0.00116269     0.0011627     0.00116269     0.000880696     0.000990795     0.000710268
957     0.000425801     0.00114594     0.00114595     0.00114594     0.00085731     0.000970182     0.0006824
959     0.000322034     0.000868533     0.00086854     0.000868533     0.000656099     0.000739307     0.000527034
961     0.000325613     0.000880149     0.000880156     0.000880149     0.000677857     0.000757212     0.000554654
963     0.000329191     0.000891864     0.000891871     0.000891864     0.000661954     0.000752278     0.000521621
965     0.00036855     0.00100075     0.00100076     0.00100075     0.000751663     0.00084964     0.000599306
967     0.000293409     0.00079851     0.000798513     0.00079851     0.000600774     0.000678651     0.000479593
969     0.000354238     0.000966169     0.000966173     0.000966169     0.000715825     0.000814541     0.000562115
971     0.000329191     0.000899855     0.000899859     0.000899855     0.000662066     0.000755945     0.000515793
973     0.00036855     0.00100958     0.00100958     0.00100958     0.000736503     0.000844432     0.000568183
975     0.000254049     0.00069733     0.000697333     0.00069733     0.000505813     0.000581598     0.000387566
977     0.000329191     0.000905466     0.000905469     0.000905466     0.000665986     0.000760855     0.000517843
979     0.000289831     0.000798915     0.000798916     0.000798915     0.000591394     0.000673691     0.000462789
981     0.000246893     0.000681976     0.000681976     0.000681976     0.000494124     0.000568696     0.000377525
983     0.000307722     0.000851843     0.000851843     0.000851843     0.000613303     0.000708093     0.000465024
985     0.000239737     0.000665151     0.000665151     0.000665151     0.000484255     0.000556204     0.000371637
987     0.00027194     0.000756243     0.000756244     0.000756243     0.000533561     0.00062221     0.000394729
989     0.000275518     0.000767909     0.00076791     0.000767909     0.000549494     0.000636524     0.000413155
991     0.000268362     0.000749794     0.000749794     0.000749794     0.000545395     0.000626907     0.000417617
993     0.000275518     0.000771744     0.000771745     0.000771744     0.000542512     0.00063401     0.00039902
995     0.000221846     0.000622911     0.000622911     0.000622911     0.000437465     0.000511546     0.000321222
997     0.000268362     0.000755484     0.000755485     0.000755484     0.000531711     0.000621183     0.000391285
999     0.000229002     0.000646197     0.000646197     0.000646197     0.000449742     0.000528291     0.00032646
1001     0.000243315     0.000688419     0.00068842     0.000688419     0.000688419     0.00068842     0.000688419
1003     0.000286253     0.000811796     0.000811798     0.000811796     0.000811796     0.000811798     0.000811796
1005     0.000207533     0.000590169     0.00059017     0.000590169     0.000590169     0.00059017     0.000590169
1007     0.000239737     0.000683426     0.000683428     0.000683426     0.000683426     0.000683428     0.000683426
1009     0.000218268     0.000623963     0.000623964     0.000623963     0.000623963     0.000623964     0.000623963
1011     0.000218268     0.000625534     0.000625536     0.000625534     0.000625534     0.000625536     0.000625534
1013     0.000236159     0.000678851     0.000678852     0.000678851     0.000678851     0.000678852     0.000678851
1015     0.000178908     0.000515541     0.000515543     0.000515541     0.000515541     0.000515543     0.000515541
1017     0.00017533     0.0005066     0.000506601     0.0005066     0.0005066     0.000506601     0.0005066
1019     0.000203955     0.000591082     0.000591084     0.000591082     0.000591082     0.000591084     0.000591082
1021     0.000189642     0.000551203     0.000551205     0.000551203     0.000551203     0.000551205     0.000551203
1023     0.000193221     0.000563199     0.000563201     0.000563199     0.000563199     0.000563201     0.000563199
1025     0.000189642     0.000554306     0.000554308     0.000554306     0.000554306     0.000554308     0.000554306
1027     0.000211111     0.000618783     0.000618786     0.000618783     0.000618783     0.000618786     0.000618783
1029     0.000182486     0.000536552     0.000536555     0.000536552     0.000536552     0.000536555     0.000536552
1031     0.000189642     0.000559247     0.000559249     0.000559247     0.000559247     0.000559249     0.000559247
1033     0.000157439     0.000465612     0.000465614     0.000465612     0.000465612     0.000465614     0.000465612
1035     0.000150283     0.000445808     0.00044581     0.000445808     0.000445808     0.00044581     0.000445808
1037     0.000168173     0.000500217     0.000500219     0.000500217     0.000500217     0.000500219     0.000500217
1039     0.000146705     0.000437626     0.000437628     0.000437626     0.000437626     0.000437628     0.000437626
1041     0.000171752     0.000514115     0.000514118     0.000514115     0.000514115     0.000514118     0.000514115
1043     0.000164595     0.000494171     0.000494173     0.000494171     0.000494171     0.000494173     0.000494171
1045     0.000168173     0.000506499     0.000506502     0.000506499     0.000506499     0.000506502     0.000506499
1047     0.000150283     0.000454048     0.00045405     0.000454048     0.000454048     0.00045405     0.000454048
1049     0.000110923     0.000336188     0.000336189     0.000336188     0.000336188     0.000336189     0.000336188
1051     0.000118079     0.000358912     0.000358913     0.000358912     0.000358912     0.000358913     0.000358912
1053     0.000157439     0.00048009     0.000480093     0.00048009     0.00048009     0.000480093     0.00048009
1055     0.000171752     0.000525404     0.000525407     0.000525404     0.000525404     0.000525407     0.000525404
1057     0.000128814     0.000395346     0.000395348     0.000395346     0.000395346     0.000395348     0.000395346
1059     0.000161017     0.000495908     0.000495911     0.000495908     0.000495908     0.000495911     0.000495908
1061     0.000125236     0.000386892     0.000386894     0.000386892     0.000386892     0.000386894     0.000386892
1063     0.000128814     0.000399151     0.000399153     0.000399151     0.000399151     0.000399153     0.000399151
1065     0.000139548     0.000433932     0.000433935     0.000433932     0.000433932     0.000433935     0.000433932
1067     0.000178908     0.000558138     0.000558141     0.000558138     0.000558138     0.000558141     0.000558138
1069     0.000128814     0.00040317     0.000403172     0.00040317     0.00040317     0.000403172     0.00040317
1071     0.000146705     0.000460675     0.000460677     0.000460675     0.000460675     0.000460677     0.000460675
1073     0.000128814     0.000405853     0.000405855     0.000405853     0.000405853     0.000405855     0.000405853
1075     0.000139548     0.000441194     0.000441197     0.000441194     0.000441194     0.000441197     0.000441194
1077     0.000139548     0.000442659     0.000442662     0.000442659     0.000442659     0.000442662     0.000442659
1079     0.00013597     0.000432811     0.000432814     0.000432811     0.000432811     0.000432814     0.000432811
1081     0.000125236     0.000399944     0.000399946     0.000399944     0.000399944     0.000399946     0.000399944
1083     9.66103e-05     0.000309619     0.00030962     0.000309619     0.000309619     0.00030962     0.000309619
1085     0.000110923     0.000356703     0.000356705     0.000356703     0.000356703     0.000356705     0.000356703
1087     0.000146705     0.000473445     0.000473448     0.000473445     0.000473445     0.000473448     0.000473445
1089     9.66103e-05     0.00031276     0.000312762     0.00031276     0.00031276     0.000312762     0.00031276
1091     0.000103767     0.000337222     0.000337223     0.000337222     0.000337222     0.000337223     0.000337222
1093     0.000114501     0.000373261     0.000373263     0.000373261     0.000373261     0.000373263     0.000373261
1095     0.000100188     0.000327723     0.000327725     0.000327723     0.000327723     0.000327725     0.000327723
1097     0.000107345     0.000352417     0.000352419     0.000352417     0.000352417     0.000352419     0.000352417
1099     0.000157439     0.000518678     0.000518681     0.000518678     0.000518678     0.000518681     0.000518678
1101     9.66103e-05     0.000319358     0.00031936     0.000319358     0.000319358     0.00031936     0.000319358
1103     0.000128814     0.000427432     0.000427434     0.000427432     0.000427432     0.000427434     0.000427432
1105     9.30321e-05     0.000309682     0.000309684     0.000309682     0.000309682     0.000309684     0.000309682
1107     0.000110923     0.000370553     0.000370555     0.000370553     0.000370553     0.000370555     0.000370553
1109     9.30321e-05     0.000311919     0.000311921     0.000311919     0.000311919     0.000311921     0.000311919
1111     0.000100188     0.000337162     0.000337164     0.000337162     0.000337162     0.000337164     0.000337162
1113     8.58758e-05     0.000289997     0.000289999     0.000289997     0.000289997     0.000289999     0.000289997
1115     0.000143126     0.000485229     0.000485231     0.000485229     0.000485229     0.000485231     0.000485229
1117     7.15632e-05     0.000243371     0.000243372     0.000243371     0.000243371     0.000243372     0.000243371
1119     0.000110923     0.000378645     0.000378647     0.000378645     0.000378645     0.000378647     0.000378645
1121     6.44069e-05     0.00022058     0.000220581     0.00022058     0.00022058     0.000220581     0.00022058
1123     6.7985e-05     0.000233744     0.000233745     0.000233744     0.000233744     0.000233745     0.000233744
1125     7.51413e-05     0.000259343     0.000259344     0.000259343     0.000259343     0.000259344     0.000259343
1127     0.000114501     0.000396553     0.000396555     0.000396553     0.000396553     0.000396555     0.000396553
1129     6.7985e-05     0.000236244     0.000236246     0.000236244     0.000236244     0.000236246     0.000236244
1131     6.7985e-05     0.000237133     0.000237134     0.000237133     0.000237133     0.000237134     0.000237133
1133     0.000121657     0.000426032     0.000426034     0.000426032     0.000426032     0.000426034     0.000426032
1135     8.22977e-05     0.000289282     0.000289284     0.000289282     0.000289282     0.000289284     0.000289282
1137     0.000114501     0.00040373     0.000403732     0.00040373     0.00040373     0.000403732     0.00040373
1139     7.51413e-05     0.000265911     0.000265913     0.000265911     0.000265911     0.000265913     0.000265911
1141     0.000103767     0.000368656     0.000368658     0.000368656     0.000368656     0.000368658     0.000368656
1143     7.51413e-05     0.00026781     0.000267811     0.00026781     0.00026781     0.000267811     0.00026781
1145     0.000100188     0.000358459     0.00035846     0.000358459     0.000358459     0.00035846     0.000358459
1147     0.000114501     0.000411286     0.000411288     0.000411286     0.000411286     0.000411288     0.000411286
1149     5.00942e-05     0.000180489     0.00018049     0.000180489     0.000180489     0.00018049     0.000180489
1151     7.15632e-05     0.000258974     0.000258976     0.000258974     0.000258974     0.000258976     0.000258974
1153     8.58758e-05     0.000311808     0.000311809     0.000311808     0.000311808     0.000311809     0.000311808
1155     7.51413e-05     0.00027389     0.000273892     0.00027389     0.00027389     0.000273892     0.00027389
1157     8.9454e-05     0.000327325     0.000327326     0.000327325     0.000327325     0.000327326     0.000327325
1159     0.000100188     0.000367788     0.00036779     0.000367788     0.000367788     0.00036779     0.000367788
1161     3.93598e-05     0.000144988     0.000144989     0.000144988     0.000144988     0.000144989     0.000144988
1163     8.58758e-05     0.000317478     0.00031748     0.000317478     0.000317478     0.00031748     0.000317478
1165     0.000103767     0.000385166     0.000385168     0.000385166     0.000385166     0.000385168     0.000385166
1167     8.22977e-05     0.00030656     0.000306562     0.00030656     0.00030656     0.000306562     0.00030656
1169     6.44069e-05     0.000240787     0.000240788     0.000240787     0.000240787     0.000240788     0.000240787
1171     7.87195e-05     0.000295454     0.000295455     0.000295454     0.000295454     0.000295455     0.000295454
1173     6.44069e-05     0.000242619     0.00024262     0.000242619     0.000242619     0.00024262     0.000242619
1175     9.66103e-05     0.000365331     0.000365333     0.000365331     0.000365331     0.000365333     0.000365331
1177     3.93598e-05     0.000149375     0.000149375     0.000149375     0.000149375     0.000149375     0.000149375
1179     6.08287e-05     0.000231606     0.000231607     0.000231606     0.000231606     0.000231607     0.000231606
1181     5.72506e-05     0.000218797     0.000218798     0.000218797     0.000218797     0.000218798     0.000218797
1183     3.93598e-05     0.000151026     0.000151026     0.000151026     0.000151026     0.000151026     0.000151026
1185     6.44069e-05     0.000248043     0.000248045     0.000248043     0.000248043     0.000248045     0.000248043
1187     5.36724e-05     0.000207436     0.000207437     0.000207436     0.000207436     0.000207437     0.000207436
1189     4.29379e-05     0.00016662     0.00016662     0.00016662     0.00016662     0.00016662     0.00016662
1191     6.08287e-05     0.000236982     0.000236983     0.000236982     0.000236982     0.000236983     0.000236982
1193     5.36724e-05     0.000209818     0.000209818     0.000209818     0.000209818     0.000209818     0.000209818
1195     8.22977e-05     0.000322875     0.000322876     0.000322875     0.000322875     0.000322876     0.000322875
1197     6.7985e-05     0.000267736     0.000267737     0.000267736     0.000267736     0.000267737     0.000267736
1199     3.57816e-05     0.000141385     0.000141386     0.000141385     0.000141385     0.000141386     0.000141385
1201     6.7985e-05     0.000269705     0.000269707     0.000269705     0.000269705     0.000269707     0.000269705
1203     7.15632e-05     0.000285027     0.000285028     0.000285027     0.000285027     0.000285028     0.000285027
1205     4.65161e-05     0.000185903     0.000185904     0.000185903     0.000185903     0.000185904     0.000185903
1207     5.72506e-05     0.000229727     0.000229728     0.000229727     0.000229727     0.000229728     0.000229727
1209     5.00942e-05     0.000201573     0.000201573     0.000201573     0.000201573     0.000201573     0.000201573
1211     4.65161e-05     0.000187917     0.000187918     0.000187917     0.000187917     0.000187918     0.000187917
1213     4.65161e-05     0.000188574     0.000188575     0.000188574     0.000188574     0.000188575     0.000188574
1215     5.36724e-05     0.000218428     0.000218429     0.000218428     0.000218428     0.000218429     0.000218428
1217     4.29379e-05     0.000175385     0.000175386     0.000175385     0.000175385     0.000175386     0.000175385
1219     6.7985e-05     0.000278727     0.000278728     0.000278727     0.000278727     0.000278728     0.000278727
1221     6.08287e-05     0.000250301     0.000250302     0.000250301     0.000250301     0.000250302     0.000250301
1223     3.93598e-05     0.000162609     0.00016261     0.000162609     0.000162609     0.00016261     0.000162609
1225     3.22034e-05     0.000133472     0.000133472     0.000133472     0.000133472     0.000133472     0.000133472
1227     3.57816e-05     0.00014886     0.000148861     0.00014886     0.00014886     0.000148861     0.00014886
1229     5.36724e-05     0.00022411     0.000224111     0.00022411     0.00022411     0.000224111     0.00022411
1231     5.00942e-05     0.000209908     0.000209908     0.000209908     0.000209908     0.000209908     0.000209908
1233     5.00942e-05     0.000210834     0.000210835     0.000210834     0.000210834     0.000210835     0.000210834
1235     3.22034e-05     0.000135938     0.000135939     0.000135938     0.000135938     0.000135939     0.000135938
1237     5.36724e-05     0.000227471     0.000227472     0.000227471     0.000227471     0.000227472     0.000227471
1239     4.29379e-05     0.000182671     0.000182672     0.000182671     0.000182671     0.000182672     0.000182671
1241     3.22034e-05     0.000137426     0.000137427     0.000137426     0.000137426     0.000137427     0.000137426
1243     6.08287e-05     0.000260574     0.000260575     0.000260574     0.000260574     0.000260575     0.000260574
1245     6.44069e-05     0.000277018     0.000277019     0.000277018     0.000277018     0.000277019     0.000277018
1247     3.93598e-05     0.000169822     0.000169822     0.000169822     0.000169822     0.000169822     0.000169822
1249     3.93598e-05     0.000170454     0.000170455     0.000170454     0.000170454     0.000170455     0.000170454
1251     3.22034e-05     0.000139935     0.000139935     0.000139935     0.000139935     0.000139935     0.000139935
1253     1.07345e-05     4.68061e-05     4.68063e-05     4.68061e-05     4.68061e-05     4.68063e-05     4.68061e-05
1255     2.86253e-05     0.000125351     0.000125352     0.000125351     0.000125351     0.000125352     0.000125351
1257     3.93598e-05     0.000172866     0.000172867     0.000172866     0.000172866     0.000172867     0.000172866
1259     3.93598e-05     0.000173632     0.000173633     0.000173632     0.000173632     0.000173633     0.000173632
1261     2.50471e-05     0.000110804     0.000110804     0.000110804     0.000110804     0.000110804     0.000110804
1263     4.29379e-05     0.000190705     0.000190706     0.000190705     0.000190705     0.000190706     0.000190705
1265     3.93598e-05     0.000175518     0.000175519     0.000175518     0.000175518     0.000175519     0.000175518
1267     3.57816e-05     0.000160099     0.000160099     0.000160099     0.000160099     0.000160099     0.000160099
1269     2.86253e-05     0.000128492     0.000128493     0.000128492     0.000128492     0.000128493     0.000128492
1271     2.86253e-05     0.000128964     0.000128964     0.000128964     0.000128964     0.000128964     0.000128964
1273     5.00942e-05     0.000226508     0.000226509     0.000226508     0.000226508     0.000226509     0.000226508
1275     3.93598e-05     0.000178597     0.000178597     0.000178597     0.000178597     0.000178597     0.000178597
1277     6.44069e-05     0.000293243     0.000293244     0.000293243     0.000293243     0.000293244     0.000293243
1279     2.50471e-05     0.000114437     0.000114438     0.000114437     0.000114437     0.000114438     0.000114437
1281     3.22034e-05     0.000147763     0.000147764     0.000147763     0.000147763     0.000147764     0.000147763
1283     2.86253e-05     0.000131853     0.000131853     0.000131853     0.000131853     0.000131853     0.000131853
1285     3.57816e-05     0.000165302     0.000165302     0.000165302     0.000165302     0.000165302     0.000165302
1287     2.86253e-05     0.000132748     0.000132748     0.000132748     0.000132748     0.000132748     0.000132748
1289     2.50471e-05     0.000116596     0.000116596     0.000116596     0.000116596     0.000116596     0.000116596
1291     2.50471e-05     0.000116943     0.000116944     0.000116943     0.000116943     0.000116944     0.000116943
1293     4.65161e-05     0.00021799     0.00021799     0.00021799     0.00021799     0.00021799     0.00021799
1295     2.50471e-05     0.000117765     0.000117766     0.000117765     0.000117765     0.000117766     0.000117765
1297     2.1469e-05     0.000101376     0.000101376     0.000101376     0.000101376     0.000101376     0.000101376
1299     4.29379e-05     0.000203364     0.000203365     0.000203364     0.000203364     0.000203365     0.000203364
1301     3.93598e-05     0.000187108     0.000187109     0.000187108     0.000187108     0.000187109     0.000187108
1303     1.78908e-05     8.53329e-05     8.53332e-05     8.53329e-05     8.53329e-05     8.53332e-05     8.53329e-05
1305     3.93598e-05     0.000188416     0.000188416     0.000188416     0.000188416     0.000188416     0.000188416
1307     1.78908e-05     8.60035e-05     8.60037e-05     8.60035e-05     8.60035e-05     8.60037e-05     8.60035e-05
1309     3.22034e-05     0.000155166     0.000155166     0.000155166     0.000155166     0.000155166     0.000155166
1311     2.86253e-05     0.000138473     0.000138474     0.000138473     0.000138473     0.000138474     0.000138473
1313     1.07345e-05     5.21012e-05     5.21013e-05     5.21012e-05     5.21012e-05     5.21013e-05     5.21012e-05
1315     3.57816e-05     0.000174303     0.000174304     0.000174303     0.000174303     0.000174304     0.000174303
1317     2.86253e-05     0.000139851     0.000139852     0.000139851     0.000139851     0.000139852     0.000139851
1319     2.1469e-05     0.000105242     0.000105242     0.000105242     0.000105242     0.000105242     0.000105242
1321     3.22034e-05     0.000158476     0.000158477     0.000158476     0.000158476     0.000158477     0.000158476
1323     3.22034e-05     0.000159074     0.000159074     0.000159074     0.000159074     0.000159074     0.000159074
1325     2.86253e-05     0.000141848     0.000141848     0.000141848     0.000141848     0.000141848     0.000141848
1327     3.93598e-05     0.000195701     0.000195702     0.000195701     0.000195701     0.000195702     0.000195701
1329     2.86253e-05     0.000142823     0.000142823     0.000142823     0.000142823     0.000142823     0.000142823
1331     2.1469e-05     0.000107446     0.000107446     0.000107446     0.000107446     0.000107446     0.000107446
1333     2.86253e-05     0.000143765     0.000143765     0.000143765     0.000143765     0.000143765     0.000143765
1335     2.1469e-05     0.000108244     0.000108244     0.000108244     0.000108244     0.000108244     0.000108244
1337     2.1469e-05     0.000108623     0.000108623     0.000108623     0.000108623     0.000108623     0.000108623
1339     2.1469e-05     0.000108901     0.000108901     0.000108901     0.000108901     0.000108901     0.000108901
1341     1.07345e-05     5.46551e-05     5.46552e-05     5.46551e-05     5.46551e-05     5.46552e-05     5.46551e-05
1343     1.78908e-05     9.14966e-05     9.14969e-05     9.14966e-05     9.14966e-05     9.14969e-05     9.14966e-05
1345     1.78908e-05     9.17777e-05     9.1778e-05     9.17777e-05     9.17777e-05     9.1778e-05     9.17777e-05
1347     2.50471e-05     0.000128874     0.000128874     0.000128874     0.000128874     0.000128874     0.000128874
1349     2.50471e-05     0.000129313     0.000129313     0.000129313     0.000129313     0.000129313     0.000129313
1351     3.57816e-05     0.000185443     0.000185443     0.000185443     0.000185443     0.000185443     0.000185443
1353     2.86253e-05     0.000148913     0.000148913     0.000148913     0.000148913     0.000148913     0.000148913
1355     3.57816e-05     0.00018656     0.000186561     0.00018656     0.00018656     0.000186561     0.00018656
1357     2.50471e-05     0.0001311     0.0001311     0.0001311     0.0001311     0.0001311     0.0001311
1359     1.07345e-05     5.63871e-05     5.63873e-05     5.63871e-05     5.63871e-05     5.63873e-05     5.63871e-05
1361     3.57816e-05     0.000188598     0.000188598     0.000188598     0.000188598     0.000188598     0.000188598
1363     1.43126e-05     7.5687e-05     7.56872e-05     7.5687e-05     7.5687e-05     7.56872e-05     7.5687e-05
1365     1.07345e-05     5.69543e-05     5.69544e-05     5.69543e-05     5.69543e-05     5.69544e-05     5.69543e-05
1367     2.1469e-05     0.000114236     0.000114237     0.000114236     0.000114236     0.000114237     0.000114236
1369     1.43126e-05     7.64313e-05     7.64314e-05     7.64313e-05     7.64313e-05     7.64314e-05     7.64313e-05
1371     1.07345e-05     5.75104e-05     5.75105e-05     5.75104e-05     5.75104e-05     5.75105e-05     5.75104e-05
1373     1.07345e-05     5.77196e-05     5.77198e-05     5.77196e-05     5.77196e-05     5.77198e-05     5.77196e-05
1375     2.86253e-05     0.000154392     0.000154392     0.000154392     0.000154392     0.000154392     0.000154392
1377     2.86253e-05     0.00015484     0.000154841     0.00015484     0.00015484     0.000154841     0.00015484
1379     3.22034e-05     0.000174925     0.000174925     0.000174925     0.000174925     0.000174925     0.000174925
1381     2.50471e-05     0.000136529     0.000136529     0.000136529     0.000136529     0.000136529     0.000136529
1383     2.50471e-05     0.000136951     0.000136951     0.000136951     0.000136951     0.000136951     0.000136951
1385     1.43126e-05     7.85012e-05     7.85013e-05     7.85012e-05     7.85012e-05     7.85013e-05     7.85012e-05
1387     3.22034e-05     0.000177029     0.000177029     0.000177029     0.000177029     0.000177029     0.000177029
1389     2.1469e-05     0.000118531     0.000118531     0.000118531     0.000118531     0.000118531     0.000118531
1391     1.78908e-05     9.90855e-05     9.90857e-05     9.90855e-05     9.90855e-05     9.90857e-05     9.90855e-05
1393     3.22034e-05     0.000178926     0.000178927     0.000178926     0.000178926     0.000178927     0.000178926
1395     2.1469e-05     0.000119653     0.000119654     0.000119653     0.000119653     0.000119654     0.000119653
1397     1.78908e-05     0.000100081     0.000100082     0.000100081     0.000100081     0.000100082     0.000100081
1399     1.78908e-05     0.000100416     0.000100416     0.000100416     0.000100416     0.000100416     0.000100416
