2    0     0     0     0     0     0     0
6    0     0     0     0     0     0     0
10    0     0     0     0     0     0     0
14    0     0     0     0     0     0     0
18    0     0     0     0     0     0     0
22    0     0     0     0     0     0     0
26    3.37249e-05     9.65113e-09     9.65113e-09     9.65113e-09     9.65113e-09     9.65113e-09     9.65113e-09
30    5.57758e-05     1.34454e-08     1.34454e-08     1.34454e-08     1.34454e-08     1.34454e-08     1.34454e-08
34    6.87469e-05     1.38626e-08     1.38626e-08     1.38626e-08     1.38626e-08     1.38626e-08     1.38626e-08
38    6.09642e-05     1.05691e-08     1.05691e-08     1.05691e-08     1.05691e-08     1.05691e-08     1.05691e-08
42    7.91237e-05     1.19566e-08     1.19566e-08     1.19566e-08     1.19566e-08     1.19566e-08     1.19566e-08
46    9.72833e-05     1.29773e-08     1.29773e-08     1.29773e-08     1.29773e-08     1.29773e-08     1.29773e-08
50    9.98775e-05     1.19647e-08     1.19647e-08     1.19647e-08     1.19647e-08     1.19647e-08     1.19647e-08
54    9.72833e-05     1.05958e-08     1.05958e-08     1.05958e-08     1.05958e-08     1.05958e-08     1.05958e-08
58    0.000141385     1.4167e-08     1.4167e-08     1.4167e-08     1.4167e-08     1.4167e-08     1.4167e-08
62    0.000131008     1.21617e-08     1.21617e-08     1.21617e-08     1.21617e-08     1.21617e-08     1.21617e-08
66    0.000141385     1.23509e-08     1.23509e-08     1.23509e-08     1.23509e-08     1.23509e-08     1.23509e-08
70    0.000173813     1.44345e-08     1.44345e-08     1.44345e-08     1.44345e-08     1.44345e-08     1.44345e-08
74    0.00018419     1.4663e-08     1.4663e-08     1.4663e-08     1.4663e-08     1.4663e-08     1.4663e-08
78    0.000202349     1.55873e-08     1.55873e-08     1.55873e-08     1.55873e-08     1.55873e-08     1.55873e-08
82    0.000193269     1.45417e-08     1.45417e-08     1.45417e-08     1.45417e-08     1.45417e-08     1.45417e-08
86    0.000226994     1.68185e-08     1.68185e-08     1.68185e-08     1.68185e-08     1.68185e-08     1.68185e-08
90    0.000191972     1.41041e-08     1.41041e-08     1.41041e-08     1.41041e-08     1.41041e-08     1.41041e-08
94    0.000229589     1.68391e-08     1.68391e-08     1.68391e-08     1.68391e-08     1.68391e-08     1.68391e-08
98    0.000250342     1.84345e-08     1.84345e-08     1.84345e-08     1.84345e-08     1.84345e-08     1.84345e-08
102    0.00023348     1.733e-08     1.733e-08     1.733e-08     1.733e-08     1.733e-08     1.733e-08
106    0.000256828     1.93462e-08     1.93462e-08     1.93462e-08     1.93462e-08     1.93462e-08     1.93462e-08
110    0.000278879     2.1476e-08     2.1476e-08     2.1476e-08     2.1476e-08     2.1476e-08     2.1476e-08
114    0.000267205     2.13128e-08     2.13128e-08     2.13128e-08     2.13128e-08     2.13128e-08     2.13128e-08
118    0.000247748     2.0804e-08     2.0804e-08     2.0804e-08     2.0804e-08     2.0804e-08     2.0804e-08
122    0.000271096     2.45391e-08     2.45391e-08     2.45391e-08     2.45391e-08     2.45391e-08     2.45391e-08
126    0.000312604     3.09257e-08     3.09257e-08     3.09257e-08     3.09257e-08     3.09257e-08     3.09257e-08
130    0.000304821     3.40671e-08     3.40671e-08     3.40671e-08     3.40671e-08     3.40671e-08     3.40671e-08
134    0.000289256     3.80664e-08     3.80664e-08     3.80664e-08     3.80664e-08     3.80664e-08     3.80664e-08
138    0.000393025     6.18854e-08     6.18854e-08     6.18854e-08     6.18854e-08     6.18854e-08     6.18854e-08
142    0.000324278     6.34769e-08     6.34769e-08     6.34769e-08     6.34769e-08     6.34769e-08     6.34769e-08
146    0.000382648     9.6503e-08     9.6503e-08     9.6503e-08     9.6503e-08     9.6503e-08     9.6503e-08
150    0.0003593     1.25198e-07     1.25198e-07     1.25198e-07     1.25198e-07     1.25198e-07     1.25198e-07
154    0.000387836     2.05694e-07     2.05694e-07     2.05694e-07     2.05694e-07     2.05694e-07     2.05694e-07
158    0.000342437     3.35598e-07     3.35598e-07     3.35598e-07     3.35598e-07     3.35598e-07     3.35598e-07
162    0.000394322     1.01504e-06     1.01504e-06     1.01504e-06     1.01504e-06     1.01504e-06     1.01504e-06
166    0.00040859     2.00698e-06     2.00698e-06     2.00698e-06     2.00698e-06     2.00698e-06     2.00698e-06
170    0.000431938     2.88983e-06     2.88983e-06     2.88983e-06     2.88983e-06     2.88983e-06     2.88983e-06
174    0.000403401     3.31158e-06     3.31158e-06     3.31158e-06     3.31158e-06     3.31158e-06     3.31158e-06
178    0.000447503     4.30278e-06     4.30278e-06     4.30278e-06     4.30278e-06     4.30278e-06     4.30278e-06
182    0.000452692     5.27505e-06     5.27505e-06     5.27505e-06     5.27505e-06     5.27505e-06     5.27505e-06
186    0.000465663     6.55312e-06     6.55312e-06     6.55312e-06     6.55312e-06     6.55312e-06     6.55312e-06
190    0.000469554     7.69626e-06     7.69626e-06     7.69626e-06     7.69626e-06     7.69626e-06     7.69626e-06
194    0.000482525     8.89811e-06     8.89811e-06     8.89811e-06     8.89811e-06     8.89811e-06     8.89811e-06
198    0.000511062     1.04089e-05     1.04089e-05     1.04089e-05     1.04089e-05     1.04089e-05     1.04089e-05
202    0.0004488     1.00054e-05     1.00054e-05     1.00054e-05     1.00054e-05     1.00054e-05     1.00054e-05
206    0.000455286     1.1035e-05     1.1035e-05     1.1035e-05     1.1035e-05     1.1035e-05     1.1035e-05
210    0.000499388     1.30975e-05     1.30975e-05     1.30975e-05     0.000186336     0.00025826     0.000136286
214    0.000508467     1.43511e-05     1.43511e-05     1.43511e-05     0.000345803     0.000483537     0.000249971
218    0.000518844     1.57066e-05     1.57066e-05     1.57066e-05     0.000328777     0.000459246     0.00023804
222    0.000542192     1.75033e-05     1.75033e-05     1.75033e-05     0.000347172     0.0004848     0.000251419
226    0.000533112     1.83107e-05     1.83107e-05     1.83107e-05     0.000332328     0.000463519     0.000240934
230    0.000596671     2.17302e-05     2.17302e-05     2.17302e-05     0.000336344     0.000467853     0.000244672
234    0.000517547     1.99772e-05     1.99772e-05     1.99772e-05     0.000331344     0.000461549     0.000240551
238    0.000543489     2.22211e-05     2.22211e-05     2.22211e-05     0.000315534     0.000438249     0.000229918
242    0.00062391     2.69615e-05     2.69615e-05     2.69615e-05     0.000316779     0.000438189     0.000232023
246    0.000581106     2.64238e-05     2.64238e-05     2.64238e-05     0.000332315     0.000460572     0.00024275
250    0.000586294     2.80514e-05     2.80514e-05     2.80514e-05     0.000316217     0.00043699     0.000231832
254    0.000582403     2.93349e-05     2.93349e-05     2.93349e-05     0.000301413     0.000415267     0.000221782
258    0.000559055     2.95448e-05     2.95448e-05     2.95448e-05     0.000305878     0.000421231     0.000225067
262    0.000668012     3.70709e-05     3.70709e-05     3.70709e-05     0.000315538     0.000431604     0.000234149
266    0.000616128     3.5781e-05     3.5781e-05     3.5781e-05     0.000298566     0.000408112     0.000221743
270    0.000608345     3.69778e-05     3.69778e-05     3.69778e-05     0.000284459     0.000387769     0.000212007
274    0.000620019     3.93955e-05     3.93955e-05     3.93955e-05     0.000285986     0.000389118     0.00021366
278    0.000680983     4.51367e-05     4.51367e-05     4.51367e-05     0.000296252     0.000401453     0.000222477
282    0.000690063     4.77697e-05     4.77697e-05     4.77697e-05     0.000290362     0.000391996     0.00021903
286    0.000621316     4.48392e-05     4.48392e-05     4.48392e-05     0.000281251     0.000380112     0.000211779
290    0.000699143     5.24693e-05     5.24693e-05     5.24693e-05     0.000282508     0.000378707     0.000214871
294    0.000662824     5.17478e-05     5.17478e-05     5.17478e-05     0.000286344     0.000384586     0.000217274
298    0.000735462     5.97048e-05     5.97048e-05     5.97048e-05     0.00029075     0.000387723     0.000222601
302    0.000679686     5.71954e-05     5.71954e-05     5.71954e-05     0.000278771     0.000371899     0.000213296
306    0.00069136     6.04266e-05     6.04266e-05     6.04266e-05     0.000280479     0.000372892     0.000215476
310    0.000804209     7.28619e-05     7.28619e-05     7.28619e-05     0.000289535     0.000380433     0.000225548
314    0.000753621     7.07737e-05     7.07737e-05     7.07737e-05     0.000291606     0.000384142     0.000226405
318    0.000783455     7.61514e-05     7.61514e-05     7.61514e-05     0.000291273     0.000381326     0.00022777
322    0.000811991     8.16676e-05     8.16676e-05     8.16676e-05     0.000302116     0.000394298     0.00023705
326    0.000839231     8.72026e-05     8.72026e-05     8.72026e-05     0.000315313     0.000410568     0.000248033
330    0.000760107     8.15203e-05     8.15203e-05     8.15203e-05     0.000293733     0.000382106     0.000231246
334    0.00084831     9.38437e-05     9.38437e-05     9.38437e-05     0.000315857     0.0004079     0.000250666
338    0.000839231     9.57289e-05     9.57289e-05     9.57289e-05     0.00030824     0.000395797     0.000246075
342    0.000813288     9.56215e-05     9.56215e-05     9.56215e-05     0.000309942     0.000397234     0.000247707
346    0.000887224     0.000107916     0.000107916     0.000107916     0.000320214     0.000405418     0.000259182
350    0.000878144     0.000111118     0.000111118     0.000111118     0.000331398     0.000419343     0.000268274
354    0.000880738     0.000116497     0.000116497     0.000116497     0.000345168     0.000436621     0.000279538
358    0.000876847     0.000121593     0.000121593     0.000121593     0.000352451     0.000445322     0.000285911
362    0.000835339     0.000121294     0.000121294     0.000121294     0.000357424     0.000453301     0.000288868
366    0.000865173     0.000131253     0.000131253     0.000131253     0.000380568     0.000482233     0.000307935
370    0.000946891     0.000149783     0.000149783     0.000149783     0.000416942     0.000526307     0.000338851
374    0.00084831     0.000140049     0.000140049     0.000140049     0.000412776     0.000524919     0.000332766
378    0.000918354     0.000158169     0.000158169     0.000158169     0.000404261     0.000506008     0.000331774
382    0.00101693     0.000182238     0.000182238     0.000182238     0.000452114     0.000564505     0.000372152
386    0.000945594     0.000175944     0.000175944     0.000175944     0.000448274     0.000562242     0.000367281
390    0.000989695     0.000191048     0.000191048     0.000191048     0.000469794     0.000586986     0.000386601
394    0.00102083     0.000203906     0.000203906     0.000203906     0.000495722     0.000618888     0.000408371
398    0.00101434     0.000209387     0.000209387     0.000209387     0.000482481     0.00059818     0.000400499
402    0.00107012     0.000228275     0.000228275     0.000228275     0.000509253     0.000628936     0.000424538
406    0.00109736     0.000241884     0.000241884     0.000241884     0.000536517     0.000662544     0.000447402
410    0.00111162     0.00025278     0.00025278     0.00025278     0.000547524     0.000674091     0.000458104
414    0.0010766     0.00025197     0.00025197     0.00025197     0.000532591     0.000653509     0.000447217
418    0.00109217     0.000262938     0.000262938     0.000262938     0.000547641     0.000670724     0.000460783
422    0.00113886     0.000282144     0.000282144     0.000282144     0.000575439     0.000702919     0.000485593
426    0.00116091     0.000295148     0.000295148     0.000295148     0.000587836     0.000715574     0.000497891
430    0.00113108     0.000295238     0.000295238     0.000295238     0.000581506     0.000706861     0.0004933
434    0.00117259     0.000314076     0.000314076     0.000314076     0.000627526     0.000765154     0.000530735
438    0.00116221     0.000319118     0.000319118     0.000319118     0.000626105     0.000761202     0.000531137
442    0.00118167     0.000332569     0.000332569     0.000332569     0.000621452     0.000749257     0.000531727
446    0.00128284     0.000369756     0.000369756     0.000369756     0.000684988     0.000825193     0.000586692
450    0.00122318     0.000360743     0.000360743     0.000360743     0.000659063     0.000792345     0.00056572
454    0.00126857     0.000382546     0.000382546     0.000382546     0.000695823     0.000836245     0.000597549
458    0.00132435     0.000407876     0.000407876     0.000407876     0.000746654     0.000898826     0.000640201
462    0.00137623     0.000433152     0.000433152     0.000433152     0.00074419     0.000883981     0.000646383
466    0.00131786     0.000423627     0.000423627     0.000423627     0.000745113     0.000889542     0.000644008
470    0.00137364     0.000450735     0.000450735     0.000450735     0.000779339     0.000926992     0.000675952
474    0.0014372     0.000481038     0.000481038     0.000481038     0.000809328     0.000956972     0.000705948
478    0.00140607     0.000479864     0.000479864     0.000479864     0.000796209     0.000938732     0.000696436
482    0.00149557     0.000520507     0.000520507     0.000520507     0.000856735     0.0010089     0.000750327
486    0.00141774     0.000502624     0.000502624     0.000502624     0.000864407     0.00102878     0.000749587
490    0.00146703     0.000529935     0.000529935     0.000529935     0.000864201     0.0010165     0.000757882
494    0.00155264     0.000571048     0.000571048     0.000571048     0.000912853     0.0010689     0.000803953
498    0.00158377     0.000592853     0.000592853     0.000592853     0.00096796     0.00113941     0.000848325
502    0.00164474     0.000626393     0.000626393     0.000626393     0.000979234     0.0011409     0.000866505
506    0.00164344     0.000636845     0.000636845     0.000636845     0.0010136     0.00118671     0.000892944
510    0.00172645     0.000680381     0.000680381     0.000680381     0.00103482     0.00119822     0.000921017
514    0.00168754     0.000676407     0.000676407     0.000676407     0.00105513     0.00123034     0.000933212
518    0.00169273     0.000689926     0.000689926     0.000689926     0.0010857     0.00126946     0.00095794
522    0.00178353     0.00073868     0.00073868     0.00073868     0.00108361     0.00124442     0.000971933
526    0.00190027     0.000799568     0.000799568     0.000799568     0.00118508     0.00136511     0.00106007
530    0.00190935     0.00081594     0.00081594     0.00081594     0.00120086     0.00138078     0.00107593
534    0.00191583     0.000831003     0.000831003     0.000831003     0.00125375     0.00145146     0.00111646
538    0.0019288     0.000848945     0.000848945     0.000848945     0.00122955     0.0014076     0.0011059
542    0.00196253     0.000876742     0.000876742     0.000876742     0.00128712     0.00147921     0.00115369
546    0.0020196     0.000915791     0.000915791     0.000915791     0.00131921     0.00150825     0.00118791
550    0.00212596     0.000978575     0.000978575     0.000978575     0.00138452     0.00157502     0.00125222
554    0.00208316     0.000973602     0.000973602     0.000973602     0.00145085     0.00167523     0.0012951
558    0.00218174     0.00103458     0.00103458     0.00103458     0.00147363     0.00168055     0.00133009
562    0.00228421     0.00109736     0.00109736     0.00109736     0.00156     0.00177883     0.00140836
566    0.00224141     0.00109006     0.00109006     0.00109006     0.00154309     0.00175789     0.00139429
570    0.00244116     0.00120224     0.00120224     0.00120224     0.00166818     0.00188953     0.00151491
574    0.00236982     0.00118376     0.00118376     0.00118376     0.00164463     0.00186391     0.00149284
578    0.00245024     0.00124167     0.00124167     0.00124167     0.00173192     0.00196546     0.00157028
582    0.0024684     0.00126778     0.00126778     0.00126778     0.00174365     0.00197078     0.00158651
586    0.00268372     0.0013964     0.0013964     0.0013964     0.00189867     0.00213881     0.00173256
590    0.00275766     0.0014554     0.0014554     0.0014554     0.00198011     0.00223145     0.00180631
594    0.00284456     0.00152566     0.00152566     0.00152566     0.0021059     0.00238441     0.00191338
598    0.00290682     0.00158471     0.00158471     0.00158471     0.00214537     0.00241507     0.00195904
602    0.00290034     0.00160361     0.00160361     0.00160361     0.00222163     0.00251997     0.00201574
606    0.00286791     0.00160483     0.00160483     0.00160483     0.00218303     0.00246284     0.00199002
610    0.00295222     0.0016727     0.0016727     0.0016727     0.00225227     0.00253337     0.00205847
614    0.00299373     0.00172041     0.00172041     0.00172041     0.00231277     0.00260056     0.00211443
618    0.00321943     0.00187959     0.00187959     0.00187959     0.00251978     0.00283119     0.00230519
622    0.00327391     0.00194074     0.00194074     0.00194074     0.00255359     0.00285226     0.00234787
626    0.00321424     0.00193495     0.00193495     0.00193495     0.00258811     0.00290695     0.00236856
630    0.00334136     0.00204123     0.00204123     0.00204123     0.0027433     0.00308665     0.00250698
634    0.00345421     0.00214144     0.00214144     0.00214144     0.00283165     0.00316985     0.00259898
638    0.00364748     0.00229646     0.00229646     0.00229646     0.00301536     0.00336826     0.00277264
642    0.00367601     0.00235395     0.00235395     0.00235395     0.0030664     0.00341721     0.00282533
646    0.00369287     0.00240867     0.00240867     0.00240867     0.00310679     0.00345125     0.00287019
650    0.00384593     0.00255714     0.00255714     0.00255714     0.00328158     0.00363965     0.00303571
654    0.00391598     0.00265371     0.00265371     0.00265371     0.00341577     0.00379294     0.00315685
658    0.00402883     0.00278362     0.00278362     0.00278362     0.00354727     0.00392565     0.00328758
662    0.00409757     0.00288731     0.00288731     0.00288731     0.00364277     0.00401807     0.00338537
666    0.00418059     0.00300641     0.00300641     0.00300641     0.00378732     0.00417627     0.00352075
670    0.00412481     0.00303068     0.00303068     0.00303068     0.00384862     0.00425691     0.00356893
674    0.00435051     0.00326541     0.00326541     0.00326541     0.00405923     0.00445619     0.0037874
678    0.00434921     0.00334016     0.00334016     0.00334016     0.004113     0.00450002     0.00384807
682    0.0043985     0.00345686     0.00345686     0.00345686     0.00422697     0.00461328     0.00396264
686    0.00445687     0.00358743     0.00358743     0.00358743     0.00435577     0.00474172     0.00409172
690    0.0043985     0.00363204     0.00363204     0.00363204     0.00436619     0.00473576     0.00411349
694    0.00448541     0.0038089     0.0038089     0.0038089     0.00458403     0.00497525     0.00431673
698    0.0044452     0.00388603     0.00388603     0.00388603     0.00462334     0.00499649     0.00436856
702    0.00462679     0.00416494     0.00416494     0.00416494     0.00492975     0.00531808     0.00466485
706    0.00459437     0.0042644     0.0042644     0.0042644     0.00497818     0.00534124     0.00473061
710    0.00451135     0.00432239     0.00432239     0.00432239     0.00500787     0.00535711     0.00476982
714    0.004715     0.00467212     0.00467212     0.00467212     0.00534319     0.00568563     0.00510985
718    0.00448152     0.00459706     0.00459706     0.00459706     0.00523512     0.00556127     0.00501295
722    0.00447373     0.00474574     0.00474574     0.00474574     0.00533896     0.00564314     0.00513195
726    0.00436089     0.00478339     0.00478339     0.00478339     0.00533156     0.00561336     0.00513992
730    0.0042636     0.00483416     0.00483416     0.00483416     0.00533982     0.00560036     0.00516274
734    0.00437256     0.00513112     0.00513112     0.00513112     0.0056143     0.00586378     0.00544485
738    0.00406385     0.00493885     0.00493885     0.00493885     0.00535397     0.00556865     0.00520822
742    0.00412222     0.00518862     0.00518862     0.00518862     0.00556019     0.00575293     0.00542944
746    0.00394451     0.00514442     0.00514442     0.00514442     0.00545815     0.00562131     0.00534755
750    0.00391727     0.00528609     0.00528609     0.00528609     0.00556987     0.0057178     0.00546966
754    0.00372919     0.00519463     0.00519463     0.00519463     0.00541152     0.00533482     0.00552482
758    0.00367861     0.00527982     0.00527982     0.00527982     0.00545586     0.00539352     0.00554797
762    0.00364358     0.00538572     0.00538572     0.00538572     0.00549317     0.00545504     0.00554954
766    0.00361634     0.00550354     0.00550354     0.00550354     0.00556149     0.0055409     0.00559194
770    0.00332579     0.00520643     0.00520643     0.00520643     0.00521089     0.00519636     0.00522616
774    0.00334914     0.00538878     0.00538878     0.00538878     0.00534178     0.00531692     0.00535856
778    0.00304691     0.00502967     0.00502967     0.00502967     0.00493928     0.00489142     0.00497157
782    0.00297687     0.00502947     0.00502947     0.00502947     0.00487671     0.00479554     0.00493141
786    0.00293925     0.00507059     0.00507059     0.00507059     0.00487524     0.00477112     0.00494533
790    0.00281603     0.00495185     0.00495185     0.00495185     0.00471759     0.00459241     0.0048018
794    0.00264351     0.00473406     0.00473406     0.00473406     0.00446193     0.0043162     0.00455991
798    0.0024697     0.00450292     0.00450292     0.00450292     0.00420304     0.00404213     0.00431116
802    0.002471     0.00458225     0.00458225     0.00458225     0.00423683     0.00405096     0.00436162
806    0.0023789     0.00448228     0.00448228     0.00448228     0.004095     0.00388609     0.00423515
810    0.00234388     0.00448251     0.00448251     0.00448251     0.00406455     0.00383847     0.00421609
814    0.00209094     0.00405338     0.00405338     0.00405338     0.00364522     0.00342386     0.00379348
818    0.00202998     0.00398372     0.00398372     0.00398372     0.00355788     0.00332636     0.00371281
822    0.00195085     0.0038712     0.0038712     0.0038712     0.0034075     0.00315506     0.0035764
826    0.0020183     0.00404639     0.00404639     0.00404639     0.00352395     0.00323928     0.00371439
830    0.00182244     0.00369024     0.00369024     0.00369024     0.00318652     0.00291117     0.00337055
834    0.00176926     0.0036172     0.0036172     0.0036172     0.00310995     0.00283132     0.00329585
838    0.00177704     0.00366712     0.00366712     0.00366712     0.0031253     0.00282594     0.00332461
842    0.0016175     0.00336586     0.00336586     0.00336586     0.00283615     0.00254246     0.00303147
846    0.00150595     0.00315843     0.00315843     0.00315843     0.00264133     0.00235475     0.00283198
850    0.00146444     0.00309506     0.00309506     0.00309506     0.00255535     0.00225596     0.00275449
854    0.00138272     0.00294469     0.00294469     0.00294469     0.00241831     0.0021256     0.00261286
858    0.00132694     0.00284768     0.00284768     0.00284768     0.00230549     0.00200261     0.00250648
862    0.00127765     0.00276218     0.00276218     0.00276218     0.00222199     0.00191851     0.00242302
866    0.00129322     0.00281461     0.00281461     0.00281461     0.00225472     0.00193919     0.0024635
870    0.00117778     0.00257972     0.00257972     0.00257972     0.00205004     0.00175063     0.00224794
874    0.00115443     0.00254397     0.00254397     0.00254397     0.00200091     0.00169312     0.00220417
878    0.00102212     0.00226552     0.00226552     0.00226552     0.00176633     0.00148272     0.00195351
882    0.00100656     0.00224448     0.00224448     0.00224448     0.00173067     0.00143798     0.00192365
886    0.000996181     0.00223502     0.00223502     0.00223502     0.00172394     0.00143222     0.00191616
890    0.000931325     0.00210346     0.00210346     0.00210346     0.00160545     0.00132017     0.0017932
894    0.000909275     0.00206751     0.00206751     0.00206751     0.00156473     0.00127533     0.00175486
898    0.000784752     0.00179651     0.00179651     0.00179651     0.00134867     0.00108953     0.0015186
902    0.000786049     0.0018108     0.0018108     0.0018108     0.00135399     0.00108865     0.00152777
906    0.000811991     0.00188234     0.00188234     0.00188234     0.00140509     0.00112768     0.00158673
910    0.000810694     0.00189102     0.00189102     0.00189102     0.00141268     0.00113423     0.00159492
914    0.00073157     0.00171787     0.00171787     0.00171787     0.00125216     0.00098031     0.00142993
918    0.000717302     0.00169575     0.00169575     0.00169575     0.00122887     0.000955259     0.00140756
922    0.000716005     0.00170381     0.00170381     0.00170381     0.00123071     0.000951897     0.00141241
926    0.000621316     0.00148793     0.00148793     0.00148793     0.00106885     0.00082106     0.00123014
930    0.000610939     0.00147216     0.00147216     0.00147216     0.00103595     0.000777295     0.00120415
934    0.00059278     0.0014382     0.0014382     0.0014382     0.000992889     0.00072801     0.00116494
938    0.000587591     0.00143547     0.00143547     0.00143547     0.000990575     0.00072525     0.00116278
942    0.000569432     0.00140052     0.00140052     0.00140052     0.00097756     0.000724626     0.00114157
946    0.000582403     0.00144159     0.00144159     0.00144159     0.00100399     0.000741747     0.00117392
950    0.00050717     0.00126354     0.00126354     0.00126354     0.000873495     0.000639064     0.00102524
954    0.000453989     0.00113864     0.00113864     0.00113864     0.00077186     0.000550511     0.000914922
958    0.000496793     0.00125483     0.00125483     0.00125483     0.000848835     0.000602667     0.00100765
962    0.000491605     0.00125072     0.00125072     0.00125072     0.000862173     0.00062513     0.00101474
966    0.00040859     0.00104719     0.00104719     0.00104719     0.000715016     0.00051164     0.000845762
970    0.000403401     0.00104124     0.00104124     0.00104124     0.000691014     0.000475828     0.000829169
974    0.000409887     0.0010657     0.0010657     0.0010657     0.000697063     0.000469672     0.00084283
978    0.000386539     0.00101189     0.00101189     0.00101189     0.000680508     0.000475411     0.000811818
982    0.000393025     0.0010363     0.0010363     0.0010363     0.000679037     0.000457065     0.000820966
986    0.0003593     0.000954138     0.000954138     0.000954138     0.000620514     0.000412633     0.000753286
990    0.000358003     0.000958117     0.000958117     0.000958117     0.000632472     0.000429026     0.000762295
994    0.000373568     0.00100736     0.00100736     0.00100736     0.00064572     0.000419206     0.000790137
998    0.000351517     0.000954947     0.000954947     0.000954947     0.000609621     0.000392655     0.00074778
1002    0.000315198     0.000862924     0.000862924     0.000862924     0.000521867     0.00030671     0.000658675
1006    0.000303524     0.00083762     0.00083762     0.00083762     0.000522449     0.000323007     0.000649106
1010    0.000289256     0.000804665     0.000804665     0.000804665     0.00050707     0.000318124     0.000626917
1014    0.000290553     0.000814774     0.000814774     0.000814774     0.000509223     0.000314583     0.000632534
1018    0.000260719     0.000737106     0.000737106     0.000737106     0.000458964     0.000281202     0.000571437
1022    0.00029185     0.000831804     0.000831804     0.000831804     0.000523509     0.000325585     0.000648524
1026    0.000239965     0.000689547     0.000689547     0.000689547     0.000419742     0.000245953     0.000529376
1030    0.000267205     0.000774421     0.000774421     0.000774421     0.000477221     0.000285053     0.000598268
1034    0.000243857     0.000712717     0.000712717     0.000712717     0.000444225     0.000270026     0.000553805
1038    0.000234777     0.000691875     0.000691875     0.000691875     0.000423762     0.000249181     0.000533425
1042    0.000246451     0.000732645     0.000732645     0.000732645     0.000442628     0.000252859     0.000561604
1046    0.000206241     0.000618295     0.000618295     0.000618295     0.000360434     0.000191064     0.000466468
1050    0.000220509     0.00066634     0.00066634     0.00066634     0.000392775     0.000212464     0.000505506
1054    0.000241263     0.000735618     0.000735618     0.000735618     0.000451079     0.000262816     0.000568602
1058    0.000195864     0.000602369     0.000602369     0.000602369     0.000350926     0.00018391     0.000455024
1062    0.000176407     0.000547242     0.000547242     0.000547242     0.000322206     0.000171959     0.000415665
1066    0.000168624     0.000527581     0.000527581     0.000527581     0.000311391     0.0001665     0.00040138
1070    0.000154356     0.000487206     0.000487206     0.000487206     0.000283195     0.000145897     0.000368326
1074    0.000185487     0.000590541     0.000590541     0.000590541     0.000349576     0.000186774     0.000450359
1078    0.000185487     0.000595635     0.000595635     0.000595635     0.000357654     0.000196213     0.000457427
1082    0.000163436     0.000529758     0.000529758     0.000529758     0.000300088     0.000143448     0.000396686
1086    0.000146573     0.000479068     0.000479068     0.000479068     0.000266976     0.000121727     0.000356402
1090    0.000169921     0.000560401     0.000560401     0.000560401     0.000334791     0.000179647     0.00043015
1094    0.000146573     0.000487583     0.000487583     0.000487583     0.000274905     0.000128004     0.00036503
1098    0.000118037     0.000396056     0.000396056     0.000396056     0.00021496     8.93852e-05     0.00029187
1102    0.000140088     0.000474458     0.000474458     0.000474458     0.000261103     0.000112327     0.000352009
1106    0.000145276     0.000496299     0.000496299     0.000496299     0.000293358     0.000151301     0.00038003
1110    0.000120631     0.000415478     0.000415478     0.000415478     0.000229865     9.93642e-05     0.000309343
1114    0.000119334     0.000414968     0.000414968     0.000414968     0.000242293     0.00012034     0.000316422
1118    0.000137494     0.000482146     0.000482146     0.000482146     0.0002625     0.000106734     0.000357013
1122    0.000112849     0.000399229     0.000399229     0.000399229     0.000223935     9.89272e-05     0.000299613
1126    0.000114146     0.00040741     0.00040741     0.00040741     0.000220357     8.64179e-05     0.000301299
1130    0.000121928     0.000439106     0.000439106     0.000439106     0.000238082     9.34419e-05     0.000325319
1134    0.000108957     0.000395786     0.000395786     0.000395786     0.000222726     9.7672e-05     0.000298016
1138    0.00012582     0.000461153     0.000461153     0.000461153     0.000254251     0.000104139     0.000344471
1142    0.000106363     0.000393215     0.000393215     0.000393215     0.000217856     8.98953e-05     0.000294571
1146    0.000127117     0.000473963     0.000473963     0.000473963     0.000248616     8.3468e-05     0.000347437
1150    0.00011674     0.000439145     0.000439145     0.000439145     0.000234739     8.42653e-05     0.000324604
1154    8.43122e-05     0.000319821     0.000319821     0.000319821     0.000185178     8.56322e-05     0.000244518
1158    9.85804e-05     0.000377426     0.000377426     0.000377426     0.000216229     9.65273e-05     0.000287452
1162    0.000121928     0.000470707     0.000470707     0.000470707     0.000262312     0.000106656     0.000354694
1166    8.95006e-05     0.000348723     0.000348723     0.000348723     0.00017648     4.72193e-05     0.00025304
1170    9.20949e-05     0.000361727     0.000361727     0.000361727     0.000193017     6.59421e-05     0.000268162
1174    9.46891e-05     0.000375428     0.000375428     0.000375428     0.000208348     8.18176e-05     0.000282995
1178    8.82035e-05     0.000352668     0.000352668     0.000352668     0.000195825     7.66108e-05     0.000266043
1182    8.1718e-05     0.000329452     0.000329452     0.000329452     0.000172259     5.20822e-05     0.000242863
1186    7.0044e-05     0.000284803     0.000284803     0.000284803     0.000146604     4.04838e-05     0.000208825
1190    7.26382e-05     0.000297712     0.000297712     0.000297712     0.000155095     4.51382e-05     0.000219451
1194    6.09642e-05     0.00025206     0.00025206     0.00025206     0.000133867     4.23406e-05     0.000187335
1198    8.43122e-05     0.000351729     0.000351729     0.000351729     0.000178579     4.38621e-05     0.000257111
1202    5.44786e-05     0.000229167     0.000229167     0.000229167     0.0001238     4.13397e-05     0.000171743
1206    8.43122e-05     0.000357572     0.000357572     0.000357572     0.000185018     4.93916e-05     0.000263722
1210    7.52324e-05     0.000321857     0.000321857     0.000321857     0.000176546     6.18071e-05     0.000242991
1214    5.18844e-05     0.000223827     0.000223827     0.000223827     0.000100632     2.98841e-06     0.000157079
1218    6.22613e-05     0.000270807     0.000270807     0.000270807     0.000137783     3.18486e-05     0.000198894
1222    6.48555e-05     0.000284431     0.000284431     0.000284431     0.000153965     4.94548e-05     0.000214091
1226    6.61526e-05     0.000292623     0.000292623     0.000292623     0.000155332     4.4862e-05     0.00021876
1230    7.0044e-05     0.000312407     0.000312407     0.000312407     0.000166066     4.78402e-05     0.000233823
1234    5.70729e-05     0.000256728     0.000256728     0.000256728     0.000125532     1.90277e-05     0.000186435
1238    5.837e-05     0.000264635     0.000264635     0.000264635     0.000143728     4.51579e-05     0.000199982
1242    5.96671e-05     0.000272669     0.000272669     0.000272669     0.00013661     2.50515e-05     0.000200115
1246    6.09642e-05     0.000281177     0.000281177     0.000281177     0.000148245     3.87e-05     0.000210457
1250    4.6696e-05     0.000216977     0.000216977     0.000216977     0.000104713     1.18444e-05     0.000157363
1254    5.18844e-05     0.000243079     0.000243079     0.000243079     0.000113256     5.38619e-06     0.000174286
1258    4.41018e-05     0.000208321     0.000208321     0.000208321     9.93176e-05     8.35036e-06     0.000150678
1262    4.15075e-05     0.00019776     0.00019776     0.00019776     0.000101448     2.05968e-05     0.000146971
1266    4.92902e-05     0.000236515     0.000236515     0.000236515     0.000122823     2.69788e-05     0.000176685
1270    4.15075e-05     0.000200991     0.000200991     0.000200991     9.84175e-05     1.15159e-05     0.000147141
1274    5.44786e-05     0.000265683     0.000265683     0.000265683     0.00012962     1.38811e-05     0.000194389
1278    5.44786e-05     0.000267763     0.000267763     0.000267763     0.000134956     2.14799e-05     0.000198325
1282    3.76162e-05     0.000186465     0.000186465     0.000186465     8.98486e-05     6.80277e-06     0.000136092
1286    4.41018e-05     0.000220311     0.000220311     0.000220311     0.000108118     1.12681e-05     0.00016194
1290    3.24278e-05     0.000163392     0.000163392     0.000163392     7.6608e-05     1.29175e-06     0.000118361
1294    3.37249e-05     0.000171093     0.000171093     0.000171093     8.50721e-05     1.0155e-05     0.000126535
1298    4.28047e-05     0.000218803     0.000218803     0.000218803     0.000106414     8.08281e-06     0.000160715
1302    3.76162e-05     0.000193845     0.000193845     0.000193845     9.4031e-05     6.17644e-06     0.000142405
1306    4.41018e-05     0.000229031     0.000229031     0.000229031     0.000105771     -3.22108e-06     0.000165651
1310    4.53989e-05     0.0002376     0.0002376     0.0002376     0.00011896     1.35522e-05     0.000176739
1314    3.24278e-05     0.000171146     0.000171146     0.000171146     8.38744e-05     5.91773e-06     0.000126496
1318    2.98335e-05     0.000158677     0.000158677     0.000158677     7.6865e-05     3.54055e-06     0.000116887
1322    3.63191e-05     0.000194528     0.000194528     0.000194528     0.000103707     2.18177e-05     0.000148276
1326    3.5022e-05     0.000188936     0.000188936     0.000188936     9.30934e-05     6.25662e-06     0.000140243
1330    3.37249e-05     0.000183272     0.000183272     0.000183272     9.42698e-05     1.33288e-05     0.000138138
1334    4.15075e-05     0.000227313     0.000227313     0.000227313     0.000117648     1.73803e-05     0.000171848
1338    3.63191e-05     0.000200318     0.000200318     0.000200318     0.000103132     1.38907e-05     0.000151269
1342    2.72393e-05     0.000151364     0.000151364     0.000151364     7.65444e-05     7.42788e-06     0.000113719
1346    4.15075e-05     0.000232554     0.000232554     0.000232554     0.000124475     2.41574e-05     0.000178305
1350    2.59422e-05     0.000146401     0.000146401     0.000146401     7.06731e-05     5.77938e-08     0.000108477
1354    3.24278e-05     0.00018431     0.00018431     0.00018431     9.82731e-05     1.76574e-05     0.000141327
1358    3.24278e-05     0.000185739     0.000185739     0.000185739     8.98107e-05     -4.45231e-07     0.000137913
1362    2.20509e-05     0.000127149     0.000127149     0.000127149     5.08064e-05     -2.14609e-05     8.92071e-05
1366    2.20509e-05     0.000128197     0.000128197     0.000128197     6.35354e-05     2.03472e-06     9.61364e-05
1370    2.98335e-05     0.00017457     0.00017457     0.00017457     8.81447e-05     5.57266e-06     0.000131818
1374    3.89133e-05     0.000229472     0.000229472     0.000229472     0.000121586     1.79885e-05     0.000176243
1378    2.20509e-05     0.000130942     0.000130942     0.000130942     6.91087e-05     9.48847e-06     0.000100497
1382    3.63191e-05     0.000217134     0.000217134     0.000217134     9.91349e-05     -1.53431e-05     0.000159218
1386    1.29711e-05     7.81366e-05     7.81366e-05     7.81366e-05     4.12095e-05     5.20808e-06     6.00581e-05
1390    2.98335e-05     0.000181069     0.000181069     0.000181069     9.51372e-05     1.08962e-05     0.000139117
1394    1.42682e-05     8.71448e-05     8.71448e-05     8.71448e-05     4.10913e-05     -4.16273e-06     6.46889e-05
1398    3.11307e-05     0.000191438     0.000191438     0.000191438     9.58859e-05     1.46282e-06     0.000144983
1402    1.94567e-05     0.000120608     0.000120608     0.000120608     5.8505e-05     -3.24304e-06     9.05122e-05
1406    1.42682e-05     8.89457e-05     8.89457e-05     8.89457e-05     3.57561e-05     -1.73417e-05     6.32218e-05
1410    2.07538e-05     0.000130315     0.000130315     0.000130315     6.19661e-05     -6.62499e-06     9.73499e-05
1414    2.20509e-05     0.000139453     0.000139453     0.000139453     6.81506e-05     -3.72849e-06     0.000105145
1418    1.94567e-05     0.000123878     0.000123878     0.000123878     5.51918e-05     -1.43879e-05     9.09113e-05
1422    2.07538e-05     0.000133094     0.000133094     0.000133094     6.91317e-05     3.94238e-06     0.000102494
1426    1.94567e-05     0.000125424     0.000125424     0.000125424     5.8898e-05     -9.07079e-06     9.36381e-05
1430    2.59422e-05     0.000168552     0.000168552     0.000168552     8.27927e-05     -5.36305e-06     0.000127707
1434    1.81595e-05     0.000118808     0.000118808     0.000118808     5.69481e-05     -6.96658e-06     8.94263e-05
1438    1.55653e-05     0.000102608     0.000102608     0.000102608     5.31422e-05     1.78036e-06     7.91747e-05
1442    2.3348e-05     0.00015473     0.00015473     0.00015473     8.01282e-05     2.1868e-06     0.000119506
1446    1.68624e-05     0.000112706     0.000112706     0.000112706     5.81523e-05     8.79471e-07     8.70133e-05
1450    1.81595e-05     0.00012211     0.00012211     0.00012211     6.29474e-05     4.73194e-07     9.43326e-05
1454    5.18844e-06     3.51282e-05     3.51282e-05     3.51282e-05     1.81033e-05     3.68692e-08     2.71559e-05
1458    1.03769e-05     7.06412e-05     7.06412e-05     7.06412e-05     3.16787e-05     -9.79743e-06     5.24268e-05
1462    1.81595e-05     0.000124447     0.000124447     0.000124447     5.92129e-05     -1.06633e-05     9.40507e-05
1466    1.29711e-05     8.95298e-05     8.95298e-05     8.95298e-05     4.5941e-05     -9.83878e-07     6.92742e-05
1470    1.1674e-05     8.10863e-05     8.10863e-05     8.10863e-05     2.89539e-05     -2.74183e-05     5.69189e-05
1474    1.1674e-05     8.15999e-05     8.15999e-05     8.15999e-05     4.18259e-05     -1.40431e-06     6.32127e-05
1478    6.48555e-06     4.5676e-05     4.5676e-05     4.5676e-05     1.8657e-05     -1.08333e-05     3.32133e-05
1482    1.29711e-05     9.18709e-05     9.18709e-05     9.18709e-05     4.54399e-05     -5.55647e-06     7.05272e-05
1486    2.59422e-06     1.84818e-05     1.84818e-05     1.84818e-05     1.53213e-06     -1.72004e-05     1.0717e-05
1490    2.20509e-05     0.000158206     0.000158206     0.000158206     8.08485e-05     -4.93213e-06     0.000122832
1494    1.03769e-05     7.49747e-05     7.49747e-05     7.49747e-05     3.82227e-05     -2.78149e-06     5.82247e-05
1498    1.1674e-05     8.48465e-05     8.48465e-05     8.48465e-05     4.31791e-05     -3.45512e-06     6.58886e-05
1502    1.81595e-05     0.000132814     0.000132814     0.000132814     6.29443e-05     -1.57483e-05     0.000101134
1506    1.94567e-05     0.000143086     0.000143086     0.000143086     7.28651e-05     -6.58738e-06     0.000111329
1510    5.18844e-06     3.84366e-05     3.84366e-05     3.84366e-05     1.31955e-05     -1.55588e-05     2.7064e-05
1514    1.03769e-05     7.72972e-05     7.72972e-05     7.72972e-05     2.81496e-05     -2.80084e-05     5.51899e-05
1518    3.89133e-06     2.91356e-05     2.91356e-05     2.91356e-05     9.99529e-06     -1.19732e-05     2.05471e-05
1522    1.81595e-05     0.000136921     0.000136921     0.000136921     6.95796e-05     -8.20488e-06     0.00010681
1526    7.78266e-06     5.90536e-05     5.90536e-05     5.90536e-05     2.99361e-05     -3.91041e-06     4.60797e-05
1530    1.42682e-05     0.000108861     0.000108861     0.000108861     5.03501e-05     -1.77714e-05     8.28131e-05
1534    1.29711e-05     9.95566e-05     9.95566e-05     9.95566e-05     5.03276e-05     -7.25788e-06     7.76984e-05
1538    9.07977e-06     7.01648e-05     7.01648e-05     7.01648e-05     3.38624e-05     -8.86951e-06     5.41033e-05
1542    1.03769e-05     8.06804e-05     8.06804e-05     8.06804e-05     3.59488e-05     -1.70399e-05     6.09592e-05
1546    1.94567e-05     0.000152108     0.000152108     0.000152108     7.35112e-05     -2.00347e-05     0.000117548
1550    5.18844e-06     4.08415e-05     4.08415e-05     4.08415e-05     1.25677e-05     -2.12766e-05     2.84492e-05
1554    7.78266e-06     6.15819e-05     6.15819e-05     6.15819e-05     2.6238e-05     -1.62398e-05     4.61261e-05
1558    2.59422e-06     2.06895e-05     2.06895e-05     2.06895e-05     2.37897e-06     -1.97261e-05     1.27027e-05
1562    7.78266e-06     6.23259e-05     6.23259e-05     6.23259e-05     2.49863e-05     -2.03785e-05     4.60969e-05
1566    6.48555e-06     5.23265e-05     5.23265e-05     5.23265e-05     2.14557e-05     -1.62867e-05     3.89573e-05
1570    7.78266e-06     6.3041e-05     6.3041e-05     6.3041e-05     2.68569e-05     -1.74624e-05     4.7387e-05
1574    9.07977e-06     7.3973e-05     7.3973e-05     7.3973e-05     3.723e-05     -7.97511e-06     5.81177e-05
1578    9.07977e-06     7.44624e-05     7.44624e-05     7.44624e-05     3.25703e-05     -1.92991e-05     5.64497e-05
1582    1.29711e-06     1.06832e-05     1.06832e-05     1.06832e-05     5.36949e-06     -1.25087e-06     8.40672e-06
1586    7.78266e-06     6.44466e-05     6.44466e-05     6.44466e-05     2.2688e-05     -2.9543e-05     4.65962e-05
1590    1.1674e-05     9.73538e-05     9.73538e-05     9.73538e-05     4.88846e-05     -1.20994e-05     7.6705e-05
1594    5.18844e-06     4.35042e-05     4.35042e-05     4.35042e-05     2.18379e-05     -5.54203e-06     3.42971e-05
1598    3.89133e-06     3.28333e-05     3.28333e-05     3.28333e-05     1.64515e-05     -4.34868e-06     2.58907e-05
1602    7.78266e-06     6.60056e-05     6.60056e-05     6.60056e-05     2.8258e-05     -1.99714e-05     5.00662e-05
1606    1.81595e-05     0.000154981     0.000154981     0.000154981     7.77059e-05     -2.14241e-05     0.000122428
1610    5.18844e-06     4.45815e-05     4.45815e-05     4.45815e-05     1.75551e-05     -1.74106e-05     3.32525e-05
1614    2.59422e-06     2.2359e-05     2.2359e-05     2.2359e-05     6.39288e-06     -1.42635e-05     1.56663e-05
1618    2.59422e-06     2.2512e-05     2.2512e-05     2.2512e-05     6.42322e-06     -1.45225e-05     1.57924e-05
1622    3.89133e-06     3.39736e-05     3.39736e-05     3.39736e-05     1.69813e-05     -5.2813e-06     2.69023e-05
1626    6.48555e-06     5.68624e-05     5.68624e-05     5.68624e-05     2.84433e-05     -8.92886e-06     4.50621e-05
1630    6.48555e-06     5.72391e-05     5.72391e-05     5.72391e-05     2.86551e-05     -9.168e-06     4.5414e-05
1634    7.78266e-06     6.90201e-05     6.90201e-05     6.90201e-05     3.45601e-05     -1.11512e-05     5.47851e-05
1638    1.1674e-05     0.000104271     0.000104271     0.000104271     5.20615e-05     -1.76356e-05     8.27832e-05
1642    5.18844e-06     4.64958e-05     4.64958e-05     4.64958e-05     2.32351e-05     -8.00899e-06     3.69576e-05
1646    5.18844e-06     4.67962e-05     4.67962e-05     4.67962e-05     2.33619e-05     -8.3147e-06     3.72222e-05
1650    9.07977e-06     8.23206e-05     8.23206e-05     8.23206e-05     3.62952e-05     -2.61572e-05     6.356e-05
1654    5.18844e-06     4.7299e-05     4.7299e-05     4.7299e-05     2.36408e-05     -8.6386e-06     3.76873e-05
1658    6.48555e-06     5.94489e-05     5.94489e-05     5.94489e-05     2.48117e-05     -2.25945e-05     4.5403e-05
1662    2.59422e-06     2.39123e-05     2.39123e-05     2.39123e-05     1.198e-05     -4.45401e-06     1.90916e-05
1666    5.18844e-06     4.8056e-05     4.8056e-05     4.8056e-05     2.40375e-05     -9.19549e-06     3.83797e-05
1670    7.78266e-06     7.25658e-05     7.25658e-05     7.25658e-05     3.62488e-05     -1.43449e-05     5.79938e-05
1674    6.48555e-06     6.07375e-05     6.07375e-05     6.07375e-05     3.03415e-05     -1.21546e-05     4.85672e-05
1678    1.29711e-06     1.22064e-05     1.22064e-05     1.22064e-05     6.09957e-06     -2.47027e-06     9.76678e-06
1682    6.48555e-06     6.13656e-05     6.13656e-05     6.13656e-05     3.06423e-05     -1.27442e-05     4.91379e-05
1686    3.89133e-06     3.70356e-05     3.70356e-05     3.70356e-05     1.84948e-05     -7.85313e-06     2.96842e-05
1690    0     0     0     0     0     0     0
1694    3.89133e-06     3.73965e-05     3.73965e-05     3.73965e-05     1.38201e-05     -1.99348e-05     2.80914e-05
1698    5.18844e-06     5.01626e-05     5.01626e-05     5.01626e-05     2.50788e-05     -1.1013e-05     4.02925e-05
1702    6.48555e-06     6.29211e-05     6.29211e-05     6.29211e-05     2.65274e-05     -2.61636e-05     4.86553e-05
1706    2.59422e-06     2.53622e-05     2.53622e-05     2.53622e-05     1.26587e-05     -5.84976e-06     2.04014e-05
1710    1.29711e-06     1.27014e-05     1.27014e-05     1.27014e-05     6.33951e-06     -2.92956e-06     1.02171e-05
1714    2.59422e-06     2.55769e-05     2.55769e-05     2.55769e-05     1.27738e-05     -5.99724e-06     2.05965e-05
1718    1.29711e-06     1.284e-05     1.284e-05     1.284e-05     6.42456e-06     -3.0399e-06     1.03539e-05
1722    2.59422e-06     2.5838e-05     2.5838e-05     2.5838e-05     1.2944e-05     -6.19789e-06     2.08604e-05
1726    5.18844e-06     5.18947e-05     5.18947e-05     5.18947e-05     2.43689e-05     -1.66156e-05     4.12881e-05
1730    6.48555e-06     6.52444e-05     6.52444e-05     6.52444e-05     3.26554e-05     -1.62122e-05     5.27414e-05
1734    1.29711e-06     1.31097e-05     1.31097e-05     1.31097e-05     6.56281e-06     -3.27902e-06     1.06018e-05
1738    3.89133e-06     3.95165e-05     3.95165e-05     3.95165e-05     1.97944e-05     -1.00376e-05     3.1991e-05
1742    5.18844e-06     5.29975e-05     5.29975e-05     5.29975e-05     2.66392e-05     -1.34837e-05     4.29787e-05
1746    6.48555e-06     6.65585e-05     6.65585e-05     6.65585e-05     3.33664e-05     -1.74136e-05     5.39813e-05
1750    6.48555e-06     6.68385e-05     6.68385e-05     6.68385e-05     3.35015e-05     -1.76272e-05     5.4226e-05
1754    2.59422e-06     2.68973e-05     2.68973e-05     2.68973e-05     1.35033e-05     -7.20553e-06     2.18556e-05
1758    5.18844e-06     5.40751e-05     5.40751e-05     5.40751e-05     2.71356e-05     -1.4646e-05     4.39543e-05
1762    5.18844e-06     5.43093e-05     5.43093e-05     5.43093e-05     2.7277e-05     -1.49117e-05     4.41936e-05
1766    2.59422e-06     2.72942e-05     2.72942e-05     2.72942e-05     1.36799e-05     -7.70058e-06     2.22196e-05
1770    0     0     0     0     0     0     0
1774    3.89133e-06     4.13141e-05     4.13141e-05     4.13141e-05     1.59041e-05     -2.42482e-05     3.18796e-05
1778    0     0     0     0     0     0     0
1782    1.29711e-06     1.39246e-05     1.39246e-05     1.39246e-05     7.01353e-06     -4.04374e-06     1.13787e-05
1786    9.07977e-06     9.77987e-05     9.77987e-05     9.77987e-05     4.91464e-05     -2.91122e-05     7.99366e-05
1790    2.59422e-06     2.80961e-05     2.80961e-05     2.80961e-05     9.33665e-06     -2.10544e-05     2.12398e-05
1794    2.59422e-06     2.82017e-05     2.82017e-05     2.82017e-05     1.42118e-05     -8.4524e-06     2.30887e-05
1798    1.1674e-05     0.000127431     0.000127431     0.000127431     6.43101e-05     -3.85891e-05     0.000104453
1802    3.89133e-06     4.27077e-05     4.27077e-05     4.27077e-05     2.15122e-05     -1.32546e-05     3.5022e-05
1806    3.89133e-06     4.28504e-05     4.28504e-05     4.28504e-05     1.67722e-05     -2.60772e-05     3.34045e-05
1810    3.89133e-06     4.31048e-05     4.31048e-05     4.31048e-05     2.17448e-05     -1.3586e-05     3.54004e-05
1814    0     0     0     0     0     0     0
1818    5.18844e-06     5.79706e-05     5.79706e-05     5.79706e-05     2.92399e-05     -1.87774e-05     4.76761e-05
1822    5.18844e-06     5.82081e-05     5.82081e-05     5.82081e-05     2.93948e-05     -1.90557e-05     4.79246e-05
1826    1.29711e-06     1.46073e-05     1.46073e-05     1.46073e-05     7.37664e-06     -4.78203e-06     1.20267e-05
1830    5.18844e-06     5.88447e-05     5.88447e-05     5.88447e-05     2.97836e-05     -1.9614e-05     4.85451e-05
1834    1.29711e-06     1.47608e-05     1.47608e-05     1.47608e-05     7.47308e-06     -4.93369e-06     1.21805e-05
1838    3.89133e-06     4.44702e-05     4.44702e-05     4.44702e-05     2.25408e-05     -1.50202e-05     3.67371e-05
1842    3.89133e-06     4.47197e-05     4.47197e-05     4.47197e-05     1.7854e-05     -2.84436e-05     3.52835e-05
1846    1.29711e-06     1.49659e-05     1.49659e-05     1.49659e-05     2.84377e-06     -1.81766e-05     1.07251e-05
1850    2.59422e-06     3.00551e-05     3.00551e-05     3.00551e-05     1.52967e-05     -1.02954e-05     2.48921e-05
1854    2.59422e-06     3.01922e-05     3.01922e-05     3.01922e-05     1.53147e-05     -1.0639e-05     2.50084e-05
1858    0     0     0     0     0     0     0
1862    0     0     0     0     0     0     0
1866    3.89133e-06     4.59265e-05     4.59265e-05     4.59265e-05     1.86026e-05     -2.99503e-05     3.65194e-05
1870    3.89133e-06     4.61976e-05     4.61976e-05     4.61976e-05     2.35618e-05     -1.69034e-05     3.84355e-05
1874    0     0     0     0     0     0     0
1878    2.59422e-06     3.10193e-05     3.10193e-05     3.10193e-05     1.58516e-05     -1.14268e-05     2.58388e-05
1882    1.29711e-06     1.55453e-05     1.55453e-05     1.55453e-05     3.16596e-06     -1.92345e-05     1.13342e-05
1886    0     0     0     0     0     0     0
1890    3.89133e-06     4.71118e-05     4.71118e-05     4.71118e-05     2.40658e-05     -1.79732e-05     3.93138e-05
1894    1.29711e-06     1.58046e-05     1.58046e-05     1.58046e-05     8.11015e-06     -6.06684e-06     1.32183e-05
1898    0     0     0     0     -3.15873e-06     -8.97868e-06     -1.06172e-06
1902    1.29711e-06     1.59487e-05     1.59487e-05     1.59487e-05     8.1805e-06     -6.21862e-06     1.3348e-05
1906    1.29711e-06     1.60048e-05     1.60048e-05     1.60048e-05     8.22015e-06     -6.29556e-06     1.34091e-05
1910    1.29711e-06     1.60411e-05     1.60411e-05     1.60411e-05     8.2388e-06     -6.30984e-06     1.34395e-05
1914    1.29711e-06     1.61349e-05     1.61349e-05     1.61349e-05     8.29711e-06     -6.40544e-06     1.35319e-05
1918    1.29711e-06     1.61759e-05     1.61759e-05     1.61759e-05     8.32847e-06     -6.47965e-06     1.35801e-05
1922    2.59422e-06     3.25129e-05     3.25129e-05     3.25129e-05     1.67619e-05     -1.31376e-05     2.73234e-05
1926    1.29711e-06     1.63466e-05     1.63466e-05     1.63466e-05     8.45103e-06     -6.62611e-06     1.37556e-05
1930    2.59422e-06     3.28004e-05     3.28004e-05     3.28004e-05     1.69551e-05     -1.33921e-05     2.7611e-05
1934    2.59422e-06     3.28801e-05     3.28801e-05     3.28801e-05     1.69938e-05     -1.3521e-05     2.76877e-05
1938    1.29711e-06     1.65532e-05     1.65532e-05     1.65532e-05     8.56947e-06     -6.8565e-06     1.3954e-05
1942    0     0     0     0     0     0     0
1946    2.59422e-06     3.33012e-05     3.33012e-05     3.33012e-05     1.25793e-05     -2.77493e-05     2.65878e-05
1950    1.29711e-06     1.67628e-05     1.67628e-05     1.67628e-05     8.69718e-06     -7.16341e-06     1.41682e-05
1954    2.59422e-06     3.36034e-05     3.36034e-05     3.36034e-05     1.74347e-05     -1.43601e-05     2.84021e-05
1958    2.59422e-06     3.37772e-05     3.37772e-05     3.37772e-05     1.75679e-05     -1.44943e-05     2.85834e-05
1962    0     0     0     0     0     0     0
1966    0     0     0     0     0     0     0
1970    2.59422e-06     3.41671e-05     3.41671e-05     3.41671e-05     1.78047e-05     -1.50317e-05     2.8976e-05
1974    1.29711e-06     1.71612e-05     1.71612e-05     1.71612e-05     8.95409e-06     -7.5636e-06     1.45626e-05
1978    0     0     0     0     0     0     0
1982    0     0     0     0     0     0     0
1986    0     0     0     0     -4.6285e-06     -1.41056e-05     -1.44827e-06
1990    1.29711e-06     1.74256e-05     1.74256e-05     1.74256e-05     9.12814e-06     -7.8614e-06     1.48293e-05
1994    0     0     0     0     0     0     0
1998    1.29711e-06     1.75994e-05     1.75994e-05     1.75994e-05     9.20817e-06     -8.07176e-06     1.49841e-05
2002    1.29711e-06     1.76498e-05     1.76498e-05     1.76498e-05     1.76498e-05     1.76498e-05     1.76498e-05
2006    1.29711e-06     1.7733e-05     1.7733e-05     1.7733e-05     1.7733e-05     1.7733e-05     1.7733e-05
2010    1.29711e-06     1.77834e-05     1.77834e-05     1.77834e-05     1.77834e-05     1.77834e-05     1.77834e-05
2014    0     0     0     0     0     0     0
2018    2.59422e-06     3.58189e-05     3.58189e-05     3.58189e-05     3.58189e-05     3.58189e-05     3.58189e-05
2022    2.59422e-06     3.60076e-05     3.60076e-05     3.60076e-05     3.60076e-05     3.60076e-05     3.60076e-05
2026    0     0     0     0     0     0     0
2030    1.29711e-06     1.81087e-05     1.81087e-05     1.81087e-05     1.81087e-05     1.81087e-05     1.81087e-05
2034    0     0     0     0     0     0     0
2038    0     0     0     0     0     0     0
2042    1.29711e-06     1.83592e-05     1.83592e-05     1.83592e-05     1.83592e-05     1.83592e-05     1.83592e-05
2046    0     0     0     0     0     0     0
2050    3.89133e-06     5.54526e-05     5.54526e-05     5.54526e-05     5.54526e-05     5.54526e-05     5.54526e-05
2054    1.29711e-06     1.85229e-05     1.85229e-05     1.85229e-05     1.85229e-05     1.85229e-05     1.85229e-05
2058    0     0     0     0     0     0     0
2062    0     0     0     0     0     0     0
2066    1.29711e-06     1.87412e-05     1.87412e-05     1.87412e-05     1.87412e-05     1.87412e-05     1.87412e-05
2070    1.29711e-06     1.88325e-05     1.88325e-05     1.88325e-05     1.88325e-05     1.88325e-05     1.88325e-05
2074    0     0     0     0     0     0     0
2078    0     0     0     0     0     0     0
2082    0     0     0     0     0     0     0
2086    1.29711e-06     1.91436e-05     1.91436e-05     1.91436e-05     1.91436e-05     1.91436e-05     1.91436e-05
2090    0     0     0     0     0     0     0
2094    0     0     0     0     0     0     0
2098    0     0     0     0     0     0     0
2102    2.59422e-06     3.88049e-05     3.88049e-05     3.88049e-05     3.88049e-05     3.88049e-05     3.88049e-05
2106    1.29711e-06     1.94409e-05     1.94409e-05     1.94409e-05     1.94409e-05     1.94409e-05     1.94409e-05
2110    0     0     0     0     0     0     0
2114    1.29711e-06     1.96285e-05     1.96285e-05     1.96285e-05     1.96285e-05     1.96285e-05     1.96285e-05
2118    1.29711e-06     1.96851e-05     1.96851e-05     1.96851e-05     1.96851e-05     1.96851e-05     1.96851e-05
2122    0     0     0     0     0     0     0
2126    1.29711e-06     1.98028e-05     1.98028e-05     1.98028e-05     1.98028e-05     1.98028e-05     1.98028e-05
2130    3.89133e-06     5.96742e-05     5.96742e-05     5.96742e-05     5.96742e-05     5.96742e-05     5.96742e-05
2134    0     0     0     0     0     0     0
2138    0     0     0     0     0     0     0
2142    2.59422e-06     4.02256e-05     4.02256e-05     4.02256e-05     4.02256e-05     4.02256e-05     4.02256e-05
2146    0     0     0     0     0     0     0
2150    0     0     0     0     0     0     0
2154    1.29711e-06     2.03422e-05     2.03422e-05     2.03422e-05     2.03422e-05     2.03422e-05     2.03422e-05
2158    0     0     0     0     0     0     0
2162    0     0     0     0     0     0     0
2166    1.29711e-06     2.05413e-05     2.05413e-05     2.05413e-05     2.05413e-05     2.05413e-05     2.05413e-05
2170    1.29711e-06     2.05795e-05     2.05795e-05     2.05795e-05     2.05795e-05     2.05795e-05     2.05795e-05
2174    1.29711e-06     2.06802e-05     2.06802e-05     2.06802e-05     2.06802e-05     2.06802e-05     2.06802e-05
2178    1.29711e-06     2.07481e-05     2.07481e-05     2.07481e-05     2.07481e-05     2.07481e-05     2.07481e-05
2182    0     0     0     0     0     0     0
2186    0     0     0     0     0     0     0
2190    0     0     0     0     0     0     0
2194    0     0     0     0     0     0     0
2198    0     0     0     0     0     0     0
2202    0     0     0     0     0     0     0
2206    0     0     0     0     0     0     0
2210    2.59422e-06     4.26022e-05     4.26022e-05     4.26022e-05     4.26022e-05     4.26022e-05     4.26022e-05
2214    1.29711e-06     2.13814e-05     2.13814e-05     2.13814e-05     2.13814e-05     2.13814e-05     2.13814e-05
2218    0     0     0     0     0     0     0
2222    0     0     0     0     0     0     0
2226    0     0     0     0     0     0     0
2230    0     0     0     0     0     0     0
2234    1.29711e-06     2.17636e-05     2.17636e-05     2.17636e-05     2.17636e-05     2.17636e-05     2.17636e-05
2238    1.29711e-06     2.18204e-05     2.18204e-05     2.18204e-05     2.18204e-05     2.18204e-05     2.18204e-05
2242    0     0     0     0     0     0     0
2246    2.59422e-06     4.3975e-05     4.3975e-05     4.3975e-05     4.3975e-05     4.3975e-05     4.3975e-05
2250    0     0     0     0     0     0     0
2254    0     0     0     0     0     0     0
2258    0     0     0     0     0     0     0
2262    0     0     0     0     0     0     0
2266    0     0     0     0     0     0     0
2270    0     0     0     0     0     0     0
2274    0     0     0     0     0     0     0
2278    1.29711e-06     2.25704e-05     2.25704e-05     2.25704e-05     2.25704e-05     2.25704e-05     2.25704e-05
2282    0     0     0     0     0     0     0
2286    1.29711e-06     2.26989e-05     2.26989e-05     2.26989e-05     2.26989e-05     2.26989e-05     2.26989e-05
2290    0     0     0     0     0     0     0
2294    0     0     0     0     0     0     0
2298    0     0     0     0     0     0     0
2302    0     0     0     0     0     0     0
2306    0     0     0     0     0     0     0
2310    0     0     0     0     0     0     0
2314    1.29711e-06     2.31624e-05     2.31624e-05     2.31624e-05     2.31624e-05     2.31624e-05     2.31624e-05
2318    2.59422e-06     4.65452e-05     4.65452e-05     4.65452e-05     4.65452e-05     4.65452e-05     4.65452e-05
2322    0     0     0     0     0     0     0
2326    0     0     0     0     0     0     0
2330    0     0     0     0     0     0     0
2334    0     0     0     0     0     0     0
2338    0     0     0     0     0     0     0
2342    0     0     0     0     0     0     0
2346    0     0     0     0     0     0     0
2350    0     0     0     0     0     0     0
2354    0     0     0     0     0     0     0
2358    0     0     0     0     0     0     0
2362    0     0     0     0     0     0     0
2366    0     0     0     0     0     0     0
2370    0     0     0     0     0     0     0
2374    1.29711e-06     2.42964e-05     2.42964e-05     2.42964e-05     2.42964e-05     2.42964e-05     2.42964e-05
2378    0     0     0     0     0     0     0
2382    0     0     0     0     0     0     0
2386    0     0     0     0     0     0     0
2390    1.29711e-06     2.45579e-05     2.45579e-05     2.45579e-05     2.45579e-05     2.45579e-05     2.45579e-05
2394    0     0     0     0     0     0     0
2398    0     0     0     0     0     0     0
2402    1.29711e-06     2.48236e-05     2.48236e-05     2.48236e-05     2.48236e-05     2.48236e-05     2.48236e-05
2406    0     0     0     0     0     0     0
2410    2.59422e-06     4.98899e-05     4.98899e-05     4.98899e-05     4.98899e-05     4.98899e-05     4.98899e-05
2414    0     0     0     0     0     0     0
2418    0     0     0     0     0     0     0
2422    0     0     0     0     0     0     0
2426    0     0     0     0     0     0     0
2430    0     0     0     0     0     0     0
2434    0     0     0     0     0     0     0
2438    1.29711e-06     2.54988e-05     2.54988e-05     2.54988e-05     2.54988e-05     2.54988e-05     2.54988e-05
2442    0     0     0     0     0     0     0
2446    1.29711e-06     2.56335e-05     2.56335e-05     2.56335e-05     2.56335e-05     2.56335e-05     2.56335e-05
2450    0     0     0     0     0     0     0
2454    0     0     0     0     0     0     0
2458    0     0     0     0     0     0     0
2462    0     0     0     0     0     0     0
2466    0     0     0     0     0     0     0
2470    0     0     0     0     0     0     0
2474    0     0     0     0     0     0     0
2478    0     0     0     0     0     0     0
2482    0     0     0     0     0     0     0
2486    0     0     0     0     0     0     0
2490    0     0     0     0     0     0     0
2494    0     0     0     0     0     0     0
2498    0     0     0     0     0     0     0
2502    0     0     0     0     0     0     0
2506    0     0     0     0     0     0     0
2510    0     0     0     0     0     0     0
2514    1.29711e-06     2.6869e-05     2.6869e-05     2.6869e-05     2.6869e-05     2.6869e-05     2.6869e-05
2518    0     0     0     0     0     0     0
2522    0     0     0     0     0     0     0
2526    0     0     0     0     0     0     0
2530    0     0     0     0     0     0     0
2534    0     0     0     0     0     0     0
2538    0     0     0     0     0     0     0
2542    0     0     0     0     0     0     0
2546    0     0     0     0     0     0     0
2550    0     0     0     0     0     0     0
2554    0     0     0     0     0     0     0
2558    0     0     0     0     0     0     0
2562    0     0     0     0     0     0     0
2566    0     0     0     0     0     0     0
2570    0     0     0     0     0     0     0
2574    0     0     0     0     0     0     0
2578    0     0     0     0     0     0     0
2582    0     0     0     0     0     0     0
2586    0     0     0     0     0     0     0
2590    0     0     0     0     0     0     0
2594    0     0     0     0     0     0     0
2598    0     0     0     0     0     0     0
2602    0     0     0     0     0     0     0
2606    0     0     0     0     0     0     0
2610    0     0     0     0     0     0     0
2614    0     0     0     0     0     0     0
2618    0     0     0     0     0     0     0
2622    0     0     0     0     0     0     0
2626    0     0     0     0     0     0     0
2630    0     0     0     0     0     0     0
2634    0     0     0     0     0     0     0
2638    1.29711e-06     2.91533e-05     2.91533e-05     2.91533e-05     2.91533e-05     2.91533e-05     2.91533e-05
2642    0     0     0     0     0     0     0
2646    0     0     0     0     0     0     0
2650    0     0     0     0     0     0     0
2654    0     0     0     0     0     0     0
2658    0     0     0     0     0     0     0
2662    0     0     0     0     0     0     0
2666    0     0     0     0     0     0     0
2670    0     0     0     0     0     0     0
2674    1.29711e-06     2.98288e-05     2.98288e-05     2.98288e-05     2.98288e-05     2.98288e-05     2.98288e-05
2678    0     0     0     0     0     0     0
2682    0     0     0     0     0     0     0
2686    0     0     0     0     0     0     0
2690    1.29711e-06     3.01694e-05     3.01694e-05     3.01694e-05     3.01694e-05     3.01694e-05     3.01694e-05
2694    0     0     0     0     0     0     0
2698    0     0     0     0     0     0     0
2702    0     0     0     0     0     0     0
2706    0     0     0     0     0     0     0
2710    0     0     0     0     0     0     0
2714    0     0     0     0     0     0     0
2718    0     0     0     0     0     0     0
2722    0     0     0     0     0     0     0
2726    1.29711e-06     3.08107e-05     3.08107e-05     3.08107e-05     3.08107e-05     3.08107e-05     3.08107e-05
2730    0     0     0     0     0     0     0
2734    0     0     0     0     0     0     0
2738    0     0     0     0     0     0     0
2742    0     0     0     0     0     0     0
2746    0     0     0     0     0     0     0
2750    0     0     0     0     0     0     0
2754    0     0     0     0     0     0     0
2758    0     0     0     0     0     0     0
2762    0     0     0     0     0     0     0
2766    0     0     0     0     0     0     0
2770    0     0     0     0     0     0     0
2774    0     0     0     0     0     0     0
2778    0     0     0     0     0     0     0
2782    0     0     0     0     0     0     0
2786    0     0     0     0     0     0     0
2790    0     0     0     0     0     0     0
2794    0     0     0     0     0     0     0
2798    0     0     0     0     0     0     0
2802    0     0     0     0     0     0     0
2806    0     0     0     0     0     0     0
2810    0     0     0     0     0     0     0
2814    0     0     0     0     0     0     0
2818    0     0     0     0     0     0     0
2822    0     0     0     0     0     0     0
2826    0     0     0     0     0     0     0
2830    0     0     0     0     0     0     0
2834    0     0     0     0     0     0     0
2838    0     0     0     0     0     0     0
2842    0     0     0     0     0     0     0
2846    0     0     0     0     0     0     0
2850    0     0     0     0     0     0     0
2854    0     0     0     0     0     0     0
2858    0     0     0     0     0     0     0
2862    0     0     0     0     0     0     0
2866    0     0     0     0     0     0     0
2870    0     0     0     0     0     0     0
2874    0     0     0     0     0     0     0
2878    0     0     0     0     0     0     0
2882    0     0     0     0     0     0     0
2886    0     0     0     0     0     0     0
2890    0     0     0     0     0     0     0
2894    0     0     0     0     0     0     0
2898    0     0     0     0     0     0     0
2902    0     0     0     0     0     0     0
2906    0     0     0     0     0     0     0
2910    0     0     0     0     0     0     0
2914    0     0     0     0     0     0     0
2918    0     0     0     0     0     0     0
2922    0     0     0     0     0     0     0
2926    0     0     0     0     0     0     0
2930    0     0     0     0     0     0     0
2934    0     0     0     0     0     0     0
2938    0     0     0     0     0     0     0
2942    0     0     0     0     0     0     0
2946    0     0     0     0     0     0     0
2950    0     0     0     0     0     0     0
2954    0     0     0     0     0     0     0
2958    1.29711e-06     3.52419e-05     3.52419e-05     3.52419e-05     3.52419e-05     3.52419e-05     3.52419e-05
2962    0     0     0     0     0     0     0
2966    0     0     0     0     0     0     0
2970    0     0     0     0     0     0     0
2974    0     0     0     0     0     0     0
2978    0     0     0     0     0     0     0
2982    0     0     0     0     0     0     0
2986    0     0     0     0     0     0     0
2990    0     0     0     0     0     0     0
2994    0     0     0     0     0     0     0
2998    0     0     0     0     0     0     0
3002    0     0     0     0     0     0     0
3006    0     0     0     0     0     0     0
3010    0     0     0     0     0     0     0
3014    0     0     0     0     0     0     0
3018    0     0     0     0     0     0     0
3022    0     0     0     0     0     0     0
3026    0     0     0     0     0     0     0
3030    0     0     0     0     0     0     0
3034    0     0     0     0     0     0     0
3038    0     0     0     0     0     0     0
3042    0     0     0     0     0     0     0
3046    0     0     0     0     0     0     0
3050    0     0     0     0     0     0     0
3054    0     0     0     0     0     0     0
3058    0     0     0     0     0     0     0
3062    0     0     0     0     0     0     0
3066    0     0     0     0     0     0     0
3070    0     0     0     0     0     0     0
3074    0     0     0     0     0     0     0
3078    0     0     0     0     0     0     0
3082    0     0     0     0     0     0     0
3086    0     0     0     0     0     0     0
3090    0     0     0     0     0     0     0
3094    0     0     0     0     0     0     0
3098    0     0     0     0     0     0     0
3102    0     0     0     0     0     0     0
3106    0     0     0     0     0     0     0
3110    0     0     0     0     0     0     0
3114    0     0     0     0     0     0     0
3118    0     0     0     0     0     0     0
3122    0     0     0     0     0     0     0
3126    0     0     0     0     0     0     0
3130    0     0     0     0     0     0     0
3134    0     0     0     0     0     0     0
3138    0     0     0     0     0     0     0
3142    0     0     0     0     0     0     0
3146    0     0     0     0     0     0     0
3150    0     0     0     0     0     0     0
3154    0     0     0     0     0     0     0
3158    0     0     0     0     0     0     0
3162    0     0     0     0     0     0     0
3166    0     0     0     0     0     0     0
3170    0     0     0     0     0     0     0
3174    0     0     0     0     0     0     0
3178    0     0     0     0     0     0     0
3182    0     0     0     0     0     0     0
3186    0     0     0     0     0     0     0
3190    0     0     0     0     0     0     0
3194    0     0     0     0     0     0     0
3198    0     0     0     0     0     0     0
3202    0     0     0     0     0     0     0
3206    0     0     0     0     0     0     0
3210    0     0     0     0     0     0     0
3214    0     0     0     0     0     0     0
3218    0     0     0     0     0     0     0
3222    0     0     0     0     0     0     0
3226    0     0     0     0     0     0     0
3230    0     0     0     0     0     0     0
3234    0     0     0     0     0     0     0
3238    0     0     0     0     0     0     0
3242    0     0     0     0     0     0     0
3246    0     0     0     0     0     0     0
3250    0     0     0     0     0     0     0
3254    0     0     0     0     0     0     0
3258    0     0     0     0     0     0     0
3262    0     0     0     0     0     0     0
3266    0     0     0     0     0     0     0
3270    0     0     0     0     0     0     0
3274    0     0     0     0     0     0     0
3278    0     0     0     0     0     0     0
3282    0     0     0     0     0     0     0
3286    0     0     0     0     0     0     0
3290    0     0     0     0     0     0     0
3294    0     0     0     0     0     0     0
3298    0     0     0     0     0     0     0
3302    0     0     0     0     0     0     0
3306    0     0     0     0     0     0     0
3310    0     0     0     0     0     0     0
3314    0     0     0     0     0     0     0
3318    0     0     0     0     0     0     0
3322    0     0     0     0     0     0     0
3326    0     0     0     0     0     0     0
3330    0     0     0     0     0     0     0
3334    0     0     0     0     0     0     0
3338    0     0     0     0     0     0     0
3342    0     0     0     0     0     0     0
3346    0     0     0     0     0     0     0
3350    0     0     0     0     0     0     0
3354    0     0     0     0     0     0     0
3358    0     0     0     0     0     0     0
3362    0     0     0     0     0     0     0
3366    0     0     0     0     0     0     0
3370    0     0     0     0     0     0     0
3374    0     0     0     0     0     0     0
3378    0     0     0     0     0     0     0
3382    0     0     0     0     0     0     0
3386    0     0     0     0     0     0     0
3390    0     0     0     0     0     0     0
3394    0     0     0     0     0     0     0
3398    0     0     0     0     0     0     0
3402    0     0     0     0     0     0     0
3406    0     0     0     0     0     0     0
3410    0     0     0     0     0     0     0
3414    0     0     0     0     0     0     0
3418    0     0     0     0     0     0     0
3422    0     0     0     0     0     0     0
3426    0     0     0     0     0     0     0
3430    0     0     0     0     0     0     0
3434    0     0     0     0     0     0     0
3438    0     0     0     0     0     0     0
3442    0     0     0     0     0     0     0
3446    0     0     0     0     0     0     0
3450    0     0     0     0     0     0     0
3454    0     0     0     0     0     0     0
3458    0     0     0     0     0     0     0
3462    0     0     0     0     0     0     0
3466    0     0     0     0     0     0     0
3470    0     0     0     0     0     0     0
3474    0     0     0     0     0     0     0
3478    0     0     0     0     0     0     0
3482    0     0     0     0     0     0     0
3486    0     0     0     0     0     0     0
3490    0     0     0     0     0     0     0
3494    0     0     0     0     0     0     0
3498    0     0     0     0     0     0     0
3502    0     0     0     0     0     0     0
3506    0     0     0     0     0     0     0
3510    0     0     0     0     0     0     0
3514    0     0     0     0     0     0     0
3518    0     0     0     0     0     0     0
3522    0     0     0     0     0     0     0
3526    0     0     0     0     0     0     0
3530    0     0     0     0     0     0     0
3534    0     0     0     0     0     0     0
3538    0     0     0     0     0     0     0
3542    0     0     0     0     0     0     0
3546    0     0     0     0     0     0     0
3550    0     0     0     0     0     0     0
3554    0     0     0     0     0     0     0
3558    0     0     0     0     0     0     0
3562    0     0     0     0     0     0     0
3566    0     0     0     0     0     0     0
3570    0     0     0     0     0     0     0
3574    0     0     0     0     0     0     0
3578    0     0     0     0     0     0     0
3582    0     0     0     0     0     0     0
3586    0     0     0     0     0     0     0
3590    0     0     0     0     0     0     0
3594    0     0     0     0     0     0     0
3598    0     0     0     0     0     0     0
3602    0     0     0     0     0     0     0
3606    0     0     0     0     0     0     0
3610    0     0     0     0     0     0     0
3614    0     0     0     0     0     0     0
3618    0     0     0     0     0     0     0
3622    0     0     0     0     0     0     0
3626    0     0     0     0     0     0     0
3630    0     0     0     0     0     0     0
3634    0     0     0     0     0     0     0
3638    0     0     0     0     0     0     0
3642    0     0     0     0     0     0     0
3646    0     0     0     0     0     0     0
3650    0     0     0     0     0     0     0
3654    0     0     0     0     0     0     0
3658    0     0     0     0     0     0     0
3662    0     0     0     0     0     0     0
3666    0     0     0     0     0     0     0
3670    0     0     0     0     0     0     0
3674    0     0     0     0     0     0     0
3678    0     0     0     0     0     0     0
3682    0     0     0     0     0     0     0
3686    0     0     0     0     0     0     0
3690    0     0     0     0     0     0     0
3694    0     0     0     0     0     0     0
3698    0     0     0     0     0     0     0
3702    0     0     0     0     0     0     0
3706    0     0     0     0     0     0     0
3710    0     0     0     0     0     0     0
3714    0     0     0     0     0     0     0
3718    0     0     0     0     0     0     0
3722    0     0     0     0     0     0     0
3726    0     0     0     0     0     0     0
3730    0     0     0     0     0     0     0
3734    0     0     0     0     0     0     0
3738    0     0     0     0     0     0     0
3742    0     0     0     0     0     0     0
3746    0     0     0     0     0     0     0
3750    0     0     0     0     0     0     0
3754    0     0     0     0     0     0     0
3758    0     0     0     0     0     0     0
3762    0     0     0     0     0     0     0
3766    0     0     0     0     0     0     0
3770    0     0     0     0     0     0     0
3774    0     0     0     0     0     0     0
3778    0     0     0     0     0     0     0
3782    0     0     0     0     0     0     0
3786    0     0     0     0     0     0     0
3790    0     0     0     0     0     0     0
3794    0     0     0     0     0     0     0
3798    0     0     0     0     0     0     0
3802    0     0     0     0     0     0     0
3806    0     0     0     0     0     0     0
3810    0     0     0     0     0     0     0
3814    0     0     0     0     0     0     0
3818    0     0     0     0     0     0     0
3822    0     0     0     0     0     0     0
3826    0     0     0     0     0     0     0
3830    0     0     0     0     0     0     0
3834    0     0     0     0     0     0     0
3838    0     0     0     0     0     0     0
3842    0     0     0     0     0     0     0
3846    0     0     0     0     0     0     0
3850    0     0     0     0     0     0     0
3854    0     0     0     0     0     0     0
3858    0     0     0     0     0     0     0
3862    0     0     0     0     0     0     0
3866    0     0     0     0     0     0     0
3870    0     0     0     0     0     0     0
3874    0     0     0     0     0     0     0
3878    0     0     0     0     0     0     0
3882    0     0     0     0     0     0     0
3886    0     0     0     0     0     0     0
3890    0     0     0     0     0     0     0
3894    0     0     0     0     0     0     0
3898    0     0     0     0     0     0     0
3902    0     0     0     0     0     0     0
3906    0     0     0     0     0     0     0
3910    0     0     0     0     0     0     0
3914    0     0     0     0     0     0     0
3918    0     0     0     0     0     0     0
3922    0     0     0     0     0     0     0
3926    0     0     0     0     0     0     0
3930    0     0     0     0     0     0     0
3934    0     0     0     0     0     0     0
3938    0     0     0     0     0     0     0
3942    0     0     0     0     0     0     0
3946    0     0     0     0     0     0     0
3950    0     0     0     0     0     0     0
3954    0     0     0     0     0     0     0
3958    0     0     0     0     0     0     0
3962    0     0     0     0     0     0     0
3966    0     0     0     0     0     0     0
3970    0     0     0     0     0     0     0
3974    0     0     0     0     0     0     0
3978    0     0     0     0     0     0     0
3982    0     0     0     0     0     0     0
3986    0     0     0     0     0     0     0
3990    0     0     0     0     0     0     0
3994    0     0     0     0     0     0     0
3998    0     0     0     0     0     0     0
