2    0     0     0     0     0     0     0
6    0     0     0     0     0     0     0
10    0     0     0     0     0     0     0
14    0.000118315     2.14158e-07     2.14096e-07     2.14202e-07     2.14158e-07     2.14158e-07     2.14158e-07
18    0.000177472     2.2915e-07     2.29083e-07     2.29196e-07     2.2915e-07     2.2915e-07     2.2915e-07
22    0.000118315     1.2111e-07     1.21075e-07     1.21135e-07     1.2111e-07     1.2111e-07     1.2111e-07
26    0.000276068     2.25087e-07     2.25021e-07     2.25133e-07     2.25087e-07     2.25087e-07     2.25087e-07
30    0.000276068     1.85533e-07     1.85479e-07     1.85571e-07     1.85533e-07     1.85533e-07     1.85533e-07
34    0.000335225     1.90318e-07     1.90262e-07     1.90356e-07     1.90318e-07     1.90318e-07     1.90318e-07
38    0.000433821     2.1393e-07     2.13868e-07     2.13974e-07     2.1393e-07     2.1393e-07     2.1393e-07
42    0.00023663     9.91088e-08     9.90799e-08     9.9129e-08     9.91088e-08     9.91088e-08     9.91088e-08
46    0.000374663     1.40338e-07     1.40297e-07     1.40367e-07     1.40338e-07     1.40338e-07     1.40338e-07
50    0.000749327     2.51788e-07     2.51714e-07     2.51839e-07     2.51788e-07     2.51788e-07     2.51788e-07
54    0.000828203     2.54502e-07     2.54428e-07     2.54554e-07     2.54502e-07     2.54502e-07     2.54502e-07
58    0.000966237     2.70944e-07     2.70865e-07     2.71e-07     2.70944e-07     2.70944e-07     2.70944e-07
62    0.00104511     2.7343e-07     2.73351e-07     2.73486e-07     2.7343e-07     2.7343e-07     2.7343e-07
66    0.000690169     1.69826e-07     1.69777e-07     1.69861e-07     1.69826e-07     1.69826e-07     1.69826e-07
70    0.000749327     1.7513e-07     1.75079e-07     1.75166e-07     1.7513e-07     1.7513e-07     1.7513e-07
74    0.000926799     2.07584e-07     2.07523e-07     2.07626e-07     2.07584e-07     2.07584e-07     2.07584e-07
78    0.00104511     2.26294e-07     2.26228e-07     2.2634e-07     2.26294e-07     2.26294e-07     2.26294e-07
82    0.000966237     2.04563e-07     2.04504e-07     2.04605e-07     2.04563e-07     2.04563e-07     2.04563e-07
86    0.00108455     2.2626e-07     2.26194e-07     2.26306e-07     2.2626e-07     2.2626e-07     2.2626e-07
90    0.00128174     2.65375e-07     2.65298e-07     2.65429e-07     2.65375e-07     2.65375e-07     2.65375e-07
94    0.0014395     2.97547e-07     2.9746e-07     2.97608e-07     2.97547e-07     2.97547e-07     2.97547e-07
98    0.00122259     2.53797e-07     2.53723e-07     2.53849e-07     2.53797e-07     2.53797e-07     2.53797e-07
102    0.0014395     3.01176e-07     3.01089e-07     3.01238e-07     3.01176e-07     3.01176e-07     3.01176e-07
106    0.00128174     2.72118e-07     2.72039e-07     2.72174e-07     2.72118e-07     2.72118e-07     2.72118e-07
110    0.00147893     3.21106e-07     3.21012e-07     3.21172e-07     3.21106e-07     3.21106e-07     3.21106e-07
114    0.00155781     3.51564e-07     3.51462e-07     3.51636e-07     3.51564e-07     3.51564e-07     3.51564e-07
118    0.00151837     3.60941e-07     3.60836e-07     3.61015e-07     3.60941e-07     3.60941e-07     3.60941e-07
122    0.00207051     5.28299e-07     5.28145e-07     5.28407e-07     5.28299e-07     5.28299e-07     5.28299e-07
126    0.00205079     5.7664e-07     5.76473e-07     5.76758e-07     5.7664e-07     5.7664e-07     5.7664e-07
130    0.00209023     6.67376e-07     6.67182e-07     6.67513e-07     6.67376e-07     6.67376e-07     6.67376e-07
134    0.00187332     7.01143e-07     7.00939e-07     7.01287e-07     7.01143e-07     7.01143e-07     7.01143e-07
138    0.00234658     1.0406e-06     1.0403e-06     1.04081e-06     1.0406e-06     1.0406e-06     1.0406e-06
142    0.00167613     9.1911e-07     9.18843e-07     9.19298e-07     9.1911e-07     9.1911e-07     9.1911e-07
146    0.00264236     1.87829e-06     1.87775e-06     1.87868e-06     1.87829e-06     1.87829e-06     1.87829e-06
150    0.00254377     2.50753e-06     2.5068e-06     2.50805e-06     2.50753e-06     2.50753e-06     2.50753e-06
154    0.00252405     3.81297e-06     3.81186e-06     3.81375e-06     3.81297e-06     3.81297e-06     3.81297e-06
158    0.00270152     7.60565e-06     7.60344e-06     7.6072e-06     7.60565e-06     7.60565e-06     7.60565e-06
162    0.00311562     2.43574e-05     2.43503e-05     2.43624e-05     2.43574e-05     2.43574e-05     2.43574e-05
166    0.00256349     3.66505e-05     3.66398e-05     3.6658e-05     3.66505e-05     3.66505e-05     3.66505e-05
170    0.00289871     5.46364e-05     5.46205e-05     5.46475e-05     5.46364e-05     5.46364e-05     5.46364e-05
174    0.00293815     6.82175e-05     6.81976e-05     6.82314e-05     6.82175e-05     6.82175e-05     6.82175e-05
178    0.00356916     9.67112e-05     9.66831e-05     9.6731e-05     9.67112e-05     9.67112e-05     9.67112e-05
182    0.00311562     0.000101959     0.000101929     0.00010198     0.000101959     0.000101959     0.000101959
186    0.00372691     0.000148856     0.000148813     0.000148887     0.000148856     0.000148856     0.000148856
190    0.00376635     0.000173248     0.000173198     0.000173284     0.000173248     0.000173248     0.000173248
194    0.00390439     0.000204014     0.000203954     0.000204055     0.000204014     0.000204014     0.000204014
198    0.00404242     0.000233312     0.000233244     0.000233359     0.000233312     0.000233312     0.000233312
202    0.00386495     0.000244247     0.000244176     0.000244297     0.000244247     0.000244247     0.000244247
206    0.00416074     0.000285366     0.000285283     0.000285424     0.000285366     0.000285366     0.000285366
210    0.00457484     0.000339958     0.000339859     0.000340027     0.000749619     0.00092665     0.000627807
214    0.00425933     0.000341016     0.000340917     0.000341086     0.00112877     0.00147018     0.000893877
218    0.00532416     0.000456385     0.000456253     0.000456479     0.00128184     0.00164077     0.00103502
222    0.00447624     0.000409239     0.00040912     0.000409323     0.00124197     0.00160469     0.000992439
226    0.00469315     0.000456642     0.000456509     0.000456735     0.00131296     0.00168619     0.00105605
230    0.00526501     0.000544718     0.00054456     0.00054483     0.0013867     0.00175383     0.00113392
234    0.00544248     0.000596947     0.000596774     0.000597069     0.00144619     0.00181656     0.00119103
238    0.00561995     0.000651843     0.000651653     0.000651976     0.00148072     0.00184228     0.00123149
242    0.00646787     0.000793331     0.000793101     0.000793494     0.00162764     0.00199188     0.00137645
246    0.00589602     0.000761079     0.000760857     0.000761234     0.00159816     0.00196393     0.00134586
250    0.00601433     0.000818833     0.000818594     0.000819     0.00167663     0.00205115     0.0014181
254    0.00607349     0.000868895     0.000868642     0.000869072     0.00171113     0.00207781     0.00145764
258    0.00666506     0.00100273     0.00100244     0.00100294     0.00184584     0.00221167     0.00159252
262    0.00735523     0.00115829     0.00115795     0.00115853     0.00201307     0.00238321     0.00175652
266    0.0071186     0.00117525     0.00117491     0.00117549     0.00204299     0.00241852     0.00178253
270    0.00757214     0.00130697     0.00130658     0.00130723     0.00215844     0.00252719     0.00190257
274    0.00780877     0.0014102     0.00140979     0.00141049     0.00224672     0.00260951     0.00199496
278    0.00788765     0.00148828     0.00148784     0.00148858     0.00233664     0.00270489     0.00208105
282    0.00861726     0.00169716     0.00169667     0.00169751     0.00256653     0.00294346     0.00230467
286    0.00871585     0.00178969     0.00178917     0.00179005     0.00263201     0.00299641     0.00237859
290    0.00903136     0.00192997     0.00192941     0.00193037     0.00282536     0.00321225     0.002556
294    0.0100568     0.00223429     0.00223364     0.00223475     0.0030517     0.00340537     0.00280546
298    0.00985956     0.00227777     0.00227711     0.00227824     0.00316401     0.00354817     0.00289659
302    0.0106878     0.00256426     0.00256352     0.00256479     0.00345044     0.00383476     0.00318282
306    0.0114963     0.00286454     0.00286371     0.00286513     0.00376968     0.00416181     0.00349641
310    0.0114174     0.00294687     0.00294601     0.00294747     0.00386435     0.0042611     0.00358753
314    0.011161     0.00299013     0.00298926     0.00299074     0.00391619     0.00431611     0.00363694
318    0.0131132     0.00363785     0.00363679     0.00363859     0.00462085     0.00504499     0.00432449
322    0.014671     0.0042099     0.00420868     0.00421076     0.00519729     0.00562302     0.00489959
326    0.0140006     0.00414824     0.00414704     0.00414909     0.00521611     0.00567624     0.00489416
330    0.0164063     0.00501697     0.00501551     0.005018     0.00613095     0.00661007     0.00579538
334    0.0159725     0.00504233     0.00504087     0.00504336     0.00618244     0.00667105     0.00583967
338    0.0163669     0.00532869     0.00532714     0.00532978     0.00650498     0.00700695     0.00615227
342    0.018812     0.0063237     0.00632186     0.00632499     0.00766845     0.00824015     0.00726609
346    0.0193839     0.00673756     0.0067356     0.00673894     0.00822411     0.008858     0.00777817
350    0.0214544     0.00776011     0.00775785     0.00776169     0.00936097     0.0100456     0.00887955
354    0.0220657     0.00834469     0.00834226     0.0083464     0.0100964     0.0108487     0.00956792
358    0.0229728     0.00910755     0.00910494     0.00910938     0.0109725     0.0117773     0.0104076
362    0.0275279     0.0114318     0.0114286     0.011434     0.0136644     0.0146311     0.0129861
366    0.0291054     0.0126249     0.0126215     0.0126273     0.0150893     0.0161591     0.0143392
370    0.0293618     0.0132919     0.0132883     0.0132944     0.0158917     0.0170231     0.0150985
374    0.0334436     0.0158039     0.0157997     0.0158067     0.019056     0.0204755     0.0180613
378    0.0376438     0.0185637     0.0185588     0.0185669     0.0222037     0.023798     0.0210874
382    0.0426328     0.0219029     0.0218973     0.0219066     0.0261026     0.027948     0.0248114
386    0.0450582     0.0240542     0.0240483     0.024058     0.0287636     0.0308378     0.0273123
390    0.0502246     0.0278309     0.0278243     0.0278349     0.0331589     0.0355115     0.0315134
394    0.0586052     0.0336492     0.0336418     0.0336537     0.0401683     0.0430532     0.0381509
398    0.0636928     0.0378854     0.0378778     0.0378896     0.0450583     0.04824     0.0428337
402    0.0719945     0.0443593     0.0443517     0.044363     0.0526786     0.0563782     0.0500921
406    0.0860346     0.0549252     0.0549178     0.0549277     0.0649117     0.0693658     0.0617984
410    0.0962491     0.0637251     0.06372     0.0637245     0.0750004     0.0800435     0.0714755
414    0.113247     0.0777688     0.0777685     0.0777624     0.0909776     0.0969007     0.0868362
418    0.13129     0.0936825     0.0936924     0.0936647     0.108673     0.115418     0.103955
422    0.154598     0.114899     0.114929     0.11486     0.131736     0.139349     0.126405
426    0.1811     0.140857     0.140926     0.140778     0.159392     0.167834     0.153473
430    0.213124     0.174584     0.174729     0.174431     0.194423     0.203555     0.188004
434    0.247554     0.21532     0.215595     0.215041     0.235511     0.244951     0.228841
438    0.282122     0.262858     0.26334     0.262385     0.282041     0.291255     0.275478
442    0.311109     0.312724     0.31348     0.312     0.328911     0.337082     0.32302
446    0.328166     0.355796     0.356807     0.354844     0.366514     0.372497     0.3621
450    0.333076     0.386     0.387126     0.384945     0.389416     0.392211     0.387199
454    0.305528     0.3718     0.370705     0.37295     0.367616     0.364718     0.370019
458    0.278119     0.348437     0.34759     0.349312     0.337656     0.331984     0.341886
462    0.236866     0.300708     0.300146     0.301273     0.285992     0.278801     0.291171
466    0.201352     0.256568     0.256208     0.256918     0.239707     0.231739     0.245357
470    0.168066     0.21404     0.213815     0.214252     0.196548     0.188426     0.202265
474    0.141386     0.179805     0.179661     0.179937     0.162609     0.154694     0.16816
478    0.114667     0.145782     0.145689     0.145863     0.12998     0.122733     0.135051
482    0.0988323     0.125878     0.125812     0.125934     0.110641     0.103656     0.11552
486    0.0827415     0.105808     0.10576     0.105847     0.0919091     0.0855299     0.096359
490    0.0727439     0.0935633     0.0935254     0.0935931     0.0804535     0.0744308     0.084652
494    0.0605574     0.0784474     0.0784182     0.0784697     0.0667473     0.0613723     0.0704937
498    0.0534191     0.06978     0.0697556     0.0697984     0.0587511     0.053687     0.0622817
502    0.0472667     0.0623376     0.0623168     0.062353     0.0521056     0.0474059     0.0553818
506    0.0395171     0.0526713     0.0526543     0.0526837     0.043654     0.0395074     0.0465443
510    0.0364607     0.0491609     0.0491455     0.0491721     0.0404231     0.0363956     0.0432286
514    0.0323985     0.044221     0.0442073     0.0442308     0.0361929     0.0324822     0.0387764
518    0.0284547     0.0393331     0.0393211     0.0393416     0.0319143     0.0284755     0.0343068
522    0.0243334     0.034065     0.0340548     0.0340723     0.0273971     0.0242997     0.0295509
526    0.0227756     0.0323121     0.0323024     0.0323189     0.026008     0.0230765     0.0280463
530    0.0212178     0.0304892     0.0304802     0.0304956     0.0243216     0.021454     0.0263164
534    0.018536     0.0269823     0.0269744     0.0269879     0.0213651     0.0187552     0.0231813
538    0.0178261     0.0262904     0.0262827     0.0262958     0.0208195     0.0182803     0.0225878
542    0.0150851     0.0225469     0.0225403     0.0225516     0.0177278     0.0154923     0.0192853
546    0.0145527     0.0220531     0.0220467     0.0220576     0.0171634     0.0148948     0.0187444
550    0.0136851     0.0210417     0.0210356     0.021046     0.0163769     0.0142114     0.0178862
554    0.0112991     0.0176209     0.0176158     0.0176245     0.0136256     0.0117695     0.0149193
558    0.0114174     0.0180606     0.0180553     0.0180642     0.0139345     0.0120153     0.0152719
562    0.0110427     0.0176842     0.017679     0.0176878     0.013591     0.0116838     0.0149196
566    0.00877501     0.0142182     0.014214     0.0142211     0.0108079     0.00921546     0.0119167
570    0.00903136     0.0148183     0.014814     0.0148213     0.0112451     0.00957398     0.0124085
574    0.00816372     0.0135792     0.0135752     0.013582     0.0102722     0.00872472     0.0113496
578    0.00800597     0.0135071     0.0135031     0.0135098     0.0102601     0.00874061     0.0113183
582    0.00713832     0.012208     0.0122045     0.0122105     0.00920926     0.00780541     0.0101871
586    0.00662563     0.011476     0.0114727     0.0114783     0.00860893     0.00726561     0.00954461
590    0.00646787     0.0113566     0.0113533     0.0113589     0.00850789     0.00717165     0.00943846
594    0.00567911     0.0101295     0.0101266     0.0101316     0.00753423     0.00631531     0.00838296
598    0.00524529     0.00950483     0.00950206     0.00950677     0.0069789     0.00579089     0.00780603
602    0.00522557     0.00959806     0.00959527     0.00960003     0.00703879     0.00583273     0.00787813
606    0.00524529     0.00973936     0.00973652     0.00974135     0.0072526     0.00607844     0.00806945
610    0.00439737     0.00826233     0.00825992     0.00826402     0.00606262     0.00502231     0.00678616
614    0.00465371     0.00885727     0.00885469     0.00885908     0.0065074     0.00539523     0.00728091
618    0.00429877     0.00829806     0.00829564     0.00829975     0.00610124     0.00506118     0.00682466
622    0.00347057     0.00679957     0.00679759     0.00680096     0.00494488     0.00406632     0.00555608
626    0.00343113     0.00681012     0.00680814     0.00681151     0.00491767     0.00402035     0.00554178
630    0.00404242     0.00812257     0.00812021     0.00812423     0.00580006     0.00469769     0.00656676
634    0.00333253     0.0067708     0.00676883     0.00677218     0.0048395     0.00392186     0.00547763
638    0.00301703     0.00620707     0.00620526     0.00620834     0.0044379     0.00359628     0.00502313
642    0.00305646     0.00637335     0.00637149     0.00637465     0.00459466     0.00374712     0.00518381
646    0.00293815     0.00621131     0.0062095     0.00621258     0.00447145     0.00364112     0.00504853
650    0.00230714     0.00494974     0.0049483     0.00495075     0.00353493     0.00285899     0.00400464
654    0.00301703     0.00655919     0.00655728     0.00656053     0.00471058     0.00382724     0.0053246
658    0.00274096     0.00603604     0.00603428     0.00603727     0.00429913     0.00346895     0.00487625
662    0.00232686     0.00518873     0.00518722     0.0051898     0.00361342     0.0028597     0.00413734
666    0.00230714     0.00521179     0.00521027     0.00521285     0.00369357     0.00296565     0.00419927
670    0.00199163     0.00455393     0.0045526     0.00455486     0.00321369     0.00256991     0.00366078
674    0.00224798     0.00520014     0.00519863     0.00520121     0.0036926     0.00296757     0.00419596
678    0.00159725     0.00373871     0.00373762     0.00373948     0.00260416     0.00205818     0.00298321
682    0.00165641     0.0039185     0.00391736     0.0039193     0.00269622     0.00210789     0.00310481
686    0.00193247     0.00462048     0.00461914     0.00462143     0.00325802     0.00260178     0.00371379
690    0.00149865     0.00362558     0.00362452     0.00362632     0.00251359     0.00197735     0.00288601
694    0.00114371     0.00280059     0.00279977     0.00280116     0.00188313     0.00143972     0.00219084
698    0.00165641     0.00410629     0.00410509     0.00410713     0.00281225     0.0021855     0.003247
702    0.00147893     0.0037101     0.00370902     0.00371086     0.00254107     0.00197396     0.0029343
706    0.00140006     0.00355267     0.00355163     0.00355339     0.00248327     0.001964     0.00284334
710    0.0014395     0.0037001     0.00369903     0.00370086     0.0025785     0.00203341     0.00295644
714    0.00126202     0.00328595     0.00328499     0.00328662     0.00219064     0.00165796     0.00255998
718    0.00126202     0.00333003     0.00332906     0.00333071     0.00218187     0.00162282     0.00256944
722    0.00112399     0.00299777     0.0029969     0.00299838     0.00197286     0.00147291     0.00231929
726    0.000867642     0.00233951     0.00233882     0.00233998     0.00154201     0.0011521     0.00181202
730    0.00112399     0.00306175     0.00306086     0.00306238     0.00210238     0.0016324     0.00242769
734    0.00106483     0.00293134     0.00293049     0.00293194     0.00195902     0.00148221     0.00228905
738    0.00120287     0.00335086     0.00334989     0.00335155     0.00222719     0.00167555     0.00260893
742    0.00104511     0.00295233     0.00295147     0.00295293     0.00199271     0.00152084     0.00231912
746    0.00090708     0.00259232     0.00259157     0.00259285     0.00168217     0.00123385     0.00199222
750    0.00104511     0.00302279     0.00302191     0.00302341     0.00203223     0.00154334     0.00237016
754    0.00090708     0.0026524     0.00265163     0.00265295     0.00175454     0.00131092     0.00206112
758    0.000946518     0.00279619     0.00279538     0.00279676     0.00186167     0.00139955     0.00218104
762    0.000926799     0.00276343     0.00276263     0.002764     0.00183314     0.00137252     0.00215136
766    0.00104511     0.00315062     0.0031497     0.00315126     0.00213957     0.00163812     0.00248591
770    0.000808484     0.00246856     0.00246784     0.00246906     0.00156872     0.00112153     0.00187739
774    0.000729608     0.00225528     0.00225462     0.00225574     0.00142248     0.001008     0.00170854
778    0.000749327     0.00234437     0.00234369     0.00234485     0.00150778     0.00109066     0.00179551
782    0.000571855     0.00180729     0.00180677     0.00180766     0.00113118     0.000793431     0.00136405
786    0.000867642     0.00277287     0.00277206     0.00277343     0.00184043     0.0013735     0.00216219
790    0.000709889     0.00229113     0.00229047     0.0022916     0.00149162     0.00109043     0.00176792
794    0.000650731     0.00212202     0.00212141     0.00212246     0.00129886     0.000885136     0.00158369
798    0.000354944     0.00117125     0.00117091     0.00117149     0.000665616     0.000411152     0.000840763
802    0.000591574     0.0019736     0.00197303     0.00197401     0.00131824     0.000987988     0.0015455
806    0.000571855     0.00193123     0.00193066     0.00193162     0.00116111     0.000772225     0.00142856
810    0.000611293     0.00208611     0.0020855     0.00208654     0.00130247     0.000906011     0.00157503
814    0.00045354     0.0015671     0.00156665     0.00156742     0.000971312     0.000669089     0.0011789
818    0.000591574     0.00206489     0.00206429     0.00206531     0.00126155     0.000853352     0.00154179
822    0.00045354     0.00159962     0.00159916     0.00159995     0.000960445     0.000635632     0.00118348
826    0.000354944     0.00126541     0.00126504     0.00126567     0.000817205     0.000589563     0.000973601
830    0.000492978     0.00177683     0.00177632     0.0017772     0.00111863     0.000783664     0.00134864
834    0.000512697     0.00186776     0.00186722     0.00186814     0.00112695     0.000747903     0.00138672
838    0.000374663     0.0013801     0.0013797     0.00138039     0.000817178     0.000527442     0.00101539
842    0.000433821     0.00161487     0.0016144     0.0016152     0.00102906     0.000726922     0.00123563
846    0.000374663     0.00140928     0.00140887     0.00140957     0.000879712     0.000606923     0.00106632
850    0.000315506     0.00119955     0.0011992     0.0011998     0.00065908     0.00038101     0.000849456
854    0.000394383     0.00151432     0.00151388     0.00151463     0.000933257     0.000633659     0.00113823
858    0.000354944     0.00138126     0.00138086     0.00138155     0.000784181     0.000474837     0.000995507
862    0.000473259     0.00185775     0.00185721     0.00185813     0.00115416     0.000788392     0.00140377
866    0.000512697     0.00203633     0.00203574     0.00203675     0.00128985     0.000900507     0.00155526
870    0.000354944     0.00142437     0.00142395     0.00142466     0.000872452     0.000583909     0.00106901
874    0.00045354     0.00183912     0.00183859     0.0018395     0.00107964     0.000681515     0.00135065
878    0.000157753     0.00064567     0.000645482     0.000645802     0.000308986     0.000132145     0.000429294
882    0.000394383     0.00163034     0.00162986     0.00163067     0.000997852     0.000665284     0.00122404
886    0.000295787     0.00123717     0.00123681     0.00123742     0.000708212     0.000429867     0.000897517
890    0.000354944     0.001497     0.00149657     0.00149731     0.00088618     0.00056406     0.00110511
894    0.000315506     0.00134798     0.00134758     0.00134825     0.000751317     0.000434853     0.000965988
898    0.000374663     0.00161802     0.00161755     0.00161835     0.000990976     0.000656662     0.00121738
902    0.000335225     0.00146146     0.00146103     0.00146176     0.000907361     0.000611202     0.00110776
906    0.000394383     0.00173896     0.00173845     0.00173931     0.0010525     0.000685691     0.00130078
910    0.000256349     0.00114249     0.00114216     0.00114273     0.000644613     0.000378505     0.000824736
914    0.000177472     0.000799652     0.000799419     0.000799815     0.000455375     0.000270864     0.000580176
918    0.000177472     0.000807341     0.000807106     0.000807506     0.000457605     0.000269443     0.000584712
922    0     0     0     0     -8.78612e-05     -0.000135305     -5.58522e-05
926    0     0     0     0     -9.89815e-05     -0.000152571     -6.28548e-05
930    0     0     0     0     -4.4376e-05     -6.84656e-05     -2.81502e-05
934    0     0     0     0     -6.71274e-05     -0.000103665     -4.25387e-05
938    0     0     0     0     -3.35785e-05     -5.18915e-05     -2.12603e-05
942    0     0     0     0     -7.86576e-05     -0.000121598     -4.97803e-05
946    0     0     0     0     -0.000101244     -0.0001566     -6.40327e-05
950    0     0     0     0     -3.39014e-05     -5.24645e-05     -2.14281e-05
954    0     0     0     0     -5.69417e-05     -8.82574e-05     -3.59331e-05
958    0     0     0     0     -4.59562e-05     -7.13486e-05     -2.89468e-05
962    0     0     0     0     -4.59435e-05     -7.14154e-05     -2.89025e-05
966    0     0     0     0     -6.9298e-05     -0.000107904     -4.35107e-05
970    0     0     0     0     -8.10301e-05     -0.000126317     -5.08163e-05
974    0     0     0     0     -1.16386e-05     -1.81659e-05     -7.28824e-06
978    0     0     0     0     -2.3322e-05     -3.64306e-05     -1.45927e-05
982    0     0     0     0     -2.33966e-05     -3.65807e-05     -1.46238e-05
986    0     0     0     0     -3.522e-05     -5.51188e-05     -2.19901e-05
990    0     0     0     0     -3.54804e-05     -5.55576e-05     -2.21406e-05
994    0     0     0     0     -3.55353e-05     -5.56982e-05     -2.21473e-05
998    0     0     0     0     -4.77732e-05     -7.49013e-05     -2.97652e-05
1002    0     0     0     0     0     0     0
1006    0     0     0     0     0     0     0
1010    0     0     0     0     0     0     0
1014    0     0     0     0     0     0     0
1018    0     0     0     0     0     0     0
1022    0     0     0     0     0     0     0
1026    0     0     0     0     0     0     0
1030    0     0     0     0     0     0     0
1034    0     0     0     0     0     0     0
1038    0     0     0     0     0     0     0
1042    0     0     0     0     0     0     0
1046    0     0     0     0     0     0     0
1050    0     0     0     0     0     0     0
1054    0     0     0     0     0     0     0
1058    0     0     0     0     0     0     0
1062    0     0     0     0     0     0     0
1066    0     0     0     0     0     0     0
1070    0     0     0     0     0     0     0
1074    0     0     0     0     0     0     0
1078    0     0     0     0     0     0     0
1082    0     0     0     0     0     0     0
1086    0     0     0     0     0     0     0
1090    0     0     0     0     0     0     0
1094    0     0     0     0     0     0     0
1098    0     0     0     0     0     0     0
1102    0     0     0     0     0     0     0
1106    0     0     0     0     0     0     0
1110    0     0     0     0     0     0     0
1114    0     0     0     0     0     0     0
1118    0     0     0     0     0     0     0
1122    0     0     0     0     0     0     0
1126    0     0     0     0     0     0     0
1130    0     0     0     0     0     0     0
1134    0     0     0     0     0     0     0
1138    0     0     0     0     0     0     0
1142    0     0     0     0     0     0     0
1146    0     0     0     0     0     0     0
1150    0     0     0     0     0     0     0
1154    0     0     0     0     0     0     0
1158    0     0     0     0     0     0     0
1162    0     0     0     0     0     0     0
1166    0     0     0     0     0     0     0
1170    0     0     0     0     0     0     0
1174    0     0     0     0     0     0     0
1178    0     0     0     0     0     0     0
1182    0     0     0     0     0     0     0
1186    0     0     0     0     0     0     0
1190    0     0     0     0     0     0     0
1194    0     0     0     0     0     0     0
1198    0     0     0     0     0     0     0
1202    0     0     0     0     0     0     0
1206    0     0     0     0     0     0     0
1210    0     0     0     0     0     0     0
1214    0     0     0     0     0     0     0
1218    0     0     0     0     0     0     0
1222    0     0     0     0     0     0     0
1226    0     0     0     0     0     0     0
1230    0     0     0     0     0     0     0
1234    0     0     0     0     0     0     0
1238    0     0     0     0     0     0     0
1242    0     0     0     0     0     0     0
1246    0     0     0     0     0     0     0
1250    0     0     0     0     0     0     0
1254    0     0     0     0     0     0     0
1258    0     0     0     0     0     0     0
1262    0     0     0     0     0     0     0
1266    0     0     0     0     0     0     0
1270    0     0     0     0     0     0     0
1274    0     0     0     0     0     0     0
1278    0     0     0     0     0     0     0
1282    0     0     0     0     0     0     0
1286    0     0     0     0     0     0     0
1290    0     0     0     0     0     0     0
1294    0     0     0     0     0     0     0
1298    0     0     0     0     0     0     0
1302    0     0     0     0     0     0     0
1306    0     0     0     0     0     0     0
1310    0     0     0     0     0     0     0
1314    0     0     0     0     0     0     0
1318    0     0     0     0     0     0     0
1322    0     0     0     0     0     0     0
1326    0     0     0     0     0     0     0
1330    0     0     0     0     0     0     0
1334    0     0     0     0     0     0     0
1338    0     0     0     0     0     0     0
1342    0     0     0     0     0     0     0
1346    0     0     0     0     0     0     0
1350    0     0     0     0     0     0     0
1354    0     0     0     0     0     0     0
1358    0     0     0     0     0     0     0
1362    0     0     0     0     0     0     0
1366    0     0     0     0     0     0     0
1370    0     0     0     0     0     0     0
1374    0     0     0     0     0     0     0
1378    0     0     0     0     0     0     0
1382    0     0     0     0     0     0     0
1386    0     0     0     0     0     0     0
1390    0     0     0     0     0     0     0
1394    0     0     0     0     0     0     0
1398    0     0     0     0     0     0     0
1402    0     0     0     0     0     0     0
1406    0     0     0     0     0     0     0
1410    0     0     0     0     0     0     0
1414    0     0     0     0     0     0     0
1418    0     0     0     0     0     0     0
1422    0     0     0     0     0     0     0
1426    0     0     0     0     0     0     0
1430    0     0     0     0     0     0     0
1434    0     0     0     0     0     0     0
1438    0     0     0     0     0     0     0
1442    0     0     0     0     0     0     0
1446    0     0     0     0     0     0     0
1450    0     0     0     0     0     0     0
1454    0     0     0     0     0     0     0
1458    0     0     0     0     0     0     0
1462    0     0     0     0     0     0     0
1466    0     0     0     0     0     0     0
1470    0     0     0     0     0     0     0
1474    0     0     0     0     0     0     0
1478    0     0     0     0     0     0     0
1482    0     0     0     0     0     0     0
1486    0     0     0     0     0     0     0
1490    0     0     0     0     0     0     0
1494    0     0     0     0     0     0     0
1498    0     0     0     0     0     0     0
1502    0     0     0     0     0     0     0
1506    0     0     0     0     0     0     0
1510    0     0     0     0     0     0     0
1514    0     0     0     0     0     0     0
1518    0     0     0     0     0     0     0
1522    0     0     0     0     0     0     0
1526    0     0     0     0     0     0     0
1530    0     0     0     0     0     0     0
1534    0     0     0     0     0     0     0
1538    0     0     0     0     0     0     0
1542    0     0     0     0     0     0     0
1546    0     0     0     0     0     0     0
1550    0     0     0     0     0     0     0
1554    0     0     0     0     0     0     0
1558    0     0     0     0     0     0     0
1562    0     0     0     0     0     0     0
1566    0     0     0     0     0     0     0
1570    0     0     0     0     0     0     0
1574    0     0     0     0     0     0     0
1578    0     0     0     0     0     0     0
1582    0     0     0     0     0     0     0
1586    0     0     0     0     0     0     0
1590    0     0     0     0     0     0     0
1594    0     0     0     0     0     0     0
1598    0     0     0     0     0     0     0
1602    0     0     0     0     0     0     0
1606    0     0     0     0     0     0     0
1610    0     0     0     0     0     0     0
1614    0     0     0     0     0     0     0
1618    0     0     0     0     0     0     0
1622    0     0     0     0     0     0     0
1626    0     0     0     0     0     0     0
1630    0     0     0     0     0     0     0
1634    0     0     0     0     0     0     0
1638    0     0     0     0     0     0     0
1642    0     0     0     0     0     0     0
1646    0     0     0     0     0     0     0
1650    0     0     0     0     0     0     0
1654    0     0     0     0     0     0     0
1658    0     0     0     0     0     0     0
1662    0     0     0     0     0     0     0
1666    0     0     0     0     0     0     0
1670    0     0     0     0     0     0     0
1674    0     0     0     0     0     0     0
1678    0     0     0     0     0     0     0
1682    0     0     0     0     0     0     0
1686    0     0     0     0     0     0     0
1690    0     0     0     0     0     0     0
1694    0     0     0     0     0     0     0
1698    0     0     0     0     0     0     0
1702    0     0     0     0     0     0     0
1706    0     0     0     0     0     0     0
1710    0     0     0     0     0     0     0
1714    0     0     0     0     0     0     0
1718    0     0     0     0     0     0     0
1722    0     0     0     0     0     0     0
1726    0     0     0     0     0     0     0
1730    0     0     0     0     0     0     0
1734    0     0     0     0     0     0     0
1738    0     0     0     0     0     0     0
1742    0     0     0     0     0     0     0
1746    0     0     0     0     0     0     0
1750    0     0     0     0     0     0     0
1754    0     0     0     0     0     0     0
1758    0     0     0     0     0     0     0
1762    0     0     0     0     0     0     0
1766    0     0     0     0     0     0     0
1770    0     0     0     0     0     0     0
1774    0     0     0     0     0     0     0
1778    0     0     0     0     0     0     0
1782    0     0     0     0     0     0     0
1786    0     0     0     0     0     0     0
1790    0     0     0     0     0     0     0
1794    0     0     0     0     0     0     0
1798    0     0     0     0     0     0     0
1802    0     0     0     0     0     0     0
1806    0     0     0     0     0     0     0
1810    0     0     0     0     0     0     0
1814    0     0     0     0     0     0     0
1818    0     0     0     0     0     0     0
1822    0     0     0     0     0     0     0
1826    0     0     0     0     0     0     0
1830    0     0     0     0     0     0     0
1834    0     0     0     0     0     0     0
1838    0     0     0     0     0     0     0
1842    0     0     0     0     0     0     0
1846    0     0     0     0     0     0     0
1850    0     0     0     0     0     0     0
1854    0     0     0     0     0     0     0
1858    0     0     0     0     0     0     0
1862    0     0     0     0     0     0     0
1866    0     0     0     0     0     0     0
1870    0     0     0     0     0     0     0
1874    0     0     0     0     0     0     0
1878    0     0     0     0     0     0     0
1882    0     0     0     0     0     0     0
1886    0     0     0     0     0     0     0
1890    0     0     0     0     0     0     0
1894    0     0     0     0     0     0     0
1898    0     0     0     0     0     0     0
1902    0     0     0     0     0     0     0
1906    0     0     0     0     0     0     0
1910    0     0     0     0     0     0     0
1914    0     0     0     0     0     0     0
1918    0     0     0     0     0     0     0
1922    0     0     0     0     0     0     0
1926    0     0     0     0     0     0     0
1930    0     0     0     0     0     0     0
1934    0     0     0     0     0     0     0
1938    0     0     0     0     0     0     0
1942    0     0     0     0     0     0     0
1946    0     0     0     0     0     0     0
1950    0     0     0     0     0     0     0
1954    0     0     0     0     0     0     0
1958    0     0     0     0     0     0     0
1962    0     0     0     0     0     0     0
1966    0     0     0     0     0     0     0
1970    0     0     0     0     0     0     0
1974    0     0     0     0     0     0     0
1978    0     0     0     0     0     0     0
1982    0     0     0     0     0     0     0
1986    0     0     0     0     0     0     0
1990    0     0     0     0     0     0     0
1994    0     0     0     0     0     0     0
1998    0     0     0     0     0     0     0
2002    0     0     0     0     0     0     0
2006    0     0     0     0     0     0     0
2010    0     0     0     0     0     0     0
2014    0     0     0     0     0     0     0
2018    0     0     0     0     0     0     0
2022    0     0     0     0     0     0     0
2026    0     0     0     0     0     0     0
2030    0     0     0     0     0     0     0
2034    0     0     0     0     0     0     0
2038    0     0     0     0     0     0     0
2042    0     0     0     0     0     0     0
2046    0     0     0     0     0     0     0
2050    0     0     0     0     0     0     0
2054    0     0     0     0     0     0     0
2058    0     0     0     0     0     0     0
2062    0     0     0     0     0     0     0
2066    0     0     0     0     0     0     0
2070    0     0     0     0     0     0     0
2074    0     0     0     0     0     0     0
2078    0     0     0     0     0     0     0
2082    0     0     0     0     0     0     0
2086    0     0     0     0     0     0     0
2090    0     0     0     0     0     0     0
2094    0     0     0     0     0     0     0
2098    0     0     0     0     0     0     0
2102    0     0     0     0     0     0     0
2106    0     0     0     0     0     0     0
2110    0     0     0     0     0     0     0
2114    0     0     0     0     0     0     0
2118    0     0     0     0     0     0     0
2122    0     0     0     0     0     0     0
2126    0     0     0     0     0     0     0
2130    0     0     0     0     0     0     0
2134    0     0     0     0     0     0     0
2138    0     0     0     0     0     0     0
2142    0     0     0     0     0     0     0
2146    0     0     0     0     0     0     0
2150    0     0     0     0     0     0     0
2154    0     0     0     0     0     0     0
2158    0     0     0     0     0     0     0
2162    0     0     0     0     0     0     0
2166    0     0     0     0     0     0     0
2170    0     0     0     0     0     0     0
2174    0     0     0     0     0     0     0
2178    0     0     0     0     0     0     0
2182    0     0     0     0     0     0     0
2186    0     0     0     0     0     0     0
2190    0     0     0     0     0     0     0
2194    0     0     0     0     0     0     0
2198    0     0     0     0     0     0     0
2202    0     0     0     0     0     0     0
2206    0     0     0     0     0     0     0
2210    0     0     0     0     0     0     0
2214    0     0     0     0     0     0     0
2218    0     0     0     0     0     0     0
2222    0     0     0     0     0     0     0
2226    0     0     0     0     0     0     0
2230    0     0     0     0     0     0     0
2234    0     0     0     0     0     0     0
2238    0     0     0     0     0     0     0
2242    0     0     0     0     0     0     0
2246    0     0     0     0     0     0     0
2250    0     0     0     0     0     0     0
2254    0     0     0     0     0     0     0
2258    0     0     0     0     0     0     0
2262    0     0     0     0     0     0     0
2266    0     0     0     0     0     0     0
2270    0     0     0     0     0     0     0
2274    0     0     0     0     0     0     0
2278    0     0     0     0     0     0     0
2282    0     0     0     0     0     0     0
2286    0     0     0     0     0     0     0
2290    0     0     0     0     0     0     0
2294    0     0     0     0     0     0     0
2298    0     0     0     0     0     0     0
2302    0     0     0     0     0     0     0
2306    0     0     0     0     0     0     0
2310    0     0     0     0     0     0     0
2314    0     0     0     0     0     0     0
2318    0     0     0     0     0     0     0
2322    0     0     0     0     0     0     0
2326    0     0     0     0     0     0     0
2330    0     0     0     0     0     0     0
2334    0     0     0     0     0     0     0
2338    0     0     0     0     0     0     0
2342    0     0     0     0     0     0     0
2346    0     0     0     0     0     0     0
2350    0     0     0     0     0     0     0
2354    0     0     0     0     0     0     0
2358    0     0     0     0     0     0     0
2362    0     0     0     0     0     0     0
2366    0     0     0     0     0     0     0
2370    0     0     0     0     0     0     0
2374    0     0     0     0     0     0     0
2378    0     0     0     0     0     0     0
2382    0     0     0     0     0     0     0
2386    0     0     0     0     0     0     0
2390    0     0     0     0     0     0     0
2394    0     0     0     0     0     0     0
2398    0     0     0     0     0     0     0
2402    0     0     0     0     0     0     0
2406    0     0     0     0     0     0     0
2410    0     0     0     0     0     0     0
2414    0     0     0     0     0     0     0
2418    0     0     0     0     0     0     0
2422    0     0     0     0     0     0     0
2426    0     0     0     0     0     0     0
2430    0     0     0     0     0     0     0
2434    0     0     0     0     0     0     0
2438    0     0     0     0     0     0     0
2442    0     0     0     0     0     0     0
2446    0     0     0     0     0     0     0
2450    0     0     0     0     0     0     0
2454    0     0     0     0     0     0     0
2458    0     0     0     0     0     0     0
2462    0     0     0     0     0     0     0
2466    0     0     0     0     0     0     0
2470    0     0     0     0     0     0     0
2474    0     0     0     0     0     0     0
2478    0     0     0     0     0     0     0
2482    0     0     0     0     0     0     0
2486    0     0     0     0     0     0     0
2490    0     0     0     0     0     0     0
2494    0     0     0     0     0     0     0
2498    0     0     0     0     0     0     0
2502    0     0     0     0     0     0     0
2506    0     0     0     0     0     0     0
2510    0     0     0     0     0     0     0
2514    0     0     0     0     0     0     0
2518    0     0     0     0     0     0     0
2522    0     0     0     0     0     0     0
2526    0     0     0     0     0     0     0
2530    0     0     0     0     0     0     0
2534    0     0     0     0     0     0     0
2538    0     0     0     0     0     0     0
2542    0     0     0     0     0     0     0
2546    0     0     0     0     0     0     0
2550    0     0     0     0     0     0     0
2554    0     0     0     0     0     0     0
2558    0     0     0     0     0     0     0
2562    0     0     0     0     0     0     0
2566    0     0     0     0     0     0     0
2570    0     0     0     0     0     0     0
2574    0     0     0     0     0     0     0
2578    0     0     0     0     0     0     0
2582    0     0     0     0     0     0     0
2586    0     0     0     0     0     0     0
2590    0     0     0     0     0     0     0
2594    0     0     0     0     0     0     0
2598    0     0     0     0     0     0     0
2602    0     0     0     0     0     0     0
2606    0     0     0     0     0     0     0
2610    0     0     0     0     0     0     0
2614    0     0     0     0     0     0     0
2618    0     0     0     0     0     0     0
2622    0     0     0     0     0     0     0
2626    0     0     0     0     0     0     0
2630    0     0     0     0     0     0     0
2634    0     0     0     0     0     0     0
2638    0     0     0     0     0     0     0
2642    0     0     0     0     0     0     0
2646    0     0     0     0     0     0     0
2650    0     0     0     0     0     0     0
2654    0     0     0     0     0     0     0
2658    0     0     0     0     0     0     0
2662    0     0     0     0     0     0     0
2666    0     0     0     0     0     0     0
2670    0     0     0     0     0     0     0
2674    0     0     0     0     0     0     0
2678    0     0     0     0     0     0     0
2682    0     0     0     0     0     0     0
2686    0     0     0     0     0     0     0
2690    0     0     0     0     0     0     0
2694    0     0     0     0     0     0     0
2698    0     0     0     0     0     0     0
2702    0     0     0     0     0     0     0
2706    0     0     0     0     0     0     0
2710    0     0     0     0     0     0     0
2714    0     0     0     0     0     0     0
2718    0     0     0     0     0     0     0
2722    0     0     0     0     0     0     0
2726    0     0     0     0     0     0     0
2730    0     0     0     0     0     0     0
2734    0     0     0     0     0     0     0
2738    0     0     0     0     0     0     0
2742    0     0     0     0     0     0     0
2746    0     0     0     0     0     0     0
2750    0     0     0     0     0     0     0
2754    0     0     0     0     0     0     0
2758    0     0     0     0     0     0     0
2762    0     0     0     0     0     0     0
2766    0     0     0     0     0     0     0
2770    0     0     0     0     0     0     0
2774    0     0     0     0     0     0     0
2778    0     0     0     0     0     0     0
2782    0     0     0     0     0     0     0
2786    0     0     0     0     0     0     0
2790    0     0     0     0     0     0     0
2794    0     0     0     0     0     0     0
2798    0     0     0     0     0     0     0
2802    0     0     0     0     0     0     0
2806    0     0     0     0     0     0     0
2810    0     0     0     0     0     0     0
2814    0     0     0     0     0     0     0
2818    0     0     0     0     0     0     0
2822    0     0     0     0     0     0     0
2826    0     0     0     0     0     0     0
2830    0     0     0     0     0     0     0
2834    0     0     0     0     0     0     0
2838    0     0     0     0     0     0     0
2842    0     0     0     0     0     0     0
2846    0     0     0     0     0     0     0
2850    0     0     0     0     0     0     0
2854    0     0     0     0     0     0     0
2858    0     0     0     0     0     0     0
2862    0     0     0     0     0     0     0
2866    0     0     0     0     0     0     0
2870    0     0     0     0     0     0     0
2874    0     0     0     0     0     0     0
2878    0     0     0     0     0     0     0
2882    0     0     0     0     0     0     0
2886    0     0     0     0     0     0     0
2890    0     0     0     0     0     0     0
2894    0     0     0     0     0     0     0
2898    0     0     0     0     0     0     0
2902    0     0     0     0     0     0     0
2906    0     0     0     0     0     0     0
2910    0     0     0     0     0     0     0
2914    0     0     0     0     0     0     0
2918    0     0     0     0     0     0     0
2922    0     0     0     0     0     0     0
2926    0     0     0     0     0     0     0
2930    0     0     0     0     0     0     0
2934    0     0     0     0     0     0     0
2938    0     0     0     0     0     0     0
2942    0     0     0     0     0     0     0
2946    0     0     0     0     0     0     0
2950    0     0     0     0     0     0     0
2954    0     0     0     0     0     0     0
2958    0     0     0     0     0     0     0
2962    0     0     0     0     0     0     0
2966    0     0     0     0     0     0     0
2970    0     0     0     0     0     0     0
2974    0     0     0     0     0     0     0
2978    0     0     0     0     0     0     0
2982    0     0     0     0     0     0     0
2986    0     0     0     0     0     0     0
2990    0     0     0     0     0     0     0
2994    0     0     0     0     0     0     0
2998    0     0     0     0     0     0     0
3002    0     0     0     0     0     0     0
3006    0     0     0     0     0     0     0
3010    0     0     0     0     0     0     0
3014    0     0     0     0     0     0     0
3018    0     0     0     0     0     0     0
3022    0     0     0     0     0     0     0
3026    0     0     0     0     0     0     0
3030    0     0     0     0     0     0     0
3034    0     0     0     0     0     0     0
3038    0     0     0     0     0     0     0
3042    0     0     0     0     0     0     0
3046    0     0     0     0     0     0     0
3050    0     0     0     0     0     0     0
3054    0     0     0     0     0     0     0
3058    0     0     0     0     0     0     0
3062    0     0     0     0     0     0     0
3066    0     0     0     0     0     0     0
3070    0     0     0     0     0     0     0
3074    0     0     0     0     0     0     0
3078    0     0     0     0     0     0     0
3082    0     0     0     0     0     0     0
3086    0     0     0     0     0     0     0
3090    0     0     0     0     0     0     0
3094    0     0     0     0     0     0     0
3098    0     0     0     0     0     0     0
3102    0     0     0     0     0     0     0
3106    0     0     0     0     0     0     0
3110    0     0     0     0     0     0     0
3114    0     0     0     0     0     0     0
3118    0     0     0     0     0     0     0
3122    0     0     0     0     0     0     0
3126    0     0     0     0     0     0     0
3130    0     0     0     0     0     0     0
3134    0     0     0     0     0     0     0
3138    0     0     0     0     0     0     0
3142    0     0     0     0     0     0     0
3146    0     0     0     0     0     0     0
3150    0     0     0     0     0     0     0
3154    0     0     0     0     0     0     0
3158    0     0     0     0     0     0     0
3162    0     0     0     0     0     0     0
3166    0     0     0     0     0     0     0
3170    0     0     0     0     0     0     0
3174    0     0     0     0     0     0     0
3178    0     0     0     0     0     0     0
3182    0     0     0     0     0     0     0
3186    0     0     0     0     0     0     0
3190    0     0     0     0     0     0     0
3194    0     0     0     0     0     0     0
3198    0     0     0     0     0     0     0
3202    0     0     0     0     0     0     0
3206    0     0     0     0     0     0     0
3210    0     0     0     0     0     0     0
3214    0     0     0     0     0     0     0
3218    0     0     0     0     0     0     0
3222    0     0     0     0     0     0     0
3226    0     0     0     0     0     0     0
3230    0     0     0     0     0     0     0
3234    0     0     0     0     0     0     0
3238    0     0     0     0     0     0     0
3242    0     0     0     0     0     0     0
3246    0     0     0     0     0     0     0
3250    0     0     0     0     0     0     0
3254    0     0     0     0     0     0     0
3258    0     0     0     0     0     0     0
3262    0     0     0     0     0     0     0
3266    0     0     0     0     0     0     0
3270    0     0     0     0     0     0     0
3274    0     0     0     0     0     0     0
3278    0     0     0     0     0     0     0
3282    0     0     0     0     0     0     0
3286    0     0     0     0     0     0     0
3290    0     0     0     0     0     0     0
3294    0     0     0     0     0     0     0
3298    0     0     0     0     0     0     0
3302    0     0     0     0     0     0     0
3306    0     0     0     0     0     0     0
3310    0     0     0     0     0     0     0
3314    0     0     0     0     0     0     0
3318    0     0     0     0     0     0     0
3322    0     0     0     0     0     0     0
3326    0     0     0     0     0     0     0
3330    0     0     0     0     0     0     0
3334    0     0     0     0     0     0     0
3338    0     0     0     0     0     0     0
3342    0     0     0     0     0     0     0
3346    0     0     0     0     0     0     0
3350    0     0     0     0     0     0     0
3354    0     0     0     0     0     0     0
3358    0     0     0     0     0     0     0
3362    0     0     0     0     0     0     0
3366    0     0     0     0     0     0     0
3370    0     0     0     0     0     0     0
3374    0     0     0     0     0     0     0
3378    0     0     0     0     0     0     0
3382    0     0     0     0     0     0     0
3386    0     0     0     0     0     0     0
3390    0     0     0     0     0     0     0
3394    0     0     0     0     0     0     0
3398    0     0     0     0     0     0     0
3402    0     0     0     0     0     0     0
3406    0     0     0     0     0     0     0
3410    0     0     0     0     0     0     0
3414    0     0     0     0     0     0     0
3418    0     0     0     0     0     0     0
3422    0     0     0     0     0     0     0
3426    0     0     0     0     0     0     0
3430    0     0     0     0     0     0     0
3434    0     0     0     0     0     0     0
3438    0     0     0     0     0     0     0
3442    0     0     0     0     0     0     0
3446    0     0     0     0     0     0     0
3450    0     0     0     0     0     0     0
3454    0     0     0     0     0     0     0
3458    0     0     0     0     0     0     0
3462    0     0     0     0     0     0     0
3466    0     0     0     0     0     0     0
3470    0     0     0     0     0     0     0
3474    0     0     0     0     0     0     0
3478    0     0     0     0     0     0     0
3482    0     0     0     0     0     0     0
3486    0     0     0     0     0     0     0
3490    0     0     0     0     0     0     0
3494    0     0     0     0     0     0     0
3498    0     0     0     0     0     0     0
3502    0     0     0     0     0     0     0
3506    0     0     0     0     0     0     0
3510    0     0     0     0     0     0     0
3514    0     0     0     0     0     0     0
3518    0     0     0     0     0     0     0
3522    0     0     0     0     0     0     0
3526    0     0     0     0     0     0     0
3530    0     0     0     0     0     0     0
3534    0     0     0     0     0     0     0
3538    0     0     0     0     0     0     0
3542    0     0     0     0     0     0     0
3546    0     0     0     0     0     0     0
3550    0     0     0     0     0     0     0
3554    0     0     0     0     0     0     0
3558    0     0     0     0     0     0     0
3562    0     0     0     0     0     0     0
3566    0     0     0     0     0     0     0
3570    0     0     0     0     0     0     0
3574    0     0     0     0     0     0     0
3578    0     0     0     0     0     0     0
3582    0     0     0     0     0     0     0
3586    0     0     0     0     0     0     0
3590    0     0     0     0     0     0     0
3594    0     0     0     0     0     0     0
3598    0     0     0     0     0     0     0
3602    0     0     0     0     0     0     0
3606    0     0     0     0     0     0     0
3610    0     0     0     0     0     0     0
3614    0     0     0     0     0     0     0
3618    0     0     0     0     0     0     0
3622    0     0     0     0     0     0     0
3626    0     0     0     0     0     0     0
3630    0     0     0     0     0     0     0
3634    0     0     0     0     0     0     0
3638    0     0     0     0     0     0     0
3642    0     0     0     0     0     0     0
3646    0     0     0     0     0     0     0
3650    0     0     0     0     0     0     0
3654    0     0     0     0     0     0     0
3658    0     0     0     0     0     0     0
3662    0     0     0     0     0     0     0
3666    0     0     0     0     0     0     0
3670    0     0     0     0     0     0     0
3674    0     0     0     0     0     0     0
3678    0     0     0     0     0     0     0
3682    0     0     0     0     0     0     0
3686    0     0     0     0     0     0     0
3690    0     0     0     0     0     0     0
3694    0     0     0     0     0     0     0
3698    0     0     0     0     0     0     0
3702    0     0     0     0     0     0     0
3706    0     0     0     0     0     0     0
3710    0     0     0     0     0     0     0
3714    0     0     0     0     0     0     0
3718    0     0     0     0     0     0     0
3722    0     0     0     0     0     0     0
3726    0     0     0     0     0     0     0
3730    0     0     0     0     0     0     0
3734    0     0     0     0     0     0     0
3738    0     0     0     0     0     0     0
3742    0     0     0     0     0     0     0
3746    0     0     0     0     0     0     0
3750    0     0     0     0     0     0     0
3754    0     0     0     0     0     0     0
3758    0     0     0     0     0     0     0
3762    0     0     0     0     0     0     0
3766    0     0     0     0     0     0     0
3770    0     0     0     0     0     0     0
3774    0     0     0     0     0     0     0
3778    0     0     0     0     0     0     0
3782    0     0     0     0     0     0     0
3786    0     0     0     0     0     0     0
3790    0     0     0     0     0     0     0
3794    0     0     0     0     0     0     0
3798    0     0     0     0     0     0     0
3802    0     0     0     0     0     0     0
3806    0     0     0     0     0     0     0
3810    0     0     0     0     0     0     0
3814    0     0     0     0     0     0     0
3818    0     0     0     0     0     0     0
3822    0     0     0     0     0     0     0
3826    0     0     0     0     0     0     0
3830    0     0     0     0     0     0     0
3834    0     0     0     0     0     0     0
3838    0     0     0     0     0     0     0
3842    0     0     0     0     0     0     0
3846    0     0     0     0     0     0     0
3850    0     0     0     0     0     0     0
3854    0     0     0     0     0     0     0
3858    0     0     0     0     0     0     0
3862    0     0     0     0     0     0     0
3866    0     0     0     0     0     0     0
3870    0     0     0     0     0     0     0
3874    0     0     0     0     0     0     0
3878    0     0     0     0     0     0     0
3882    0     0     0     0     0     0     0
3886    0     0     0     0     0     0     0
3890    0     0     0     0     0     0     0
3894    0     0     0     0     0     0     0
3898    0     0     0     0     0     0     0
3902    0     0     0     0     0     0     0
3906    0     0     0     0     0     0     0
3910    0     0     0     0     0     0     0
3914    0     0     0     0     0     0     0
3918    0     0     0     0     0     0     0
3922    0     0     0     0     0     0     0
3926    0     0     0     0     0     0     0
3930    0     0     0     0     0     0     0
3934    0     0     0     0     0     0     0
3938    0     0     0     0     0     0     0
3942    0     0     0     0     0     0     0
3946    0     0     0     0     0     0     0
3950    0     0     0     0     0     0     0
3954    0     0     0     0     0     0     0
3958    0     0     0     0     0     0     0
3962    0     0     0     0     0     0     0
3966    0     0     0     0     0     0     0
3970    0     0     0     0     0     0     0
3974    0     0     0     0     0     0     0
3978    0     0     0     0     0     0     0
3982    0     0     0     0     0     0     0
3986    0     0     0     0     0     0     0
3990    0     0     0     0     0     0     0
3994    0     0     0     0     0     0     0
3998    0     0     0     0     0     0     0
