1     0     0     0     0     0     0     0
3     0     0     0     0     0     0     0
5     0     0     0     0     0     0     0
7     0     0     0     0     0     0     0
9     0     0     0     0     0     0     0
11     0     0     0     0     0     0     0
13     0     0     0     0     0     0     0
15     0     0     0     0     0     0     0
17     0     0     0     0     0     0     0
19     0     0     0     0     0     0     0
21     0     0     0     0     0     0     0
23     0     0     0     0     0     0     0
25     0     0     0     0     0     0     0
27     0     0     0     0     0     0     0
29     0     0     0     0     0     0     0
31     0     0     0     0     0     0     0
33     0     0     0     0     0     0     0
35     0     0     0     0     0     0     0
37     0     0     0     0     0     0     0
39     0     0     0     0     0     0     0
41     0     0     0     0     0     0     0
43     0     0     0     0     0     0     0
45     0     0     0     0     0     0     0
47     0     0     0     0     0     0     0
49     0.00024897     1.15093e-07     1.15093e-07     1.15093e-07     1.15093e-07     1.15093e-07     1.15093e-07
51     0.000280092     1.22997e-07     1.22997e-07     1.22997e-07     1.22997e-07     1.22997e-07     1.22997e-07
53     0.000264531     1.10219e-07     1.10219e-07     1.10219e-07     1.10219e-07     1.10219e-07     1.10219e-07
55     0.000202288     8.05149e-08     8.05149e-08     8.05149e-08     8.05149e-08     8.05149e-08     8.05149e-08
57     0.000326774     1.24854e-07     1.24854e-07     1.24854e-07     1.24854e-07     1.24854e-07     1.24854e-07
59     0.000311213     1.14465e-07     1.14465e-07     1.14465e-07     1.14465e-07     1.14465e-07     1.14465e-07
61     0.000280092     9.84589e-08     9.84589e-08     9.84589e-08     9.84589e-08     9.84589e-08     9.84589e-08
63     0.000373455     1.27071e-07     1.27071e-07     1.27071e-07     1.27071e-07     1.27071e-07     1.27071e-07
65     0.000264531     8.73388e-08     8.73388e-08     8.73388e-08     8.73388e-08     8.73388e-08     8.73388e-08
67     0.000295652     9.48142e-08     9.48142e-08     9.48142e-08     9.48142e-08     9.48142e-08     9.48142e-08
69     0.000264531     8.28539e-08     8.28539e-08     8.28539e-08     8.28539e-08     8.28539e-08     8.28539e-08
71     0.000373455     1.14369e-07     1.14369e-07     1.14369e-07     1.14369e-07     1.14369e-07     1.14369e-07
73     0.000420137     1.25683e-07     1.25683e-07     1.25683e-07     1.25683e-07     1.25683e-07     1.25683e-07
75     0.000311213     9.1445e-08     9.1445e-08     9.1445e-08     9.1445e-08     9.1445e-08     9.1445e-08
77     0.000280092     8.09719e-08     8.09719e-08     8.09719e-08     8.09719e-08     8.09719e-08     8.09719e-08
79     0.00048238     1.37597e-07     1.37597e-07     1.37597e-07     1.37597e-07     1.37597e-07     1.37597e-07
81     0.000560183     1.57948e-07     1.57948e-07     1.57948e-07     1.57948e-07     1.57948e-07     1.57948e-07
83     0.000420137     1.17282e-07     1.17282e-07     1.17282e-07     1.17282e-07     1.17282e-07     1.17282e-07
85     0.000653547     1.81084e-07     1.81084e-07     1.81084e-07     1.81084e-07     1.81084e-07     1.81084e-07
87     0.000389016     1.0722e-07     1.0722e-07     1.0722e-07     1.0722e-07     1.0722e-07     1.0722e-07
89     0.000466819     1.28133e-07     1.28133e-07     1.28133e-07     1.28133e-07     1.28133e-07     1.28133e-07
91     0.000435698     1.19284e-07     1.19284e-07     1.19284e-07     1.19284e-07     1.19284e-07     1.19284e-07
93     0.000497941     1.36236e-07     1.36236e-07     1.36236e-07     1.36236e-07     1.36236e-07     1.36236e-07
95     0.00048238     1.32071e-07     1.32071e-07     1.32071e-07     1.32071e-07     1.32071e-07     1.32071e-07
97     0.000529062     1.4515e-07     1.4515e-07     1.4515e-07     1.4515e-07     1.4515e-07     1.4515e-07
99     0.000855835     2.35559e-07     2.35559e-07     2.35559e-07     2.35559e-07     2.35559e-07     2.35559e-07
101     0.000871396     2.4085e-07     2.4085e-07     2.4085e-07     2.4085e-07     2.4085e-07     2.4085e-07
103     0.000544623     1.51299e-07     1.51299e-07     1.51299e-07     1.51299e-07     1.51299e-07     1.51299e-07
105     0.00048238     1.34833e-07     1.34833e-07     1.34833e-07     1.34833e-07     1.34833e-07     1.34833e-07
107     0.000497941     1.40424e-07     1.40424e-07     1.40424e-07     1.40424e-07     1.40424e-07     1.40424e-07
109     0.00073135     2.08856e-07     2.08856e-07     2.08856e-07     2.08856e-07     2.08856e-07     2.08856e-07
111     0.000606865     1.75877e-07     1.75877e-07     1.75877e-07     1.75877e-07     1.75877e-07     1.75877e-07
113     0.000637986     1.87966e-07     1.87966e-07     1.87966e-07     1.87966e-07     1.87966e-07     1.87966e-07
115     0.000762472     2.29595e-07     2.29595e-07     2.29595e-07     2.29595e-07     2.29595e-07     2.29595e-07
117     0.000560183     1.72978e-07     1.72978e-07     1.72978e-07     1.72978e-07     1.72978e-07     1.72978e-07
119     0.00071579     2.27977e-07     2.27977e-07     2.27977e-07     2.27977e-07     2.27977e-07     2.27977e-07
121     0.00073135     2.41848e-07     2.41848e-07     2.41848e-07     2.41848e-07     2.41848e-07     2.41848e-07
123     0.000793593     2.7295e-07     2.7295e-07     2.7295e-07     2.7295e-07     2.7295e-07     2.7295e-07
125     0.000606865     2.19048e-07     2.19048e-07     2.19048e-07     2.19048e-07     2.19048e-07     2.19048e-07
127     0.000746911     2.85886e-07     2.85886e-07     2.85886e-07     2.85886e-07     2.85886e-07     2.85886e-07
129     0.000886957     3.59626e-07     3.59626e-07     3.59626e-07     3.59626e-07     3.59626e-07     3.59626e-07
131     0.000840275     3.6425e-07     3.6425e-07     3.6425e-07     3.6425e-07     3.6425e-07     3.6425e-07
133     0.000886957     4.15149e-07     4.15149e-07     4.15149e-07     4.15149e-07     4.15149e-07     4.15149e-07
135     0.000809154     4.14577e-07     4.14577e-07     4.14577e-07     4.14577e-07     4.14577e-07     4.14577e-07
137     0.000902517     5.03928e-07     5.03928e-07     5.03928e-07     5.03928e-07     5.03928e-07     5.03928e-07
139     0.000840275     5.19229e-07     5.19229e-07     5.19229e-07     5.19229e-07     5.19229e-07     5.19229e-07
141     0.00124485     8.54228e-07     8.54228e-07     8.54228e-07     8.54228e-07     8.54228e-07     8.54228e-07
143     0.001027     7.9738e-07     7.9738e-07     7.9738e-07     7.9738e-07     7.9738e-07     7.9738e-07
145     0.000918078     8.12978e-07     8.12978e-07     8.12978e-07     8.12978e-07     8.12978e-07     8.12978e-07
147     0.000824714     8.39766e-07     8.39766e-07     8.39766e-07     8.39766e-07     8.39766e-07     8.39766e-07
149     0.000886957     1.05412e-06     1.05412e-06     1.05412e-06     1.05412e-06     1.05412e-06     1.05412e-06
151     0.000871396     1.23943e-06     1.23943e-06     1.23943e-06     1.23943e-06     1.23943e-06     1.23943e-06
153     0.00107368     1.89934e-06     1.89934e-06     1.89934e-06     1.89934e-06     1.89934e-06     1.89934e-06
155     0.00119817     2.64859e-06     2.64859e-06     2.64859e-06     2.64859e-06     2.64859e-06     2.64859e-06
157     0.000933639     2.74298e-06     2.74298e-06     2.74298e-06     2.74298e-06     2.74298e-06     2.74298e-06
159     0.00127597     5.52221e-06     5.52221e-06     5.52221e-06     5.52221e-06     5.52221e-06     5.52221e-06
161     0.00110481     8.59892e-06     8.59892e-06     8.59892e-06     8.59892e-06     8.59892e-06     8.59892e-06
163     0.00101144     1.2455e-05     1.2455e-05     1.2455e-05     1.2455e-05     1.2455e-05     1.2455e-05
165     0.000793593     1.32917e-05     1.32917e-05     1.32917e-05     1.32917e-05     1.32917e-05     1.32917e-05
167     0.000980321     2.00091e-05     2.00091e-05     2.00091e-05     2.00091e-05     2.00091e-05     2.00091e-05
169     0.00124485     2.92454e-05     2.92454e-05     2.92454e-05     2.92454e-05     2.92454e-05     2.92454e-05
171     0.0013849     3.68207e-05     3.68207e-05     3.68207e-05     3.68207e-05     3.68207e-05     3.68207e-05
173     0.00127597     3.74668e-05     3.74668e-05     3.74668e-05     3.74668e-05     3.74668e-05     3.74668e-05
175     0.000933639     2.96749e-05     2.96749e-05     2.96749e-05     2.96749e-05     2.96749e-05     2.96749e-05
177     0.00121373     4.18584e-05     4.18584e-05     4.18584e-05     4.18584e-05     4.18584e-05     4.18584e-05
179     0.001027     3.85599e-05     3.85599e-05     3.85599e-05     3.85599e-05     3.85599e-05     3.85599e-05
181     0.0015405     6.37789e-05     6.37789e-05     6.37789e-05     6.37789e-05     6.37789e-05     6.37789e-05
183     0.00130709     5.96335e-05     5.96335e-05     5.96335e-05     5.96335e-05     5.96335e-05     5.96335e-05
185     0.00130709     6.60165e-05     6.60165e-05     6.60165e-05     6.60165e-05     6.60165e-05     6.60165e-05
187     0.00152494     8.3438e-05     8.3438e-05     8.3438e-05     8.3438e-05     8.3438e-05     8.3438e-05
189     0.0013849     8.17647e-05     8.17647e-05     8.17647e-05     8.17647e-05     8.17647e-05     8.17647e-05
191     0.0015405     9.74758e-05     9.74758e-05     9.74758e-05     9.74758e-05     9.74758e-05     9.74758e-05
193     0.00132265     8.89459e-05     8.89459e-05     8.89459e-05     8.89459e-05     8.89459e-05     8.89459e-05
195     0.00144714     0.000102801     0.000102801     0.000102801     0.000102801     0.000102801     0.000102801
197     0.00163387     0.000122285     0.000122285     0.000122285     0.000122285     0.000122285     0.000122285
199     0.00152494     0.000119382     0.000119382     0.000119382     0.000119382     0.000119382     0.000119382
201     0.00140046     0.000114464     0.000114464     0.000114464     0.000114464     0.000114464     0.000114464
203     0.00174279     0.000149017     0.000149017     0.000149017     0.000149017     0.000149017     0.000149017
205     0.00158719     0.000141373     0.000141373     0.000141373     0.000141373     0.000141373     0.000141373
207     0.00147826     0.000137056     0.000137056     0.000137056     0.000137056     0.000137056     0.000137056
209     0.00143158     0.000137976     0.000137976     0.000137976     0.000137976     0.000137976     0.000137976
211     0.00178947     0.000179675     0.000179675     0.000179675     0.000798238     0.00113173     0.000569113
213     0.0018206     0.000189635     0.000189635     0.000189635     0.000790988     0.00111577     0.000567945
215     0.0015405     0.000166343     0.000166343     0.000166343     0.00077481     0.00110385     0.000548926
217     0.00178947     0.00019979     0.00019979     0.00019979     0.000820021     0.00115565     0.000589627
219     0.0018206     0.000210073     0.000210073     0.000210073     0.000826753     0.00116049     0.00059758
221     0.00194508     0.000231839     0.000231839     0.000231839     0.000858433     0.00119764     0.000625534
223     0.00194508     0.000239277     0.000239277     0.000239277     0.000854097     0.0011868     0.000625506
225     0.00234966     0.00029814     0.00029814     0.00029814     0.000933607     0.00127752     0.000697306
227     0.00196064     0.000256672     0.000256672     0.000256672     0.000865339     0.00119479     0.000638973
229     0.00183616     0.000247301     0.000247301     0.000247301     0.000876918     0.0012177     0.000642722
231     0.00247414     0.000343688     0.000343688     0.000343688     0.000975276     0.00131731     0.000740171
233     0.00228741     0.000327231     0.000327231     0.000327231     0.000975364     0.00132674     0.000733975
235     0.00211625     0.000311872     0.000311872     0.000311872     0.000947808     0.00129278     0.000710811
237     0.00236522     0.000358816     0.000358816     0.000358816     0.000976494     0.00131181     0.000746116
239     0.00178947     0.000278914     0.000278914     0.000278914     0.000918598     0.00126607     0.000679897
241     0.00236522     0.000379371     0.000379371     0.000379371     0.00102008     0.00136818     0.000780894
243     0.00210069     0.000346035     0.000346035     0.000346035     0.000981171     0.0013262     0.000744068
245     0.00213181     0.000360484     0.000360484     0.000360484     0.00101436     0.00136954     0.000770232
247     0.00245858     0.000426316     0.000426316     0.000426316     0.00107992     0.00143491     0.000835873
249     0.00273867     0.000487451     0.000487451     0.000487451     0.0011219     0.00146645     0.00088496
251     0.00258307     0.000471505     0.000471505     0.000471505     0.00110451     0.00144839     0.000868026
253     0.00280092     0.000524249     0.000524249     0.000524249     0.00116399     0.00151162     0.000924868
255     0.00225629     0.000432848     0.000432848     0.000432848     0.00106792     0.00141326     0.000830432
257     0.00261419     0.000514385     0.000514385     0.000514385     0.00116256     0.00151519     0.000920034
259     0.00329886     0.000664855     0.000664855     0.000664855     0.00131719     0.00167225     0.00107303
261     0.00269199     0.000555531     0.000555531     0.000555531     0.00121027     0.00156671     0.000965146
263     0.00270755     0.000571914     0.000571914     0.000571914     0.00122159     0.00157531     0.000978278
265     0.00269199     0.000582533     0.000582533     0.000582533     0.00124614     0.00160745     0.000997601
267     0.00286316     0.000634016     0.000634016     0.000634016     0.00129243     0.00165082     0.00104577
269     0.00315881     0.000715013     0.000715013     0.000715013     0.00134756     0.00169196     0.00111054
271     0.00295652     0.000684409     0.000684409     0.000684409     0.00131519     0.00165874     0.00107877
273     0.00309657     0.000732911     0.000732911     0.000732911     0.0013561     0.00169568     0.00112242
275     0.0033611     0.000813555     0.000813555     0.000813555     0.001457     0.00180779     0.0012156
277     0.00312769     0.000773203     0.000773203     0.000773203     0.00143517     0.00179622     0.00118671
279     0.00345446     0.000873482     0.000873482     0.000873482     0.00153164     0.0018908     0.00128445
281     0.00362563     0.000936167     0.000936167     0.000936167     0.00160434     0.0019692     0.00135329
283     0.00345446     0.000910258     0.000910258     0.000910258     0.00157013     0.00193058     0.00132208
285     0.00373455     0.00100608     0.00100608     0.00100608     0.00165371     0.00200766     0.00141019
287     0.00389016     0.00106861     0.00106861     0.00106861     0.00174689     0.00211767     0.00149178
289     0.00359451     0.00100747     0.00100747     0.00100747     0.00166389     0.0020228     0.00141692
291     0.00407689     0.00116613     0.00116613     0.00116613     0.00182373     0.00218327     0.00157624
293     0.00415469     0.00121167     0.00121167     0.00121167     0.00189336     0.00226614     0.00163677
295     0.00418581     0.00124494     0.00124494     0.00124494     0.00193292     0.00230917     0.00167392
297     0.00471488     0.00142971     0.00142971     0.00142971     0.00213189     0.00251591     0.00186748
299     0.00434142     0.00134147     0.00134147     0.00134147     0.002015     0.00238334     0.00176129
301     0.00476156     0.00149944     0.00149944     0.00149944     0.00220273     0.0025875     0.00193774
303     0.00469931     0.00150777     0.00150777     0.00150777     0.00223249     0.00262914     0.00195934
305     0.00480824     0.00157241     0.00157241     0.00157241     0.00230289     0.00270283     0.00202745
307     0.00485492     0.00161766     0.00161766     0.00161766     0.00233556     0.00272875     0.00206473
309     0.00524394     0.00177934     0.00177934     0.00177934     0.00252074     0.00292707     0.00224092
311     0.00539954     0.00186448     0.00186448     0.00186448     0.00258289     0.00297677     0.00231161
313     0.00529062     0.00186065     0.00186065     0.00186065     0.00263273     0.00305631     0.00234106
315     0.00609977     0.00218243     0.00218243     0.00218243     0.00294927     0.00337016     0.00265946
317     0.00625538     0.00227907     0.00227907     0.00227907     0.00305643     0.00348318     0.00276254
319     0.00594417     0.00220389     0.00220389     0.00220389     0.00301077     0.0034538     0.00270563
321     0.00623982     0.00235226     0.00235226     0.00235226     0.0031821     0.00363779     0.0028682
323     0.00625538     0.00239736     0.00239736     0.00239736     0.00322131     0.00367374     0.00290961
325     0.00703341     0.00273978     0.00273978     0.00273978     0.00362065     0.00410419     0.00328738
327     0.00726682     0.00287679     0.00287679     0.00287679     0.00378897     0.00428964     0.00344385
329     0.00714234     0.00287295     0.00287295     0.00287295     0.00375173     0.00423395     0.00341925
331     0.00784257     0.00320537     0.00320537     0.00320537     0.00410146     0.00459309     0.0037624
333     0.00734462     0.00304935     0.00304935     0.00304935     0.00400118     0.00452336     0.00364099
335     0.00841831     0.00354943     0.00354943     0.00354943     0.0045698     0.00512963     0.0041836
337     0.00911854     0.00390614     0.00390614     0.00390614     0.00492106     0.00547802     0.00453676
339     0.00883845     0.00384466     0.00384466     0.00384466     0.00493364     0.0055317     0.00452104
341     0.00914966     0.00404287     0.00404287     0.00404287     0.00514973     0.00575816     0.00472997
343     0.0104879     0.00470854     0.00470854     0.00470854     0.00586609     0.00650402     0.00542644
345     0.0104256     0.00475773     0.00475773     0.00475773     0.00600228     0.00669162     0.00552801
347     0.0110636     0.00514105     0.00514105     0.00514105     0.00643488     0.00715347     0.00594089
349     0.0126197     0.00597659     0.00597659     0.00597659     0.00743365     0.00824179     0.00687762
351     0.010768     0.00521257     0.00521259     0.00521257     0.00660866     0.00738312     0.00607574
353     0.0125108     0.00619377     0.00619384     0.00619377     0.00771962     0.00856784     0.00713635
355     0.0129309     0.00655683     0.00655692     0.00655683     0.00822658     0.00915751     0.0075871
357     0.0130865     0.00679759     0.00679769     0.00679759     0.0085508     0.00953169     0.00787788
359     0.0149693     0.0079608     0.00796094     0.0079608     0.00986731     0.0109376     0.00913411
361     0.0148293     0.0080705     0.00807065     0.0080705     0.0100797     0.0112095     0.00930608
363     0.0147048     0.00818368     0.00818386     0.00818368     0.010252     0.0114166     0.00945503
365     0.0170233     0.00968358     0.00968382     0.00968358     0.012002     0.0133089     0.0111079
367     0.0171945     0.00998942     0.0099897     0.00998942     0.0124054     0.013769     0.0114729
369     0.0192485     0.0114352     0.0114356     0.0114352     0.0141757     0.0157252     0.0131168
371     0.0205556     0.0124742     0.0124746     0.0124742     0.0153524     0.0169832     0.0142389
373     0.0215204     0.0133449     0.0133455     0.0133449     0.0164315     0.0181847     0.0152355
375     0.0232165     0.0147175     0.0147182     0.0147175     0.0180925     0.0200143     0.0167825
377     0.0239323     0.0155046     0.0155055     0.0155046     0.0189917     0.0209831     0.0176361
379     0.0257529     0.0170404     0.0170416     0.0170404     0.0207706     0.0229061     0.0193183
381     0.0287405     0.0194281     0.0194296     0.0194281     0.0236631     0.0260927     0.022012
383     0.0300476     0.0207329     0.0207348     0.0207329     0.0251349     0.0276648     0.0234169
385     0.0342801     0.0241356     0.0241381     0.0241356     0.0290731     0.031915     0.0271444
387     0.0348092     0.0250025     0.0250057     0.0250025     0.030137     0.0330958     0.0281299
389     0.0380769     0.0279051     0.0279093     0.0279051     0.0333792     0.0365372     0.0312379
391     0.0417181     0.0311882     0.0311937     0.0311882     0.037212     0.0406907     0.0348546
393     0.0456861     0.0348523     0.0348599     0.0348523     0.0412741     0.0449863     0.0387597
395     0.0492183     0.0383315     0.0383416     0.0383315     0.0451475     0.0490917     0.0424775
397     0.054151     0.0430792     0.0430929     0.0430792     0.0503425     0.0545512     0.047496
399     0.0619314     0.050365     0.0503851     0.050365     0.0582659     0.0628526     0.055168
401     0.0684046     0.0569279     0.0569557     0.0569279     0.0654015     0.0703306     0.0620769
403     0.0738508     0.0629946     0.0630322     0.0629946     0.0717116     0.0767971     0.0682892
405     0.0807442     0.0706928     0.0707465     0.0706928     0.0797958     0.0851263     0.0762194
407     0.0915744     0.08248     0.0825576     0.08248     0.0921317     0.0978098     0.088337
409     0.103307     0.0959517     0.0960626     0.0959517     0.106095     0.112097     0.102104
411     0.108349     0.104011     0.104163     0.104011     0.113757     0.119575     0.10992
413     0.121575     0.121008     0.121226     0.121008     0.130861     0.13681     0.12698
415     0.135082     0.139767     0.140068     0.139767     0.149472     0.155421     0.145648
417     0.142769     0.153939     0.154337     0.153939     0.162738     0.168261     0.15927
419     0.148464     0.167058     0.167554     0.167058     0.174599     0.179486     0.171625
421     0.156462     0.183605     0.184203     0.183605     0.189645     0.193762     0.187263
423     0.158672     0.193798     0.194471     0.193798     0.197879     0.20093     0.196269
425     0.155264     0.19646     0.197145     0.19646     0.198326     0.200098     0.19759
427     0.152525     0.198736     0.1994     0.198736     0.198349     0.199165     0.198123
429     0.145445     0.193812     0.194398     0.193812     0.191308     0.192882     0.189848
431     0.133386     0.180527     0.181003     0.180527     0.17626     0.178421     0.173771
433     0.12212     0.166972     0.167344     0.166972     0.161258     0.163888     0.157923
435     0.113173     0.155613     0.155894     0.155613     0.148746     0.151742     0.144737
437     0.10256     0.141402     0.141607     0.141402     0.133849     0.137041     0.129436
439     0.0919012     0.126821     0.126968     0.126821     0.118878     0.122168     0.114234
441     0.0807131     0.111387     0.111487     0.111387     0.103415     0.106672     0.0987515
443     0.0731195     0.10089     0.100961     0.10089     0.0928755     0.0961205     0.0881848
445     0.0650435     0.089751     0.0898013     0.089751     0.0818497     0.0850299     0.0772229
447     0.0587881     0.081161     0.0811965     0.081161     0.0734338     0.0765311     0.0689084
449     0.0507433     0.0701325     0.0701565     0.0701325     0.0629501     0.0658205     0.0587425
451     0.0481446     0.066656     0.0666744     0.066656     0.0594079     0.0622994     0.0551618
453     0.0427295     0.0593019     0.0593148     0.0593019     0.052436     0.055171     0.048414
455     0.0389327     0.0541985     0.0542079     0.0541985     0.0475957     0.0502231     0.0437273
457     0.0355872     0.0497222     0.0497293     0.0497222     0.0433457     0.0458815     0.0396099
459     0.032335     0.0453726     0.0453778     0.0453726     0.0392902     0.041708     0.0357264
461     0.0290206     0.0409238     0.0409276     0.0409238     0.0352796     0.0375228     0.0319715
463     0.02706     0.0383689     0.0383718     0.0383689     0.0328374     0.0350359     0.0295948
465     0.0241501     0.034441     0.0344432     0.034441     0.0293279     0.0313602     0.0263291
467     0.0226096     0.0324451     0.0324468     0.0324451     0.0274527     0.0294373     0.0245237
469     0.0206179     0.0297767     0.029778     0.0297767     0.0250757     0.0269447     0.0223161
471     0.0187506     0.0272645     0.0272655     0.0272645     0.0228277     0.0245919     0.0202228
473     0.0178481     0.026122     0.0261228     0.026122     0.0218135     0.023527     0.0192833
475     0.0172412     0.0254133     0.0254139     0.0254133     0.0210847     0.0228062     0.0185424
477     0.0148293     0.0220157     0.0220162     0.0220157     0.0181659     0.0196973     0.0159046
479     0.0137556     0.0205695     0.0205699     0.0205695     0.0169525     0.0183915     0.0148277
481     0.0121373     0.0182884     0.0182887     0.0182884     0.0149552     0.0162815     0.0129966
483     0.0130865     0.0198668     0.0198671     0.0198668     0.0162198     0.0176714     0.0140759
485     0.0114838     0.0175716     0.0175718     0.0175716     0.0142508     0.015573     0.0122982
487     0.0112348     0.0173269     0.017327     0.0173269     0.0139978     0.0153238     0.0120398
489     0.010379     0.0161335     0.0161337     0.0161335     0.013034     0.0142689     0.0112102
491     0.0100366     0.0157237     0.0157238     0.0157237     0.0126534     0.0138769     0.0108463
493     0.00975652     0.0154079     0.015408     0.0154079     0.0124105     0.0136052     0.0106463
495     0.00830938     0.013226     0.013226     0.013226     0.0105088     0.011592     0.00890926
497     0.00841831     0.0135061     0.0135062     0.0135061     0.0106808     0.0118072     0.00901749
499     0.00750023     0.012126     0.012126     0.012126     0.00961747     0.0106178     0.00814043
501     0.00784257     0.0127813     0.0127813     0.0127813     0.010147     0.0111977     0.00859568
503     0.0067222     0.0110452     0.0110452     0.0110452     0.00868964     0.00962935     0.00730238
505     0.00658215     0.0109016     0.0109016     0.0109016     0.00857786     0.00950513     0.00720888
507     0.00622426     0.0103929     0.0103929     0.0103929     0.00809554     0.00901251     0.0067418
509     0.00592861     0.00997825     0.00997825     0.00997825     0.00782612     0.00868544     0.00655737
511     0.00536842     0.00910796     0.00910796     0.00910796     0.00707055     0.00788428     0.0058689
513     0.00536842     0.00918394     0.00918394     0.00918394     0.00713677     0.00795477     0.00592901
515     0.00511945     0.00883057     0.00883057     0.00883057     0.00681256     0.00761921     0.00562142
517     0.00471488     0.00820001     0.00820001     0.00820001     0.00632995     0.00707766     0.00522555
519     0.00469931     0.00823644     0.00823644     0.00823644     0.00629755     0.00707306     0.00515208
521     0.004746     0.0083871     0.0083871     0.0083871     0.00647025     0.00723722     0.0053375
523     0.00420137     0.00748371     0.00748371     0.00748371     0.00580048     0.00647415     0.00480536
525     0.00398353     0.00715194     0.00715194     0.00715194     0.00548893     0.00615469     0.00450554
527     0.00384348     0.0069541     0.0069541     0.0069541     0.00527849     0.00594948     0.00428764
529     0.00385904     0.00703591     0.00703591     0.00703591     0.00536712     0.00603544     0.00438016
531     0.00357895     0.00657753     0.00657753     0.00657753     0.0049981     0.00563074     0.004064
533     0.00356339     0.00659696     0.00659696     0.00659696     0.00499624     0.00563747     0.0040497
535     0.0028476     0.00531292     0.00531292     0.00531292     0.00393834     0.00448898     0.00312544
537     0.0029254     0.00549823     0.00549823     0.00549823     0.00414396     0.00468652     0.0033432
539     0.00317437     0.00601315     0.00601315     0.00601315     0.00453797     0.00512902     0.00366569
541     0.00273867     0.00522668     0.00522668     0.00522668     0.00391215     0.00443892     0.00313479
543     0.00312769     0.00601285     0.00601285     0.00601285     0.00451357     0.00511454     0.00362684
545     0.00278536     0.00539724     0.00539724     0.00539724     0.00404861     0.00458939     0.00325078
547     0.0024119     0.00471095     0.00471095     0.00471095     0.00349976     0.0039856     0.00278283
549     0.00252082     0.00496045     0.00496045     0.00496045     0.00371446     0.00421448     0.00297663
551     0.00258307     0.00512535     0.00512535     0.00512535     0.0038168     0.00434216     0.00304136
553     0.00245858     0.0049171     0.0049171     0.0049171     0.00360858     0.00413416     0.00283254
555     0.00244302     0.00492454     0.00492454     0.00492454     0.00362201     0.00414543     0.00284898
557     0.00213181     0.00432967     0.00432967     0.00432967     0.00317188     0.00363729     0.00248462
559     0.00205401     0.0042022     0.0042022     0.0042022     0.00309006     0.00353716     0.00242987
561     0.00202288     0.00416605     0.00416605     0.00416605     0.00303764     0.00349121     0.00236806
563     0.00163387     0.00338733     0.00338733     0.00338733     0.00244637     0.00282445     0.00188861
565     0.00186728     0.00389571     0.00389571     0.00389571     0.00286534     0.00327917     0.00225522
567     0.00208513     0.0043778     0.0043778     0.0043778     0.00320344     0.00367493     0.0025088
569     0.00177391     0.00374817     0.00374817     0.00374817     0.00273509     0.00314171     0.00213615
571     0.00202288     0.00430495     0.00430495     0.00430495     0.00317051     0.00362589     0.00250001
573     0.00155606     0.00333538     0.00333538     0.00333538     0.00240048     0.0027759     0.00184766
575     0.00164943     0.00356337     0.00356337     0.00356337     0.00259925     0.00298657     0.00202868
577     0.00160275     0.0034886     0.0034886     0.0034886     0.00254168     0.0029223     0.00198092
579     0.00168055     0.00368513     0.00368513     0.00368513     0.00265099     0.00306681     0.00203817
581     0.00144714     0.00319584     0.00319584     0.00319584     0.00230107     0.00266092     0.00177086
583     0.00127597     0.00283602     0.00283602     0.00283602     0.00203335     0.00235612     0.00155782
585     0.00141602     0.00316864     0.00316864     0.00316864     0.00226105     0.00262599     0.00172361
587     0.0013849     0.00311944     0.00311944     0.00311944     0.00226612     0.00260926     0.00176089
589     0.00144714     0.00328346     0.00328346     0.00328346     0.00235989     0.00273142     0.00181288
591     0.00124485     0.00284628     0.00284628     0.00284628     0.00203297     0.00236043     0.00155061
593     0.00140046     0.00322957     0.00322957     0.00322957     0.00230587     0.00267824     0.00175697
595     0.00124485     0.00289581     0.00289581     0.00289581     0.00203029     0.00237967     0.00151471
597     0.00110481     0.00258892     0.00258892     0.00258892     0.00181911     0.00213026     0.00135964
599     0.00118261     0.00279555     0.00279555     0.00279555     0.00198221     0.00231127     0.00149604
601     0.001027     0.00244481     0.00244481     0.00244481     0.00168385     0.00199183     0.00122873
603     0.000886957     0.00212431     0.00212431     0.00212431     0.0014271     0.00170923     0.00101036
605     0.00130709     0.00314794     0.00314794     0.00314794     0.00225707     0.00261738     0.00172512
607     0.000933639     0.00226271     0.00226271     0.00226271     0.00155954     0.00184378     0.00114023
609     0.000933639     0.0022759     0.0022759     0.0022759     0.00159564     0.0018705     0.00119032
611     0.000700229     0.00171743     0.00171743     0.00171743     0.00114558     0.00137664     0.000805021
613     0.000855835     0.00211335     0.00211335     0.00211335     0.00146204     0.0017253     0.00107399
615     0.000871396     0.00216677     0.00216677     0.00216677     0.00149478     0.00176654     0.00109403
617     0.000824714     0.00206569     0.00206569     0.00206569     0.00141297     0.00167714     0.00102325
619     0.000871396     0.00219965     0.00219965     0.00219965     0.00151611     0.00179298     0.00110757
621     0.000949199     0.00241114     0.00241114     0.00241114     0.00168802     0.00198112     0.00125534
623     0.000762472     0.00195164     0.00195164     0.00195164     0.00136104     0.00160055     0.00100742
625     0.00073135     0.00188488     0.00188488     0.00188488     0.00127614     0.0015231     0.000911433
627     0.000606865     0.00157386     0.00157386     0.00157386     0.00103806     0.00125548     0.000716984
629     0.000824714     0.00215282     0.00215282     0.00215282     0.00145674     0.00173925     0.00103962
631     0.000669108     0.00175671     0.00175671     0.00175671     0.00115973     0.00140202     0.000801987
633     0.00073135     0.0019327     0.0019327     0.0019327     0.00131525     0.00156585     0.000945391
635     0.000591305     0.00157139     0.00157139     0.00157139     0.001033     0.00125151     0.000710592
637     0.000684668     0.00183083     0.00183083     0.00183083     0.00123281     0.00147554     0.000874687
639     0.000778032     0.00209381     0.00209381     0.00209381     0.00143111     0.00170017     0.00103412
641     0.000591305     0.00160252     0.00160252     0.00160252     0.00106638     0.00128417     0.000744975
643     0.000700229     0.00191154     0.00191154     0.00191154     0.00130329     0.00155054     0.000938215
645     0.000762472     0.002096     0.002096     0.002096     0.00145665     0.00171679     0.0010724
647     0.000669108     0.0018527     0.0018527     0.0018527     0.0012592     0.00150089     0.000901941
649     0.000622426     0.00173622     0.00173622     0.00173622     0.00117175     0.00140186     0.000831499
651     0.000560183     0.00157416     0.00157416     0.00157416     0.00106122     0.00127048     0.000751586
653     0.000637986     0.0018044     0.0018044     0.0018044     0.00120342     0.00144877     0.000840208
655     0.000606865     0.00172797     0.00172797     0.00172797     0.00116373     0.00139422     0.000822507
657     0.000451259     0.0012946     0.0012946     0.0012946     0.000857248     0.001036     0.00059254
659     0.000622426     0.00179626     0.00179626     0.00179626     0.00119193     0.00143905     0.000825931
661     0.000529062     0.00153621     0.00153621     0.00153621     0.00102648     0.00123501     0.00071763
663     0.000560183     0.00163697     0.00163697     0.00163697     0.00110009     0.0013198     0.000774577
665     0.000700229     0.00205979     0.00205979     0.00205979     0.00140152     0.00167099     0.00100218
667     0.000529062     0.00156496     0.00156496     0.00156496     0.00103703     0.00125324     0.00071668
669     0.000373455     0.00111205     0.00111205     0.00111205     0.000654054     0.00084167     0.000376021
671     0.000435698     0.001305     0.001305     0.001305     0.000828763     0.00102392     0.000539527
673     0.000529062     0.00159454     0.00159454     0.00159454     0.00107773     0.00128956     0.000763752
675     0.000544623     0.00165262     0.00165262     0.00165262     0.0010853     0.0013179     0.00074061
677     0.000373455     0.00113964     0.00113964     0.00113964     0.000736468     0.000901793     0.000491465
679     0.000451259     0.00138489     0.00138489     0.00138489     0.000910236     0.00110489     0.000621836
681     0.000560183     0.00172841     0.00172841     0.00172841     0.00117679     0.00140299     0.000841702
683     0.000280092     0.000869084     0.000869084     0.000869084     0.000528695     0.000668264     0.000321991
685     0.000342334     0.00106722     0.00106722     0.00106722     0.000660155     0.000827051     0.000413114
687     0.000342334     0.00107388     0.00107388     0.00107388     0.000707486     0.000857692     0.000485137
689     0.000217849     0.000687288     0.000687288     0.000687288     0.000409738     0.000523542     0.000241357
691     0.000404577     0.00128422     0.00128422     0.00128422     0.000855572     0.00103139     0.000595382
693     0.000357895     0.00114304     0.00114304     0.00114304     0.000735646     0.000902832     0.000488181
695     0.000389016     0.00125058     0.00125058     0.00125058     0.00077409     0.000969747     0.000484356
697     0.000389016     0.00125895     0.00125895     0.00125895     0.000813687     0.000996628     0.000542686
699     0.00024897     0.000810179     0.000810179     0.000810179     0.000493972     0.000623967     0.000301335
701     0.000264531     0.000866392     0.000866392     0.000866392     0.000522524     0.000663938     0.000312964
703     0.000295652     0.00097375     0.00097375     0.00097375     0.00057066     0.000736485     0.000324924
705     0.000311213     0.0010311     0.0010311     0.0010311     0.000669958     0.000818564     0.00044975
707     0.000311213     0.00103702     0.00103702     0.00103702     0.000636285     0.000801223     0.000391861
709     0.000326774     0.00109487     0.00109487     0.00109487     0.000700981     0.000863172     0.000460569
711     0.000357895     0.00120756     0.00120756     0.00120756     0.000766616     0.000948306     0.00049722
713     0.000311213     0.00105745     0.00105745     0.00105745     0.0006893     0.000841131     0.000464052
715     0.000357895     0.00122464     0.00122464     0.00122464     0.00081     0.000981164     0.000555885
717     0.000311213     0.00107081     0.00107081     0.00107081     0.000668673     0.000834828     0.00042186
719     0.000357895     0.00123962     0.00123962     0.00123962     0.000805801     0.000985182     0.000539222
721     0.00023341     0.000813655     0.000813655     0.000813655     0.000504602     0.000632456     0.000314597
723     0.000373455     0.00130891     0.00130891     0.00130891     0.000847492     0.00103841     0.000563792
725     0.000186728     0.000657443     0.000657443     0.000657443     0.000387791     0.000499355     0.000222035
727     0.000171167     0.000605948     0.000605948     0.000605948     0.000361135     0.000462406     0.000210716
729     0.00023341     0.000830732     0.000830732     0.000830732     0.000513867     0.000644943     0.00031927
731     0.000171167     0.000612385     0.000612385     0.000612385     0.000368745     0.000469529     0.000219118
733     0.000202288     0.00072775     0.00072775     0.00072775     0.000431291     0.000553945     0.000249178
735     0.000326774     0.00118148     0.00118148     0.00118148     0.000780054     0.000946204     0.000533369
737     0.000202288     0.000736313     0.000736313     0.000736313     0.000469113     0.000579762     0.000304766
739     0.000280092     0.00102546     0.00102546     0.00102546     0.000654274     0.0008081     0.000425742
741     0.000373455     0.001376     0.001376     0.001376     0.000908551     0.00110243     0.000620342
743     0.000280092     0.00103851     0.00103851     0.00103851     0.000660846     0.000817641     0.000427652
745     0.000280092     0.0010452     0.0010452     0.0010452     0.000704023     0.000845796     0.000492999
747     0.00024897     0.000935222     0.000935222     0.000935222     0.000578967     0.000727142     0.00035832
749     0.000171167     0.000647445     0.000647445     0.000647445     0.000375124     0.000488463     0.00020627
751     0.000171167     0.000650265     0.000650265     0.000650265     0.000347111     0.000473333     0.000159034
753     0.000357895     0.00136765     0.00136765     0.00136765     0.000909477     0.00110029     0.000625192
755     0.000171167     0.000657433     0.000657433     0.000657433     0.00040191     0.000508327     0.000243336
757     9.33639e-05     0.00036     0.00036     0.00036     0.000147376     0.000235927     1.54606e-05
759     0.000217849     0.000845194     0.000845194     0.000845194     0.000521249     0.000656173     0.000320338
761     0.000202288     0.000788407     0.000788407     0.000788407     0.000477409     0.000606961     0.000284532
763     0.000217849     0.000854148     0.000854148     0.000854148     0.000533853     0.000667299     0.000335101
765     0.000140046     0.000552481     0.000552481     0.000552481     0.000311516     0.000411952     0.000161923
767     4.66819e-05     0.000185058     0.000185058     0.000185058     6.80243e-05     0.000116837     -4.68626e-06
769     0.000108925     0.000435131     0.000435131     0.000435131     0.000213625     0.000306071     7.58667e-05
771     0.00024897     0.000999788     0.000999788     0.000999788     0.000629229     0.000784008     0.000398409
773     0.000202288     0.000817249     0.000817249     0.000817249     0.000512599     0.000639972     0.000322576
775     0.000186728     0.000758274     0.000758274     0.000758274     0.000454036     0.000581351     0.00026395
777     0.00023341     0.000954479     0.000954479     0.000954479     0.00061217     0.000755543     0.000398016
779     0.000140046     0.000576167     0.000576167     0.000576167     0.000315355     0.000424664     0.000152005
781     0.000171167     0.000708186     0.000708186     0.000708186     0.000418855     0.000540176     0.000237522
783     0.000171167     0.000712155     0.000712155     0.000712155     0.00043689     0.000552341     0.000264322
785     0.000155606     0.000650533     0.000650533     0.000650533     0.000395857     0.000502689     0.000236186
787     0.000171167     0.00071935     0.00071935     0.00071935     0.000442949     0.000558903     0.000269682
789     0.000140046     0.000591246     0.000591246     0.000591246     0.000352114     0.000452442     0.000202232
791     0.000202288     0.000858322     0.000858322     0.000858322     0.000541302     0.000674329     0.000342553
793     0.000108925     0.000464419     0.000464419     0.000464419     0.000255434     0.000343148     0.000124352
795     0.000186728     0.000800855     0.000800855     0.000800855     0.000472042     0.000610117     0.000265683
797     0.000264531     0.00114097     0.00114097     0.00114097     0.000718086     0.000895762     0.000452478
799     0.000186728     0.000810237     0.000810237     0.000810237     0.000478885     0.000618182     0.000270544
801     0.000124485     0.000543607     0.000543607     0.000543607     0.000327777     0.000418575     0.000191943
803     0     0     0     0     -4.19467e-05     -2.42874e-05     -6.83786e-05
805     0     0     0     0     -6.93076e-05     -4.01062e-05     -0.000113043
807     0     0     0     0     -6.34116e-05     -3.66711e-05     -0.000103475
809     0     0     0     0     -4.43755e-05     -2.56491e-05     -7.24509e-05
811     0     0     0     0     -6.25388e-05     -3.61267e-05     -0.000102144
813     0     0     0     0     -3.71478e-05     -2.14479e-05     -6.06976e-05
815     0     0     0     0     -5.25112e-05     -3.0306e-05     -8.58356e-05
817     0     0     0     0     -3.29561e-05     -1.90124e-05     -5.38906e-05
819     0     0     0     0     -3.32549e-05     -1.9177e-05     -5.43919e-05
821     0     0     0     0     -2.79611e-05     -1.61196e-05     -4.57459e-05
823     0     0     0     0     -7.18987e-05     -4.14378e-05     -0.000117654
825     0     0     0     0     -5.71228e-05     -3.29124e-05     -9.3491e-05
827     0     0     0     0     -6.40591e-05     -3.68983e-05     -0.000104865
829     0     0     0     0     -6.66505e-05     -3.83777e-05     -0.000109138
831     0     0     0     0     -4.2531e-05     -2.44796e-05     -6.96691e-05
833     0     0     0     0     -4.26969e-05     -2.45639e-05     -6.99701e-05
835     0     0     0     0     -3.29766e-05     -1.89607e-05     -5.40649e-05
837     0     0     0     0     -4.29183e-05     -2.46643e-05     -7.03967e-05
839     0     0     0     0     -4.18136e-05     -2.4017e-05     -6.86141e-05
841     0     0     0     0     -4.55365e-05     -2.61435e-05     -7.47491e-05
843     0     0     0     0     -3.32512e-05     -1.90836e-05     -5.46019e-05
845     0     0     0     0     -4.22496e-05     -2.42397e-05     -6.93955e-05
847     0     0     0     0     -3.46316e-05     -1.98622e-05     -5.68991e-05
849     0     0     0     0     -4.79249e-05     -2.74751e-05     -7.87631e-05
851     0     0     0     0     -5.25555e-05     -3.01177e-05     -8.64049e-05
853     0     0     0     0     -5.41126e-05     -3.09941e-05     -8.90026e-05
855     0     0     0     0     -2.81611e-05     -1.61215e-05     -4.63398e-05
857     0     0     0     0     -5.16744e-05     -2.95654e-05     -8.50715e-05
859     0     0     0     0     -5.7628e-05     -3.29547e-05     -9.49196e-05
861     0     0     0     0     -5.66302e-05     -3.23676e-05     -9.33155e-05
863     0     0     0     0     -3.32276e-05     -1.89818e-05     -5.47739e-05
865     0     0     0     0     -5.10739e-05     -2.91634e-05     -8.42269e-05
867     0     0     0     0     -2.52325e-05     -1.44021e-05     -4.1625e-05
869     0     0     0     0     -3.44413e-05     -1.96504e-05     -5.68349e-05
871     0     0     0     0     -4.03811e-05     -2.30302e-05     -6.66539e-05
873     0     0     0     0     -3.33228e-05     -1.89982e-05     -5.50188e-05
875     0     0     0     0     -5.32732e-05     -3.03621e-05     -8.79801e-05
877     0     0     0     0     -4.60169e-05     -2.62189e-05     -7.60193e-05
879     0     0     0     0     -3.3595e-05     -1.91337e-05     -5.55107e-05
881     0     0     0     0     -5.72433e-05     -3.25913e-05     -9.46124e-05
883     0     0     0     0     -2.92027e-05     -1.66208e-05     -4.8285e-05
885     0     0     0     0     -3.73325e-05     -2.12394e-05     -6.17472e-05
887     0     0     0     0     -2.70949e-05     -1.5408e-05     -4.4831e-05
889     0     0     0     0     -4.22758e-05     -2.40285e-05     -6.99807e-05
891     0     0     0     0     -2.82792e-05     -1.6064e-05     -4.68332e-05
893     0     0     0     0     -2.49771e-05     -1.41795e-05     -4.1387e-05
895     0     0     0     0     -4.98941e-05     -2.83071e-05     -8.27219e-05
897     0     0     0     0     -3.80142e-05     -2.15536e-05     -6.30596e-05
899     0     0     0     0     -3.19441e-05     -1.81006e-05     -5.30169e-05
901     0     0     0     0     -3.10148e-05     -1.75652e-05     -5.15011e-05
903     0     0     0     0     -2.74666e-05     -1.55477e-05     -4.56248e-05
905     0     0     0     0     -2.51304e-05     -1.42189e-05     -4.17594e-05
907     0     0     0     0     -2.62916e-05     -1.48691e-05     -4.37049e-05
909     0     0     0     0     -2.16276e-05     -1.22259e-05     -3.59686e-05
911     0     0     0     0     -1.4479e-05     -8.18023e-06     -2.40908e-05
913     0     0     0     0     -1.68443e-05     -9.51119e-06     -2.80399e-05
915     0     0     0     0     -5.10661e-05     -2.88167e-05     -8.50525e-05
917     0     0     0     0     -4.40238e-05     -2.48287e-05     -7.33614e-05
919     0     0     0     0     -2.4386e-05     -1.37448e-05     -4.06571e-05
921     0     0     0     0     -2.93019e-05     -1.65072e-05     -4.88762e-05
923     0     0     0     0     -3.0644e-05     -1.72555e-05     -5.11349e-05
925     0     0     0     0     -1.47035e-05     -8.27577e-06     -2.45451e-05
927     0     0     0     0     -3.66838e-05     -2.06379e-05     -6.12614e-05
929     0     0     0     0     -5.18429e-05     -2.91514e-05     -8.6606e-05
931     0     0     0     0     -2.22706e-05     -1.25165e-05     -3.72253e-05
933     0     0     0     0     -4.84513e-05     -2.72152e-05     -8.10198e-05
935     0     0     0     0     -4.23874e-05     -2.37945e-05     -7.0917e-05
937     0     0     0     0     -4.23977e-05     -2.37855e-05     -7.09737e-05
939     0     0     0     0     -3.98562e-05     -2.23471e-05     -6.67534e-05
941     0     0     0     0     -2.75321e-05     -1.54284e-05     -4.61327e-05
943     0     0     0     0     -2.63479e-05     -1.47582e-05     -4.41685e-05
945     0     0     0     0     -1.61669e-05     -9.0515e-06     -2.7112e-05
947     0     0     0     0     -3.5382e-05     -1.98008e-05     -5.93587e-05
949     0     0     0     0     -2.39057e-05     -1.33716e-05     -4.01187e-05
951     0     0     0     0     -2.39788e-05     -1.34065e-05     -4.02597e-05
953     0     0     0     0     -2.65858e-05     -1.48566e-05     -4.46558e-05
955     0     0     0     0     -3.17649e-05     -1.77398e-05     -5.33809e-05
957     0     0     0     0     -4.19738e-05     -2.34294e-05     -7.0574e-05
959     0     0     0     0     -1.92699e-05     -1.07497e-05     -3.24158e-05
961     0     0     0     0     0     0     0
963     0     0     0     0     -3.06874e-05     -1.7096e-05     -5.16812e-05
965     0     0     0     0     -1.92482e-05     -1.07167e-05     -3.2434e-05
967     0     0     0     0     -1.15707e-05     -6.43784e-06     -1.95099e-05
969     0     0     0     0     -2.57206e-05     -1.4302e-05     -4.33921e-05
971     0     0     0     0     -2.70801e-05     -1.50486e-05     -4.57103e-05
973     0     0     0     0     -3.60208e-05     -2.0006e-05     -6.08282e-05
975     0     0     0     0     -2.59112e-05     -1.43839e-05     -4.37746e-05
977     0     0     0     0     -1.94546e-05     -1.07943e-05     -3.28816e-05
979     0     0     0     0     -1.03859e-05     -5.75939e-06     -1.75622e-05
981     0     0     0     0     -2.07294e-05     -1.14895e-05     -3.50707e-05
983     0     0     0     0     -2.74438e-05     -1.52018e-05     -4.64506e-05
985     0     0     0     0     -1.3065e-05     -7.23259e-06     -2.21267e-05
987     0     0     0     0     -3.3951e-05     -1.87834e-05     -5.75298e-05
989     0     0     0     0     -2.23682e-05     -1.2367e-05     -3.79247e-05
991     0     0     0     0     -9.21865e-06     -5.09346e-06     -1.5639e-05
993     0     0     0     0     -3.03411e-05     -1.67529e-05     -5.15017e-05
995     0     0     0     0     -2.37186e-05     -1.30876e-05     -4.02836e-05
997     0     0     0     0     -2.5146e-05     -1.38668e-05     -4.27346e-05
999     0     0     0     0     -2.53234e-05     -1.39646e-05     -4.3036e-05
