2    0     0     0     0     0     0     0
6    3.97018e-05     1.31921e-07     1.31905e-07     1.31926e-07     1.31921e-07     1.31921e-07     1.31921e-07
10    3.97018e-05     8.09673e-08     8.09574e-08     8.09701e-08     8.09673e-08     8.09673e-08     8.09673e-08
14    3.97018e-05     5.79212e-08     5.79141e-08     5.79232e-08     5.79212e-08     5.79212e-08     5.79212e-08
18    0.000158807     1.54916e-07     1.54897e-07     1.54922e-07     1.54916e-07     1.54916e-07     1.54916e-07
22    0.000198509     1.47928e-07     1.4791e-07     1.47933e-07     1.47928e-07     1.47928e-07     1.47928e-07
26    7.94036e-05     4.83927e-08     4.83869e-08     4.83944e-08     4.83927e-08     4.83927e-08     4.83927e-08
30    0.000317614     1.61544e-07     1.61524e-07     1.6155e-07     1.61544e-07     1.61544e-07     1.61544e-07
34    0.00043672     1.89122e-07     1.89099e-07     1.89128e-07     1.89122e-07     1.89122e-07     1.89122e-07
38    0.000238211     9.08364e-08     9.08253e-08     9.08395e-08     9.08364e-08     9.08364e-08     9.08364e-08
42    0.00043672     1.41126e-07     1.41109e-07     1.41131e-07     1.41126e-07     1.41126e-07     1.41126e-07
46    0.000317614     9.33006e-08     9.32893e-08     9.33039e-08     9.33006e-08     9.33006e-08     9.33006e-08
50    0.00043672     1.12636e-07     1.12623e-07     1.1264e-07     1.12636e-07     1.12636e-07     1.12636e-07
54    0.000357316     8.19724e-08     8.19624e-08     8.19752e-08     8.19724e-08     8.19724e-08     8.19724e-08
58    0.000635229     1.33987e-07     1.33971e-07     1.33992e-07     1.33987e-07     1.33987e-07     1.33987e-07
62    0.000794036     1.57758e-07     1.57739e-07     1.57764e-07     1.57758e-07     1.57758e-07     1.57758e-07
66    0.000397018     7.39882e-08     7.39792e-08     7.39908e-08     7.39882e-08     7.39882e-08     7.39882e-08
70    0.000635229     1.12177e-07     1.12163e-07     1.1218e-07     1.12177e-07     1.12177e-07     1.12177e-07
74    0.00131016     2.22713e-07     2.22685e-07     2.2272e-07     2.22713e-07     2.22713e-07     2.22713e-07
78    0.000913141     1.50712e-07     1.50694e-07     1.50717e-07     1.50712e-07     1.50712e-07     1.50712e-07
82    0.00087344     1.40435e-07     1.40418e-07     1.4044e-07     1.40435e-07     1.40435e-07     1.40435e-07
86    0.000794036     1.25668e-07     1.25653e-07     1.25672e-07     1.25668e-07     1.25668e-07     1.25668e-07
90    0.00087344     1.37103e-07     1.37086e-07     1.37107e-07     1.37103e-07     1.37103e-07     1.37103e-07
94    0.00115135     1.80441e-07     1.80419e-07     1.80447e-07     1.80441e-07     1.80441e-07     1.80441e-07
98    0.00123076     1.9363e-07     1.93606e-07     1.93636e-07     1.9363e-07     1.9363e-07     1.9363e-07
102    0.00103225     1.6382e-07     1.638e-07     1.63825e-07     1.6382e-07     1.6382e-07     1.6382e-07
106    0.000794036     1.27509e-07     1.27494e-07     1.27514e-07     1.27509e-07     1.27509e-07     1.27509e-07
110    0.00123076     2.02148e-07     2.02124e-07     2.02155e-07     2.02148e-07     2.02148e-07     2.02148e-07
114    0.00142926     2.43908e-07     2.43878e-07     2.43916e-07     2.43908e-07     2.43908e-07     2.43908e-07
118    0.00119105     2.14385e-07     2.14359e-07     2.14393e-07     2.14385e-07     2.14385e-07     2.14385e-07
122    0.00134986     2.59498e-07     2.59466e-07     2.59507e-07     2.59498e-07     2.59498e-07     2.59498e-07
126    0.00115135     2.42652e-07     2.42622e-07     2.4266e-07     2.42652e-07     2.42652e-07     2.42652e-07
130    0.00115135     2.76355e-07     2.76321e-07     2.76364e-07     2.76355e-07     2.76355e-07     2.76355e-07
134    0.0021042     5.89093e-07     5.89021e-07     5.89113e-07     5.89093e-07     5.89093e-07     5.89093e-07
138    0.00174688     5.78909e-07     5.78839e-07     5.78929e-07     5.78909e-07     5.78909e-07     5.78909e-07
142    0.00178658     7.6579e-07     7.65697e-07     7.65817e-07     7.6579e-07     7.6579e-07     7.6579e-07
146    0.00186598     1.01937e-06     1.01925e-06     1.0194e-06     1.01937e-06     1.01937e-06     1.01937e-06
150    0.0021439     1.63762e-06     1.63742e-06     1.63768e-06     1.63762e-06     1.63762e-06     1.63762e-06
154    0.00206449     2.28774e-06     2.28747e-06     2.28782e-06     2.28774e-06     2.28774e-06     2.28774e-06
158    0.00162777     3.38008e-06     3.37967e-06     3.3802e-06     3.38008e-06     3.38008e-06     3.38008e-06
162    0.00190569     1.12584e-05     1.1257e-05     1.12588e-05     1.12584e-05     1.12584e-05     1.12584e-05
166    0.00162777     1.68363e-05     1.68342e-05     1.68369e-05     1.68363e-05     1.68363e-05     1.68363e-05
170    0.00190569     2.69047e-05     2.69014e-05     2.69056e-05     2.69047e-05     2.69047e-05     2.69047e-05
174    0.00234241     4.09158e-05     4.09108e-05     4.09172e-05     4.09158e-05     4.09158e-05     4.09158e-05
178    0.00258062     5.3492e-05     5.34855e-05     5.34939e-05     5.3492e-05     5.3492e-05     5.3492e-05
182    0.00174688     4.30321e-05     4.30269e-05     4.30336e-05     4.30321e-05     4.30321e-05     4.30321e-05
186    0.00194539     5.82066e-05     5.81995e-05     5.82086e-05     5.82066e-05     5.82066e-05     5.82066e-05
190    0.0021836     7.62046e-05     7.61953e-05     7.62072e-05     7.62046e-05     7.62046e-05     7.62046e-05
194    0.00273942     0.000108769     0.000108756     0.000108773     0.000108769     0.000108769     0.000108769
198    0.00325555     0.000142454     0.000142437     0.000142459     0.000142454     0.000142454     0.000142454
202    0.00353346     0.000167769     0.000167748     0.000167775     0.000167769     0.000167769     0.000167769
206    0.00242181     0.000125848     0.000125833     0.000125853     0.000125848     0.000125848     0.000125848
210    0.00289823     0.000162874     0.000162854     0.000162879     0.000470345     0.0006032     0.000378874
214    0.00285853     0.000172857     0.000172836     0.000172863     0.000801997     0.00107472     0.00061436
218    0.00361286     0.000234174     0.000234145     0.000234182     0.000878486     0.00115861     0.000685874
222    0.00301734     0.000209185     0.00020916     0.000209192     0.000850062     0.00112919     0.000658056
226    0.00325555     0.000239091     0.000239062     0.0002391     0.000899125     0.00118689     0.00070111
230    0.00333495     0.000261386     0.000261354     0.000261395     0.000904889     0.00118544     0.000711674
234    0.00333495     0.000276589     0.000276556     0.000276599     0.00093376     0.00122033     0.000736317
238    0.00341435     0.000299761     0.000299724     0.000299771     0.000926175     0.00119938     0.000737861
242    0.00373197     0.00034619     0.000346147     0.000346202     0.000978401     0.00125441     0.000788071
246    0.00385107     0.000376979     0.000376934     0.000376993     0.00100237     0.00127564     0.000813896
250    0.00424809     0.000437273     0.00043722     0.000437288     0.00108665     0.00137019     0.000890896
254    0.00404958     0.000437302     0.000437249     0.000437317     0.00107288     0.00134963     0.000881575
258    0.00416869     0.000474207     0.00047415     0.000474224     0.00110262     0.00137529     0.000913808
262    0.00408929     0.000487762     0.000487702     0.000487779     0.00111851     0.00139163     0.000929181
266    0.00472451     0.000590221     0.000590149     0.000590241     0.00122627     0.00150149     0.00103532
270    0.00500243     0.000653436     0.000653357     0.000653459     0.00126993     0.0015369     0.0010847
274    0.00559795     0.000765064     0.000764971     0.00076509     0.00137357     0.0016375     0.00119043
278    0.0044863     0.000640392     0.000640315     0.000640415     0.00125625     0.00152355     0.00107071
282    0.00535974     0.000796107     0.000796011     0.000796135     0.00141434     0.00168239     0.00122811
286    0.00452601     0.000702911     0.000702826     0.000702936     0.0013005     0.00155903     0.00112069
290    0.00535974     0.000866163     0.000866058     0.000866194     0.00149478     0.00176642     0.00130566
294    0.00563766     0.00094732     0.000947205     0.000947353     0.00151043     0.00175409     0.00134079
298    0.00635229     0.00111031     0.00111018     0.00111035     0.00172267     0.00198812     0.00153789
302    0.00710662     0.00129052     0.00129036     0.00129056     0.00189757     0.00216082     0.00171424
306    0.00567736     0.0010687     0.00106857     0.00106874     0.00167031     0.00193093     0.00148868
310    0.0066302     0.00129654     0.00129638     0.00129658     0.00190692     0.00217093     0.00172276
314    0.00762275     0.0015461     0.00154591     0.00154615     0.00215803     0.00242233     0.0019735
318    0.0067096     0.00140779     0.00140762     0.00140784     0.00202876     0.00229666     0.00184155
322    0.00706692     0.0015341     0.00153391     0.00153415     0.00214788     0.00241252     0.00196282
326    0.00905201     0.00202867     0.00202842     0.00202874     0.0026941     0.00298078     0.00249347
330    0.00869469     0.00201243     0.00201219     0.0020125     0.00267743     0.00296344     0.0024771
334    0.0088535     0.00211402     0.00211376     0.00211409     0.0027894     0.0030789     0.00258636
338    0.00845648     0.00208369     0.00208344     0.00208376     0.00275677     0.00304399     0.00255493
342    0.00984605     0.00250251     0.00250221     0.0025026     0.0032613     0.00358389     0.00303427
346    0.00968724     0.0025476     0.00254729     0.00254769     0.00334908     0.00369085     0.00310865
350    0.0109577     0.00299306     0.00299269     0.00299316     0.00383555     0.00419584     0.00358219
354    0.0111562     0.00318754     0.00318715     0.00318765     0.00407234     0.00445229     0.0038054
358    0.0122282     0.0036632     0.00366275     0.00366332     0.0045879     0.00498697     0.00430782
362    0.0107592     0.00337732     0.00337691     0.00337744     0.00436281     0.00478953     0.00406352
366    0.0124267     0.00408218     0.00408168     0.00408232     0.00514214     0.00560216     0.00481958
370    0.0137368     0.00470097     0.00470046     0.00470108     0.00579225     0.00626713     0.00545938
374    0.0130619     0.00467232     0.00467182     0.00467241     0.00595536     0.00651544     0.005563
378    0.0148882     0.00554741     0.00554683     0.0055475     0.00688126     0.00746538     0.00647232
382    0.0160395     0.00622229     0.00622165     0.00622238     0.00762448     0.00824035     0.00719351
386    0.0169924     0.00684792     0.00684724     0.006848     0.00838084     0.00905583     0.00790863
390    0.0166748     0.00696191     0.00696124     0.00696197     0.00850052     0.00917962     0.00802563
394    0.0181834     0.00786583     0.0078651     0.00786587     0.00965039     0.0104397     0.00909863
398    0.0177864     0.00795611     0.00795541     0.00795612     0.00971169     0.0104898     0.00916783
402    0.0204067     0.00944024     0.00943945     0.00944021     0.0114559     0.0123514     0.0108302
406    0.0239402     0.0114371     0.0114362     0.011437     0.0137165     0.0147316     0.0130074
410    0.0230667     0.011373     0.0113722     0.0113728     0.0137539     0.0148163     0.0130119
414    0.0258459     0.0131318     0.013131     0.0131315     0.0158589     0.0170779     0.0150077
418    0.0265605     0.0139154     0.0139147     0.013915     0.0168894     0.018221     0.0159597
422    0.0283868     0.0152996     0.0152989     0.0152989     0.0184851     0.0199146     0.0174872
426    0.0327937     0.0181875     0.018187     0.0181864     0.0219764     0.0236814     0.0207867
430    0.0351361     0.020022     0.0200218     0.0200205     0.024081     0.0259116     0.0228041
434    0.0370815     0.0217339     0.0217342     0.0217318     0.0260259     0.0279637     0.0246739
438    0.0425206     0.0256461     0.0256471     0.0256428     0.0306447     0.0329045     0.0290676
442    0.0456968     0.0283274     0.0283294     0.0283228     0.0338473     0.03635     0.0321012
446    0.0516123     0.0329327     0.0329366     0.032926     0.0390612     0.0418527     0.0371151
450    0.0592351     0.0388881     0.0388948     0.0388781     0.0458497     0.0490346     0.0436306
454    0.0629671     0.0425654     0.0425756     0.0425517     0.0499936     0.0534018     0.0476188
458    0.0713441     0.0497791     0.0497958     0.0497584     0.0579691     0.0617342     0.0553434
462    0.0769818     0.0555437     0.0555683     0.055515     0.064143     0.0680994     0.0613801
466    0.0871454     0.0652002     0.0652395     0.0651566     0.0746409     0.0789895     0.0715978
470    0.0994927     0.0776034     0.0776636     0.0775389     0.0878288     0.0925508     0.0845172
474    0.109299     0.0891214     0.089214     0.0890259     0.0996253     0.104508     0.0961937
478    0.119264     0.102167     0.102299     0.102035     0.112654     0.117573     0.109187
482    0.130897     0.11852     0.118715     0.11833     0.128902     0.133849     0.125403
486    0.140544     0.135089     0.13535     0.134838     0.144683     0.149352     0.141368
490    0.144594     0.148084     0.148419     0.147768     0.156069     0.160084     0.153197
494    0.150708     0.164487     0.16489     0.164111     0.170552     0.173759     0.168232
498    0.150748     0.174405     0.174843     0.173999     0.177914     0.179983     0.17638
502    0.14642     0.178138     0.177713     0.178593     0.178771     0.178121     0.179555
506    0.137448     0.174078     0.173702     0.174477     0.171872     0.170504     0.172972
510    0.126053     0.16428     0.163974     0.1646     0.159614     0.157178     0.161426
514    0.114381     0.151807     0.151571     0.152048     0.145273     0.142037     0.147611
518    0.101716     0.136411     0.136242     0.136579     0.128561     0.12477     0.131256
522    0.0928228     0.125081     0.124957     0.125202     0.116201     0.111967     0.119185
526    0.0786493     0.106137     0.106055     0.106213     0.0972888     0.0931054     0.100222
530    0.0696767     0.0940095     0.0939508     0.0940616     0.0850094     0.0807775     0.0879689
534    0.0622921     0.0839868     0.0839458     0.0840214     0.0749723     0.0707532     0.0779185
538    0.0541533     0.0729905     0.0729609     0.073014     0.0644134     0.0604125     0.0672066
542    0.0474437     0.063989     0.063968     0.0640046     0.0558235     0.0520223     0.0584756
546    0.0458953     0.062017     0.0619994     0.0620292     0.0534643     0.0494858     0.0562396
550    0.0381137     0.0516764     0.0516639     0.0516843     0.0441199     0.0406054     0.046571
554    0.0330319     0.0449826     0.0449728     0.0449883     0.0380432     0.0348153     0.0402944
558    0.0308086     0.0421695     0.0421614     0.0421739     0.0353362     0.0321549     0.0375539
562    0.0273942     0.0376642     0.0376576     0.0376676     0.0312602     0.0282738     0.033341
566    0.0248533     0.0343216     0.034316     0.0343242     0.0282435     0.0254037     0.0302212
570    0.0244563     0.0339668     0.0339615     0.033969     0.0277493     0.0248405     0.0297748
574    0.0202876     0.0283924     0.0283882     0.0283941     0.0230086     0.0204885     0.0247634
578    0.0179055     0.0252749     0.0252713     0.0252763     0.0203681     0.0180716     0.0219677
582    0.0171512     0.0244144     0.0244111     0.0244157     0.0195345     0.0172496     0.021126
586    0.0158013     0.0226765     0.0226734     0.0226775     0.0180213     0.0158402     0.0195408
590    0.0145706     0.0211096     0.0211068     0.0211105     0.0166714     0.0145897     0.0181215
594    0.0118708     0.0174084     0.0174061     0.0174091     0.013626     0.0118497     0.0148632
598    0.0112753     0.0167412     0.0167391     0.0167419     0.0129775     0.0112072     0.0142101
602    0.0109577     0.0164383     0.0164362     0.0164389     0.0126802     0.0109092     0.0139127
606    0.0106798     0.0161588     0.0161568     0.0161594     0.0125111     0.0107887     0.0137094
610    0.00905201     0.0138126     0.0138109     0.0138131     0.0105809     0.00905227     0.0116438
614    0.00921082     0.0142041     0.0142023     0.0142046     0.0108449     0.00925517     0.0119507
618    0.00801976     0.0125139     0.0125123     0.0125143     0.00951679     0.00809764     0.0105038
622    0.00694781     0.0109692     0.0109678     0.0109695     0.00828375     0.00701164     0.00916868
626    0.00718603     0.011466     0.0114646     0.0114664     0.0086181     0.00726795     0.00955731
630    0.00575676     0.00928832     0.00928719     0.00928865     0.00679556     0.00561253     0.00761847
634    0.00587587     0.00957948     0.00957831     0.00957982     0.00707314     0.00588232     0.00790138
638    0.00512153     0.00843469     0.00843366     0.008435     0.00620603     0.00514576     0.00694326
642    0.00516123     0.00859989     0.00859884     0.00860019     0.00635187     0.00528073     0.00709646
646    0.00563766     0.00951621     0.00951506     0.00951655     0.00703819     0.00585558     0.00786011
650    0.00416869     0.00712051     0.00711964     0.00712076     0.00522005     0.00431212     0.00585099
654    0.00452601     0.00783257     0.00783162     0.00783284     0.00571509     0.00470317     0.00641838
658    0.00424809     0.00743786     0.00743696     0.00743812     0.00539103     0.00441264     0.00607113
662    0.00357316     0.00632754     0.00632677     0.00632776     0.00449756     0.00362194     0.00510612
666    0.00373197     0.00668451     0.00668369     0.00668474     0.00482358     0.00393145     0.00544343
670    0.00345406     0.00625846     0.0062577     0.00625868     0.00450842     0.00366789     0.0050922
674    0.00313644     0.00574275     0.00574205     0.00574295     0.00411391     0.0033306     0.00465777
678    0.00385107     0.00712748     0.00712662     0.00712773     0.00514023     0.00418406     0.00580415
682    0.00281883     0.00526999     0.00526935     0.00527017     0.00370977     0.00295877     0.00423132
686    0.00309674     0.0058521     0.00585139     0.0058523     0.00417823     0.00337186     0.00473817
690    0.00273942     0.00522544     0.00522481     0.00522563     0.00370113     0.00296596     0.00421158
694    0.00250121     0.00483059     0.00483     0.00483076     0.00338161     0.00268133     0.00386765
698    0.00266002     0.00519639     0.00519576     0.00519657     0.00361666     0.00285148     0.00414738
702    0.0022233     0.00438834     0.00438781     0.0043885     0.00304015     0.00238617     0.00349364
706    0.0021836     0.00436204     0.00436151     0.00436219     0.00307655     0.00245225     0.00350939
710    0.0023027     0.00465224     0.00465167     0.0046524     0.00327337     0.00260326     0.00373799
714    0.00190569     0.00390025     0.00389977     0.00390038     0.00263769     0.00202356     0.00306344
718    0.00174688     0.0036194     0.00361896     0.00361953     0.0023903     0.0017918     0.00280515
722    0.00186598     0.0039067     0.00390623     0.00390684     0.00262824     0.00200459     0.00306037
726    0.00182628     0.00386249     0.00386202     0.00386263     0.00263721     0.00203815     0.00305207
730    0.00206449     0.00440806     0.00440752     0.00440821     0.00306796     0.00241159     0.0035224
734    0.00131016     0.00282588     0.00282554     0.00282598     0.00188145     0.00141828     0.00220202
738    0.00194539     0.00424605     0.00424554     0.0042462     0.00286401     0.00218554     0.00333351
742    0.00123076     0.00272164     0.00272131     0.00272173     0.0018258     0.00138535     0.00213055
746    0.00134986     0.0030181     0.00301773     0.00301821     0.00198141     0.0014708     0.00233456
750    0.00138956     0.0031446     0.00314422     0.00314471     0.002116     0.00160838     0.00246689
754    0.000952843     0.00217915     0.00217888     0.00217922     0.00141628     0.00103934     0.00167675
758    0.00103225     0.00238188     0.00238159     0.00238196     0.00156557     0.00116194     0.00184452
762    0.00146897     0.00342714     0.00342673     0.00342726     0.00229447     0.00173355     0.00268196
766    0.00162777     0.00383677     0.00383631     0.00383691     0.00261405     0.00200752     0.00303295
770    0.000992545     0.00236931     0.00236902     0.00236939     0.00149508     0.00106059     0.00179502
774    0.00146897     0.00354625     0.00354581     0.00354637     0.0023184     0.00170721     0.00274013
778    0.000992545     0.00242095     0.00242065     0.00242103     0.00155654     0.0011256     0.0018538
782    0.00119105     0.0029402     0.00293984     0.0029403     0.00191222     0.00139866     0.00226635
786    0.00087344     0.00217844     0.00217818     0.00217852     0.0014237     0.0010457     0.00168417
790    0.000952843     0.00240076     0.00240046     0.00240084     0.00156246     0.00114172     0.00185221
794    0.000754334     0.00191635     0.00191612     0.00191642     0.00115216     0.000768062     0.00141658
798    0.00115135     0.00295566     0.0029553     0.00295576     0.00188898     0.00135222     0.00225845
802    0.00103225     0.00268411     0.00268379     0.00268421     0.00180135     0.00135643     0.00210747
806    0.000595527     0.00156411     0.00156392     0.00156416     0.000906787     0.000574927     0.00113503
810    0.00087344     0.00232378     0.0023235     0.00232387     0.0014595     0.00102209     0.00176011
814    0.000674931     0.00181542     0.0018152     0.00181548     0.00113666     0.000792391     0.00137317
818    0.000754334     0.00205077     0.00205052     0.00205084     0.00124617     0.000837335     0.00152689
822    0.000952843     0.00261553     0.00261522     0.00261563     0.00164426     0.00115071     0.00198318
826    0.000635229     0.00176208     0.00176187     0.00176215     0.00114978     0.000838789     0.00136343
830    0.000357316     0.00100215     0.00100203     0.00100219     0.000594491     0.000387003     0.000736973
834    0.000833738     0.00236142     0.00236113     0.0023615     0.00145366     0.000989244     0.00177203
838    0.000754334     0.00216089     0.00216063     0.00216096     0.00133657     0.000912249     0.00162685
842    0.000635229     0.00183562     0.0018354     0.00183568     0.00117278     0.00083088     0.00140651
846    0.000397018     0.00116263     0.00116249     0.00116267     0.000712529     0.00048071     0.000871131
850    0.000635229     0.00187387     0.00187364     0.00187393     0.00110444     0.000708604     0.00137546
854    0.000555825     0.00166061     0.00166041     0.00166066     0.00102688     0.000700083     0.00125047
858    0.000555825     0.00167649     0.00167629     0.00167655     0.00097764     0.000615857     0.00122484
862    0.000277913     0.000849261     0.000849157     0.00084929     0.000485567     0.000296369     0.000614637
866    0.000555825     0.00171374     0.00171353     0.0017138     0.00107515     0.000742163     0.00130218
870    0.000674931     0.00210179     0.00210153     0.00210186     0.00131296     0.000900563     0.00159387
874    0.000516123     0.00162443     0.00162423     0.00162449     0.000936066     0.000575234     0.00118167
878    0.000238211     0.000755525     0.000755434     0.000755552     0.000379224     0.000181601     0.00051368
882    0.000317614     0.00101919     0.00101907     0.00101923     0.000598178     0.000376814     0.000748757
886    0.00043672     0.00141731     0.00141713     0.00141736     0.000822152     0.000508988     0.00103516
890    0.000913141     0.00299209     0.00299172     0.00299219     0.00184896     0.00124599     0.00225879
894    0.000238211     0.000787893     0.000787798     0.000787921     0.000388461     0.000176719     0.000532129
898    0.000397018     0.00132847     0.00132831     0.00132852     0.000801489     0.000520534     0.000991743
902    0.000277913     0.000940815     0.000940701     0.000940848     0.00057104     0.000373395     0.000704776
906    0.000238211     0.000812452     0.000812353     0.00081248     0.00045542     0.000264591     0.000584562
910    0.000317614     0.00109626     0.00109612     0.0010963     0.000612835     0.000354467     0.000787731
914    0.000555825     0.00193928     0.00193904     0.00193935     0.00118049     0.000773957     0.00145548
918    0.000277913     0.000979859     0.00097974     0.000979894     0.000565313     0.000342324     0.000715944
922    0.000397018     0.00141349     0.00141332     0.00141354     0.000806351     0.00047864     0.00102748
926    0.000158807     0.000571345     0.000571276     0.000571365     0.000261752     9.41136e-05     0.000374754
930    0.000516123     0.00187655     0.00187632     0.00187661     0.00113511     0.000732593     0.00140624
934    0.000238211     0.00087739     0.000877284     0.000877421     0.000481566     0.000266108     0.000626575
938    0.000158807     0.000590416     0.000590344     0.000590436     0.00033572     0.000196794     0.000429157
942    0.000238211     0.000892944     0.000892835     0.000892975     0.000477893     0.000251249     0.000630297
946    0.000357316     0.00135444     0.00135427     0.00135448     0.000740277     0.000404409     0.000966038
950    0.000317614     0.00121471     0.00121456     0.00121475     0.00072084     0.000450295     0.00090261
954    0.000198509     0.000767299     0.000767206     0.000767326     0.000417731     0.000225415     0.000546737
958    0.000238211     0.000929518     0.000929405     0.00092955     0.000526218     0.000303393     0.000675488
962    0.000277913     0.00109673     0.0010966     0.00109677     0.000629125     0.000369628     0.00080268
966    0.000158807     0.00063309     0.000633013     0.000633112     0.00031931     0.000144546     0.000436059
970    0.000238211     0.000958109     0.000957993     0.000958143     0.000506399     0.000254083     0.00067477
974    0.000198509     0.000807229     0.000807131     0.000807257     0.000483201     0.00030167     0.000604228
978    0.000198509     0.000815111     0.000815012     0.00081514     0.000474083     0.000282441     0.000601724
982    0.000119105     0.000496087     0.000496027     0.000496105     0.000277825     0.000154743     0.000359695
986    0.000277913     0.00116416     0.00116402     0.0011642     0.000671637     0.00039347     0.000856614
990    0.000119105     0.000503596     0.000503535     0.000503614     0.000268969     0.000136175     0.000357204
994    0.000357316     0.00152916     0.00152898     0.00152921     0.00088812     0.000524571     0.00112956
998    0.000119105     0.000513042     0.00051298     0.00051306     0.000261332     0.000118384     0.000356214
1002    0.000158807     0.000693443     0.000693359     0.000693467     0.000693443     0.000693443     0.000693443
1006    7.94036e-05     0.000350261     0.000350219     0.000350274     0.000350261     0.000350261     0.000350261
1010    0.000119105     0.000530299     0.000530234     0.000530317     0.000530299     0.000530299     0.000530299
1014    0.000238211     0.00107615     0.00107602     0.00107619     0.00107615     0.00107615     0.00107615
1018    0.000317614     0.00144651     0.00144633     0.00144656     0.00144651     0.00144651     0.00144651
1022    0.000158807     0.000733161     0.000733072     0.000733186     0.000733161     0.000733161     0.000733161
1026    7.94036e-05     0.00036944     0.000369395     0.000369453     0.00036944     0.00036944     0.00036944
1030    0.000277913     0.00130489     0.00130473     0.00130493     0.00130489     0.00130489     0.00130489
1034    7.94036e-05     0.000377399     0.000377353     0.000377412     0.000377399     0.000377399     0.000377399
1038    0.000198509     0.000952052     0.000951936     0.000952085     0.000952052     0.000952052     0.000952052
1042    0     0     0     0     0     0     0
1046    0.000119105     0.000583769     0.000583698     0.00058379     0.000583769     0.000583769     0.000583769
1050    0.000119105     0.000589548     0.000589477     0.000589569     0.000589548     0.000589548     0.000589548
1054    0     0     0     0     0     0     0
1058    0.000277913     0.00140569     0.00140552     0.00140574     0.00140569     0.00140569     0.00140569
1062    0.000277913     0.00141897     0.0014188     0.00141902     0.00141897     0.00141897     0.00141897
1066    7.94036e-05     0.000409475     0.000409425     0.000409489     0.000409475     0.000409475     0.000409475
1070    0.000158807     0.00083092     0.000830819     0.000830949     0.00083092     0.00083092     0.00083092
1074    0.000119105     0.000630716     0.000630639     0.000630738     0.000630716     0.000630716     0.000630716
1078    7.94036e-05     0.000424166     0.000424115     0.000424181     0.000424166     0.000424166     0.000424166
1082    0.000119105     0.000641548     0.00064147     0.000641571     0.000641548     0.000641548     0.000641548
1086    0.000158807     0.000866986     0.000866881     0.000867016     0.000866986     0.000866986     0.000866986
1090    7.94036e-05     0.000436872     0.000436819     0.000436888     0.000436872     0.000436872     0.000436872
1094    7.94036e-05     0.00043972     0.000439666     0.000439735     0.00043972     0.00043972     0.00043972
1098    0.000277913     0.00156203     0.00156184     0.00156208     0.00156203     0.00156203     0.00156203
1102    7.94036e-05     0.000450071     0.000450016     0.000450087     0.000450071     0.000450071     0.000450071
1106    0     0     0     0     0     0     0
1110    7.94036e-05     0.000459687     0.000459631     0.000459703     0.000459687     0.000459687     0.000459687
1114    0.000119105     0.000695598     0.000695513     0.000695622     0.000695598     0.000695598     0.000695598
1118    0.000119105     0.00070463     0.000704544     0.000704655     0.00070463     0.00070463     0.00070463
1122    0     0     0     0     0     0     0
1126    7.94036e-05     0.000478543     0.000478485     0.00047856     0.000478543     0.000478543     0.000478543
1130    0.000119105     0.000726435     0.000726346     0.00072646     0.000726435     0.000726435     0.000726435
1134    0.000198509     0.00122364     0.00122349     0.00122368     0.00122364     0.00122364     0.00122364
1138    3.97018e-05     0.000245903     0.000245873     0.000245912     0.000245903     0.000245903     0.000245903
1142    0.000119105     0.000747779     0.000747689     0.000747805     0.000747779     0.000747779     0.000747779
1146    7.94036e-05     0.000503629     0.000503568     0.000503647     0.000503629     0.000503629     0.000503629
1150    0.000119105     0.000763844     0.000763751     0.00076387     0.000763844     0.000763844     0.000763844
1154    0     0     0     0     0     0     0
1158    0.000158807     0.00103916     0.00103904     0.0010392     0.00103916     0.00103916     0.00103916
1162    0.000238211     0.00157056     0.00157037     0.00157061     0.00157056     0.00157056     0.00157056
1166    0     0     0     0     0     0     0
1170    0     0     0     0     0     0     0
1174    0.000158807     0.00107786     0.00107773     0.0010779     0.00107786     0.00107786     0.00107786
1178    7.94036e-05     0.000545213     0.000545147     0.000545232     0.000545213     0.000545213     0.000545213
1182    0     0     0     0     0     0     0
1186    0     0     0     0     0     0     0
1190    0     0     0     0     0     0     0
1194    0     0     0     0     0     0     0
1198    0     0     0     0     0     0     0
1202    0     0     0     0     0     0     0
1206    0     0     0     0     0     0     0
1210    0     0     0     0     0     0     0
1214    0     0     0     0     0     0     0
1218    0     0     0     0     0     0     0
1222    0     0     0     0     0     0     0
1226    0     0     0     0     0     0     0
1230    0     0     0     0     0     0     0
1234    0     0     0     0     0     0     0
1238    0     0     0     0     0     0     0
1242    0     0     0     0     0     0     0
1246    0     0     0     0     0     0     0
1250    0     0     0     0     0     0     0
1254    0     0     0     0     0     0     0
1258    0     0     0     0     0     0     0
1262    0     0     0     0     0     0     0
1266    0     0     0     0     0     0     0
1270    0     0     0     0     0     0     0
1274    0     0     0     0     0     0     0
1278    0     0     0     0     0     0     0
1282    0     0     0     0     0     0     0
1286    0     0     0     0     0     0     0
1290    0     0     0     0     0     0     0
1294    0     0     0     0     0     0     0
1298    0     0     0     0     0     0     0
1302    0     0     0     0     0     0     0
1306    0     0     0     0     0     0     0
1310    0     0     0     0     0     0     0
1314    0     0     0     0     0     0     0
1318    0     0     0     0     0     0     0
1322    0     0     0     0     0     0     0
1326    0     0     0     0     0     0     0
1330    0     0     0     0     0     0     0
1334    0     0     0     0     0     0     0
1338    0     0     0     0     0     0     0
1342    0     0     0     0     0     0     0
1346    0     0     0     0     0     0     0
1350    0     0     0     0     0     0     0
1354    0     0     0     0     0     0     0
1358    0     0     0     0     0     0     0
1362    0     0     0     0     0     0     0
1366    0     0     0     0     0     0     0
1370    0     0     0     0     0     0     0
1374    0     0     0     0     0     0     0
1378    0     0     0     0     0     0     0
1382    0     0     0     0     0     0     0
1386    0     0     0     0     0     0     0
1390    0     0     0     0     0     0     0
1394    0     0     0     0     0     0     0
1398    0     0     0     0     0     0     0
1402    0     0     0     0     0     0     0
1406    0     0     0     0     0     0     0
1410    0     0     0     0     0     0     0
1414    0     0     0     0     0     0     0
1418    0     0     0     0     0     0     0
1422    0     0     0     0     0     0     0
1426    0     0     0     0     0     0     0
1430    0     0     0     0     0     0     0
1434    0     0     0     0     0     0     0
1438    0     0     0     0     0     0     0
1442    0     0     0     0     0     0     0
1446    0     0     0     0     0     0     0
1450    0     0     0     0     0     0     0
1454    0     0     0     0     0     0     0
1458    0     0     0     0     0     0     0
1462    0     0     0     0     0     0     0
1466    0     0     0     0     0     0     0
1470    0     0     0     0     0     0     0
1474    0     0     0     0     0     0     0
1478    0     0     0     0     0     0     0
1482    0     0     0     0     0     0     0
1486    0     0     0     0     0     0     0
1490    0     0     0     0     0     0     0
1494    0     0     0     0     0     0     0
1498    0     0     0     0     0     0     0
1502    0     0     0     0     0     0     0
1506    0     0     0     0     0     0     0
1510    0     0     0     0     0     0     0
1514    0     0     0     0     0     0     0
1518    0     0     0     0     0     0     0
1522    0     0     0     0     0     0     0
1526    0     0     0     0     0     0     0
1530    0     0     0     0     0     0     0
1534    0     0     0     0     0     0     0
1538    0     0     0     0     0     0     0
1542    0     0     0     0     0     0     0
1546    0     0     0     0     0     0     0
1550    0     0     0     0     0     0     0
1554    0     0     0     0     0     0     0
1558    0     0     0     0     0     0     0
1562    0     0     0     0     0     0     0
1566    0     0     0     0     0     0     0
1570    0     0     0     0     0     0     0
1574    0     0     0     0     0     0     0
1578    0     0     0     0     0     0     0
1582    0     0     0     0     0     0     0
1586    0     0     0     0     0     0     0
1590    0     0     0     0     0     0     0
1594    0     0     0     0     0     0     0
1598    0     0     0     0     0     0     0
1602    0     0     0     0     0     0     0
1606    0     0     0     0     0     0     0
1610    0     0     0     0     0     0     0
1614    0     0     0     0     0     0     0
1618    0     0     0     0     0     0     0
1622    0     0     0     0     0     0     0
1626    0     0     0     0     0     0     0
1630    0     0     0     0     0     0     0
1634    0     0     0     0     0     0     0
1638    0     0     0     0     0     0     0
1642    0     0     0     0     0     0     0
1646    0     0     0     0     0     0     0
1650    0     0     0     0     0     0     0
1654    0     0     0     0     0     0     0
1658    0     0     0     0     0     0     0
1662    0     0     0     0     0     0     0
1666    0     0     0     0     0     0     0
1670    0     0     0     0     0     0     0
1674    0     0     0     0     0     0     0
1678    0     0     0     0     0     0     0
1682    0     0     0     0     0     0     0
1686    0     0     0     0     0     0     0
1690    0     0     0     0     0     0     0
1694    0     0     0     0     0     0     0
1698    0     0     0     0     0     0     0
1702    0     0     0     0     0     0     0
1706    0     0     0     0     0     0     0
1710    0     0     0     0     0     0     0
1714    0     0     0     0     0     0     0
1718    0     0     0     0     0     0     0
1722    0     0     0     0     0     0     0
1726    0     0     0     0     0     0     0
1730    0     0     0     0     0     0     0
1734    0     0     0     0     0     0     0
1738    0     0     0     0     0     0     0
1742    0     0     0     0     0     0     0
1746    0     0     0     0     0     0     0
1750    0     0     0     0     0     0     0
1754    0     0     0     0     0     0     0
1758    0     0     0     0     0     0     0
1762    0     0     0     0     0     0     0
1766    0     0     0     0     0     0     0
1770    0     0     0     0     0     0     0
1774    0     0     0     0     0     0     0
1778    0     0     0     0     0     0     0
1782    0     0     0     0     0     0     0
1786    0     0     0     0     0     0     0
1790    0     0     0     0     0     0     0
1794    0     0     0     0     0     0     0
1798    0     0     0     0     0     0     0
1802    0     0     0     0     0     0     0
1806    0     0     0     0     0     0     0
1810    0     0     0     0     0     0     0
1814    0     0     0     0     0     0     0
1818    0     0     0     0     0     0     0
1822    0     0     0     0     0     0     0
1826    0     0     0     0     0     0     0
1830    0     0     0     0     0     0     0
1834    0     0     0     0     0     0     0
1838    0     0     0     0     0     0     0
1842    0     0     0     0     0     0     0
1846    0     0     0     0     0     0     0
1850    0     0     0     0     0     0     0
1854    0     0     0     0     0     0     0
1858    0     0     0     0     0     0     0
1862    0     0     0     0     0     0     0
1866    0     0     0     0     0     0     0
1870    0     0     0     0     0     0     0
1874    0     0     0     0     0     0     0
1878    0     0     0     0     0     0     0
1882    0     0     0     0     0     0     0
1886    0     0     0     0     0     0     0
1890    0     0     0     0     0     0     0
1894    0     0     0     0     0     0     0
1898    0     0     0     0     0     0     0
1902    0     0     0     0     0     0     0
1906    0     0     0     0     0     0     0
1910    0     0     0     0     0     0     0
1914    0     0     0     0     0     0     0
1918    0     0     0     0     0     0     0
1922    0     0     0     0     0     0     0
1926    0     0     0     0     0     0     0
1930    0     0     0     0     0     0     0
1934    0     0     0     0     0     0     0
1938    0     0     0     0     0     0     0
1942    0     0     0     0     0     0     0
1946    0     0     0     0     0     0     0
1950    0     0     0     0     0     0     0
1954    0     0     0     0     0     0     0
1958    0     0     0     0     0     0     0
1962    0     0     0     0     0     0     0
1966    0     0     0     0     0     0     0
1970    0     0     0     0     0     0     0
1974    0     0     0     0     0     0     0
1978    0     0     0     0     0     0     0
1982    0     0     0     0     0     0     0
1986    0     0     0     0     0     0     0
1990    0     0     0     0     0     0     0
1994    0     0     0     0     0     0     0
1998    0     0     0     0     0     0     0
2002    0     0     0     0     0     0     0
2006    0     0     0     0     0     0     0
2010    0     0     0     0     0     0     0
2014    0     0     0     0     0     0     0
2018    0     0     0     0     0     0     0
2022    0     0     0     0     0     0     0
2026    0     0     0     0     0     0     0
2030    0     0     0     0     0     0     0
2034    0     0     0     0     0     0     0
2038    0     0     0     0     0     0     0
2042    0     0     0     0     0     0     0
2046    0     0     0     0     0     0     0
2050    0     0     0     0     0     0     0
2054    0     0     0     0     0     0     0
2058    0     0     0     0     0     0     0
2062    0     0     0     0     0     0     0
2066    0     0     0     0     0     0     0
2070    0     0     0     0     0     0     0
2074    0     0     0     0     0     0     0
2078    0     0     0     0     0     0     0
2082    0     0     0     0     0     0     0
2086    0     0     0     0     0     0     0
2090    0     0     0     0     0     0     0
2094    0     0     0     0     0     0     0
2098    0     0     0     0     0     0     0
2102    0     0     0     0     0     0     0
2106    0     0     0     0     0     0     0
2110    0     0     0     0     0     0     0
2114    0     0     0     0     0     0     0
2118    0     0     0     0     0     0     0
2122    0     0     0     0     0     0     0
2126    0     0     0     0     0     0     0
2130    0     0     0     0     0     0     0
2134    0     0     0     0     0     0     0
2138    0     0     0     0     0     0     0
2142    0     0     0     0     0     0     0
2146    0     0     0     0     0     0     0
2150    0     0     0     0     0     0     0
2154    0     0     0     0     0     0     0
2158    0     0     0     0     0     0     0
2162    0     0     0     0     0     0     0
2166    0     0     0     0     0     0     0
2170    0     0     0     0     0     0     0
2174    0     0     0     0     0     0     0
2178    0     0     0     0     0     0     0
2182    0     0     0     0     0     0     0
2186    0     0     0     0     0     0     0
2190    0     0     0     0     0     0     0
2194    0     0     0     0     0     0     0
2198    0     0     0     0     0     0     0
2202    0     0     0     0     0     0     0
2206    0     0     0     0     0     0     0
2210    0     0     0     0     0     0     0
2214    0     0     0     0     0     0     0
2218    0     0     0     0     0     0     0
2222    0     0     0     0     0     0     0
2226    0     0     0     0     0     0     0
2230    0     0     0     0     0     0     0
2234    0     0     0     0     0     0     0
2238    0     0     0     0     0     0     0
2242    0     0     0     0     0     0     0
2246    0     0     0     0     0     0     0
2250    0     0     0     0     0     0     0
2254    0     0     0     0     0     0     0
2258    0     0     0     0     0     0     0
2262    0     0     0     0     0     0     0
2266    0     0     0     0     0     0     0
2270    0     0     0     0     0     0     0
2274    0     0     0     0     0     0     0
2278    0     0     0     0     0     0     0
2282    0     0     0     0     0     0     0
2286    0     0     0     0     0     0     0
2290    0     0     0     0     0     0     0
2294    0     0     0     0     0     0     0
2298    0     0     0     0     0     0     0
2302    0     0     0     0     0     0     0
2306    0     0     0     0     0     0     0
2310    0     0     0     0     0     0     0
2314    0     0     0     0     0     0     0
2318    0     0     0     0     0     0     0
2322    0     0     0     0     0     0     0
2326    0     0     0     0     0     0     0
2330    0     0     0     0     0     0     0
2334    0     0     0     0     0     0     0
2338    0     0     0     0     0     0     0
2342    0     0     0     0     0     0     0
2346    0     0     0     0     0     0     0
2350    0     0     0     0     0     0     0
2354    0     0     0     0     0     0     0
2358    0     0     0     0     0     0     0
2362    0     0     0     0     0     0     0
2366    0     0     0     0     0     0     0
2370    0     0     0     0     0     0     0
2374    0     0     0     0     0     0     0
2378    0     0     0     0     0     0     0
2382    0     0     0     0     0     0     0
2386    0     0     0     0     0     0     0
2390    0     0     0     0     0     0     0
2394    0     0     0     0     0     0     0
2398    0     0     0     0     0     0     0
2402    0     0     0     0     0     0     0
2406    0     0     0     0     0     0     0
2410    0     0     0     0     0     0     0
2414    0     0     0     0     0     0     0
2418    0     0     0     0     0     0     0
2422    0     0     0     0     0     0     0
2426    0     0     0     0     0     0     0
2430    0     0     0     0     0     0     0
2434    0     0     0     0     0     0     0
2438    0     0     0     0     0     0     0
2442    0     0     0     0     0     0     0
2446    0     0     0     0     0     0     0
2450    0     0     0     0     0     0     0
2454    0     0     0     0     0     0     0
2458    0     0     0     0     0     0     0
2462    0     0     0     0     0     0     0
2466    0     0     0     0     0     0     0
2470    0     0     0     0     0     0     0
2474    0     0     0     0     0     0     0
2478    0     0     0     0     0     0     0
2482    0     0     0     0     0     0     0
2486    0     0     0     0     0     0     0
2490    0     0     0     0     0     0     0
2494    0     0     0     0     0     0     0
2498    0     0     0     0     0     0     0
2502    0     0     0     0     0     0     0
2506    0     0     0     0     0     0     0
2510    0     0     0     0     0     0     0
2514    0     0     0     0     0     0     0
2518    0     0     0     0     0     0     0
2522    0     0     0     0     0     0     0
2526    0     0     0     0     0     0     0
2530    0     0     0     0     0     0     0
2534    0     0     0     0     0     0     0
2538    0     0     0     0     0     0     0
2542    0     0     0     0     0     0     0
2546    0     0     0     0     0     0     0
2550    0     0     0     0     0     0     0
2554    0     0     0     0     0     0     0
2558    0     0     0     0     0     0     0
2562    0     0     0     0     0     0     0
2566    0     0     0     0     0     0     0
2570    0     0     0     0     0     0     0
2574    0     0     0     0     0     0     0
2578    0     0     0     0     0     0     0
2582    0     0     0     0     0     0     0
2586    0     0     0     0     0     0     0
2590    0     0     0     0     0     0     0
2594    0     0     0     0     0     0     0
2598    0     0     0     0     0     0     0
2602    0     0     0     0     0     0     0
2606    0     0     0     0     0     0     0
2610    0     0     0     0     0     0     0
2614    0     0     0     0     0     0     0
2618    0     0     0     0     0     0     0
2622    0     0     0     0     0     0     0
2626    0     0     0     0     0     0     0
2630    0     0     0     0     0     0     0
2634    0     0     0     0     0     0     0
2638    0     0     0     0     0     0     0
2642    0     0     0     0     0     0     0
2646    0     0     0     0     0     0     0
2650    0     0     0     0     0     0     0
2654    0     0     0     0     0     0     0
2658    0     0     0     0     0     0     0
2662    0     0     0     0     0     0     0
2666    0     0     0     0     0     0     0
2670    0     0     0     0     0     0     0
2674    0     0     0     0     0     0     0
2678    0     0     0     0     0     0     0
2682    0     0     0     0     0     0     0
2686    0     0     0     0     0     0     0
2690    0     0     0     0     0     0     0
2694    0     0     0     0     0     0     0
2698    0     0     0     0     0     0     0
2702    0     0     0     0     0     0     0
2706    0     0     0     0     0     0     0
2710    0     0     0     0     0     0     0
2714    0     0     0     0     0     0     0
2718    0     0     0     0     0     0     0
2722    0     0     0     0     0     0     0
2726    0     0     0     0     0     0     0
2730    0     0     0     0     0     0     0
2734    0     0     0     0     0     0     0
2738    0     0     0     0     0     0     0
2742    0     0     0     0     0     0     0
2746    0     0     0     0     0     0     0
2750    0     0     0     0     0     0     0
2754    0     0     0     0     0     0     0
2758    0     0     0     0     0     0     0
2762    0     0     0     0     0     0     0
2766    0     0     0     0     0     0     0
2770    0     0     0     0     0     0     0
2774    0     0     0     0     0     0     0
2778    0     0     0     0     0     0     0
2782    0     0     0     0     0     0     0
2786    0     0     0     0     0     0     0
2790    0     0     0     0     0     0     0
2794    0     0     0     0     0     0     0
2798    0     0     0     0     0     0     0
2802    0     0     0     0     0     0     0
2806    0     0     0     0     0     0     0
2810    0     0     0     0     0     0     0
2814    0     0     0     0     0     0     0
2818    0     0     0     0     0     0     0
2822    0     0     0     0     0     0     0
2826    0     0     0     0     0     0     0
2830    0     0     0     0     0     0     0
2834    0     0     0     0     0     0     0
2838    0     0     0     0     0     0     0
2842    0     0     0     0     0     0     0
2846    0     0     0     0     0     0     0
2850    0     0     0     0     0     0     0
2854    0     0     0     0     0     0     0
2858    0     0     0     0     0     0     0
2862    0     0     0     0     0     0     0
2866    0     0     0     0     0     0     0
2870    0     0     0     0     0     0     0
2874    0     0     0     0     0     0     0
2878    0     0     0     0     0     0     0
2882    0     0     0     0     0     0     0
2886    0     0     0     0     0     0     0
2890    0     0     0     0     0     0     0
2894    0     0     0     0     0     0     0
2898    0     0     0     0     0     0     0
2902    0     0     0     0     0     0     0
2906    0     0     0     0     0     0     0
2910    0     0     0     0     0     0     0
2914    0     0     0     0     0     0     0
2918    0     0     0     0     0     0     0
2922    0     0     0     0     0     0     0
2926    0     0     0     0     0     0     0
2930    0     0     0     0     0     0     0
2934    0     0     0     0     0     0     0
2938    0     0     0     0     0     0     0
2942    0     0     0     0     0     0     0
2946    0     0     0     0     0     0     0
2950    0     0     0     0     0     0     0
2954    0     0     0     0     0     0     0
2958    0     0     0     0     0     0     0
2962    0     0     0     0     0     0     0
2966    0     0     0     0     0     0     0
2970    0     0     0     0     0     0     0
2974    0     0     0     0     0     0     0
2978    0     0     0     0     0     0     0
2982    0     0     0     0     0     0     0
2986    0     0     0     0     0     0     0
2990    0     0     0     0     0     0     0
2994    0     0     0     0     0     0     0
2998    0     0     0     0     0     0     0
3002    0     0     0     0     0     0     0
3006    0     0     0     0     0     0     0
3010    0     0     0     0     0     0     0
3014    0     0     0     0     0     0     0
3018    0     0     0     0     0     0     0
3022    0     0     0     0     0     0     0
3026    0     0     0     0     0     0     0
3030    0     0     0     0     0     0     0
3034    0     0     0     0     0     0     0
3038    0     0     0     0     0     0     0
3042    0     0     0     0     0     0     0
3046    0     0     0     0     0     0     0
3050    0     0     0     0     0     0     0
3054    0     0     0     0     0     0     0
3058    0     0     0     0     0     0     0
3062    0     0     0     0     0     0     0
3066    0     0     0     0     0     0     0
3070    0     0     0     0     0     0     0
3074    0     0     0     0     0     0     0
3078    0     0     0     0     0     0     0
3082    0     0     0     0     0     0     0
3086    0     0     0     0     0     0     0
3090    0     0     0     0     0     0     0
3094    0     0     0     0     0     0     0
3098    0     0     0     0     0     0     0
3102    0     0     0     0     0     0     0
3106    0     0     0     0     0     0     0
3110    0     0     0     0     0     0     0
3114    0     0     0     0     0     0     0
3118    0     0     0     0     0     0     0
3122    0     0     0     0     0     0     0
3126    0     0     0     0     0     0     0
3130    0     0     0     0     0     0     0
3134    0     0     0     0     0     0     0
3138    0     0     0     0     0     0     0
3142    0     0     0     0     0     0     0
3146    0     0     0     0     0     0     0
3150    0     0     0     0     0     0     0
3154    0     0     0     0     0     0     0
3158    0     0     0     0     0     0     0
3162    0     0     0     0     0     0     0
3166    0     0     0     0     0     0     0
3170    0     0     0     0     0     0     0
3174    0     0     0     0     0     0     0
3178    0     0     0     0     0     0     0
3182    0     0     0     0     0     0     0
3186    0     0     0     0     0     0     0
3190    0     0     0     0     0     0     0
3194    0     0     0     0     0     0     0
3198    0     0     0     0     0     0     0
3202    0     0     0     0     0     0     0
3206    0     0     0     0     0     0     0
3210    0     0     0     0     0     0     0
3214    0     0     0     0     0     0     0
3218    0     0     0     0     0     0     0
3222    0     0     0     0     0     0     0
3226    0     0     0     0     0     0     0
3230    0     0     0     0     0     0     0
3234    0     0     0     0     0     0     0
3238    0     0     0     0     0     0     0
3242    0     0     0     0     0     0     0
3246    0     0     0     0     0     0     0
3250    0     0     0     0     0     0     0
3254    0     0     0     0     0     0     0
3258    0     0     0     0     0     0     0
3262    0     0     0     0     0     0     0
3266    0     0     0     0     0     0     0
3270    0     0     0     0     0     0     0
3274    0     0     0     0     0     0     0
3278    0     0     0     0     0     0     0
3282    0     0     0     0     0     0     0
3286    0     0     0     0     0     0     0
3290    0     0     0     0     0     0     0
3294    0     0     0     0     0     0     0
3298    0     0     0     0     0     0     0
3302    0     0     0     0     0     0     0
3306    0     0     0     0     0     0     0
3310    0     0     0     0     0     0     0
3314    0     0     0     0     0     0     0
3318    0     0     0     0     0     0     0
3322    0     0     0     0     0     0     0
3326    0     0     0     0     0     0     0
3330    0     0     0     0     0     0     0
3334    0     0     0     0     0     0     0
3338    0     0     0     0     0     0     0
3342    0     0     0     0     0     0     0
3346    0     0     0     0     0     0     0
3350    0     0     0     0     0     0     0
3354    0     0     0     0     0     0     0
3358    0     0     0     0     0     0     0
3362    0     0     0     0     0     0     0
3366    0     0     0     0     0     0     0
3370    0     0     0     0     0     0     0
3374    0     0     0     0     0     0     0
3378    0     0     0     0     0     0     0
3382    0     0     0     0     0     0     0
3386    0     0     0     0     0     0     0
3390    0     0     0     0     0     0     0
3394    0     0     0     0     0     0     0
3398    0     0     0     0     0     0     0
3402    0     0     0     0     0     0     0
3406    0     0     0     0     0     0     0
3410    0     0     0     0     0     0     0
3414    0     0     0     0     0     0     0
3418    0     0     0     0     0     0     0
3422    0     0     0     0     0     0     0
3426    0     0     0     0     0     0     0
3430    0     0     0     0     0     0     0
3434    0     0     0     0     0     0     0
3438    0     0     0     0     0     0     0
3442    0     0     0     0     0     0     0
3446    0     0     0     0     0     0     0
3450    0     0     0     0     0     0     0
3454    0     0     0     0     0     0     0
3458    0     0     0     0     0     0     0
3462    0     0     0     0     0     0     0
3466    0     0     0     0     0     0     0
3470    0     0     0     0     0     0     0
3474    0     0     0     0     0     0     0
3478    0     0     0     0     0     0     0
3482    0     0     0     0     0     0     0
3486    0     0     0     0     0     0     0
3490    0     0     0     0     0     0     0
3494    0     0     0     0     0     0     0
3498    0     0     0     0     0     0     0
3502    0     0     0     0     0     0     0
3506    0     0     0     0     0     0     0
3510    0     0     0     0     0     0     0
3514    0     0     0     0     0     0     0
3518    0     0     0     0     0     0     0
3522    0     0     0     0     0     0     0
3526    0     0     0     0     0     0     0
3530    0     0     0     0     0     0     0
3534    0     0     0     0     0     0     0
3538    0     0     0     0     0     0     0
3542    0     0     0     0     0     0     0
3546    0     0     0     0     0     0     0
3550    0     0     0     0     0     0     0
3554    0     0     0     0     0     0     0
3558    0     0     0     0     0     0     0
3562    0     0     0     0     0     0     0
3566    0     0     0     0     0     0     0
3570    0     0     0     0     0     0     0
3574    0     0     0     0     0     0     0
3578    0     0     0     0     0     0     0
3582    0     0     0     0     0     0     0
3586    0     0     0     0     0     0     0
3590    0     0     0     0     0     0     0
3594    0     0     0     0     0     0     0
3598    0     0     0     0     0     0     0
3602    0     0     0     0     0     0     0
3606    0     0     0     0     0     0     0
3610    0     0     0     0     0     0     0
3614    0     0     0     0     0     0     0
3618    0     0     0     0     0     0     0
3622    0     0     0     0     0     0     0
3626    0     0     0     0     0     0     0
3630    0     0     0     0     0     0     0
3634    0     0     0     0     0     0     0
3638    0     0     0     0     0     0     0
3642    0     0     0     0     0     0     0
3646    0     0     0     0     0     0     0
3650    0     0     0     0     0     0     0
3654    0     0     0     0     0     0     0
3658    0     0     0     0     0     0     0
3662    0     0     0     0     0     0     0
3666    0     0     0     0     0     0     0
3670    0     0     0     0     0     0     0
3674    0     0     0     0     0     0     0
3678    0     0     0     0     0     0     0
3682    0     0     0     0     0     0     0
3686    0     0     0     0     0     0     0
3690    0     0     0     0     0     0     0
3694    0     0     0     0     0     0     0
3698    0     0     0     0     0     0     0
3702    0     0     0     0     0     0     0
3706    0     0     0     0     0     0     0
3710    0     0     0     0     0     0     0
3714    0     0     0     0     0     0     0
3718    0     0     0     0     0     0     0
3722    0     0     0     0     0     0     0
3726    0     0     0     0     0     0     0
3730    0     0     0     0     0     0     0
3734    0     0     0     0     0     0     0
3738    0     0     0     0     0     0     0
3742    0     0     0     0     0     0     0
3746    0     0     0     0     0     0     0
3750    0     0     0     0     0     0     0
3754    0     0     0     0     0     0     0
3758    0     0     0     0     0     0     0
3762    0     0     0     0     0     0     0
3766    0     0     0     0     0     0     0
3770    0     0     0     0     0     0     0
3774    0     0     0     0     0     0     0
3778    0     0     0     0     0     0     0
3782    0     0     0     0     0     0     0
3786    0     0     0     0     0     0     0
3790    0     0     0     0     0     0     0
3794    0     0     0     0     0     0     0
3798    0     0     0     0     0     0     0
3802    0     0     0     0     0     0     0
3806    0     0     0     0     0     0     0
3810    0     0     0     0     0     0     0
3814    0     0     0     0     0     0     0
3818    0     0     0     0     0     0     0
3822    0     0     0     0     0     0     0
3826    0     0     0     0     0     0     0
3830    0     0     0     0     0     0     0
3834    0     0     0     0     0     0     0
3838    0     0     0     0     0     0     0
3842    0     0     0     0     0     0     0
3846    0     0     0     0     0     0     0
3850    0     0     0     0     0     0     0
3854    0     0     0     0     0     0     0
3858    0     0     0     0     0     0     0
3862    0     0     0     0     0     0     0
3866    0     0     0     0     0     0     0
3870    0     0     0     0     0     0     0
3874    0     0     0     0     0     0     0
3878    0     0     0     0     0     0     0
3882    0     0     0     0     0     0     0
3886    0     0     0     0     0     0     0
3890    0     0     0     0     0     0     0
3894    0     0     0     0     0     0     0
3898    0     0     0     0     0     0     0
3902    0     0     0     0     0     0     0
3906    0     0     0     0     0     0     0
3910    0     0     0     0     0     0     0
3914    0     0     0     0     0     0     0
3918    0     0     0     0     0     0     0
3922    0     0     0     0     0     0     0
3926    0     0     0     0     0     0     0
3930    0     0     0     0     0     0     0
3934    0     0     0     0     0     0     0
3938    0     0     0     0     0     0     0
3942    0     0     0     0     0     0     0
3946    0     0     0     0     0     0     0
3950    0     0     0     0     0     0     0
3954    0     0     0     0     0     0     0
3958    0     0     0     0     0     0     0
3962    0     0     0     0     0     0     0
3966    0     0     0     0     0     0     0
3970    0     0     0     0     0     0     0
3974    0     0     0     0     0     0     0
3978    0     0     0     0     0     0     0
3982    0     0     0     0     0     0     0
3986    0     0     0     0     0     0     0
3990    0     0     0     0     0     0     0
3994    0     0     0     0     0     0     0
3998    0     0     0     0     0     0     0
