2    0     0     0     0     0     0     0
6    1.62057e-05     6.30237e-08     6.30117e-08     6.30302e-08     6.30237e-08     6.30237e-08     6.30237e-08
10    3.24114e-05     7.57487e-08     7.57342e-08     7.57565e-08     7.57487e-08     7.57487e-08     7.57487e-08
14    6.48229e-05     9.92158e-08     9.91969e-08     9.9226e-08     9.92158e-08     9.92158e-08     9.92158e-08
18    8.10286e-05     9.74962e-08     9.74776e-08     9.75062e-08     9.74962e-08     9.74962e-08     9.74962e-08
22    4.86172e-05     4.42725e-08     4.4264e-08     4.4277e-08     4.42725e-08     4.42725e-08     4.42725e-08
26    0.000162057     1.13627e-07     1.13605e-07     1.13639e-07     1.13627e-07     1.13627e-07     1.13627e-07
30    0.00034032     2.01157e-07     2.01119e-07     2.01178e-07     2.01157e-07     2.01157e-07     2.01157e-07
34    0.000178263     8.64576e-08     8.64412e-08     8.64665e-08     8.64576e-08     8.64576e-08     8.64576e-08
38    0.00045376     1.92598e-07     1.92561e-07     1.92618e-07     1.92598e-07     1.92598e-07     1.92598e-07
42    0.000307909     1.13751e-07     1.13729e-07     1.13762e-07     1.13751e-07     1.13751e-07     1.13751e-07
46    0.000502377     1.63477e-07     1.63446e-07     1.63493e-07     1.63477e-07     1.63477e-07     1.63477e-07
50    0.000534789     1.56746e-07     1.56717e-07     1.56763e-07     1.56746e-07     1.56746e-07     1.56746e-07
54    0.000534789     1.41627e-07     1.416e-07     1.41642e-07     1.41627e-07     1.41627e-07     1.41627e-07
58    0.000534789     1.30923e-07     1.30898e-07     1.30936e-07     1.30923e-07     1.30923e-07     1.30923e-07
62    0.000664434     1.50127e-07     1.50098e-07     1.50142e-07     1.50127e-07     1.50127e-07     1.50127e-07
66    0.00090752     1.92403e-07     1.92367e-07     1.92423e-07     1.92403e-07     1.92403e-07     1.92403e-07
70    0.000875109     1.76718e-07     1.76685e-07     1.76736e-07     1.76718e-07     1.76718e-07     1.76718e-07
74    0.000777874     1.49959e-07     1.49931e-07     1.49975e-07     1.49959e-07     1.49959e-07     1.49959e-07
78    0.000713052     1.33386e-07     1.33361e-07     1.334e-07     1.33386e-07     1.33386e-07     1.33386e-07
82    0.00115061     2.10413e-07     2.10373e-07     2.10435e-07     2.10413e-07     2.10413e-07     2.10413e-07
86    0.000988549     1.77923e-07     1.77889e-07     1.77941e-07     1.77923e-07     1.77923e-07     1.77923e-07
90    0.00136128     2.43026e-07     2.42979e-07     2.43051e-07     2.43026e-07     2.43026e-07     2.43026e-07
94    0.00131266     2.34057e-07     2.34012e-07     2.34081e-07     2.34057e-07     2.34057e-07     2.34057e-07
98    0.00102096     1.82788e-07     1.82753e-07     1.82806e-07     1.82788e-07     1.82788e-07     1.82788e-07
102    0.00137749     2.48732e-07     2.48684e-07     2.48757e-07     2.48732e-07     2.48732e-07     2.48732e-07
106    0.00139369     2.55185e-07     2.55136e-07     2.55211e-07     2.55185e-07     2.55185e-07     2.55185e-07
110    0.00150713     2.8183e-07     2.81777e-07     2.8186e-07     2.8183e-07     2.8183e-07     2.8183e-07
114    0.00149093     2.89327e-07     2.89272e-07     2.89356e-07     2.89327e-07     2.89327e-07     2.89327e-07
118    0.00149093     3.05191e-07     3.05133e-07     3.05223e-07     3.05191e-07     3.05191e-07     3.05191e-07
122    0.00173401     3.81919e-07     3.81846e-07     3.81958e-07     3.81919e-07     3.81919e-07     3.81919e-07
126    0.00189607     4.57647e-07     4.5756e-07     4.57694e-07     4.57647e-07     4.57647e-07     4.57647e-07
130    0.00176642     4.85538e-07     4.85445e-07     4.85588e-07     4.85538e-07     4.85538e-07     4.85538e-07
134    0.00217157     6.9635e-07     6.96218e-07     6.96422e-07     6.9635e-07     6.9635e-07     6.9635e-07
138    0.00173401     6.57375e-07     6.5725e-07     6.57442e-07     6.57375e-07     6.57375e-07     6.57375e-07
142    0.00178263     8.55881e-07     8.55718e-07     8.55969e-07     8.55881e-07     8.55881e-07     8.55881e-07
146    0.00204192     1.26263e-06     1.26239e-06     1.26276e-06     1.26263e-06     1.26263e-06     1.26263e-06
150    0.00225259     1.89972e-06     1.89936e-06     1.89992e-06     1.89972e-06     1.89972e-06     1.89972e-06
154    0.00202571     2.58513e-06     2.58464e-06     2.58539e-06     2.58513e-06     2.58513e-06     2.58513e-06
158    0.00264153     6.34754e-06     6.34633e-06     6.34819e-06     6.34754e-06     6.34754e-06     6.34754e-06
162    0.0022688     1.47027e-05     1.46999e-05     1.47042e-05     1.47027e-05     1.47027e-05     1.47027e-05
166    0.00272256     3.30243e-05     3.3018e-05     3.30277e-05     3.30243e-05     3.30243e-05     3.30243e-05
170    0.00247947     4.00509e-05     4.00433e-05     4.0055e-05     4.00509e-05     4.00509e-05     4.00509e-05
174    0.00269015     5.35187e-05     5.35086e-05     5.35243e-05     5.35187e-05     5.35187e-05     5.35187e-05
178    0.00303047     7.11357e-05     7.11222e-05     7.1143e-05     7.11357e-05     7.11357e-05     7.11357e-05
182    0.00301426     8.55445e-05     8.55282e-05     8.55533e-05     8.55445e-05     8.55445e-05     8.55445e-05
186    0.00327356     0.000112255     0.000112233     0.000112266     0.000112255     0.000112255     0.000112255
190    0.00286841     0.000114906     0.000114884     0.000114917     0.000114906     0.000114906     0.000114906
194    0.00290082     0.000130485     0.00013046     0.000130499     0.000130485     0.000130485     0.000130485
198    0.00306288     0.000152186     0.000152158     0.000152202     0.000152186     0.000152186     0.000152186
202    0.003387     0.000184034     0.000183999     0.000184053     0.000184034     0.000184034     0.000184034
206    0.00379214     0.000224383     0.000224341     0.000224407     0.000224383     0.000224383     0.000224383
210    0.00353285     0.000226541     0.000226498     0.000226565     0.000585188     0.000740147     0.000478515
214    0.00384076     0.000264729     0.000264679     0.000264756     0.000973468     0.00128062     0.000762146
218    0.00398661     0.000294663     0.000294606     0.000294693     0.00101138     0.00132295     0.000797061
222    0.0036787     0.000290304     0.000290249     0.000290334     0.00101208     0.00132639     0.000795866
226    0.00372732     0.000312958     0.000312898     0.00031299     0.00105695     0.00138125     0.00083378
230    0.00408384     0.000363445     0.000363376     0.000363483     0.00110187     0.00142383     0.000880159
234    0.00461863     0.000436078     0.000435995     0.000436123     0.00118551     0.00151228     0.000960384
238    0.00491033     0.00049085     0.000490757     0.000490901     0.00121114     0.00152534     0.000994555
242    0.00455381     0.000480975     0.000480883     0.000481024     0.00120612     0.00152268     0.000987839
246    0.00432693     0.000482374     0.000482282     0.000482424     0.00119796     0.00151063     0.000982299
250    0.00523445     0.000613759     0.000613643     0.000613823     0.00135605     0.00168012     0.00113232
254    0.00515342     0.000635392     0.000635271     0.000635457     0.00135971     0.00167508     0.0011417
258    0.00526686     0.000682208     0.000682079     0.000682279     0.00139912     0.00171021     0.00118369
262    0.00515342     0.000699983     0.00069985     0.000700055     0.00141919     0.00173063     0.00120333
266    0.00525065     0.00074687     0.000746728     0.000746947     0.00147898     0.00179578     0.00125923
270    0.00578544     0.00086062     0.000860456     0.000860708     0.00157926     0.00189049     0.00136333
274    0.00646608     0.00100723     0.00100704     0.00100733     0.00170766     0.0020114     0.00149684
278    0.00575303     0.000935822     0.000935644     0.000935919     0.00165269     0.00196384     0.0014367
282    0.00643367     0.00109162     0.00109141     0.00109173     0.00181184     0.00212408     0.0015949
286    0.00648229     0.00114692     0.0011467     0.00114703     0.00184476     0.00214662     0.00163477
290    0.0067902     0.00125129     0.00125105     0.00125142     0.00199011     0.0023094     0.00176785
294    0.00682261     0.00130766     0.00130741     0.0013078     0.00197012     0.00225674     0.00177057
298    0.00756807     0.00150566     0.00150537     0.00150582     0.00223171     0.00254646     0.00201263
302    0.00784357     0.00162227     0.00162196     0.00162244     0.00234767     0.00266226     0.00212857
306    0.00881591     0.00189289     0.00189253     0.00189308     0.00262901     0.00294791     0.00240676
310    0.00912382     0.0020309     0.00203052     0.00203111     0.00277442     0.00309594     0.00255007
314    0.00881591     0.00203375     0.00203336     0.00203396     0.00276862     0.003086     0.00254703
318    0.00914003     0.00218426     0.00218385     0.00218449     0.00295162     0.00328269     0.00272027
322    0.00967481     0.0023915     0.00239104     0.00239174     0.00314585     0.00347111     0.00291842
326    0.00990169     0.00252922     0.00252874     0.00252948     0.00333966     0.00368886     0.00309533
330    0.0108416     0.00285964     0.00285909     0.00285993     0.00369221     0.00405026     0.00344141
334    0.0115385     0.00313802     0.00313742     0.00313834     0.00399403     0.00436096     0.00373669
338    0.0120084     0.00337094     0.0033703     0.00337129     0.00424883     0.00462351     0.00398559
342    0.0133859     0.00387531     0.00387457     0.00387571     0.0048436     0.0052552     0.00455387
346    0.0133535     0.00399835     0.00399759     0.00399876     0.00504861     0.00549647     0.00473359
350    0.0147148     0.00458126     0.00458039     0.00458173     0.00568083     0.00615104     0.00535015
354    0.0150875     0.00491581     0.00491488     0.00491632     0.00609963     0.006608     0.00574247
358    0.016303     0.00557042     0.00556936     0.005571     0.00681969     0.00735885     0.0064413
362    0.0171781     0.00614329     0.00614212     0.00614392     0.00754119     0.00814647     0.00711665
366    0.0175994     0.006577     0.00657583     0.0065776     0.00807096     0.00871941     0.00761625
370    0.0197872     0.00771332     0.00771197     0.007714     0.00930595     0.009999     0.00882013
374    0.0203706     0.00828836     0.00828693     0.00828907     0.0101867     0.0110153     0.00960618
378    0.0213429     0.00906548     0.00906394     0.00906623     0.0110516     0.0119213     0.0104426
382    0.0238548     0.0105428     0.010541     0.0105436     0.0127213     0.0136783     0.0120517
386    0.0246975     0.0113469     0.0113451     0.0113477     0.0137362     0.0147884     0.0130001
390    0.0273877     0.0130461     0.0130441     0.013047     0.0156424     0.0167883     0.0148409
394    0.0296727     0.0146368     0.0146345     0.0146377     0.0176596     0.0189968     0.0167247
398    0.0316984     0.0161833     0.0161809     0.0161842     0.0193893     0.0208107     0.0183958
402    0.035604     0.0187921     0.0187896     0.018793     0.0225053     0.0241556     0.0213523
406    0.0401416     0.0218982     0.0218955     0.021899     0.0261239     0.0280063     0.0248088
410    0.0432207     0.024364     0.0243614     0.0243645     0.0291002     0.0312148     0.0276232
414    0.0469804     0.0273356     0.0273332     0.0273356     0.0326857     0.0350785     0.0310145
418    0.0516314     0.030983     0.030981     0.0309822     0.0370398     0.0397542     0.0351445
422    0.0580003     0.035886     0.0358848     0.0358841     0.0426887     0.0457448     0.0405546
426    0.064515     0.0411754     0.0411757     0.0411714     0.0489236     0.0524151     0.046486
430    0.0722613     0.0475995     0.0476026     0.0475923     0.0561636     0.0600333     0.0534618
434    0.0839942     0.0571771     0.057185     0.0571644     0.0669076     0.0713134     0.0638302
438    0.0948197     0.0668538     0.0668696     0.0668326     0.0776662     0.0825736     0.0742357
442    0.109486     0.0801202     0.0801498     0.0800842     0.0922452     0.097776     0.0883776
446    0.126113     0.0961214     0.0961754     0.0960607     0.109297     0.115353     0.105059
450    0.142221     0.113355     0.113446     0.113258     0.127202     0.133627     0.122702
454    0.162511     0.136281     0.136432     0.136125     0.150783     0.157585     0.146007
458    0.180807     0.160599     0.16084     0.160359     0.174878     0.181673     0.170083
462    0.199379     0.18885     0.18922     0.188491     0.20219     0.208685     0.197573
466    0.213186     0.216349     0.216862     0.215862     0.227642     0.233342     0.223548
470    0.221484     0.240799     0.241439     0.240198     0.248752     0.253057     0.245603
474    0.221127     0.255964     0.256666     0.255309     0.259595     0.261997     0.257762
478    0.208081     0.253381     0.252702     0.254101     0.252378     0.251198     0.253484
482    0.19335     0.244108     0.243537     0.244706     0.238871     0.235956     0.241111
486    0.174762     0.225532     0.225097     0.22598     0.216922     0.212587     0.220092
490    0.154197     0.201164     0.200857     0.201471     0.190267     0.185002     0.194034
494    0.132644     0.173667     0.173465     0.173862     0.161681     0.156012     0.165689
498    0.114655     0.150105     0.149969     0.150231     0.137613     0.131775     0.141718
502    0.098158     0.128365     0.128274     0.128446     0.116053     0.110335     0.12006
506    0.0848045     0.110835     0.110773     0.110888     0.0988894     0.0933576     0.102758
510    0.0737198     0.0964055     0.096362     0.0964408     0.0849215     0.0796045     0.0886327
514    0.0648067     0.0849238     0.0848914     0.0849488     0.0740062     0.0689451     0.0775348
518    0.0568821     0.0747968     0.074772     0.074815     0.0644426     0.0596334     0.0677915
522    0.0473693     0.0625799     0.0625615     0.0625928     0.0533102     0.0489978     0.0563105
526    0.0432693     0.057489     0.0574737     0.0574993     0.0486381     0.0445188     0.0515041
530    0.0380996     0.0509483     0.0509356     0.0509564     0.0426387     0.0387722     0.045329
534    0.033481     0.0451026     0.045092     0.0451092     0.0374023     0.033823     0.0398939
538    0.0299158     0.0406262     0.0406171     0.0406317     0.0334842     0.0301682     0.0357938
542    0.0264477     0.0362428     0.0362351     0.0362475     0.0296323     0.0265652     0.0317698
546    0.0250378     0.0346409     0.0346337     0.0346451     0.0280316     0.0249645     0.0301692
550    0.0215374     0.030118     0.0301118     0.0301215     0.0242455     0.021519     0.026146
554    0.0189445     0.0267931     0.0267877     0.0267961     0.0214282     0.0189358     0.0231656
558    0.0187338     0.0267887     0.0267834     0.0267917     0.0213189     0.0187745     0.023092
562    0.0162057     0.0234118     0.0234072     0.0234144     0.0184844     0.0161883     0.020084
566    0.0155413     0.0226647     0.0226603     0.0226672     0.0178016     0.0155306     0.0193829
570    0.0134183     0.0197663     0.0197625     0.0197684     0.0153936     0.0133486     0.0168174
574    0.0118788     0.0177083     0.0177049     0.0177101     0.0137228     0.0118577     0.0150213
578    0.011425     0.0172405     0.0172372     0.0172423     0.0133633     0.0115488     0.0146269
582    0.0105499     0.0161115     0.0161084     0.0161131     0.0124076     0.0106737     0.0136153
586    0.0099179     0.0153207     0.0153178     0.0153223     0.0117392     0.0100612     0.012908
590    0.0096262     0.0150549     0.015052     0.0150565     0.0115019     0.00983546     0.0126626
594    0.0087835     0.0139442     0.0139415     0.0139456     0.0105927     0.00901863     0.0116888
598    0.00798942     0.0128679     0.0128654     0.0128692     0.00966617     0.00816014     0.0107145
602    0.00785977     0.0128181     0.0128157     0.0128194     0.00960153     0.00808576     0.0106564
606    0.00740601     0.0121981     0.0121957     0.0121993     0.00920867     0.00779721     0.0101907
610    0.00693605     0.0115458     0.0115436     0.011547     0.00864279     0.00726963     0.00959758
614    0.00597991     0.0100753     0.0100734     0.0100763     0.00748073     0.00625281     0.00833479
618    0.00588268     0.01005     0.0100481     0.010051     0.00747794     0.00626017     0.008325
622    0.00507239     0.0087803     0.00877863     0.0087812     0.00648751     0.00540133     0.00724302
626    0.00494274     0.00866161     0.00865996     0.0086625     0.00635461     0.00526082     0.00711552
630    0.00484551     0.00859268     0.00859104     0.00859357     0.00617633     0.00502942     0.00697401
634    0.00437554     0.00784661     0.00784512     0.00784742     0.00567148     0.00463805     0.00639027
638    0.00410005     0.00743855     0.00743713     0.00743931     0.00538313     0.00440535     0.00606305
642    0.00416487     0.00765268     0.00765122     0.00765347     0.00557259     0.00458152     0.00626156
646    0.00410005     0.00763466     0.00763321     0.00763545     0.0055547     0.00456189     0.00624454
650    0.00358146     0.00676377     0.00676249     0.00676447     0.00490645     0.00401908     0.00552309
654    0.0031277     0.00597984     0.0059787     0.00598045     0.00427689     0.00346315     0.00484253
658    0.00320873     0.00621316     0.00621198     0.00621381     0.00443461     0.00358459     0.00502556
662    0.00317632     0.00622874     0.00622755     0.00622938     0.0043923     0.0035135     0.00500302
666    0.00320873     0.00637115     0.00636994     0.0063718     0.00455913     0.00369041     0.00516268
670    0.00241465     0.00484939     0.00484847     0.00484989     0.00343261     0.00275216     0.00390521
674    0.0025605     0.00520331     0.00520232     0.00520385     0.00369276     0.00296638     0.00419713
678    0.00213915     0.00439561     0.00439477     0.00439606     0.00309043     0.00246251     0.00352651
682    0.00262533     0.00545184     0.0054508     0.0054524     0.00382905     0.00304805     0.00437157
686    0.00220398     0.00462506     0.00462418     0.00462554     0.0032584     0.00260007     0.00371556
690    0.00207433     0.00440112     0.00440028     0.00440157     0.0030818     0.00244551     0.00352362
694    0.00243086     0.00521974     0.00521875     0.00522028     0.0036572     0.00290211     0.0041813
698    0.00215536     0.00468648     0.00468559     0.00468696     0.00323245     0.00252817     0.00372095
702    0.00210674     0.00463137     0.00463049     0.00463185     0.00321036     0.00252107     0.00368838
706    0.00196089     0.00436177     0.00436094     0.00436222     0.00307009     0.00244282     0.00350502
710    0.00179883     0.00404762     0.00404685     0.00404804     0.00282749     0.00223463     0.00323862
714    0.00145851     0.00332491     0.00332428     0.00332526     0.00221468     0.00167482     0.00258905
718    0.00189607     0.00437545     0.00437462     0.0043759     0.002933     0.00223075     0.00341988
722    0.00152334     0.0035567     0.00355602     0.00355707     0.00237135     0.0017932     0.002772
726    0.00152334     0.00359292     0.00359223     0.00359329     0.0024399     0.00187625     0.00283029
730    0.0017016     0.00405439     0.00405362     0.00405481     0.00281159     0.00220286     0.00323299
734    0.00157195     0.00378751     0.00378679     0.00378791     0.00256718     0.00196871     0.00298141
738    0.00129646     0.00316028     0.00315968     0.00316061     0.00208597     0.00155855     0.00245094
742    0.00126405     0.00311867     0.00311807     0.00311899     0.00210789     0.00161091     0.00245169
746    0.00124784     0.00311569     0.0031151     0.00311601     0.00204937     0.00152412     0.00241258
750    0.000956137     0.00241715     0.00241669     0.0024174     0.00159823     0.00119413     0.00187758
754    0.00110199     0.00281704     0.00281651     0.00281733     0.00186579     0.00139583     0.0021906
758    0.000858903     0.00221771     0.00221729     0.00221794     0.00144945     0.00106956     0.00171199
762    0.00100475     0.00261894     0.00261844     0.00261921     0.00172619     0.00128412     0.00203158
766    0.00111819     0.00294761     0.00294705     0.00294791     0.00199084     0.00151628     0.0023186
770    0.00102096     0.00272266     0.00272214     0.00272294     0.0017417     0.00125418     0.0020782
774    0.00103717     0.00279852     0.00279799     0.00279881     0.00179585     0.0012968     0.00214021
778    0.000842697     0.00230211     0.00230167     0.00230235     0.00147435     0.00106165     0.00175902
782    0.000550994     0.00152353     0.00152324     0.00152369     0.000929339     0.000632429     0.00113404
786    0.000858903     0.0023942     0.00239375     0.00239445     0.00157421     0.00116369     0.00185712
790    0.00090752     0.00255653     0.00255605     0.0025568     0.00167211     0.00122834     0.00197775
794    0.000842697     0.0023972     0.00239675     0.00239745     0.00148415     0.00102525     0.00180006
798    0.000745463     0.00214633     0.00214592     0.00214655     0.00133405     0.000925301     0.00161539
802    0.000648229     0.00188683     0.00188647     0.00188702     0.00125596     0.000938036     0.00147471
806    0.000939932     0.00276924     0.00276871     0.00276953     0.00173071     0.00120632     0.00209134
810    0.000696846     0.00207699     0.0020766     0.0020772     0.00129212     0.000894916     0.00156514
814    0.000648229     0.00195351     0.00195314     0.00195371     0.00123139     0.000865123     0.001483
818    0.000518583     0.00157983     0.00157953     0.00157999     0.000927871     0.000596584     0.00115532
822    0.000518583     0.00159636     0.00159605     0.00159652     0.000955173     0.000629357     0.00117893
826    0.0005672     0.00176338     0.00176304     0.00176356     0.00115163     0.00084091     0.00136509
830    0.000664434     0.00208826     0.00208787     0.00208848     0.001325     0.000936606     0.00159173
834    0.000518583     0.00164909     0.00164878     0.00164926     0.000976903     0.000632886     0.00121271
838    0.000534789     0.00171924     0.00171891     0.00171942     0.00104193     0.000693272     0.00128043
842    0.000518583     0.00168207     0.00168175     0.00168224     0.00107146     0.000756525     0.00128677
846    0.000469966     0.00154108     0.00154079     0.00154124     0.000965358     0.000668804     0.00116823
850    0.00045376     0.0015049     0.00150462     0.00150506     0.000859794     0.000527854     0.00108703
854    0.000405143     0.00135854     0.00135828     0.00135868     0.000827959     0.00055429     0.00101518
858    0.000372732     0.00126319     0.00126295     0.00126332     0.000704093     0.000414529     0.000901935
862    0.000405143     0.00138709     0.00138683     0.00138723     0.000841435     0.000557747     0.00103502
866    0.000518583     0.00179444     0.0017941     0.00179463     0.00112952     0.000782797     0.00136589
870    0.000388937     0.00136068     0.00136042     0.00136082     0.000828523     0.000550316     0.00101805
874    0.000486172     0.0017169     0.00171658     0.00171708     0.000998135     0.000621465     0.00125459
878    0.000469966     0.00167723     0.00167691     0.0016774     0.000981795     0.00061651     0.0012303
882    0.00045376     0.00163659     0.00163628     0.00163676     0.000999675     0.000664775     0.00122747
886    0.00034032     0.00124006     0.00123983     0.00124019     0.000708507     0.00042881     0.000898736
890    0.000210674     0.00077645     0.000776303     0.000776531     0.000417416     0.000227962     0.000546155
894    0.000421349     0.00156831     0.00156801     0.00156847     0.000890877     0.00053163     0.00113458
898    0.000356526     0.00134258     0.00134233     0.00134272     0.000811667     0.000528537     0.00100339
902    0.000307909     0.00117076     0.00117053     0.00117088     0.000718962     0.000477478     0.000882365
906    0.000356526     0.00136921     0.00136895     0.00136935     0.000813085     0.000515895     0.00101423
910    0.00034032     0.0013208     0.00132055     0.00132094     0.000756793     0.000455377     0.000960855
914    0.00022688     0.000889181     0.000889011     0.000889272     0.000512447     0.000310628     0.000648968
918    0.000307909     0.00122176     0.00122152     0.00122188     0.000719177     0.000448771     0.00090184
922    0.000259291     0.00103865     0.00103846     0.00103876     0.000569218     0.000315733     0.000740231
926    0.00034032     0.00137706     0.0013768     0.0013772     0.000771738     0.00044396     0.000992703
930    0.000324114     0.00132506     0.00132481     0.0013252     0.000789238     0.000498364     0.00098516
934    0.000324114     0.00133935     0.00133909     0.00133948     0.000771633     0.000462674     0.000979559
938    0.00034032     0.00141976     0.00141949     0.00141991     0.000854706     0.00054659     0.00106195
942    0.00034032     0.00143487     0.0014346     0.00143502     0.000816382     0.000478638     0.00104349
946    0.000275497     0.00117289     0.00117266     0.00117301     0.000630639     0.000334161     0.000829934
950    0.000291703     0.00125475     0.00125451     0.00125488     0.000746295     0.000467662     0.000933444
954    0.00022688     0.000985657     0.00098547     0.000985759     0.000553368     0.000315559     0.000712888
958    0.000194469     0.000853762     0.0008536     0.00085385     0.000480297     0.000273989     0.000618509
962    0.00022688     0.00100688     0.00100669     0.00100699     0.00057427     0.000334197     0.000734824
966    0.000194469     0.000871112     0.000870946     0.000871202     0.000465865     0.000240248     0.000616612
970    0.000291703     0.00132092     0.00132067     0.00132105     0.000729431     0.000398981     0.000949932
974    0.000129646     0.000593473     0.00059336     0.000593535     0.000351881     0.000216468     0.00044214
978    0.000243086     0.0011232     0.00112299     0.00112332     0.000662445     0.000403505     0.000834889
982    0.000178263     0.000831869     0.000831711     0.000831955     0.000483568     0.000287319     0.000614163
986    0.000243086     0.00114666     0.00114644     0.00114678     0.000661782     0.000387884     0.000843883
990    0.000145851     0.000695427     0.000695295     0.000695499     0.000385083     0.000209408     0.000501812
994    0.000178263     0.000857737     0.000857574     0.000857826     0.000482496     0.000269712     0.000623819
998    0.000162057     0.000788664     0.000788514     0.000788745     0.000426119     0.000220225     0.000562779
1002    0.000162057     0.000796197     0.000796046     0.000796279     0.000796197     0.000796197     0.000796197
1006    0.000129646     0.000644171     0.000644048     0.000644237     0.000644171     0.000644171     0.000644171
1010    0.00011344     0.000569845     0.000569736     0.000569903     0.000569845     0.000569845     0.000569845
1014    0.000259291     0.00131568     0.00131543     0.00131582     0.00131568     0.00131568     0.00131568
1018    0.000145851     0.000747665     0.000747523     0.000747742     0.000747665     0.000747665     0.000747665
1022    0.000145851     0.000755808     0.000755664     0.000755886     0.000755808     0.000755808     0.000755808
1026    0.000145851     0.000764927     0.000764781     0.000765006     0.000764927     0.000764927     0.000764927
1030    0.000129646     0.000686326     0.000686196     0.000686397     0.000686326     0.000686326     0.000686326
1034    0.00011344     0.000607175     0.000607059     0.000607237     0.000607175     0.000607175     0.000607175
1038    8.10286e-05     0.000438668     0.000438584     0.000438713     0.000438668     0.000438668     0.000438668
1042    4.86172e-05     0.000264878     0.000264828     0.000264905     0.000264878     0.000264878     0.000264878
1046    3.24114e-05     0.000178057     0.000178024     0.000178076     0.000178057     0.000178057     0.000178057
1050    0     0     0     0     0     0     0
1054    0     0     0     0     0     0     0
1058    0     0     0     0     0     0     0
1062    0     0     0     0     0     0     0
1066    0     0     0     0     0     0     0
1070    0     0     0     0     0     0     0
1074    0     0     0     0     0     0     0
1078    0     0     0     0     0     0     0
1082    0     0     0     0     0     0     0
1086    0     0     0     0     0     0     0
1090    0     0     0     0     0     0     0
1094    0     0     0     0     0     0     0
1098    0     0     0     0     0     0     0
1102    0     0     0     0     0     0     0
1106    0     0     0     0     0     0     0
1110    0     0     0     0     0     0     0
1114    0     0     0     0     0     0     0
1118    0     0     0     0     0     0     0
1122    0     0     0     0     0     0     0
1126    0     0     0     0     0     0     0
1130    0     0     0     0     0     0     0
1134    0     0     0     0     0     0     0
1138    0     0     0     0     0     0     0
1142    0     0     0     0     0     0     0
1146    0     0     0     0     0     0     0
1150    0     0     0     0     0     0     0
1154    0     0     0     0     0     0     0
1158    0     0     0     0     0     0     0
1162    0     0     0     0     0     0     0
1166    0     0     0     0     0     0     0
1170    0     0     0     0     0     0     0
1174    0     0     0     0     0     0     0
1178    0     0     0     0     0     0     0
1182    0     0     0     0     0     0     0
1186    0     0     0     0     0     0     0
1190    0     0     0     0     0     0     0
1194    0     0     0     0     0     0     0
1198    0     0     0     0     0     0     0
1202    0     0     0     0     0     0     0
1206    0     0     0     0     0     0     0
1210    0     0     0     0     0     0     0
1214    0     0     0     0     0     0     0
1218    0     0     0     0     0     0     0
1222    0     0     0     0     0     0     0
1226    0     0     0     0     0     0     0
1230    0     0     0     0     0     0     0
1234    0     0     0     0     0     0     0
1238    0     0     0     0     0     0     0
1242    0     0     0     0     0     0     0
1246    0     0     0     0     0     0     0
1250    0     0     0     0     0     0     0
1254    0     0     0     0     0     0     0
1258    0     0     0     0     0     0     0
1262    0     0     0     0     0     0     0
1266    0     0     0     0     0     0     0
1270    0     0     0     0     0     0     0
1274    0     0     0     0     0     0     0
1278    0     0     0     0     0     0     0
1282    0     0     0     0     0     0     0
1286    0     0     0     0     0     0     0
1290    0     0     0     0     0     0     0
1294    0     0     0     0     0     0     0
1298    0     0     0     0     0     0     0
1302    0     0     0     0     0     0     0
1306    0     0     0     0     0     0     0
1310    0     0     0     0     0     0     0
1314    0     0     0     0     0     0     0
1318    0     0     0     0     0     0     0
1322    0     0     0     0     0     0     0
1326    0     0     0     0     0     0     0
1330    0     0     0     0     0     0     0
1334    0     0     0     0     0     0     0
1338    0     0     0     0     0     0     0
1342    0     0     0     0     0     0     0
1346    0     0     0     0     0     0     0
1350    0     0     0     0     0     0     0
1354    0     0     0     0     0     0     0
1358    0     0     0     0     0     0     0
1362    0     0     0     0     0     0     0
1366    0     0     0     0     0     0     0
1370    0     0     0     0     0     0     0
1374    0     0     0     0     0     0     0
1378    0     0     0     0     0     0     0
1382    0     0     0     0     0     0     0
1386    0     0     0     0     0     0     0
1390    0     0     0     0     0     0     0
1394    0     0     0     0     0     0     0
1398    0     0     0     0     0     0     0
1402    0     0     0     0     0     0     0
1406    0     0     0     0     0     0     0
1410    0     0     0     0     0     0     0
1414    0     0     0     0     0     0     0
1418    0     0     0     0     0     0     0
1422    0     0     0     0     0     0     0
1426    0     0     0     0     0     0     0
1430    0     0     0     0     0     0     0
1434    0     0     0     0     0     0     0
1438    0     0     0     0     0     0     0
1442    0     0     0     0     0     0     0
1446    0     0     0     0     0     0     0
1450    0     0     0     0     0     0     0
1454    0     0     0     0     0     0     0
1458    0     0     0     0     0     0     0
1462    0     0     0     0     0     0     0
1466    0     0     0     0     0     0     0
1470    0     0     0     0     0     0     0
1474    0     0     0     0     0     0     0
1478    0     0     0     0     0     0     0
1482    0     0     0     0     0     0     0
1486    0     0     0     0     0     0     0
1490    0     0     0     0     0     0     0
1494    0     0     0     0     0     0     0
1498    0     0     0     0     0     0     0
1502    0     0     0     0     0     0     0
1506    0     0     0     0     0     0     0
1510    0     0     0     0     0     0     0
1514    0     0     0     0     0     0     0
1518    0     0     0     0     0     0     0
1522    0     0     0     0     0     0     0
1526    0     0     0     0     0     0     0
1530    0     0     0     0     0     0     0
1534    0     0     0     0     0     0     0
1538    0     0     0     0     0     0     0
1542    0     0     0     0     0     0     0
1546    0     0     0     0     0     0     0
1550    0     0     0     0     0     0     0
1554    0     0     0     0     0     0     0
1558    0     0     0     0     0     0     0
1562    0     0     0     0     0     0     0
1566    0     0     0     0     0     0     0
1570    0     0     0     0     0     0     0
1574    0     0     0     0     0     0     0
1578    0     0     0     0     0     0     0
1582    0     0     0     0     0     0     0
1586    0     0     0     0     0     0     0
1590    0     0     0     0     0     0     0
1594    0     0     0     0     0     0     0
1598    0     0     0     0     0     0     0
1602    0     0     0     0     0     0     0
1606    0     0     0     0     0     0     0
1610    0     0     0     0     0     0     0
1614    0     0     0     0     0     0     0
1618    0     0     0     0     0     0     0
1622    0     0     0     0     0     0     0
1626    0     0     0     0     0     0     0
1630    0     0     0     0     0     0     0
1634    0     0     0     0     0     0     0
1638    0     0     0     0     0     0     0
1642    0     0     0     0     0     0     0
1646    0     0     0     0     0     0     0
1650    0     0     0     0     0     0     0
1654    0     0     0     0     0     0     0
1658    0     0     0     0     0     0     0
1662    0     0     0     0     0     0     0
1666    0     0     0     0     0     0     0
1670    0     0     0     0     0     0     0
1674    0     0     0     0     0     0     0
1678    0     0     0     0     0     0     0
1682    0     0     0     0     0     0     0
1686    0     0     0     0     0     0     0
1690    0     0     0     0     0     0     0
1694    0     0     0     0     0     0     0
1698    0     0     0     0     0     0     0
1702    0     0     0     0     0     0     0
1706    0     0     0     0     0     0     0
1710    0     0     0     0     0     0     0
1714    0     0     0     0     0     0     0
1718    0     0     0     0     0     0     0
1722    0     0     0     0     0     0     0
1726    0     0     0     0     0     0     0
1730    0     0     0     0     0     0     0
1734    0     0     0     0     0     0     0
1738    0     0     0     0     0     0     0
1742    0     0     0     0     0     0     0
1746    0     0     0     0     0     0     0
1750    0     0     0     0     0     0     0
1754    0     0     0     0     0     0     0
1758    0     0     0     0     0     0     0
1762    0     0     0     0     0     0     0
1766    0     0     0     0     0     0     0
1770    0     0     0     0     0     0     0
1774    0     0     0     0     0     0     0
1778    0     0     0     0     0     0     0
1782    0     0     0     0     0     0     0
1786    0     0     0     0     0     0     0
1790    0     0     0     0     0     0     0
1794    0     0     0     0     0     0     0
1798    0     0     0     0     0     0     0
1802    0     0     0     0     0     0     0
1806    0     0     0     0     0     0     0
1810    0     0     0     0     0     0     0
1814    0     0     0     0     0     0     0
1818    0     0     0     0     0     0     0
1822    0     0     0     0     0     0     0
1826    0     0     0     0     0     0     0
1830    0     0     0     0     0     0     0
1834    0     0     0     0     0     0     0
1838    0     0     0     0     0     0     0
1842    0     0     0     0     0     0     0
1846    0     0     0     0     0     0     0
1850    0     0     0     0     0     0     0
1854    0     0     0     0     0     0     0
1858    0     0     0     0     0     0     0
1862    0     0     0     0     0     0     0
1866    0     0     0     0     0     0     0
1870    0     0     0     0     0     0     0
1874    0     0     0     0     0     0     0
1878    0     0     0     0     0     0     0
1882    0     0     0     0     0     0     0
1886    0     0     0     0     0     0     0
1890    0     0     0     0     0     0     0
1894    0     0     0     0     0     0     0
1898    0     0     0     0     0     0     0
1902    0     0     0     0     0     0     0
1906    0     0     0     0     0     0     0
1910    0     0     0     0     0     0     0
1914    0     0     0     0     0     0     0
1918    0     0     0     0     0     0     0
1922    0     0     0     0     0     0     0
1926    0     0     0     0     0     0     0
1930    0     0     0     0     0     0     0
1934    0     0     0     0     0     0     0
1938    0     0     0     0     0     0     0
1942    0     0     0     0     0     0     0
1946    0     0     0     0     0     0     0
1950    0     0     0     0     0     0     0
1954    0     0     0     0     0     0     0
1958    0     0     0     0     0     0     0
1962    0     0     0     0     0     0     0
1966    0     0     0     0     0     0     0
1970    0     0     0     0     0     0     0
1974    0     0     0     0     0     0     0
1978    0     0     0     0     0     0     0
1982    0     0     0     0     0     0     0
1986    0     0     0     0     0     0     0
1990    0     0     0     0     0     0     0
1994    0     0     0     0     0     0     0
1998    0     0     0     0     0     0     0
2002    0     0     0     0     0     0     0
2006    0     0     0     0     0     0     0
2010    0     0     0     0     0     0     0
2014    0     0     0     0     0     0     0
2018    0     0     0     0     0     0     0
2022    0     0     0     0     0     0     0
2026    0     0     0     0     0     0     0
2030    0     0     0     0     0     0     0
2034    0     0     0     0     0     0     0
2038    0     0     0     0     0     0     0
2042    0     0     0     0     0     0     0
2046    0     0     0     0     0     0     0
2050    0     0     0     0     0     0     0
2054    0     0     0     0     0     0     0
2058    0     0     0     0     0     0     0
2062    0     0     0     0     0     0     0
2066    0     0     0     0     0     0     0
2070    0     0     0     0     0     0     0
2074    0     0     0     0     0     0     0
2078    0     0     0     0     0     0     0
2082    0     0     0     0     0     0     0
2086    0     0     0     0     0     0     0
2090    0     0     0     0     0     0     0
2094    0     0     0     0     0     0     0
2098    0     0     0     0     0     0     0
2102    0     0     0     0     0     0     0
2106    0     0     0     0     0     0     0
2110    0     0     0     0     0     0     0
2114    0     0     0     0     0     0     0
2118    0     0     0     0     0     0     0
2122    0     0     0     0     0     0     0
2126    0     0     0     0     0     0     0
2130    0     0     0     0     0     0     0
2134    0     0     0     0     0     0     0
2138    0     0     0     0     0     0     0
2142    0     0     0     0     0     0     0
2146    0     0     0     0     0     0     0
2150    0     0     0     0     0     0     0
2154    0     0     0     0     0     0     0
2158    0     0     0     0     0     0     0
2162    0     0     0     0     0     0     0
2166    0     0     0     0     0     0     0
2170    0     0     0     0     0     0     0
2174    0     0     0     0     0     0     0
2178    0     0     0     0     0     0     0
2182    0     0     0     0     0     0     0
2186    0     0     0     0     0     0     0
2190    0     0     0     0     0     0     0
2194    0     0     0     0     0     0     0
2198    0     0     0     0     0     0     0
2202    0     0     0     0     0     0     0
2206    0     0     0     0     0     0     0
2210    0     0     0     0     0     0     0
2214    0     0     0     0     0     0     0
2218    0     0     0     0     0     0     0
2222    0     0     0     0     0     0     0
2226    0     0     0     0     0     0     0
2230    0     0     0     0     0     0     0
2234    0     0     0     0     0     0     0
2238    0     0     0     0     0     0     0
2242    0     0     0     0     0     0     0
2246    0     0     0     0     0     0     0
2250    0     0     0     0     0     0     0
2254    0     0     0     0     0     0     0
2258    0     0     0     0     0     0     0
2262    0     0     0     0     0     0     0
2266    0     0     0     0     0     0     0
2270    0     0     0     0     0     0     0
2274    0     0     0     0     0     0     0
2278    0     0     0     0     0     0     0
2282    0     0     0     0     0     0     0
2286    0     0     0     0     0     0     0
2290    0     0     0     0     0     0     0
2294    0     0     0     0     0     0     0
2298    0     0     0     0     0     0     0
2302    0     0     0     0     0     0     0
2306    0     0     0     0     0     0     0
2310    0     0     0     0     0     0     0
2314    0     0     0     0     0     0     0
2318    0     0     0     0     0     0     0
2322    0     0     0     0     0     0     0
2326    0     0     0     0     0     0     0
2330    0     0     0     0     0     0     0
2334    0     0     0     0     0     0     0
2338    0     0     0     0     0     0     0
2342    0     0     0     0     0     0     0
2346    0     0     0     0     0     0     0
2350    0     0     0     0     0     0     0
2354    0     0     0     0     0     0     0
2358    0     0     0     0     0     0     0
2362    0     0     0     0     0     0     0
2366    0     0     0     0     0     0     0
2370    0     0     0     0     0     0     0
2374    0     0     0     0     0     0     0
2378    0     0     0     0     0     0     0
2382    0     0     0     0     0     0     0
2386    0     0     0     0     0     0     0
2390    0     0     0     0     0     0     0
2394    0     0     0     0     0     0     0
2398    0     0     0     0     0     0     0
2402    0     0     0     0     0     0     0
2406    0     0     0     0     0     0     0
2410    0     0     0     0     0     0     0
2414    0     0     0     0     0     0     0
2418    0     0     0     0     0     0     0
2422    0     0     0     0     0     0     0
2426    0     0     0     0     0     0     0
2430    0     0     0     0     0     0     0
2434    0     0     0     0     0     0     0
2438    0     0     0     0     0     0     0
2442    0     0     0     0     0     0     0
2446    0     0     0     0     0     0     0
2450    0     0     0     0     0     0     0
2454    0     0     0     0     0     0     0
2458    0     0     0     0     0     0     0
2462    0     0     0     0     0     0     0
2466    0     0     0     0     0     0     0
2470    0     0     0     0     0     0     0
2474    0     0     0     0     0     0     0
2478    0     0     0     0     0     0     0
2482    0     0     0     0     0     0     0
2486    0     0     0     0     0     0     0
2490    0     0     0     0     0     0     0
2494    0     0     0     0     0     0     0
2498    0     0     0     0     0     0     0
2502    0     0     0     0     0     0     0
2506    0     0     0     0     0     0     0
2510    0     0     0     0     0     0     0
2514    0     0     0     0     0     0     0
2518    0     0     0     0     0     0     0
2522    0     0     0     0     0     0     0
2526    0     0     0     0     0     0     0
2530    0     0     0     0     0     0     0
2534    0     0     0     0     0     0     0
2538    0     0     0     0     0     0     0
2542    0     0     0     0     0     0     0
2546    0     0     0     0     0     0     0
2550    0     0     0     0     0     0     0
2554    0     0     0     0     0     0     0
2558    0     0     0     0     0     0     0
2562    0     0     0     0     0     0     0
2566    0     0     0     0     0     0     0
2570    0     0     0     0     0     0     0
2574    0     0     0     0     0     0     0
2578    0     0     0     0     0     0     0
2582    0     0     0     0     0     0     0
2586    0     0     0     0     0     0     0
2590    0     0     0     0     0     0     0
2594    0     0     0     0     0     0     0
2598    0     0     0     0     0     0     0
2602    0     0     0     0     0     0     0
2606    0     0     0     0     0     0     0
2610    0     0     0     0     0     0     0
2614    0     0     0     0     0     0     0
2618    0     0     0     0     0     0     0
2622    0     0     0     0     0     0     0
2626    0     0     0     0     0     0     0
2630    0     0     0     0     0     0     0
2634    0     0     0     0     0     0     0
2638    0     0     0     0     0     0     0
2642    0     0     0     0     0     0     0
2646    0     0     0     0     0     0     0
2650    0     0     0     0     0     0     0
2654    0     0     0     0     0     0     0
2658    0     0     0     0     0     0     0
2662    0     0     0     0     0     0     0
2666    0     0     0     0     0     0     0
2670    0     0     0     0     0     0     0
2674    0     0     0     0     0     0     0
2678    0     0     0     0     0     0     0
2682    0     0     0     0     0     0     0
2686    0     0     0     0     0     0     0
2690    0     0     0     0     0     0     0
2694    0     0     0     0     0     0     0
2698    0     0     0     0     0     0     0
2702    0     0     0     0     0     0     0
2706    0     0     0     0     0     0     0
2710    0     0     0     0     0     0     0
2714    0     0     0     0     0     0     0
2718    0     0     0     0     0     0     0
2722    0     0     0     0     0     0     0
2726    0     0     0     0     0     0     0
2730    0     0     0     0     0     0     0
2734    0     0     0     0     0     0     0
2738    0     0     0     0     0     0     0
2742    0     0     0     0     0     0     0
2746    0     0     0     0     0     0     0
2750    0     0     0     0     0     0     0
2754    0     0     0     0     0     0     0
2758    0     0     0     0     0     0     0
2762    0     0     0     0     0     0     0
2766    0     0     0     0     0     0     0
2770    0     0     0     0     0     0     0
2774    0     0     0     0     0     0     0
2778    0     0     0     0     0     0     0
2782    0     0     0     0     0     0     0
2786    0     0     0     0     0     0     0
2790    0     0     0     0     0     0     0
2794    0     0     0     0     0     0     0
2798    0     0     0     0     0     0     0
2802    0     0     0     0     0     0     0
2806    0     0     0     0     0     0     0
2810    0     0     0     0     0     0     0
2814    0     0     0     0     0     0     0
2818    0     0     0     0     0     0     0
2822    0     0     0     0     0     0     0
2826    0     0     0     0     0     0     0
2830    0     0     0     0     0     0     0
2834    0     0     0     0     0     0     0
2838    0     0     0     0     0     0     0
2842    0     0     0     0     0     0     0
2846    0     0     0     0     0     0     0
2850    0     0     0     0     0     0     0
2854    0     0     0     0     0     0     0
2858    0     0     0     0     0     0     0
2862    0     0     0     0     0     0     0
2866    0     0     0     0     0     0     0
2870    0     0     0     0     0     0     0
2874    0     0     0     0     0     0     0
2878    0     0     0     0     0     0     0
2882    0     0     0     0     0     0     0
2886    0     0     0     0     0     0     0
2890    0     0     0     0     0     0     0
2894    0     0     0     0     0     0     0
2898    0     0     0     0     0     0     0
2902    0     0     0     0     0     0     0
2906    0     0     0     0     0     0     0
2910    0     0     0     0     0     0     0
2914    0     0     0     0     0     0     0
2918    0     0     0     0     0     0     0
2922    0     0     0     0     0     0     0
2926    0     0     0     0     0     0     0
2930    0     0     0     0     0     0     0
2934    0     0     0     0     0     0     0
2938    0     0     0     0     0     0     0
2942    0     0     0     0     0     0     0
2946    0     0     0     0     0     0     0
2950    0     0     0     0     0     0     0
2954    0     0     0     0     0     0     0
2958    0     0     0     0     0     0     0
2962    0     0     0     0     0     0     0
2966    0     0     0     0     0     0     0
2970    0     0     0     0     0     0     0
2974    0     0     0     0     0     0     0
2978    0     0     0     0     0     0     0
2982    0     0     0     0     0     0     0
2986    0     0     0     0     0     0     0
2990    0     0     0     0     0     0     0
2994    0     0     0     0     0     0     0
2998    0     0     0     0     0     0     0
3002    0     0     0     0     0     0     0
3006    0     0     0     0     0     0     0
3010    0     0     0     0     0     0     0
3014    0     0     0     0     0     0     0
3018    0     0     0     0     0     0     0
3022    0     0     0     0     0     0     0
3026    0     0     0     0     0     0     0
3030    0     0     0     0     0     0     0
3034    0     0     0     0     0     0     0
3038    0     0     0     0     0     0     0
3042    0     0     0     0     0     0     0
3046    0     0     0     0     0     0     0
3050    0     0     0     0     0     0     0
3054    0     0     0     0     0     0     0
3058    0     0     0     0     0     0     0
3062    0     0     0     0     0     0     0
3066    0     0     0     0     0     0     0
3070    0     0     0     0     0     0     0
3074    0     0     0     0     0     0     0
3078    0     0     0     0     0     0     0
3082    0     0     0     0     0     0     0
3086    0     0     0     0     0     0     0
3090    0     0     0     0     0     0     0
3094    0     0     0     0     0     0     0
3098    0     0     0     0     0     0     0
3102    0     0     0     0     0     0     0
3106    0     0     0     0     0     0     0
3110    0     0     0     0     0     0     0
3114    0     0     0     0     0     0     0
3118    0     0     0     0     0     0     0
3122    0     0     0     0     0     0     0
3126    0     0     0     0     0     0     0
3130    0     0     0     0     0     0     0
3134    0     0     0     0     0     0     0
3138    0     0     0     0     0     0     0
3142    0     0     0     0     0     0     0
3146    0     0     0     0     0     0     0
3150    0     0     0     0     0     0     0
3154    0     0     0     0     0     0     0
3158    0     0     0     0     0     0     0
3162    0     0     0     0     0     0     0
3166    0     0     0     0     0     0     0
3170    0     0     0     0     0     0     0
3174    0     0     0     0     0     0     0
3178    0     0     0     0     0     0     0
3182    0     0     0     0     0     0     0
3186    0     0     0     0     0     0     0
3190    0     0     0     0     0     0     0
3194    0     0     0     0     0     0     0
3198    0     0     0     0     0     0     0
3202    0     0     0     0     0     0     0
3206    0     0     0     0     0     0     0
3210    0     0     0     0     0     0     0
3214    0     0     0     0     0     0     0
3218    0     0     0     0     0     0     0
3222    0     0     0     0     0     0     0
3226    0     0     0     0     0     0     0
3230    0     0     0     0     0     0     0
3234    0     0     0     0     0     0     0
3238    0     0     0     0     0     0     0
3242    0     0     0     0     0     0     0
3246    0     0     0     0     0     0     0
3250    0     0     0     0     0     0     0
3254    0     0     0     0     0     0     0
3258    0     0     0     0     0     0     0
3262    0     0     0     0     0     0     0
3266    0     0     0     0     0     0     0
3270    0     0     0     0     0     0     0
3274    0     0     0     0     0     0     0
3278    0     0     0     0     0     0     0
3282    0     0     0     0     0     0     0
3286    0     0     0     0     0     0     0
3290    0     0     0     0     0     0     0
3294    0     0     0     0     0     0     0
3298    0     0     0     0     0     0     0
3302    0     0     0     0     0     0     0
3306    0     0     0     0     0     0     0
3310    0     0     0     0     0     0     0
3314    0     0     0     0     0     0     0
3318    0     0     0     0     0     0     0
3322    0     0     0     0     0     0     0
3326    0     0     0     0     0     0     0
3330    0     0     0     0     0     0     0
3334    0     0     0     0     0     0     0
3338    0     0     0     0     0     0     0
3342    0     0     0     0     0     0     0
3346    0     0     0     0     0     0     0
3350    0     0     0     0     0     0     0
3354    0     0     0     0     0     0     0
3358    0     0     0     0     0     0     0
3362    0     0     0     0     0     0     0
3366    0     0     0     0     0     0     0
3370    0     0     0     0     0     0     0
3374    0     0     0     0     0     0     0
3378    0     0     0     0     0     0     0
3382    0     0     0     0     0     0     0
3386    0     0     0     0     0     0     0
3390    0     0     0     0     0     0     0
3394    0     0     0     0     0     0     0
3398    0     0     0     0     0     0     0
3402    0     0     0     0     0     0     0
3406    0     0     0     0     0     0     0
3410    0     0     0     0     0     0     0
3414    0     0     0     0     0     0     0
3418    0     0     0     0     0     0     0
3422    0     0     0     0     0     0     0
3426    0     0     0     0     0     0     0
3430    0     0     0     0     0     0     0
3434    0     0     0     0     0     0     0
3438    0     0     0     0     0     0     0
3442    0     0     0     0     0     0     0
3446    0     0     0     0     0     0     0
3450    0     0     0     0     0     0     0
3454    0     0     0     0     0     0     0
3458    0     0     0     0     0     0     0
3462    0     0     0     0     0     0     0
3466    0     0     0     0     0     0     0
3470    0     0     0     0     0     0     0
3474    0     0     0     0     0     0     0
3478    0     0     0     0     0     0     0
3482    0     0     0     0     0     0     0
3486    0     0     0     0     0     0     0
3490    0     0     0     0     0     0     0
3494    0     0     0     0     0     0     0
3498    0     0     0     0     0     0     0
3502    0     0     0     0     0     0     0
3506    0     0     0     0     0     0     0
3510    0     0     0     0     0     0     0
3514    0     0     0     0     0     0     0
3518    0     0     0     0     0     0     0
3522    0     0     0     0     0     0     0
3526    0     0     0     0     0     0     0
3530    0     0     0     0     0     0     0
3534    0     0     0     0     0     0     0
3538    0     0     0     0     0     0     0
3542    0     0     0     0     0     0     0
3546    0     0     0     0     0     0     0
3550    0     0     0     0     0     0     0
3554    0     0     0     0     0     0     0
3558    0     0     0     0     0     0     0
3562    0     0     0     0     0     0     0
3566    0     0     0     0     0     0     0
3570    0     0     0     0     0     0     0
3574    0     0     0     0     0     0     0
3578    0     0     0     0     0     0     0
3582    0     0     0     0     0     0     0
3586    0     0     0     0     0     0     0
3590    0     0     0     0     0     0     0
3594    0     0     0     0     0     0     0
3598    0     0     0     0     0     0     0
3602    0     0     0     0     0     0     0
3606    0     0     0     0     0     0     0
3610    0     0     0     0     0     0     0
3614    0     0     0     0     0     0     0
3618    0     0     0     0     0     0     0
3622    0     0     0     0     0     0     0
3626    0     0     0     0     0     0     0
3630    0     0     0     0     0     0     0
3634    0     0     0     0     0     0     0
3638    0     0     0     0     0     0     0
3642    0     0     0     0     0     0     0
3646    0     0     0     0     0     0     0
3650    0     0     0     0     0     0     0
3654    0     0     0     0     0     0     0
3658    0     0     0     0     0     0     0
3662    0     0     0     0     0     0     0
3666    0     0     0     0     0     0     0
3670    0     0     0     0     0     0     0
3674    0     0     0     0     0     0     0
3678    0     0     0     0     0     0     0
3682    0     0     0     0     0     0     0
3686    0     0     0     0     0     0     0
3690    0     0     0     0     0     0     0
3694    0     0     0     0     0     0     0
3698    0     0     0     0     0     0     0
3702    0     0     0     0     0     0     0
3706    0     0     0     0     0     0     0
3710    0     0     0     0     0     0     0
3714    0     0     0     0     0     0     0
3718    0     0     0     0     0     0     0
3722    0     0     0     0     0     0     0
3726    0     0     0     0     0     0     0
3730    0     0     0     0     0     0     0
3734    0     0     0     0     0     0     0
3738    0     0     0     0     0     0     0
3742    0     0     0     0     0     0     0
3746    0     0     0     0     0     0     0
3750    0     0     0     0     0     0     0
3754    0     0     0     0     0     0     0
3758    0     0     0     0     0     0     0
3762    0     0     0     0     0     0     0
3766    0     0     0     0     0     0     0
3770    0     0     0     0     0     0     0
3774    0     0     0     0     0     0     0
3778    0     0     0     0     0     0     0
3782    0     0     0     0     0     0     0
3786    0     0     0     0     0     0     0
3790    0     0     0     0     0     0     0
3794    0     0     0     0     0     0     0
3798    0     0     0     0     0     0     0
3802    0     0     0     0     0     0     0
3806    0     0     0     0     0     0     0
3810    0     0     0     0     0     0     0
3814    0     0     0     0     0     0     0
3818    0     0     0     0     0     0     0
3822    0     0     0     0     0     0     0
3826    0     0     0     0     0     0     0
3830    0     0     0     0     0     0     0
3834    0     0     0     0     0     0     0
3838    0     0     0     0     0     0     0
3842    0     0     0     0     0     0     0
3846    0     0     0     0     0     0     0
3850    0     0     0     0     0     0     0
3854    0     0     0     0     0     0     0
3858    0     0     0     0     0     0     0
3862    0     0     0     0     0     0     0
3866    0     0     0     0     0     0     0
3870    0     0     0     0     0     0     0
3874    0     0     0     0     0     0     0
3878    0     0     0     0     0     0     0
3882    0     0     0     0     0     0     0
3886    0     0     0     0     0     0     0
3890    0     0     0     0     0     0     0
3894    0     0     0     0     0     0     0
3898    0     0     0     0     0     0     0
3902    0     0     0     0     0     0     0
3906    0     0     0     0     0     0     0
3910    0     0     0     0     0     0     0
3914    0     0     0     0     0     0     0
3918    0     0     0     0     0     0     0
3922    0     0     0     0     0     0     0
3926    0     0     0     0     0     0     0
3930    0     0     0     0     0     0     0
3934    0     0     0     0     0     0     0
3938    0     0     0     0     0     0     0
3942    0     0     0     0     0     0     0
3946    0     0     0     0     0     0     0
3950    0     0     0     0     0     0     0
3954    0     0     0     0     0     0     0
3958    0     0     0     0     0     0     0
3962    0     0     0     0     0     0     0
3966    0     0     0     0     0     0     0
3970    0     0     0     0     0     0     0
3974    0     0     0     0     0     0     0
3978    0     0     0     0     0     0     0
3982    0     0     0     0     0     0     0
3986    0     0     0     0     0     0     0
3990    0     0     0     0     0     0     0
3994    0     0     0     0     0     0     0
3998    0     0     0     0     0     0     0
