2    0     0     0     0     0     0     0
6    0     0     0     0     0     0     0
10    0     0     0     0     0     0     0
14    0     0     0     0     0     0     0
18    0     0     0     0     0     0     0
22    0     0     0     0     0     0     0
26    3.02152e-05     5.8559e-09     5.8559e-09     5.8559e-09     5.8559e-09     5.8559e-09     5.8559e-09
30    3.30928e-05     5.23243e-09     5.23243e-09     5.23243e-09     5.23243e-09     5.23243e-09     5.23243e-09
34    3.52511e-05     4.70269e-09     4.70269e-09     4.70269e-09     4.70269e-09     4.70269e-09     4.70269e-09
38    5.03587e-05     5.78563e-09     5.78563e-09     5.78563e-09     5.78563e-09     5.78563e-09     5.78563e-09
42    6.04304e-05     6.01155e-09     6.01155e-09     6.01155e-09     6.01155e-09     6.01155e-09     6.01155e-09
46    5.75528e-05     5.03531e-09     5.03531e-09     5.03531e-09     5.03531e-09     5.03531e-09     5.03531e-09
50    6.25886e-05     4.94239e-09     4.94239e-09     4.94239e-09     4.94239e-09     4.94239e-09     4.94239e-09
54    7.05021e-05     5.07192e-09     5.07192e-09     5.07192e-09     5.07192e-09     5.07192e-09     5.07192e-09
58    9.4962e-05     6.24025e-09     6.24025e-09     6.24025e-09     6.24025e-09     6.24025e-09     6.24025e-09
62    8.63291e-05     5.27373e-09     5.27373e-09     5.27373e-09     5.27373e-09     5.27373e-09     5.27373e-09
66    0.000114386     6.58866e-09     6.58866e-09     6.58866e-09     6.58866e-09     6.58866e-09     6.58866e-09
70    0.00010935     5.97778e-09     5.97778e-09     5.97778e-09     5.97778e-09     5.97778e-09     5.97778e-09
74    0.000116544     6.11499e-09     6.11499e-09     6.11499e-09     6.11499e-09     6.11499e-09     6.11499e-09
78    0.00012158     6.1781e-09     6.1781e-09     6.1781e-09     6.1781e-09     6.1781e-09     6.1781e-09
82    0.000130213     6.45625e-09     6.45625e-09     6.45625e-09     6.45625e-09     6.45625e-09     6.45625e-09
86    0.000144601     7.05973e-09     7.05973e-09     7.05973e-09     7.05973e-09     7.05973e-09     7.05973e-09
90    0.000151795     7.35154e-09     7.35154e-09     7.35154e-09     7.35154e-09     7.35154e-09     7.35154e-09
94    0.000153234     7.40877e-09     7.40877e-09     7.40877e-09     7.40877e-09     7.40877e-09     7.40877e-09
98    0.000160428     7.78717e-09     7.78717e-09     7.78717e-09     7.78717e-09     7.78717e-09     7.78717e-09
102    0.000179852     8.8019e-09     8.8019e-09     8.8019e-09     8.8019e-09     8.8019e-09     8.8019e-09
106    0.000181291     8.99357e-09     8.99357e-09     8.99357e-09     8.99357e-09     8.99357e-09     8.99357e-09
110    0.000167622     8.51031e-09     8.51031e-09     8.51031e-09     8.51031e-09     8.51031e-09     8.51031e-09
114    0.000183449     9.65338e-09     9.65338e-09     9.65338e-09     9.65338e-09     9.65338e-09     9.65338e-09
118    0.000184169     1.01947e-08     1.01947e-08     1.01947e-08     1.01947e-08     1.01947e-08     1.01947e-08
122    0.000189924     1.12796e-08     1.12796e-08     1.12796e-08     1.12796e-08     1.12796e-08     1.12796e-08
126    0.000203593     1.33832e-08     1.33832e-08     1.33832e-08     1.33832e-08     1.33832e-08     1.33832e-08
130    0.000213665     1.58454e-08     1.58454e-08     1.58454e-08     1.58454e-08     1.58454e-08     1.58454e-08
134    0.0002187     1.89295e-08     1.89295e-08     1.89295e-08     1.89295e-08     1.89295e-08     1.89295e-08
138    0.000233089     2.41215e-08     2.41215e-08     2.41215e-08     2.41215e-08     2.41215e-08     2.41215e-08
142    0.000247477     3.18245e-08     3.18245e-08     3.18245e-08     3.18245e-08     3.18245e-08     3.18245e-08
146    0.000248916     4.12098e-08     4.12098e-08     4.12098e-08     4.12098e-08     4.12098e-08     4.12098e-08
150    0.000257549     5.90078e-08     5.90078e-08     5.90078e-08     5.90078e-08     5.90078e-08     5.90078e-08
154    0.000244599     8.51629e-08     8.51629e-08     8.51629e-08     8.51629e-08     8.51629e-08     8.51629e-08
158    0.000286325     1.86249e-07     1.86249e-07     1.86249e-07     1.86249e-07     1.86249e-07     1.86249e-07
162    0.000266901     4.56968e-07     4.56968e-07     4.56968e-07     4.56968e-07     4.56968e-07     4.56968e-07
166    0.000288483     9.38428e-07     9.38428e-07     9.38428e-07     9.38428e-07     9.38428e-07     9.38428e-07
170    0.000264023     1.16583e-06     1.16583e-06     1.16583e-06     1.16583e-06     1.16583e-06     1.16583e-06
174    0.00027985     1.50743e-06     1.50743e-06     1.50743e-06     1.50743e-06     1.50743e-06     1.50743e-06
178    0.000289922     1.84119e-06     1.84119e-06     1.84119e-06     1.84119e-06     1.84119e-06     1.84119e-06
182    0.000302871     2.31849e-06     2.31849e-06     2.31849e-06     2.31849e-06     2.31849e-06     2.31849e-06
186    0.000320137     2.95903e-06     2.95903e-06     2.95903e-06     2.95903e-06     2.95903e-06     2.95903e-06
190    0.000294238     3.17012e-06     3.17012e-06     3.17012e-06     3.17012e-06     3.17012e-06     3.17012e-06
194    0.00031654     3.8432e-06     3.8432e-06     3.8432e-06     3.8432e-06     3.8432e-06     3.8432e-06
198    0.000306468     4.12403e-06     4.12403e-06     4.12403e-06     4.12403e-06     4.12403e-06     4.12403e-06
202    0.000305749     4.489e-06     4.489e-06     4.489e-06     4.489e-06     4.489e-06     4.489e-06
206    0.000330928     5.27446e-06     5.27446e-06     5.27446e-06     5.27446e-06     5.27446e-06     5.27446e-06
210    0.000341719     5.8995e-06     5.8995e-06     5.8995e-06     0.000121412     0.000169409     8.79959e-05
214    0.000331648     6.1672e-06     6.1672e-06     6.1672e-06     0.000239303     0.000336238     0.000171807
218    0.000345317     6.88128e-06     6.88128e-06     6.88128e-06     0.000263296     0.000370088     0.000188907
222    0.000353949     7.52451e-06     7.52451e-06     7.52451e-06     0.000266759     0.000374907     0.000191416
226    0.000334525     7.55109e-06     7.55109e-06     7.55109e-06     0.000257877     0.000362459     0.000185054
230    0.000344597     8.26619e-06     8.26619e-06     8.26619e-06     0.000252171     0.000354138     0.000181113
234    0.000338122     8.59695e-06     8.59695e-06     8.59695e-06     0.000242369     0.000340134     0.000174181
238    0.000375532     1.01187e-05     1.01187e-05     1.01187e-05     0.000230369     0.000322527     0.000166111
242    0.000369057     1.04823e-05     1.04823e-05     1.04823e-05     0.000228161     0.000319329     0.000164504
246    0.000382006     1.14593e-05     1.14593e-05     1.14593e-05     0.000244687     0.000342515     0.000176384
250    0.000391359     1.23405e-05     1.23405e-05     1.23405e-05     0.000231019     0.00032272     0.000166975
254    0.000382726     1.26935e-05     1.26935e-05     1.26935e-05     0.00021716     0.000302765     0.000157324
258    0.000407186     1.41889e-05     1.41889e-05     1.41889e-05     0.000221881     0.000308621     0.000161164
262    0.00047553     1.73621e-05     1.73621e-05     1.73621e-05     0.000226722     0.000313955     0.000165583
266    0.000434523     1.66147e-05     1.66147e-05     1.66147e-05     0.000211018     0.000292045     0.00015418
270    0.000392078     1.56823e-05     1.56823e-05     1.56823e-05     0.000197721     0.000273715     0.000144412
274    0.000431646     1.80546e-05     1.80546e-05     1.80546e-05     0.000203834     0.000281555     0.000149321
278    0.00040143     1.75354e-05     1.75354e-05     1.75354e-05     0.000219255     0.000303797     0.000159936
282    0.000423732     1.93075e-05     1.93075e-05     1.93075e-05     0.000193228     0.000266061     0.000142107
286    0.000482004     2.29094e-05     2.29094e-05     2.29094e-05     0.000192485     0.000263396     0.000142673
290    0.00045035     2.22502e-05     2.22502e-05     2.22502e-05     0.000195821     0.00026843     0.000144812
294    0.000430207     2.21201e-05     2.21201e-05     2.21201e-05     0.000203207     0.000279068     0.000149911
298    0.000468336     2.49945e-05     2.49945e-05     2.49945e-05     0.000190862     0.000260509     0.000141912
302    0.000417257     2.31335e-05     2.31335e-05     2.31335e-05     0.000177408     0.000242223     0.000131831
306    0.000428049     2.46264e-05     2.46264e-05     2.46264e-05     0.000191198     0.000261144     0.00014201
310    0.000458983     2.73874e-05     2.73874e-05     2.73874e-05     0.000195543     0.000266074     0.000145903
314    0.000489198     3.02606e-05     3.02606e-05     3.02606e-05     0.000201804     0.000273671     0.00015117
318    0.000490637     3.14276e-05     3.14276e-05     3.14276e-05     0.000198675     0.000268699     0.000149299
322    0.000500709     3.31557e-05     3.31557e-05     3.31557e-05     0.000187072     0.00025144     0.000141648
326    0.000472652     3.23422e-05     3.23422e-05     3.23422e-05     0.00019171     0.000258265     0.000144704
330    0.000510061     3.60342e-05     3.60342e-05     3.60342e-05     0.000184467     0.000246286     0.000140759
334    0.000515097     3.75102e-05     3.75102e-05     3.75102e-05     0.000192925     0.000257361     0.000147286
338    0.000531644     3.99699e-05     3.99699e-05     3.99699e-05     0.000188916     0.000250284     0.000145335
342    0.000489918     3.79734e-05     3.79734e-05     3.79734e-05     0.000188429     0.000249704     0.000144728
346    0.000502148     4.02548e-05     4.02548e-05     4.02548e-05     0.000189552     0.000249459     0.000146624
350    0.000531644     4.4292e-05     4.4292e-05     4.4292e-05     0.000202105     0.000265105     0.000156883
354    0.000538118     4.69193e-05     4.69193e-05     4.69193e-05     0.000213524     0.000280154     0.000165712
358    0.000541715     4.95239e-05     4.95239e-05     4.95239e-05     0.000218091     0.0002859     0.000169498
362    0.000530924     5.08107e-05     5.08107e-05     5.08107e-05     0.000223822     0.00029406     0.000173595
366    0.000510781     5.10405e-05     5.10405e-05     5.10405e-05     0.000223762     0.000294186     0.000173446
370    0.00056042     5.84394e-05     5.84394e-05     5.84394e-05     0.00024331     0.00031899     0.000189267
374    0.000541715     5.90119e-05     5.90119e-05     5.90119e-05     0.00024965     0.000328031     0.00019372
378    0.000553226     6.28074e-05     6.28074e-05     6.28074e-05     0.000230958     0.000300481     0.000181424
382    0.000575528     6.80267e-05     6.80267e-05     6.80267e-05     0.000256625     0.000335174     0.000200745
386    0.000566895     6.96328e-05     6.96328e-05     6.96328e-05     0.000260929     0.000340986     0.000204038
390    0.000588477     7.48607e-05     7.48607e-05     7.48607e-05     0.000270339     0.000352519     0.000211999
394    0.000587038     7.73814e-05     7.73814e-05     7.73814e-05     0.000280719     0.000366538     0.000219854
398    0.00059639     8.12894e-05     8.12894e-05     8.12894e-05     0.000269311     0.000348971     0.000212869
402    0.000600707     8.46048e-05     8.46048e-05     8.46048e-05     0.000277798     0.000360089     0.000219552
406    0.000598549     8.70126e-05     8.70126e-05     8.70126e-05     0.000289353     0.000375901     0.000228158
410    0.000639555     9.59717e-05     9.59717e-05     9.59717e-05     0.000297899     0.000384611     0.00023664
414    0.000643152     9.94476e-05     9.94476e-05     9.94476e-05     0.000291097     0.000373682     0.00023279
418    0.000606462     9.65447e-05     9.65447e-05     9.65447e-05     0.000290194     0.000373909     0.000231114
422    0.00067049     0.000109681     0.000109681     0.000109681     0.000307663     0.000393718     0.000247016
426    0.000654663     0.000110098     0.000110098     0.000110098     0.000307362     0.000393455     0.000246742
430    0.000664015     0.000114682     0.000114682     0.000114682     0.000306735     0.000390833     0.00024756
434    0.000704302     0.000124873     0.000124873     0.000124873     0.000334949     0.00042719     0.000270081
438    0.000671209     0.00012205     0.00012205     0.00012205     0.0003287     0.000419642     0.000264774
442    0.000656821     0.000122478     0.000122478     0.000122478     0.000313336     0.000397775     0.00025406
446    0.000685597     0.000130885     0.000130885     0.000130885     0.000338128     0.000430302     0.000273505
450    0.000697827     0.000136397     0.000136397     0.000136397     0.000331628     0.000418853     0.000270542
454    0.000686317     0.000137269     0.000137269     0.000137269     0.000341095     0.000432458     0.000277159
458    0.000691352     0.000141276     0.000141276     0.000141276     0.000361101     0.000459839     0.000292029
462    0.00073092     0.000152673     0.000152673     0.000152673     0.00035267     0.000442559     0.000289778
466    0.00073092     0.000155999     0.000155999     0.000155999     0.000362344     0.00045505     0.000297449
470    0.000735236     0.00016026     0.00016026     0.00016026     0.000371027     0.000465733     0.000304712
474    0.000736675     0.000163884     0.000163884     0.000163884     0.000373199     0.000467334     0.000307284
478    0.000776962     0.000176343     0.000176343     0.000176343     0.000375499     0.000465225     0.000312689
482    0.00077984     0.000180548     0.000180548     0.000180548     0.000392371     0.000488233     0.000325334
486    0.000782717     0.000184804     0.000184804     0.000184804     0.000412376     0.000515769     0.000340151
490    0.000780559     0.00018793     0.00018793     0.00018793     0.000394613     0.000488783     0.000328874
494    0.000790631     0.000193945     0.000193945     0.000193945     0.000403742     0.000499524     0.0003369
498    0.000802141     0.00020041     0.00020041     0.00020041     0.000432839     0.000539074     0.000358708
502    0.000813652     0.000206953     0.000206953     0.000206953     0.000421384     0.000519634     0.000352874
506    0.000771207     0.00019971     0.00019971     0.00019971     0.00042846     0.000533566     0.000355201
510    0.000812213     0.000214137     0.000214137     0.000214137     0.000424864     0.000522015     0.000357202
514    0.000837393     0.000224743     0.000224743     0.000224743     0.000451469     0.000556356     0.000378481
518    0.000869047     0.000237336     0.000237336     0.000237336     0.000474634     0.000584806     0.000398032
522    0.000900701     0.000250221     0.000250221     0.000250221     0.000450799     0.000544305     0.000385857
526    0.000861852     0.00024345     0.00024345     0.00024345     0.000464779     0.000568129     0.000393007
530    0.000887032     0.000254699     0.000254699     0.000254699     0.000472973     0.000574998     0.000402131
534    0.000874082     0.000255042     0.000255042     0.000255042     0.000495704     0.00060826     0.000417551
538    0.000948901     0.000281173     0.000281173     0.000281173     0.000493276     0.000592496     0.000424369
542    0.000892068     0.000268621     0.000268621     0.000268621     0.000495205     0.000601265     0.000421533
546    0.000958253     0.000293151     0.000293151     0.000293151     0.000512883     0.00061585     0.000441366
550    0.000948182     0.000294794     0.000294794     0.000294794     0.000508469     0.000608745     0.000438833
554    0.000944585     0.000298523     0.000298523     0.000298523     0.000558829     0.000681205     0.000473876
558    0.00100573     0.000322878     0.000322878     0.000322878     0.000554286     0.000663346     0.000478636
562    0.00101509     0.000330519     0.000330519     0.000330519     0.000573883     0.000688988     0.000494115
566    0.000992066     0.000327317     0.000327317     0.000327317     0.000562137     0.000673479     0.000485008
570    0.00102228     0.000342004     0.000342004     0.000342004     0.00057265     0.000682218     0.000496776
574    0.00106185     0.000360705     0.000360705     0.000360705     0.000589233     0.000697961     0.000513965
578    0.00103091     0.000355696     0.000355696     0.000355696     0.000597868     0.000713232     0.000518021
582    0.00107336     0.000375865     0.000375865     0.000375865     0.000606103     0.000715994     0.000530076
586    0.00103955     0.000369166     0.000369166     0.000369166     0.00060114     0.000712049     0.00052442
590    0.00110214     0.000397423     0.000397423     0.000397423     0.000640285     0.000756614     0.000559842
594    0.0010676     0.000391537     0.000391537     0.000391537     0.000663272     0.000793699     0.000573117
598    0.00113595     0.000423956     0.000423956     0.000423956     0.000677359     0.000799255     0.000593138
602    0.0011676     0.00044238     0.00044238     0.00044238     0.000737017     0.000879247     0.000638858
606    0.00115897     0.000444865     0.000444865     0.000444865     0.000710387     0.000838886     0.000621749
610    0.00116257     0.000452191     0.000452191     0.000452191     0.000710604     0.00083594     0.000624191
614    0.00120933     0.000477428     0.000477428     0.000477428     0.00074284     0.000871781     0.000653971
618    0.00124674     0.00050019     0.00050019     0.00050019     0.000781961     0.000919025     0.000687513
622    0.00124602     0.000508004     0.000508004     0.000508004     0.000762401     0.000886381     0.000677005
626    0.00123882     0.000512985     0.000512985     0.000512985     0.00080293     0.000944464     0.000705469
630    0.00130285     0.000547481     0.000547481     0.000547481     0.000868102     0.00102491     0.000760178
634    0.00127983     0.000545666     0.000545666     0.000545666     0.000843451     0.000989369     0.000743068
638    0.00130357     0.000564232     0.000564232     0.000564232     0.000866428     0.00101477     0.000764402
642    0.00130285     0.000573026     0.000573026     0.000573026     0.000868971     0.00101469     0.000768834
646    0.00134386     0.000601444     0.000601444     0.000601444     0.000886426     0.00102703     0.000789845
650    0.00136976     0.000623928     0.000623928     0.000623928     0.000916853     0.00106164     0.000817439
654    0.00136328     0.000631851     0.000631851     0.000631851     0.000951392     0.00110955     0.000842822
658    0.0014417     0.000679558     0.000679558     0.000679558     0.000995454     0.00115197     0.000888029
662    0.00139206     0.000667387     0.000667387     0.000667387     0.000970044     0.00112039     0.000866923
666    0.00141436     0.00068973     0.00068973     0.00068973     0.00101308     0.00117413     0.000902697
670    0.00156543     0.000776726     0.000776726     0.000776726     0.00116807     0.00136342     0.00103426
674    0.00148774     0.000750867     0.000750867     0.000750867     0.00108447     0.0012513     0.000970225
678    0.00151508     0.000778073     0.000778073     0.000778073     0.00110227     0.00126462     0.000991134
682    0.00140069     0.000731683     0.000731683     0.000731683     0.00104897     0.00120813     0.000940067
686    0.00152659     0.000811557     0.000811557     0.000811557     0.00114514     0.0013127     0.0010305
690    0.00163306     0.000884357     0.000884357     0.000884357     0.00121405     0.00138002     0.00110056
694    0.0015791     0.000872324     0.000872324     0.000872324     0.00124985     0.0014404     0.00111966
698    0.00167047     0.000941571     0.000941571     0.000941571     0.00130655     0.00149126     0.00118043
702    0.00155105     0.000892447     0.000892447     0.000892447     0.00128746     0.00148802     0.00115064
706    0.00159781     0.000938462     0.000938462     0.000938462     0.00130151     0.00148617     0.00117559
710    0.00169277     0.00101613     0.00101613     0.00101613     0.00139765     0.00159203     0.00126515
714    0.00167479     0.00102907     0.00102907     0.00102907     0.00137462     0.00155096     0.00125446
718    0.00166399     0.00104692     0.00104692     0.00104692     0.00142707     0.00162139     0.00129471
722    0.00174673     0.00112489     0.00112489     0.00112489     0.00151025     0.00170785     0.00137578
726    0.00175176     0.00115391     0.00115391     0.00115391     0.00153503     0.00173094     0.00140178
730    0.00172011     0.00115911     0.00115911     0.00115911     0.00153433     0.00172767     0.00140293
734    0.00170428     0.00117683     0.00117683     0.00117683     0.00155077     0.00174384     0.00141963
738    0.00183377     0.0012995     0.0012995     0.0012995     0.00168406     0.00188294     0.00154904
742    0.00178917     0.00130324     0.00130324     0.00130324     0.00169258     0.00189454     0.00155559
746    0.00181147     0.00135719     0.00135719     0.00135719     0.00173804     0.00193614     0.00160376
750    0.00183306     0.00141333     0.00141333     0.00141333     0.00185741     0.00208895     0.00170056
754    0.00179277     0.00142071     0.00142071     0.00142071     0.00179963     0.00199759     0.00166561
758    0.00183953     0.00149861     0.00149861     0.00149861     0.0019358     0.00216457     0.00178097
762    0.00175464     0.00147082     0.00147082     0.00147082     0.00186684     0.00207458     0.00172632
766    0.00183018     0.0015806     0.0015806     0.0015806     0.00199252     0.00220912     0.00184611
770    0.00176687     0.00157506     0.00157506     0.00157506     0.00198679     0.00220382     0.00184019
774    0.00186183     0.00171397     0.00171397     0.00171397     0.00212427     0.00234106     0.00197794
778    0.00174888     0.00166459     0.00166459     0.00166459     0.00205971     0.00226894     0.00191857
782    0.00175896     0.00172816     0.00172816     0.00172816     0.00211711     0.00232379     0.00197786
786    0.0017827     0.0018088     0.0018088     0.0018088     0.00218731     0.00238901     0.00205152
790    0.00176831     0.00185336     0.00185336     0.00185336     0.00222573     0.00242466     0.0020919
794    0.0017273     0.00187051     0.00187051     0.00187051     0.00225452     0.00246015     0.00211628
798    0.00174241     0.00195272     0.00195272     0.00195272     0.00233191     0.00253538     0.0021952
802    0.00165608     0.00192139     0.00192139     0.00192139     0.00225448     0.0024337     0.00213414
806    0.00166543     0.00200019     0.00200019     0.00200019     0.00235368     0.00254433     0.00222577
810    0.00159637     0.00198564     0.00198564     0.00198564     0.00230911     0.00248405     0.00219184
814    0.00162227     0.00208911     0.00208911     0.00208911     0.00240263     0.00257265     0.00228876
818    0.0015827     0.00210825     0.00210825     0.00210825     0.00239861     0.00255647     0.00229297
822    0.00152803     0.00210637     0.00210637     0.00210637     0.00238708     0.00253989     0.00228484
826    0.00152371     0.00217101     0.00217101     0.00217101     0.00244716     0.00259764     0.0023465
830    0.00146903     0.00216313     0.00216313     0.00216313     0.00241589     0.00255401     0.00232357
834    0.00150932     0.00229656     0.00229656     0.00229656     0.00253357     0.00266371     0.00244673
838    0.00150357     0.00236322     0.00236322     0.00236322     0.00259026     0.0027157     0.00250674
842    0.0014086     0.00228529     0.00228529     0.00228529     0.00247736     0.00258385     0.00240654
846    0.00143162     0.00239319     0.00239319     0.00239319     0.00257331     0.00267313     0.0025069
850    0.00137479     0.00236933     0.00236933     0.00236933     0.0025312     0.00262097     0.00247148
854    0.00129853     0.00230473     0.00230473     0.00230473     0.00244002     0.00239002     0.00251522
858    0.00132156     0.00241498     0.00241498     0.00241498     0.00253871     0.00249284     0.00260783
862    0.00125465     0.00235584     0.00235584     0.00235584     0.00244682     0.00241296     0.00249793
866    0.00119134     0.00229674     0.00229674     0.00229674     0.00236413     0.002339     0.00240209
870    0.00119638     0.00236507     0.00236507     0.00236507     0.0024132     0.00239522     0.00244039
874    0.00115321     0.00233463     0.00233463     0.00233463     0.00236284     0.00235229     0.00237881
878    0.00114386     0.00236816     0.00236816     0.00236816     0.00237658     0.00237342     0.00238136
882    0.00107983     0.00228462     0.00228462     0.00228462     0.00226779     0.00225821     0.00227411
886    0.00109422     0.00236307     0.00236307     0.00236307     0.00232674     0.00230599     0.00234041
890    0.00103451     0.00228032     0.00228032     0.00228032     0.00222596     0.0021948     0.00224646
894    0.00102228     0.00229706     0.00229706     0.00229706     0.00222347     0.0021811     0.0022513
898    0.000989188     0.00226289     0.00226289     0.00226289     0.00217329     0.00212144     0.00220729
902    0.000923002     0.00214801     0.00214801     0.00214801     0.00204016     0.00197751     0.00208119
906    0.000935952     0.00221291     0.00221291     0.00221291     0.0020856     0.00201159     0.00213406
910    0.000876241     0.00210225     0.00210225     0.00210225     0.00196809     0.00188998     0.00201921
914    0.000874082     0.00212709     0.00212709     0.00212709     0.00197     0.0018783     0.00202997
918    0.000844587     0.00208322     0.00208322     0.00208322     0.00191471     0.00181596     0.00197921
922    0.000782717     0.00195472     0.00195472     0.00195472     0.00177761     0.00167323     0.00184563
926    0.00077912     0.00196789     0.00196789     0.00196789     0.00177728     0.00166456     0.00185065
930    0.00074315     0.00189717     0.00189717     0.00189717     0.00169431     0.00157399     0.00177254
934    0.000735236     0.00189668     0.00189668     0.00189668     0.00167517     0.0015434     0.00176076
938    0.000699985     0.00182308     0.00182308     0.00182308     0.0015984     0.0014644     0.00168537
942    0.000702144     0.00184506     0.00184506     0.00184506     0.0016096     0.00146879     0.00170091
946    0.000648907     0.00171882     0.00171882     0.00171882     0.00148776     0.00134927     0.00157748
950    0.000630203     0.00168224     0.00168224     0.00168224     0.00144584     0.00130374     0.00153782
954    0.000601426     0.0016169     0.0016169     0.0016169     0.00137536     0.00122961     0.00146956
958    0.000587758     0.00159169     0.00159169     0.00159169     0.00134239     0.00119122     0.00143991
962    0.000558981     0.00152429     0.00152429     0.00152429     0.00128333     0.00113632     0.00137794
966    0.000582002     0.00159775     0.00159775     0.00159775     0.00133656     0.00117663     0.00143937
970    0.000490637     0.00135522     0.00135522     0.00135522     0.00111513     0.000967591     0.00120985
974    0.000523011     0.00145278     0.00145278     0.00145278     0.00118433     0.00101875     0.00129048
978    0.000479127     0.00133823     0.00133823     0.00133823     0.00109466     0.00094391     0.00119117
982    0.00047553     0.00133497     0.00133497     0.00133497     0.00107374     0.00091144     0.00117752
986    0.000458264     0.00129322     0.00129322     0.00129322     0.00103317     0.00087114     0.00113666
990    0.000420135     0.00119174     0.00119174     0.00119174     0.000951099     0.000800767     0.00104703
994    0.000454667     0.00129623     0.00129623     0.00129623     0.00101804     0.000843788     0.00112914
998    0.000432365     0.00123872     0.00123872     0.00123872     0.000966721     0.000795828     0.00107554
1002    0.000412941     0.00118893     0.00118893     0.00118893     0.000904819     0.000725588     0.00101878
1006    0.000399272     0.00115518     0.00115518     0.00115518     0.000884909     0.000713857     0.000993532
1010    0.000383445     0.00111487     0.00111487     0.00111487     0.000853383     0.000687357     0.000958691
1014    0.000379129     0.0011077     0.0011077     0.0011077     0.000840794     0.00067078     0.000948505
1018    0.000332367     0.000975712     0.000975712     0.000975712     0.000735593     0.000582131     0.000832691
1022    0.000351072     0.00103561     0.00103561     0.00103561     0.00077853     0.000613486     0.000882777
1026    0.000326612     0.00096827     0.00096827     0.00096827     0.000716975     0.000555098     0.000819092
1030    0.000322295     0.000959972     0.000959972     0.000959972     0.000708838     0.000546494     0.000811109
1034    0.000305749     0.000915283     0.000915283     0.000915283     0.000677233     0.00052277     0.000774394
1038    0.000286325     0.000861204     0.000861204     0.000861204     0.000628987     0.000477781     0.000723969
1042    0.000291361     0.000880838     0.000880838     0.000880838     0.000635052     0.000474224     0.000735883
1046    0.000261865     0.00079551     0.00079551     0.00079551     0.00056342     0.000411017     0.000658841
1050    0.000283447     0.000865473     0.000865473     0.000865473     0.000613551     0.000447446     0.000717385
1054    0.000249635     0.000765953     0.000765953     0.000765953     0.00054802     0.000403822     0.000638034
1058    0.000270498     0.000834334     0.000834334     0.000834334     0.000585604     0.000420391     0.000688579
1062    0.000246757     0.000764999     0.000764999     0.000764999     0.000536793     0.000384428     0.000631568
1066    0.00021942     0.000683801     0.000683801     0.000683801     0.000477183     0.000338671     0.000563202
1070    0.000229492     0.00071891     0.00071891     0.00071891     0.000499118     0.000351203     0.000590833
1074    0.000233808     0.000736283     0.000736283     0.000736283     0.000510617     0.000358137     0.000605007
1078    0.0002187     0.000692385     0.000692385     0.000692385     0.000481252     0.000338025     0.000569768
1082    0.000210068     0.00066876     0.00066876     0.00066876     0.000449854     0.000300556     0.000541925
1086    0.000205032     0.000656263     0.000656263     0.000656263     0.000438297     0.000288994     0.000530211
1090    0.000198557     0.00063896     0.00063896     0.00063896     0.000438291     0.00030031     0.000523104
1094    0.000190643     0.000616857     0.000616857     0.000616857     0.000410057     0.00026725     0.00049768
1098    0.000198557     0.000645917     0.000645917     0.000645917     0.000426572     0.000274475     0.000519726
1102    0.000184888     0.000604938     0.000604938     0.000604938     0.000394314     0.000247443     0.000484056
1106    0.000163306     0.000537358     0.000537358     0.000537358     0.000361454     0.000238308     0.000436585
1110    0.000155392     0.000514309     0.000514309     0.000514309     0.000333485     0.000206312     0.000410926
1114    0.000151795     0.00050517     0.00050517     0.00050517     0.000336766     0.000217838     0.00040906
1118    0.000163306     0.000546572     0.000546572     0.000546572     0.00034714     0.00020571     0.000432955
1122    0.000151076     0.000508686     0.000508686     0.000508686     0.000330092     0.000202732     0.000407195
1126    0.00013453     0.000455522     0.000455522     0.000455522     0.000286219     0.000164982     0.000359483
1130    0.000141004     0.000480238     0.000480238     0.000480238     0.000301042     0.000172156     0.000378788
1134    0.000138127     0.000473231     0.000473231     0.000473231     0.000304356     0.000182354     0.000377815
1138    0.00014676     0.000505808     0.000505808     0.000505808     0.000319018     0.000183497     0.000400467
1142    0.000132371     0.000458962     0.000458962     0.000458962     0.000290574     0.0001677     0.00036424
1146    0.00014604     0.000509352     0.000509352     0.000509352     0.000308488     0.00016129     0.000396571
1150    0.000120141     0.000421581     0.000421581     0.000421581     0.000255548     0.000133324     0.000328542
1154    0.000131652     0.000464706     0.000464706     0.000464706     0.000301678     0.00018117     0.000373519
1158    0.00013381     0.000475271     0.000475271     0.000475271     0.000305187     0.000178887     0.000380337
1162    0.000117983     0.000421684     0.000421684     0.000421684     0.000261702     0.000142208     0.000332622
1166    0.000107192     0.000385419     0.000385419     0.000385419     0.000225866     0.000106162     0.000296774
1170    9.92785e-05     0.000359108     0.000359108     0.000359108     0.000215819     0.000107845     0.000279657
1174    9.4962e-05     0.000345737     0.000345737     0.000345737     0.000213165     0.000112832     0.000272374
1178    0.000107192     0.000392595     0.000392595     0.000392595     0.000243657     0.000130452     0.000310336
1182    0.000100717     0.00037111     0.00037111     0.00037111     0.000220711     0.000105729     0.000288264
1186    0.000102876     0.000381598     0.000381598     0.000381598     0.000227358     0.00010894     0.000296795
1190    9.35232e-05     0.00034895     0.00034895     0.00034895     0.000206916     9.74022e-05     0.000271011
1194    0.000105034     0.000394359     0.000394359     0.000394359     0.000239878     0.000120242     0.000309764
1198    0.000106473     0.000402329     0.000402329     0.000402329     0.000233201     0.000101614     0.000309909
1202    8.63291e-05     0.000328294     0.000328294     0.000328294     0.000199743     9.91379e-05     0.000258235
1206    7.76962e-05     0.00029726     0.00029726     0.00029726     0.000168776     6.77354e-05     0.000227396
1210    8.48903e-05     0.000326882     0.000326882     0.000326882     0.000197705     9.56958e-05     0.000256775
1214    8.20127e-05     0.000317854     0.000317854     0.000317854     0.000174388     6.0615e-05     0.000240143
1218    7.98544e-05     0.000311401     0.000311401     0.000311401     0.000179135     7.38045e-05     0.000239898
1222    7.69768e-05     0.000302126     0.000302126     0.000302126     0.000180365     8.28279e-05     0.00023648
1226    6.90633e-05     0.000272746     0.000272746     0.000272746     0.000159041     6.75625e-05     0.000211569
1230    7.33798e-05     0.000291522     0.000291522     0.000291522     0.000170062     7.19452e-05     0.000226297
1234    7.19409e-05     0.000287803     0.000287803     0.000287803     0.00015956     5.54295e-05     0.0002191
1238    6.18692e-05     0.000249047     0.000249047     0.000249047     0.000147763     6.51913e-05     0.000194887
1242    7.12215e-05     0.00028851     0.00028851     0.00028851     0.000161299     5.6996e-05     0.000220675
1246    7.40992e-05     0.000302031     0.000302031     0.000302031     0.00017545     7.11811e-05     0.000234677
1250    7.33798e-05     0.000300939     0.000300939     0.000300939     0.000167908     5.78873e-05     0.000230288
1254    5.10781e-05     0.000210939     0.000210939     0.000210939     0.000107546     2.16292e-05     0.000156154
1258    5.03587e-05     0.000209176     0.000209176     0.000209176     0.000111281     2.95843e-05     0.000157407
1262    6.25886e-05     0.00026168     0.00026168     0.00026168     0.000149885     5.60354e-05     0.000202726
1266    5.82722e-05     0.000245199     0.000245199     0.000245199     0.000139609     5.05642e-05     0.000189642
1270    5.03587e-05     0.000213237     0.000213237     0.000213237     0.000116095     3.38025e-05     0.000162236
1274    5.53945e-05     0.000235988     0.000235988     0.000235988     0.000125425     3.13651e-05     0.000178059
1278    5.53945e-05     0.000237515     0.000237515     0.000237515     0.000129993     3.81216e-05     0.000181297
1282    4.7481e-05     0.000204881     0.000204881     0.000204881     0.000110184     2.87882e-05     0.000155508
1286    4.96392e-05     0.000215655     0.000215655     0.000215655     0.000116076     3.00674e-05     0.000163861
1290    5.9711e-05     0.000260992     0.000260992     0.000260992     0.00014262     3.99034e-05     0.000199566
1294    4.7481e-05     0.000208721     0.000208721     0.000208721     0.000115427     3.42054e-05     0.000160388
1298    4.24452e-05     0.000187851     0.000187851     0.000187851     9.86506e-05     2.06072e-05     0.000141748
1302    5.61139e-05     0.000249863     0.000249863     0.000249863     0.000136081     3.5933e-05     0.000191225
1306    4.24452e-05     0.000190194     0.000190194     0.000190194     9.41392e-05     9.17627e-06     0.00014081
1310    5.46751e-05     0.000246465     0.000246465     0.000246465     0.000134891     3.58637e-05     0.0001892
1314    3.95675e-05     0.000179539     0.000179539     0.000179539     9.66079e-05     2.2619e-05     0.000137084
1318    3.81287e-05     0.000174219     0.000174219     0.000174219     9.30935e-05     2.03847e-05     0.00013278
1322    3.88481e-05     0.000178463     0.000178463     0.000178463     0.000102237     3.35062e-05     0.000139643
1326    2.94958e-05     0.000136347     0.000136347     0.000136347     7.08285e-05     1.14858e-05     0.000103055
1330    4.53228e-05     0.000210864     0.000210864     0.000210864     0.000117678     3.28434e-05     0.000163633
1334    4.24452e-05     0.000198618     0.000198618     0.000198618     0.000110368     2.97569e-05     0.000153963
1338    3.88481e-05     0.000182902     0.000182902     0.000182902     0.000101218     2.62133e-05     0.000141676
1342    4.10063e-05     0.000194246     0.000194246     0.000194246     0.000107329     2.70376e-05     0.000150514
1346    3.30928e-05     0.000157793     0.000157793     0.000157793     9.04333e-05     2.79104e-05     0.000123982
1350    3.30928e-05     0.000158825     0.000158825     0.000158825     8.38749e-05     1.39611e-05     0.000121298
1354    3.74093e-05     0.000180508     0.000180508     0.000180508     0.000103022     3.04756e-05     0.000141782
1358    4.17257e-05     0.000202657     0.000202657     0.000202657     0.000107048     1.70926e-05     0.000154991
1362    3.02152e-05     0.000147762     0.000147762     0.000147762     6.84981e-05     -6.53487e-06     0.000108368
1366    2.87764e-05     0.00014143     0.00014143     0.00014143     7.60723e-05     1.3952e-05     0.000109013
1370    2.87764e-05     0.000142436     0.000142436     0.000142436     7.65559e-05     1.35673e-05     0.000109859
1374    2.66181e-05     0.000132445     0.000132445     0.000132445     7.49856e-05     1.98597e-05     0.000104082
1378    3.30928e-05     0.000165628     0.000165628     0.000165628     9.33566e-05     2.36723e-05     0.000130044
1382    2.94958e-05     0.000148605     0.000148605     0.000148605     6.93887e-05     -7.46373e-06     0.000109724
1386    3.02152e-05     0.00015313     0.00015313     0.00015313     8.61235e-05     2.08216e-05     0.000120319
1390    2.08629e-05     0.000106373     0.000106373     0.000106373     5.96705e-05     1.39365e-05     8.35606e-05
1394    2.51793e-05     0.000129139     0.000129139     0.000129139     6.7978e-05     7.83011e-06     9.93291e-05
1398    2.66181e-05     0.000137362     0.000137362     0.000137362     7.25725e-05     8.54897e-06     0.000105863
1402    2.44599e-05     0.000127016     0.000127016     0.000127016     6.65144e-05     6.35898e-06     9.7696e-05
1406    3.02152e-05     0.000157764     0.000157764     0.000157764     7.79014e-05     -1.91038e-06     0.000119162
1410    2.51793e-05     0.000132257     0.000132257     0.000132257     6.7858e-05     3.2133e-06     0.000101201
1414    1.87046e-05     9.87895e-05     9.87895e-05     9.87895e-05     5.05579e-05     1.96049e-06     7.55761e-05
1418    2.58987e-05     0.000137645     0.000137645     0.000137645     6.75778e-05     -3.40044e-06     0.000104015
1422    2.15823e-05     0.00011535     0.00011535     0.00011535     6.3738e-05     1.11362e-05     9.06587e-05
1426    2.58987e-05     0.000139351     0.000139351     0.000139351     7.10829e-05     1.13886e-06     0.00010678
1430    1.87046e-05     0.000101142     0.000101142     0.000101142     5.14212e-05     3.19961e-07     7.74591e-05
1434    2.37405e-05     0.000129194     0.000129194     0.000129194     6.68135e-05     2.31647e-06     9.95758e-05
1438    2.15823e-05     0.000118081     0.000118081     0.000118081     6.49594e-05     9.80202e-06     9.29155e-05
1442    1.79852e-05     9.89987e-05     9.89987e-05     9.89987e-05     5.44198e-05     7.84545e-06     7.79501e-05
1446    2.15823e-05     0.000119547     0.000119547     0.000119547     6.5504e-05     8.75719e-06     9.4097e-05
1450    2.23017e-05     0.000124188     0.000124188     0.000124188     6.79694e-05     8.67531e-06     9.7776e-05
1454    2.08629e-05     0.000116917     0.000116917     0.000116917     6.3943e-05     7.79475e-06     9.20949e-05
1458    2.30211e-05     0.000129662     0.000129662     0.000129662     6.64387e-05     -8.63321e-07     0.000100106
1462    2.23017e-05     0.000126403     0.000126403     0.000126403     6.44199e-05     -1.97293e-06     9.75211e-05
1466    2.01435e-05     0.000114748     0.000114748     0.000114748     6.24421e-05     6.17544e-06     9.04316e-05
1470    2.01435e-05     0.000115477     0.000115477     0.000115477     5.09413e-05     -1.88401e-05     8.55589e-05
1474    1.94241e-05     0.000111953     0.000111953     0.000111953     6.07991e-05     5.2133e-06     8.83019e-05
1478    1.65464e-05     9.59218e-05     9.59218e-05     9.59218e-05     4.75955e-05     -5.15113e-06     7.36311e-05
1482    1.51076e-05     8.80923e-05     8.80923e-05     8.80923e-05     4.62567e-05     3.07581e-07     6.88611e-05
1486    1.43882e-05     8.43217e-05     8.43217e-05     8.43217e-05     3.82252e-05     -1.26142e-05     6.31803e-05
1490    1.51076e-05     8.90343e-05     8.90343e-05     8.90343e-05     4.81515e-05     2.83217e-06     7.03362e-05
1494    1.51076e-05     8.95882e-05     8.95882e-05     8.95882e-05     4.83394e-05     2.33897e-06     7.07842e-05
1498    1.51076e-05     9.01112e-05     9.01112e-05     9.01112e-05     4.85284e-05     1.98875e-06     7.11919e-05
1502    1.5827e-05     9.48753e-05     9.48753e-05     9.48753e-05     4.66604e-05     -7.64268e-06     7.30141e-05
1506    1.65464e-05     9.96766e-05     9.96766e-05     9.96766e-05     5.36744e-05     1.67926e-06     7.88597e-05
1510    1.07911e-05     6.53784e-05     6.53784e-05     6.53784e-05     2.91773e-05     -1.19809e-05     4.90498e-05
1514    1.223e-05     7.45533e-05     7.45533e-05     7.45533e-05     2.95324e-05     -2.19689e-05     5.43149e-05
1518    1.29494e-05     7.93218e-05     7.93218e-05     7.93218e-05     3.80227e-05     -9.3788e-06     6.07904e-05
1522    1.29494e-05     7.97755e-05     7.97755e-05     7.97755e-05     4.28042e-05     9.97194e-08     6.32438e-05
1526    1.29494e-05     8.02638e-05     8.02638e-05     8.02638e-05     4.29747e-05     -3.40324e-07     6.36422e-05
1530    9.35232e-06     5.82498e-05     5.82498e-05     5.82498e-05     2.66224e-05     -1.02337e-05     4.41771e-05
1534    1.65464e-05     0.000103614     0.000103614     0.000103614     5.52997e-05     -1.3088e-06     8.21819e-05
1538    1.29494e-05     8.15689e-05     8.15689e-05     8.15689e-05     4.20075e-05     -4.5604e-06     6.40654e-05
1542    9.35232e-06     5.91661e-05     5.91661e-05     5.91661e-05     2.69969e-05     -1.11105e-05     4.49834e-05
1546    1.00717e-05     6.40862e-05     6.40862e-05     6.40862e-05     3.10666e-05     -8.24823e-06     4.95703e-05
1550    1.07911e-05     6.90472e-05     6.90472e-05     6.90472e-05     2.91456e-05     -1.85583e-05     5.15463e-05
1554    1.07911e-05     6.93689e-05     6.93689e-05     6.93689e-05     3.23545e-05     -1.20665e-05     5.31692e-05
1558    8.63291e-06     5.58393e-05     5.58393e-05     5.58393e-05     2.20551e-05     -1.87303e-05     4.11031e-05
1562    7.19409e-06     4.67517e-05     4.67517e-05     4.67517e-05     1.87579e-05     -1.52524e-05     3.45847e-05
1566    1.29494e-05     8.46173e-05     8.46173e-05     8.46173e-05     4.02689e-05     -1.38838e-05     6.53976e-05
1570    8.63291e-06     5.67644e-05     5.67644e-05     5.67644e-05     2.5512e-05     -1.28513e-05     4.3261e-05
1574    1.07911e-05     7.12414e-05     7.12414e-05     7.12414e-05     3.77516e-05     -3.50382e-06     5.68003e-05
1578    1.15106e-05     7.64234e-05     7.64234e-05     7.64234e-05     3.58558e-05     -1.43736e-05     5.89802e-05
1582    5.75528e-06     3.84244e-05     3.84244e-05     3.84244e-05     2.0333e-05     -2.20717e-06     3.06738e-05
1586    5.03587e-06     3.37602e-05     3.37602e-05     3.37602e-05     8.68524e-06     -2.26826e-05     2.30424e-05
1590    1.07911e-05     7.27897e-05     7.27897e-05     7.27897e-05     3.8463e-05     -4.7572e-06     5.81718e-05
1594    1.00717e-05     6.82799e-05     6.82799e-05     6.82799e-05     3.60499e-05     -4.70743e-06     5.45891e-05
1598    7.9135e-06     5.39138e-05     5.39138e-05     5.39138e-05     2.84213e-05     -3.94654e-06     4.311e-05
1602    8.63291e-06     5.90976e-05     5.90976e-05     5.90976e-05     2.65777e-05     -1.49723e-05     4.53657e-05
1606    7.19409e-06     4.95026e-05     4.95026e-05     4.95026e-05     2.60996e-05     -3.91413e-06     3.96422e-05
1610    7.19409e-06     4.97719e-05     4.97719e-05     4.97719e-05     2.16604e-05     -1.4614e-05     3.79701e-05
1614    9.35232e-06     6.50348e-05     6.50348e-05     6.50348e-05     2.97103e-05     -1.6049e-05     5.02383e-05
1618    6.47468e-06     4.52251e-05     4.52251e-05     4.52251e-05     1.91991e-05     -1.46836e-05     3.43551e-05
1622    7.9135e-06     5.55421e-05     5.55421e-05     5.55421e-05     2.91762e-05     -5.3672e-06     4.45701e-05
1626    5.75528e-06     4.06297e-05     4.06297e-05     4.06297e-05     2.13546e-05     -4.01644e-06     3.26306e-05
1630    5.03587e-06     3.56836e-05     3.56836e-05     3.56836e-05     1.87587e-05     -3.57332e-06     2.867e-05
1634    9.35232e-06     6.66807e-05     6.66807e-05     6.66807e-05     3.50422e-05     -6.96759e-06     5.36187e-05
1638    3.59705e-06     2.58042e-05     2.58042e-05     2.58042e-05     1.35323e-05     -2.84984e-06     2.07534e-05
1642    2.87764e-06     2.07142e-05     2.07142e-05     2.07142e-05     1.0866e-05     -2.36214e-06     1.66759e-05
1646    6.47468e-06     4.68959e-05     4.68959e-05     4.68959e-05     2.4576e-05     -5.57311e-06     3.77735e-05
1650    7.19409e-06     5.22825e-05     5.22825e-05     5.22825e-05     2.27868e-05     -1.7164e-05     4.02466e-05
1654    6.47468e-06     4.73413e-05     4.73413e-05     4.73413e-05     2.48321e-05     -5.8476e-06     3.81907e-05
1658    7.19409e-06     5.2836e-05     5.2836e-05     5.2836e-05     2.3048e-05     -1.77216e-05     4.07565e-05
1662    2.15823e-06     1.59049e-05     1.59049e-05     1.59049e-05     8.35088e-06     -2.05302e-06     1.2853e-05
1666    5.03587e-06     3.73494e-05     3.73494e-05     3.73494e-05     1.95835e-05     -4.99272e-06     3.01911e-05
1670    5.75528e-06     4.28772e-05     4.28772e-05     4.28772e-05     2.24617e-05     -5.89685e-06     3.46716e-05
1674    7.9135e-06     5.92495e-05     5.92495e-05     5.92495e-05     3.10219e-05     -8.41119e-06     4.7942e-05
1678    6.47468e-06     4.87456e-05     4.87456e-05     4.87456e-05     2.55258e-05     -7.05915e-06     3.94696e-05
1682    5.03587e-06     3.80507e-05     3.80507e-05     3.80507e-05     1.99045e-05     -5.72096e-06     3.08286e-05
1686    5.75528e-06     4.371e-05     4.371e-05     4.371e-05     2.28647e-05     -6.66538e-06     3.54293e-05
1690    7.9135e-06     6.0386e-05     6.0386e-05     6.0386e-05     3.15841e-05     -9.48397e-06     4.89899e-05
1694    6.47468e-06     4.96509e-05     4.96509e-05     4.96509e-05     2.13413e-05     -1.92504e-05     3.84877e-05
1698    3.59705e-06     2.77163e-05     2.77163e-05     2.77163e-05     1.45071e-05     -4.49907e-06     2.25187e-05
1702    5.75528e-06     4.45921e-05     4.45921e-05     4.45921e-05     1.86463e-05     -1.89181e-05     3.44216e-05
1706    3.59705e-06     2.79731e-05     2.79731e-05     2.79731e-05     1.46144e-05     -4.82417e-06     2.27525e-05
1710    2.15823e-06     1.68431e-05     1.68431e-05     1.68431e-05     8.80081e-06     -2.94117e-06     1.37066e-05
1714    5.75528e-06     4.52199e-05     4.52199e-05     4.52199e-05     2.36436e-05     -8.06391e-06     3.68387e-05
1718    7.19409e-06     5.67414e-05     5.67414e-05     5.67414e-05     2.96944e-05     -1.02068e-05     4.62601e-05
1722    6.47468e-06     5.1331e-05     5.1331e-05     5.1331e-05     2.6879e-05     -9.42135e-06     4.18916e-05
1726    5.03587e-06     4.00873e-05     4.00873e-05     4.00873e-05     1.9431e-05     -1.1387e-05     3.21377e-05
1730    5.03587e-06     4.02479e-05     4.02479e-05     4.02479e-05     2.10544e-05     -7.66971e-06     3.28753e-05
1734    7.19409e-06     5.78738e-05     5.78738e-05     5.78738e-05     3.02885e-05     -1.13344e-05     4.73314e-05
1738    2.15823e-06     1.74271e-05     1.74271e-05     1.74271e-05     9.12104e-06     -3.44289e-06     1.42577e-05
1742    2.87764e-06     2.33189e-05     2.33189e-05     2.33189e-05     1.22346e-05     -4.63809e-06     1.91058e-05
1746    2.87764e-06     2.34424e-05     2.34424e-05     2.34424e-05     1.22723e-05     -4.81143e-06     1.9209e-05
1750    6.47468e-06     5.2949e-05     5.2949e-05     5.2949e-05     2.77107e-05     -1.10023e-05     4.34014e-05
1754    2.87764e-06     2.36311e-05     2.36311e-05     2.36311e-05     1.2386e-05     -4.94625e-06     1.93901e-05
1758    2.15823e-06     1.78202e-05     1.78202e-05     1.78202e-05     9.3367e-06     -3.82068e-06     1.4633e-05
1762    3.59705e-06     2.98485e-05     2.98485e-05     2.98485e-05     1.56425e-05     -6.52852e-06     2.45325e-05
1766    2.87764e-06     2.39832e-05     2.39832e-05     2.39832e-05     1.25444e-05     -5.41963e-06     1.97194e-05
1770    5.75528e-06     4.81429e-05     4.81429e-05     4.81429e-05     2.51978e-05     -1.09478e-05     3.96069e-05
1774    6.47468e-06     5.43949e-05     5.43949e-05     5.43949e-05     2.38591e-05     -2.44508e-05     4.30656e-05
1778    2.87764e-06     2.42976e-05     2.42976e-05     2.42976e-05     1.27246e-05     -5.67859e-06     2.00175e-05
1782    4.31646e-06     3.66165e-05     3.66165e-05     3.66165e-05     1.92257e-05     -8.5985e-06     3.02101e-05
1786    2.15823e-06     1.83957e-05     1.83957e-05     1.83957e-05     9.63711e-06     -4.46381e-06     1.51819e-05
1790    2.87764e-06     2.46056e-05     2.46056e-05     2.46056e-05     8.28181e-06     -1.80747e-05     1.86268e-05
1794    2.15823e-06     1.85367e-05     1.85367e-05     1.85367e-05     9.73384e-06     -4.52721e-06     1.53194e-05
1798    2.15823e-06     1.8638e-05     1.8638e-05     1.8638e-05     9.79918e-06     -4.60977e-06     1.54204e-05
1802    3.59705e-06     3.11816e-05     3.11816e-05     3.11816e-05     1.63648e-05     -7.93902e-06     2.58089e-05
1806    4.31646e-06     3.75824e-05     3.75824e-05     3.75824e-05     1.51253e-05     -2.18653e-05     2.94607e-05
1810    4.31646e-06     3.77384e-05     3.77384e-05     3.77384e-05     1.98279e-05     -9.82782e-06     3.12826e-05
1814    2.87764e-06     2.52285e-05     2.52285e-05     2.52285e-05     1.32536e-05     -6.63487e-06     2.09207e-05
1818    2.15823e-06     1.90293e-05     1.90293e-05     1.90293e-05     9.99623e-06     -5.1006e-06     1.57927e-05
1822    4.31646e-06     3.82213e-05     3.82213e-05     3.82213e-05     2.00889e-05     -1.04014e-05     3.17498e-05
1826    5.03587e-06     4.48085e-05     4.48085e-05     4.48085e-05     2.35822e-05     -1.22994e-05     3.72587e-05
1830    4.31646e-06     3.85895e-05     3.85895e-05     3.85895e-05     2.03218e-05     -1.07454e-05     3.21173e-05
1834    7.19409e-07     6.45318e-06     6.45318e-06     6.45318e-06     3.39861e-06     -1.80152e-06     5.37168e-06
1838    2.15823e-06     1.94463e-05     1.94463e-05     1.94463e-05     1.02549e-05     -5.48818e-06     1.62051e-05
1842    2.15823e-06     1.95178e-05     1.95178e-05     1.95178e-05     5.68298e-06     -1.81584e-05     1.46585e-05
1846    2.15823e-06     1.96104e-05     1.96104e-05     1.96104e-05     5.78344e-06     -1.81601e-05     1.4769e-05
1850    2.87764e-06     2.62585e-05     2.62585e-05     2.62585e-05     1.38708e-05     -7.67519e-06     2.19336e-05
1854    2.15823e-06     1.97872e-05     1.97872e-05     1.97872e-05     1.04441e-05     -5.88872e-06     1.65361e-05
1858    4.31646e-06     3.97002e-05     3.97002e-05     3.97002e-05     2.0989e-05     -1.18566e-05     3.32064e-05
1862    7.19409e-07     6.65184e-06     6.65184e-06     6.65184e-06     3.52014e-06     -2.01094e-06     5.56933e-06
1866    2.87764e-06     2.67151e-05     2.67151e-05     2.67151e-05     9.54338e-06     -2.09698e-05     2.08032e-05
1870    2.15823e-06     2.01042e-05     2.01042e-05     2.01042e-05     1.06438e-05     -6.2345e-06     1.68558e-05
1874    2.15823e-06     2.01883e-05     2.01883e-05     2.01883e-05     1.07007e-05     -6.29415e-06     1.69392e-05
1878    2.15823e-06     2.02507e-05     2.02507e-05     2.02507e-05     1.0744e-05     -6.35347e-06     1.70037e-05
1882    7.19409e-07     6.7837e-06     6.7837e-06     6.7837e-06     -9.79663e-07     -1.50275e-05     4.14284e-06
1886    7.19409e-07     6.81076e-06     6.81076e-06     6.81076e-06     3.60984e-06     -2.21731e-06     5.72622e-06
1890    2.15823e-06     2.05167e-05     2.05167e-05     2.05167e-05     1.08842e-05     -6.72215e-06     1.72617e-05
1894    1.43882e-06     1.37441e-05     1.37441e-05     1.37441e-05     7.29466e-06     -4.51744e-06     1.15676e-05
1898    3.59705e-06     3.44781e-05     3.44781e-05     3.44781e-05     1.53177e-05     -1.99852e-05     2.80378e-05
1902    1.43882e-06     1.38377e-05     1.38377e-05     1.38377e-05     7.36219e-06     -4.64079e-06     1.16698e-05
1906    3.59705e-06     3.47486e-05     3.47486e-05     3.47486e-05     1.85031e-05     -1.17532e-05     2.93273e-05
1910    1.43882e-06     1.39608e-05     1.39608e-05     1.39608e-05     7.43947e-06     -4.75705e-06     1.17906e-05
1914    3.59705e-06     3.50582e-05     3.50582e-05     3.50582e-05     1.87026e-05     -1.20877e-05     2.96393e-05
1918    2.15823e-06     2.10858e-05     2.10858e-05     2.10858e-05     1.12529e-05     -7.3018e-06     1.78332e-05
1922    7.19409e-07     7.06874e-06     7.06874e-06     7.06874e-06     3.77628e-06     -2.47365e-06     5.98397e-06
1926    2.87764e-06     2.83581e-05     2.83581e-05     2.83581e-05     1.51774e-05     -9.95472e-06     2.40284e-05
1930    4.31646e-06     4.2685e-05     4.2685e-05     4.2685e-05     2.28564e-05     -1.50823e-05     3.61867e-05
1934    2.15823e-06     2.14355e-05     2.14355e-05     2.14355e-05     1.14804e-05     -7.6792e-06     1.8186e-05
1938    7.19409e-07     7.16882e-06     7.16882e-06     7.16882e-06     3.84303e-06     -2.58301e-06     6.0861e-06
1942    1.43882e-06     1.44186e-05     1.44186e-05     1.44186e-05     7.73312e-06     -5.26092e-06     1.22508e-05
1946    1.43882e-06     1.4465e-05     1.4465e-05     1.4465e-05     3.27751e-06     -1.85944e-05     1.08517e-05
1950    1.43882e-06     1.45368e-05     1.45368e-05     1.45368e-05     7.80636e-06     -5.42868e-06     1.23717e-05
1954    7.19409e-07     7.27312e-06     7.27312e-06     7.27312e-06     3.90571e-06     -2.7161e-06     6.18986e-06
1958    7.19409e-07     7.32799e-06     7.32799e-06     7.32799e-06     3.94349e-06     -2.75111e-06     6.24353e-06
1962    1.43882e-06     1.4689e-05     1.4689e-05     1.4689e-05     7.9201e-06     -5.54661e-06     1.25287e-05
1966    1.43882e-06     1.4715e-05     1.4715e-05     1.4715e-05     7.93411e-06     -5.55642e-06     1.25508e-05
1970    7.19409e-07     7.40884e-06     7.40884e-06     7.40884e-06     3.99739e-06     -2.86851e-06     6.32869e-06
1974    2.87764e-06     2.97094e-05     2.97094e-05     2.97094e-05     1.60317e-05     -1.15358e-05     2.5383e-05
1978    2.15823e-06     2.23789e-05     2.23789e-05     2.23789e-05     1.20811e-05     -8.76402e-06     1.91312e-05
1982    7.19409e-07     7.49742e-06     7.49742e-06     7.49742e-06     4.05689e-06     -2.9477e-06     6.41662e-06
1986    1.43882e-06     1.50362e-05     1.50362e-05     1.50362e-05     3.68113e-06     -1.9569e-05     1.14832e-05
1990    0     0     0     0     0     0     0
1994    0     0     0     0     0     0     0
1998    2.15823e-06     2.28085e-05     2.28085e-05     2.28085e-05     1.23301e-05     -9.24776e-06     1.95427e-05
2002    0     0     0     0     0     0     0
2006    2.87764e-06     3.05844e-05     3.05844e-05     3.05844e-05     3.05844e-05     3.05844e-05     3.05844e-05
2010    1.43882e-06     1.53607e-05     1.53607e-05     1.53607e-05     1.53607e-05     1.53607e-05     1.53607e-05
2014    2.15823e-06     2.3139e-05     2.3139e-05     2.3139e-05     2.3139e-05     2.3139e-05     2.3139e-05
2018    2.15823e-06     2.3232e-05     2.3232e-05     2.3232e-05     2.3232e-05     2.3232e-05     2.3232e-05
2022    7.19409e-07     7.77852e-06     7.77852e-06     7.77852e-06     7.77852e-06     7.77852e-06     7.77852e-06
2026    2.15823e-06     2.33965e-05     2.33965e-05     2.33965e-05     2.33965e-05     2.33965e-05     2.33965e-05
2030    1.43882e-06     1.56738e-05     1.56738e-05     1.56738e-05     1.56738e-05     1.56738e-05     1.56738e-05
2034    1.43882e-06     1.57275e-05     1.57275e-05     1.57275e-05     1.57275e-05     1.57275e-05     1.57275e-05
2038    1.43882e-06     1.57596e-05     1.57596e-05     1.57596e-05     1.57596e-05     1.57596e-05     1.57596e-05
2042    7.19409e-07     7.91611e-06     7.91611e-06     7.91611e-06     7.91611e-06     7.91611e-06     7.91611e-06
2046    1.43882e-06     1.58887e-05     1.58887e-05     1.58887e-05     1.58887e-05     1.58887e-05     1.58887e-05
2050    0     0     0     0     0     0     0
2054    7.19409e-07     7.99718e-06     7.99718e-06     7.99718e-06     7.99718e-06     7.99718e-06     7.99718e-06
2058    7.19409e-07     8.0395e-06     8.0395e-06     8.0395e-06     8.0395e-06     8.0395e-06     8.0395e-06
2062    7.19409e-07     8.06046e-06     8.06046e-06     8.06046e-06     8.06046e-06     8.06046e-06     8.06046e-06
2066    1.43882e-06     1.61715e-05     1.61715e-05     1.61715e-05     1.61715e-05     1.61715e-05     1.61715e-05
2070    2.15823e-06     2.43326e-05     2.43326e-05     2.43326e-05     2.43326e-05     2.43326e-05     2.43326e-05
2074    2.87764e-06     3.25501e-05     3.25501e-05     3.25501e-05     3.25501e-05     3.25501e-05     3.25501e-05
2078    7.19409e-07     8.16716e-06     8.16716e-06     8.16716e-06     8.16716e-06     8.16716e-06     8.16716e-06
2082    7.19409e-07     8.21093e-06     8.21093e-06     8.21093e-06     8.21093e-06     8.21093e-06     8.21093e-06
2086    1.43882e-06     1.64521e-05     1.64521e-05     1.64521e-05     1.64521e-05     1.64521e-05     1.64521e-05
2090    7.19409e-07     8.25353e-06     8.25353e-06     8.25353e-06     8.25353e-06     8.25353e-06     8.25353e-06
2094    7.19409e-07     8.27435e-06     8.27435e-06     8.27435e-06     8.27435e-06     8.27435e-06     8.27435e-06
2098    7.19409e-07     8.32357e-06     8.32357e-06     8.32357e-06     8.32357e-06     8.32357e-06     8.32357e-06
2102    2.15823e-06     2.5048e-05     2.5048e-05     2.5048e-05     2.5048e-05     2.5048e-05     2.5048e-05
2106    0     0     0     0     0     0     0
2110    0     0     0     0     0     0     0
2114    1.43882e-06     1.68718e-05     1.68718e-05     1.68718e-05     1.68718e-05     1.68718e-05     1.68718e-05
2118    0     0     0     0     0     0     0
2122    1.43882e-06     1.69761e-05     1.69761e-05     1.69761e-05     1.69761e-05     1.69761e-05     1.69761e-05
2126    7.19409e-07     8.52919e-06     8.52919e-06     8.52919e-06     8.52919e-06     8.52919e-06     8.52919e-06
2130    7.19409e-07     8.55442e-06     8.55442e-06     8.55442e-06     8.55442e-06     8.55442e-06     8.55442e-06
2134    0     0     0     0     0     0     0
2138    0     0     0     0     0     0     0
2142    7.19409e-07     8.64182e-06     8.64182e-06     8.64182e-06     8.64182e-06     8.64182e-06     8.64182e-06
2146    1.43882e-06     1.73254e-05     1.73254e-05     1.73254e-05     1.73254e-05     1.73254e-05     1.73254e-05
2150    0     0     0     0     0     0     0
2154    0     0     0     0     0     0     0
2158    1.43882e-06     1.74978e-05     1.74978e-05     1.74978e-05     1.74978e-05     1.74978e-05     1.74978e-05
2162    0     0     0     0     0     0     0
2166    1.43882e-06     1.76395e-05     1.76395e-05     1.76395e-05     1.76395e-05     1.76395e-05     1.76395e-05
2170    7.19409e-07     8.84938e-06     8.84938e-06     8.84938e-06     8.84938e-06     8.84938e-06     8.84938e-06
2174    7.19409e-07     8.85772e-06     8.85772e-06     8.85772e-06     8.85772e-06     8.85772e-06     8.85772e-06
2178    7.19409e-07     8.90445e-06     8.90445e-06     8.90445e-06     8.90445e-06     8.90445e-06     8.90445e-06
2182    0     0     0     0     0     0     0
2186    0     0     0     0     0     0     0
2190    7.19409e-07     8.98117e-06     8.98117e-06     8.98117e-06     8.98117e-06     8.98117e-06     8.98117e-06
2194    7.19409e-07     9.0022e-06     9.0022e-06     9.0022e-06     9.0022e-06     9.0022e-06     9.0022e-06
2198    7.19409e-07     9.03087e-06     9.03087e-06     9.03087e-06     9.03087e-06     9.03087e-06     9.03087e-06
2202    7.19409e-07     9.0854e-06     9.0854e-06     9.0854e-06     9.0854e-06     9.0854e-06     9.0854e-06
2206    7.19409e-07     9.09905e-06     9.09905e-06     9.09905e-06     9.09905e-06     9.09905e-06     9.09905e-06
2210    0     0     0     0     0     0     0
2214    0     0     0     0     0     0     0
2218    2.15823e-06     2.75556e-05     2.75556e-05     2.75556e-05     2.75556e-05     2.75556e-05     2.75556e-05
2222    1.43882e-06     1.84387e-05     1.84387e-05     1.84387e-05     1.84387e-05     1.84387e-05     1.84387e-05
2226    7.19409e-07     9.25214e-06     9.25214e-06     9.25214e-06     9.25214e-06     9.25214e-06     9.25214e-06
2230    0     0     0     0     0     0     0
2234    7.19409e-07     9.31887e-06     9.31887e-06     9.31887e-06     9.31887e-06     9.31887e-06     9.31887e-06
2238    0     0     0     0     0     0     0
2242    7.19409e-07     9.37229e-06     9.37229e-06     9.37229e-06     9.37229e-06     9.37229e-06     9.37229e-06
2246    0     0     0     0     0     0     0
2250    1.43882e-06     1.88505e-05     1.88505e-05     1.88505e-05     1.88505e-05     1.88505e-05     1.88505e-05
2254    0     0     0     0     0     0     0
2258    2.15823e-06     2.84586e-05     2.84586e-05     2.84586e-05     2.84586e-05     2.84586e-05     2.84586e-05
2262    0     0     0     0     0     0     0
2266    2.15823e-06     2.86417e-05     2.86417e-05     2.86417e-05     2.86417e-05     2.86417e-05     2.86417e-05
2270    7.19409e-07     9.58646e-06     9.58646e-06     9.58646e-06     9.58646e-06     9.58646e-06     9.58646e-06
2274    1.43882e-06     1.92106e-05     1.92106e-05     1.92106e-05     1.92106e-05     1.92106e-05     1.92106e-05
2278    7.19409e-07     9.63444e-06     9.63444e-06     9.63444e-06     9.63444e-06     9.63444e-06     9.63444e-06
2282    0     0     0     0     0     0     0
2286    0     0     0     0     0     0     0
2290    0     0     0     0     0     0     0
2294    0     0     0     0     0     0     0
2298    0     0     0     0     0     0     0
2302    0     0     0     0     0     0     0
2306    0     0     0     0     0     0     0
2310    0     0     0     0     0     0     0
2314    7.19409e-07     9.91044e-06     9.91044e-06     9.91044e-06     9.91044e-06     9.91044e-06     9.91044e-06
2318    7.19409e-07     9.93353e-06     9.93353e-06     9.93353e-06     9.93353e-06     9.93353e-06     9.93353e-06
2322    7.19409e-07     9.95063e-06     9.95063e-06     9.95063e-06     9.95063e-06     9.95063e-06     9.95063e-06
2326    0     0     0     0     0     0     0
2330    7.19409e-07     1.00059e-05     1.00059e-05     1.00059e-05     1.00059e-05     1.00059e-05     1.00059e-05
2334    7.19409e-07     1.00541e-05     1.00541e-05     1.00541e-05     1.00541e-05     1.00541e-05     1.00541e-05
2338    7.19409e-07     1.00664e-05     1.00664e-05     1.00664e-05     1.00664e-05     1.00664e-05     1.00664e-05
2342    0     0     0     0     0     0     0
2346    7.19409e-07     1.01329e-05     1.01329e-05     1.01329e-05     1.01329e-05     1.01329e-05     1.01329e-05
2350    0     0     0     0     0     0     0
2354    0     0     0     0     0     0     0
2358    0     0     0     0     0     0     0
2362    0     0     0     0     0     0     0
2366    0     0     0     0     0     0     0
2370    0     0     0     0     0     0     0
2374    0     0     0     0     0     0     0
2378    7.19409e-07     1.03792e-05     1.03792e-05     1.03792e-05     1.03792e-05     1.03792e-05     1.03792e-05
2382    7.19409e-07     1.04187e-05     1.04187e-05     1.04187e-05     1.04187e-05     1.04187e-05     1.04187e-05
2386    0     0     0     0     0     0     0
2390    0     0     0     0     0     0     0
2394    0     0     0     0     0     0     0
2398    0     0     0     0     0     0     0
2402    0     0     0     0     0     0     0
2406    7.19409e-07     1.06033e-05     1.06033e-05     1.06033e-05     1.06033e-05     1.06033e-05     1.06033e-05
2410    0     0     0     0     0     0     0
2414    0     0     0     0     0     0     0
2418    0     0     0     0     0     0     0
2422    0     0     0     0     0     0     0
2426    0     0     0     0     0     0     0
2430    0     0     0     0     0     0     0
2434    0     0     0     0     0     0     0
2438    0     0     0     0     0     0     0
2442    7.19409e-07     1.08503e-05     1.08503e-05     1.08503e-05     1.08503e-05     1.08503e-05     1.08503e-05
2446    0     0     0     0     0     0     0
2450    7.19409e-07     1.09106e-05     1.09106e-05     1.09106e-05     1.09106e-05     1.09106e-05     1.09106e-05
2454    0     0     0     0     0     0     0
2458    0     0     0     0     0     0     0
2462    0     0     0     0     0     0     0
2466    0     0     0     0     0     0     0
2470    0     0     0     0     0     0     0
2474    0     0     0     0     0     0     0
2478    0     0     0     0     0     0     0
2482    7.19409e-07     1.11553e-05     1.11553e-05     1.11553e-05     1.11553e-05     1.11553e-05     1.11553e-05
2486    0     0     0     0     0     0     0
2490    0     0     0     0     0     0     0
2494    0     0     0     0     0     0     0
2498    0     0     0     0     0     0     0
2502    0     0     0     0     0     0     0
2506    0     0     0     0     0     0     0
2510    0     0     0     0     0     0     0
2514    0     0     0     0     0     0     0
2518    1.43882e-06     2.2887e-05     2.2887e-05     2.2887e-05     2.2887e-05     2.2887e-05     2.2887e-05
2522    0     0     0     0     0     0     0
2526    7.19409e-07     1.15066e-05     1.15066e-05     1.15066e-05     1.15066e-05     1.15066e-05     1.15066e-05
2530    0     0     0     0     0     0     0
2534    0     0     0     0     0     0     0
2538    7.19409e-07     1.15824e-05     1.15824e-05     1.15824e-05     1.15824e-05     1.15824e-05     1.15824e-05
2542    0     0     0     0     0     0     0
2546    7.19409e-07     1.16536e-05     1.16536e-05     1.16536e-05     1.16536e-05     1.16536e-05     1.16536e-05
2550    0     0     0     0     0     0     0
2554    0     0     0     0     0     0     0
2558    0     0     0     0     0     0     0
2562    0     0     0     0     0     0     0
2566    0     0     0     0     0     0     0
2570    0     0     0     0     0     0     0
2574    0     0     0     0     0     0     0
2578    0     0     0     0     0     0     0
2582    0     0     0     0     0     0     0
2586    0     0     0     0     0     0     0
2590    0     0     0     0     0     0     0
2594    0     0     0     0     0     0     0
2598    0     0     0     0     0     0     0
2602    0     0     0     0     0     0     0
2606    0     0     0     0     0     0     0
2610    0     0     0     0     0     0     0
2614    0     0     0     0     0     0     0
2618    0     0     0     0     0     0     0
2622    0     0     0     0     0     0     0
2626    7.19409e-07     1.22648e-05     1.22648e-05     1.22648e-05     1.22648e-05     1.22648e-05     1.22648e-05
2630    7.19409e-07     1.23091e-05     1.23091e-05     1.23091e-05     1.23091e-05     1.23091e-05     1.23091e-05
2634    0     0     0     0     0     0     0
2638    0     0     0     0     0     0     0
2642    0     0     0     0     0     0     0
2646    0     0     0     0     0     0     0
2650    0     0     0     0     0     0     0
2654    0     0     0     0     0     0     0
2658    7.19409e-07     1.25176e-05     1.25176e-05     1.25176e-05     1.25176e-05     1.25176e-05     1.25176e-05
2662    7.19409e-07     1.25465e-05     1.25465e-05     1.25465e-05     1.25465e-05     1.25465e-05     1.25465e-05
2666    0     0     0     0     0     0     0
2670    0     0     0     0     0     0     0
2674    0     0     0     0     0     0     0
2678    0     0     0     0     0     0     0
2682    0     0     0     0     0     0     0
2686    0     0     0     0     0     0     0
2690    0     0     0     0     0     0     0
2694    0     0     0     0     0     0     0
2698    0     0     0     0     0     0     0
2702    0     0     0     0     0     0     0
2706    0     0     0     0     0     0     0
2710    0     0     0     0     0     0     0
2714    0     0     0     0     0     0     0
2718    0     0     0     0     0     0     0
2722    0     0     0     0     0     0     0
2726    0     0     0     0     0     0     0
2730    0     0     0     0     0     0     0
2734    0     0     0     0     0     0     0
2738    0     0     0     0     0     0     0
2742    0     0     0     0     0     0     0
2746    0     0     0     0     0     0     0
2750    0     0     0     0     0     0     0
2754    7.19409e-07     1.327e-05     1.327e-05     1.327e-05     1.327e-05     1.327e-05     1.327e-05
2758    0     0     0     0     0     0     0
2762    0     0     0     0     0     0     0
2766    0     0     0     0     0     0     0
2770    7.19409e-07     1.33883e-05     1.33883e-05     1.33883e-05     1.33883e-05     1.33883e-05     1.33883e-05
2774    0     0     0     0     0     0     0
2778    0     0     0     0     0     0     0
2782    0     0     0     0     0     0     0
2786    0     0     0     0     0     0     0
2790    0     0     0     0     0     0     0
2794    0     0     0     0     0     0     0
2798    0     0     0     0     0     0     0
2802    0     0     0     0     0     0     0
2806    0     0     0     0     0     0     0
2810    0     0     0     0     0     0     0
2814    0     0     0     0     0     0     0
2818    0     0     0     0     0     0     0
2822    0     0     0     0     0     0     0
2826    0     0     0     0     0     0     0
2830    0     0     0     0     0     0     0
2834    0     0     0     0     0     0     0
2838    0     0     0     0     0     0     0
2842    0     0     0     0     0     0     0
2846    0     0     0     0     0     0     0
2850    0     0     0     0     0     0     0
2854    0     0     0     0     0     0     0
2858    0     0     0     0     0     0     0
2862    0     0     0     0     0     0     0
2866    0     0     0     0     0     0     0
2870    0     0     0     0     0     0     0
2874    0     0     0     0     0     0     0
2878    0     0     0     0     0     0     0
2882    0     0     0     0     0     0     0
2886    0     0     0     0     0     0     0
2890    0     0     0     0     0     0     0
2894    0     0     0     0     0     0     0
2898    0     0     0     0     0     0     0
2902    0     0     0     0     0     0     0
2906    0     0     0     0     0     0     0
2910    0     0     0     0     0     0     0
2914    0     0     0     0     0     0     0
2918    0     0     0     0     0     0     0
2922    0     0     0     0     0     0     0
2926    0     0     0     0     0     0     0
2930    0     0     0     0     0     0     0
2934    0     0     0     0     0     0     0
2938    0     0     0     0     0     0     0
2942    7.19409e-07     1.47104e-05     1.47104e-05     1.47104e-05     1.47104e-05     1.47104e-05     1.47104e-05
2946    0     0     0     0     0     0     0
2950    0     0     0     0     0     0     0
2954    0     0     0     0     0     0     0
2958    0     0     0     0     0     0     0
2962    0     0     0     0     0     0     0
2966    0     0     0     0     0     0     0
2970    0     0     0     0     0     0     0
2974    0     0     0     0     0     0     0
2978    0     0     0     0     0     0     0
2982    0     0     0     0     0     0     0
2986    0     0     0     0     0     0     0
2990    0     0     0     0     0     0     0
2994    0     0     0     0     0     0     0
2998    0     0     0     0     0     0     0
3002    0     0     0     0     0     0     0
3006    0     0     0     0     0     0     0
3010    0     0     0     0     0     0     0
3014    0     0     0     0     0     0     0
3018    0     0     0     0     0     0     0
3022    0     0     0     0     0     0     0
3026    0     0     0     0     0     0     0
3030    0     0     0     0     0     0     0
3034    0     0     0     0     0     0     0
3038    0     0     0     0     0     0     0
3042    0     0     0     0     0     0     0
3046    0     0     0     0     0     0     0
3050    0     0     0     0     0     0     0
3054    0     0     0     0     0     0     0
3058    0     0     0     0     0     0     0
3062    0     0     0     0     0     0     0
3066    7.19409e-07     1.5715e-05     1.5715e-05     1.5715e-05     1.5715e-05     1.5715e-05     1.5715e-05
3070    0     0     0     0     0     0     0
3074    0     0     0     0     0     0     0
3078    0     0     0     0     0     0     0
3082    0     0     0     0     0     0     0
3086    0     0     0     0     0     0     0
3090    0     0     0     0     0     0     0
3094    0     0     0     0     0     0     0
3098    0     0     0     0     0     0     0
3102    0     0     0     0     0     0     0
3106    0     0     0     0     0     0     0
3110    0     0     0     0     0     0     0
3114    0     0     0     0     0     0     0
3118    0     0     0     0     0     0     0
3122    0     0     0     0     0     0     0
3126    0     0     0     0     0     0     0
3130    0     0     0     0     0     0     0
3134    0     0     0     0     0     0     0
3138    0     0     0     0     0     0     0
3142    0     0     0     0     0     0     0
3146    0     0     0     0     0     0     0
3150    7.19409e-07     1.63643e-05     1.63643e-05     1.63643e-05     1.63643e-05     1.63643e-05     1.63643e-05
3154    0     0     0     0     0     0     0
3158    0     0     0     0     0     0     0
3162    0     0     0     0     0     0     0
3166    0     0     0     0     0     0     0
3170    0     0     0     0     0     0     0
3174    0     0     0     0     0     0     0
3178    0     0     0     0     0     0     0
3182    0     0     0     0     0     0     0
3186    0     0     0     0     0     0     0
3190    0     0     0     0     0     0     0
3194    0     0     0     0     0     0     0
3198    0     0     0     0     0     0     0
3202    0     0     0     0     0     0     0
3206    0     0     0     0     0     0     0
3210    0     0     0     0     0     0     0
3214    0     0     0     0     0     0     0
3218    0     0     0     0     0     0     0
3222    0     0     0     0     0     0     0
3226    0     0     0     0     0     0     0
3230    0     0     0     0     0     0     0
3234    0     0     0     0     0     0     0
3238    0     0     0     0     0     0     0
3242    0     0     0     0     0     0     0
3246    0     0     0     0     0     0     0
3250    0     0     0     0     0     0     0
3254    0     0     0     0     0     0     0
3258    0     0     0     0     0     0     0
3262    0     0     0     0     0     0     0
3266    0     0     0     0     0     0     0
3270    0     0     0     0     0     0     0
3274    0     0     0     0     0     0     0
3278    0     0     0     0     0     0     0
3282    0     0     0     0     0     0     0
3286    0     0     0     0     0     0     0
3290    0     0     0     0     0     0     0
3294    0     0     0     0     0     0     0
3298    0     0     0     0     0     0     0
3302    0     0     0     0     0     0     0
3306    0     0     0     0     0     0     0
3310    0     0     0     0     0     0     0
3314    0     0     0     0     0     0     0
3318    0     0     0     0     0     0     0
3322    0     0     0     0     0     0     0
3326    0     0     0     0     0     0     0
3330    0     0     0     0     0     0     0
3334    0     0     0     0     0     0     0
3338    0     0     0     0     0     0     0
3342    0     0     0     0     0     0     0
3346    0     0     0     0     0     0     0
3350    0     0     0     0     0     0     0
3354    0     0     0     0     0     0     0
3358    0     0     0     0     0     0     0
3362    0     0     0     0     0     0     0
3366    0     0     0     0     0     0     0
3370    0     0     0     0     0     0     0
3374    0     0     0     0     0     0     0
3378    0     0     0     0     0     0     0
3382    0     0     0     0     0     0     0
3386    0     0     0     0     0     0     0
3390    0     0     0     0     0     0     0
3394    0     0     0     0     0     0     0
3398    0     0     0     0     0     0     0
3402    0     0     0     0     0     0     0
3406    0     0     0     0     0     0     0
3410    0     0     0     0     0     0     0
3414    0     0     0     0     0     0     0
3418    0     0     0     0     0     0     0
3422    0     0     0     0     0     0     0
3426    0     0     0     0     0     0     0
3430    0     0     0     0     0     0     0
3434    0     0     0     0     0     0     0
3438    0     0     0     0     0     0     0
3442    0     0     0     0     0     0     0
3446    0     0     0     0     0     0     0
3450    0     0     0     0     0     0     0
3454    0     0     0     0     0     0     0
3458    0     0     0     0     0     0     0
3462    0     0     0     0     0     0     0
3466    0     0     0     0     0     0     0
3470    0     0     0     0     0     0     0
3474    0     0     0     0     0     0     0
3478    0     0     0     0     0     0     0
3482    0     0     0     0     0     0     0
3486    0     0     0     0     0     0     0
3490    0     0     0     0     0     0     0
3494    0     0     0     0     0     0     0
3498    0     0     0     0     0     0     0
3502    0     0     0     0     0     0     0
3506    0     0     0     0     0     0     0
3510    0     0     0     0     0     0     0
3514    0     0     0     0     0     0     0
3518    0     0     0     0     0     0     0
3522    0     0     0     0     0     0     0
3526    0     0     0     0     0     0     0
3530    0     0     0     0     0     0     0
3534    0     0     0     0     0     0     0
3538    0     0     0     0     0     0     0
3542    0     0     0     0     0     0     0
3546    0     0     0     0     0     0     0
3550    0     0     0     0     0     0     0
3554    0     0     0     0     0     0     0
3558    0     0     0     0     0     0     0
3562    0     0     0     0     0     0     0
3566    0     0     0     0     0     0     0
3570    0     0     0     0     0     0     0
3574    0     0     0     0     0     0     0
3578    0     0     0     0     0     0     0
3582    0     0     0     0     0     0     0
3586    0     0     0     0     0     0     0
3590    0     0     0     0     0     0     0
3594    0     0     0     0     0     0     0
3598    0     0     0     0     0     0     0
3602    0     0     0     0     0     0     0
3606    0     0     0     0     0     0     0
3610    0     0     0     0     0     0     0
3614    0     0     0     0     0     0     0
3618    0     0     0     0     0     0     0
3622    0     0     0     0     0     0     0
3626    0     0     0     0     0     0     0
3630    0     0     0     0     0     0     0
3634    0     0     0     0     0     0     0
3638    0     0     0     0     0     0     0
3642    0     0     0     0     0     0     0
3646    0     0     0     0     0     0     0
3650    0     0     0     0     0     0     0
3654    0     0     0     0     0     0     0
3658    0     0     0     0     0     0     0
3662    0     0     0     0     0     0     0
3666    0     0     0     0     0     0     0
3670    0     0     0     0     0     0     0
3674    0     0     0     0     0     0     0
3678    0     0     0     0     0     0     0
3682    0     0     0     0     0     0     0
3686    0     0     0     0     0     0     0
3690    0     0     0     0     0     0     0
3694    0     0     0     0     0     0     0
3698    0     0     0     0     0     0     0
3702    0     0     0     0     0     0     0
3706    0     0     0     0     0     0     0
3710    0     0     0     0     0     0     0
3714    0     0     0     0     0     0     0
3718    0     0     0     0     0     0     0
3722    0     0     0     0     0     0     0
3726    0     0     0     0     0     0     0
3730    0     0     0     0     0     0     0
3734    0     0     0     0     0     0     0
3738    0     0     0     0     0     0     0
3742    0     0     0     0     0     0     0
3746    0     0     0     0     0     0     0
3750    0     0     0     0     0     0     0
3754    0     0     0     0     0     0     0
3758    0     0     0     0     0     0     0
3762    0     0     0     0     0     0     0
3766    0     0     0     0     0     0     0
3770    0     0     0     0     0     0     0
3774    0     0     0     0     0     0     0
3778    0     0     0     0     0     0     0
3782    0     0     0     0     0     0     0
3786    0     0     0     0     0     0     0
3790    0     0     0     0     0     0     0
3794    0     0     0     0     0     0     0
3798    0     0     0     0     0     0     0
3802    0     0     0     0     0     0     0
3806    0     0     0     0     0     0     0
3810    0     0     0     0     0     0     0
3814    0     0     0     0     0     0     0
3818    0     0     0     0     0     0     0
3822    0     0     0     0     0     0     0
3826    0     0     0     0     0     0     0
3830    0     0     0     0     0     0     0
3834    0     0     0     0     0     0     0
3838    0     0     0     0     0     0     0
3842    0     0     0     0     0     0     0
3846    0     0     0     0     0     0     0
3850    0     0     0     0     0     0     0
3854    0     0     0     0     0     0     0
3858    0     0     0     0     0     0     0
3862    0     0     0     0     0     0     0
3866    0     0     0     0     0     0     0
3870    0     0     0     0     0     0     0
3874    0     0     0     0     0     0     0
3878    0     0     0     0     0     0     0
3882    0     0     0     0     0     0     0
3886    0     0     0     0     0     0     0
3890    0     0     0     0     0     0     0
3894    0     0     0     0     0     0     0
3898    0     0     0     0     0     0     0
3902    0     0     0     0     0     0     0
3906    0     0     0     0     0     0     0
3910    0     0     0     0     0     0     0
3914    0     0     0     0     0     0     0
3918    0     0     0     0     0     0     0
3922    0     0     0     0     0     0     0
3926    0     0     0     0     0     0     0
3930    0     0     0     0     0     0     0
3934    0     0     0     0     0     0     0
3938    0     0     0     0     0     0     0
3942    0     0     0     0     0     0     0
3946    0     0     0     0     0     0     0
3950    0     0     0     0     0     0     0
3954    0     0     0     0     0     0     0
3958    0     0     0     0     0     0     0
3962    0     0     0     0     0     0     0
3966    0     0     0     0     0     0     0
3970    0     0     0     0     0     0     0
3974    0     0     0     0     0     0     0
3978    0     0     0     0     0     0     0
3982    0     0     0     0     0     0     0
3986    0     0     0     0     0     0     0
3990    0     0     0     0     0     0     0
3994    0     0     0     0     0     0     0
3998    0     0     0     0     0     0     0
