2    0     0     0     0     0     0     0
6    0     0     0     0     0     0     0
10    0     0     0     0     0     0     0
14    0     0     0     0     0     0     0
18    0     0     0     0     0     0     0
22    0     0     0     0     0     0     0
26    2.90091e-05     8.53177e-09     8.53177e-09     8.53177e-09     8.53177e-09     8.53177e-09     8.53177e-09
30    7.79619e-05     1.90931e-08     1.90931e-08     1.90931e-08     1.90931e-08     1.90931e-08     1.90931e-08
34    8.34011e-05     1.72783e-08     1.72783e-08     1.72783e-08     1.72783e-08     1.72783e-08     1.72783e-08
38    4.89528e-05     8.84005e-09     8.84005e-09     8.84005e-09     8.84005e-09     8.84005e-09     8.84005e-09
42    0.000125102     1.94546e-08     1.94546e-08     1.94546e-08     1.94546e-08     1.94546e-08     1.94546e-08
46    0.000130541     1.78437e-08     1.78437e-08     1.78437e-08     1.78437e-08     1.78437e-08     1.78437e-08
50    0.000143232     1.7777e-08     1.7777e-08     1.7777e-08     1.7777e-08     1.7777e-08     1.7777e-08
54    0.000152298     1.70316e-08     1.70316e-08     1.70316e-08     1.70316e-08     1.70316e-08     1.70316e-08
58    0.000174054     1.77994e-08     1.77994e-08     1.77994e-08     1.77994e-08     1.77994e-08     1.77994e-08
62    0.000177681     1.68788e-08     1.68788e-08     1.68788e-08     1.68788e-08     1.68788e-08     1.68788e-08
66    0.000168615     1.50723e-08     1.50723e-08     1.50723e-08     1.50723e-08     1.50723e-08     1.50723e-08
70    0.000197624     1.67849e-08     1.67849e-08     1.67849e-08     1.67849e-08     1.67849e-08     1.67849e-08
74    0.000230259     1.8749e-08     1.8749e-08     1.8749e-08     1.8749e-08     1.8749e-08     1.8749e-08
78    0.000233886     1.84038e-08     1.84038e-08     1.84038e-08     1.84038e-08     1.84038e-08     1.84038e-08
82    0.000212129     1.63079e-08     1.63079e-08     1.63079e-08     1.63079e-08     1.63079e-08     1.63079e-08
86    0.000242951     1.84013e-08     1.84013e-08     1.84013e-08     1.84013e-08     1.84013e-08     1.84013e-08
90    0.000279212     2.09724e-08     2.09724e-08     2.09724e-08     2.09724e-08     2.09724e-08     2.09724e-08
94    0.00029553     2.21611e-08     2.21611e-08     2.21611e-08     2.21611e-08     2.21611e-08     2.21611e-08
98    0.000339043     2.55214e-08     2.55214e-08     2.55214e-08     2.55214e-08     2.55214e-08     2.55214e-08
102    0.000268334     2.03697e-08     2.03697e-08     2.03697e-08     2.03697e-08     2.03697e-08     2.03697e-08
106    0.000315474     2.4265e-08     2.4265e-08     2.4265e-08     2.4265e-08     2.4265e-08     2.4265e-08
110    0.000324539     2.55316e-08     2.55316e-08     2.55316e-08     2.55316e-08     2.55316e-08     2.55316e-08
114    0.000349922     2.84979e-08     2.84979e-08     2.84979e-08     2.84979e-08     2.84979e-08     2.84979e-08
118    0.000368053     3.15701e-08     3.15701e-08     3.15701e-08     3.15701e-08     3.15701e-08     3.15701e-08
122    0.000362613     3.34855e-08     3.34855e-08     3.34855e-08     3.34855e-08     3.34855e-08     3.34855e-08
126    0.000375305     3.81748e-08     3.81748e-08     3.81748e-08     3.81748e-08     3.81748e-08     3.81748e-08
130    0.000433323     4.99724e-08     4.99724e-08     4.99724e-08     4.99724e-08     4.99724e-08     4.99724e-08
134    0.000391622     5.29494e-08     5.29494e-08     5.29494e-08     5.29494e-08     5.29494e-08     5.29494e-08
138    0.000449641     7.19682e-08     7.19682e-08     7.19682e-08     7.19682e-08     7.19682e-08     7.19682e-08
142    0.000380744     7.6513e-08     7.6513e-08     7.6513e-08     7.6513e-08     7.6513e-08     7.6513e-08
146    0.000453267     1.17571e-07     1.17571e-07     1.17571e-07     1.17571e-07     1.17571e-07     1.17571e-07
150    0.000498593     1.78723e-07     1.78723e-07     1.78723e-07     1.78723e-07     1.78723e-07     1.78723e-07
154    0.000476837     2.58172e-07     2.58172e-07     2.58172e-07     2.58172e-07     2.58172e-07     2.58172e-07
158    0.000427884     4.29916e-07     4.29916e-07     4.29916e-07     4.29916e-07     4.29916e-07     4.29916e-07
162    0.000529415     1.44235e-06     1.44235e-06     1.44235e-06     1.44235e-06     1.44235e-06     1.44235e-06
166    0.000444201     2.25168e-06     2.25168e-06     2.25168e-06     2.25168e-06     2.25168e-06     2.25168e-06
170    0.000538481     3.68409e-06     3.68409e-06     3.68409e-06     3.68409e-06     3.68409e-06     3.68409e-06
174    0.000574742     4.81655e-06     4.81655e-06     4.81655e-06     4.81655e-06     4.81655e-06     4.81655e-06
178    0.000572929     5.63721e-06     5.63721e-06     5.63721e-06     5.63721e-06     5.63721e-06     5.63721e-06
182    0.000542107     6.45605e-06     6.45605e-06     6.45605e-06     6.45605e-06     6.45605e-06     6.45605e-06
186    0.000562051     8.04084e-06     8.04084e-06     8.04084e-06     8.04084e-06     8.04084e-06     8.04084e-06
190    0.000600125     1.00301e-05     1.00301e-05     1.00301e-05     1.00301e-05     1.00301e-05     1.00301e-05
194    0.000611003     1.1536e-05     1.1536e-05     1.1536e-05     1.1536e-05     1.1536e-05     1.1536e-05
198    0.000612816     1.27872e-05     1.27872e-05     1.27872e-05     1.27872e-05     1.27872e-05     1.27872e-05
202    0.000658143     1.50086e-05     1.50086e-05     1.50086e-05     1.50086e-05     1.50086e-05     1.50086e-05
206    0.000605564     1.50242e-05     1.50242e-05     1.50242e-05     1.50242e-05     1.50242e-05     1.50242e-05
210    0.000612816     1.64737e-05     1.64737e-05     1.64737e-05     0.000189566     0.000261415     0.000139514
214    0.000688965     1.99152e-05     1.99152e-05     1.99152e-05     0.000365575     0.000509193     0.000265543
218    0.000723414     2.24076e-05     2.24076e-05     2.24076e-05     0.000392136     0.000546142     0.000284909
222    0.000730666     2.40778e-05     2.40778e-05     2.40778e-05     0.000400575     0.000557682     0.00029108
226    0.000730666     2.56625e-05     2.56625e-05     2.56625e-05     0.000397731     0.000553101     0.000289477
230    0.000712535     2.65829e-05     2.65829e-05     2.65829e-05     0.000391836     0.000544479     0.000285473
234    0.000741544     2.93467e-05     2.93467e-05     2.93467e-05     0.000379329     0.000525677     0.000277299
238    0.000717974     3.00709e-05     3.00709e-05     3.00709e-05     0.000359663     0.000497503     0.00026347
242    0.000674461     2.98051e-05     2.98051e-05     2.98051e-05     0.000373659     0.000517769     0.000273134
246    0.000754236     3.51769e-05     3.51769e-05     3.51769e-05     0.000381566     0.000526882     0.000280185
250    0.00074517     3.65354e-05     3.65354e-05     3.65354e-05     0.000367952     0.000506909     0.000270902
254    0.00079231     4.08821e-05     4.08821e-05     4.08821e-05     0.000359243     0.000492503     0.000266038
258    0.000754236     4.08023e-05     4.08023e-05     4.08023e-05     0.000350998     0.000480507     0.000260293
262    0.000765114     4.34445e-05     4.34445e-05     4.34445e-05     0.000373541     0.000511132     0.0002771
266    0.000882963     5.25014e-05     5.25014e-05     5.25014e-05     0.000366456     0.00049737     0.000274652
270    0.000857581     5.3394e-05     5.3394e-05     5.3394e-05     0.000349812     0.000473566     0.000263001
274    0.000868459     5.64323e-05     5.64323e-05     5.64323e-05     0.000351717     0.000475198     0.000265082
278    0.000868459     5.9009e-05     5.9009e-05     5.9009e-05     0.000359613     0.000485521     0.000271272
282    0.000873898     6.19765e-05     6.19765e-05     6.19765e-05     0.000338188     0.000453877     0.000256991
286    0.000910159     6.71814e-05     6.71814e-05     6.71814e-05     0.000349321     0.000467297     0.000266427
290    0.000892029     6.8623e-05     6.8623e-05     6.8623e-05     0.000347071     0.000463531     0.000265219
294    0.000966365     7.72684e-05     7.72684e-05     7.72684e-05     0.000356786     0.000473864     0.000274508
298    0.000989934     8.22149e-05     8.22149e-05     8.22149e-05     0.000344871     0.000455138     0.000267394
302    0.00090472     7.80304e-05     7.80304e-05     7.80304e-05     0.000349681     0.000463818     0.00026943
306    0.000950047     8.50105e-05     8.50105e-05     8.50105e-05     0.000354677     0.00046792     0.000275012
310    0.00104795     9.73125e-05     9.73125e-05     9.73125e-05     0.000362749     0.000474104     0.000284355
314    0.0010135     9.75651e-05     9.75651e-05     9.75651e-05     0.000368006     0.000481332     0.00028816
318    0.00102076     0.000101736     0.000101736     0.000101736     0.000365021     0.000475249     0.000287305
322    0.000977243     0.000100651     0.000100651     0.000100651     0.000352462     0.000457766     0.000278142
326    0.00104433     0.000111188     0.000111188     0.000111188     0.00037159     0.000480337     0.00029478
330    0.000991747     0.000108978     0.000108978     0.000108978     0.000351023     0.000451818     0.000279741
334    0.00111322     0.000126297     0.000126297     0.000126297     0.000383991     0.000490803     0.000308315
338    0.00112954     0.000132057     0.000132057     0.000132057     0.000391205     0.000497963     0.000315392
342    0.00113317     0.000136818     0.000136818     0.000136818     0.000397863     0.000504184     0.000322051
346    0.00116218     0.00014511     0.00014511     0.00014511     0.000403186     0.000506762     0.000328987
350    0.0011658     0.000151116     0.000151116     0.000151116     0.000416596     0.000522591     0.000340521
354    0.0012347     0.000167672     0.000167672     0.000167672     0.000445654     0.00055684     0.000365869
358    0.00112773     0.00016051     0.00016051     0.00016051     0.000453983     0.000572038     0.000369386
362    0.00122926     0.000182995     0.000182995     0.000182995     0.000482964     0.000604748     0.000395871
366    0.00119844     0.00018657     0.00018657     0.00018657     0.000484945     0.000606594     0.000398027
370    0.00125827     0.000204315     0.000204315     0.000204315     0.000515825     0.000643335     0.000424777
374    0.00133804     0.000226532     0.000226532     0.000226532     0.000549085     0.000681725     0.000454455
378    0.00133079     0.000235067     0.000235067     0.000235067     0.000541265     0.000667861     0.000451067
382    0.00135799     0.000249889     0.000249889     0.000249889     0.000581091     0.000719028     0.000482962
386    0.00140513     0.00026845     0.00026845     0.00026845     0.000603849     0.000744214     0.000504104
390    0.00133079     0.000263639     0.000263639     0.000263639     0.000608184     0.000753042     0.000505355
394    0.00139969     0.000287071     0.000287071     0.000287071     0.000648512     0.000801061     0.000540318
398    0.0014432     0.000306025     0.000306025     0.000306025     0.000642359     0.000784844     0.000541387
402    0.00146133     0.000320251     0.000320251     0.000320251     0.000669735     0.000818603     0.000564378
406    0.00139787     0.000316212     0.000316212     0.000316212     0.000681906     0.000838324     0.000571304
410    0.0015538     0.000362746     0.000362746     0.000362746     0.00073001     0.000887715     0.000618588
414    0.00154111     0.000370717     0.000370717     0.000370717     0.000721639     0.00087285     0.000614873
418    0.00160456     0.000397397     0.000397397     0.000397397     0.000755581     0.000910429     0.000646311
422    0.0016372     0.000416985     0.000416985     0.000416985     0.000787095     0.000947967     0.000673721
426    0.00156286     0.000408553     0.000408553     0.000408553     0.000776668     0.000937323     0.000663546
430    0.00169884     0.000456165     0.000456165     0.000456165     0.000818758     0.000977533     0.000707037
434    0.00170247     0.000469318     0.000469318     0.000469318     0.00086649     0.00104088     0.000743848
438    0.00179675     0.000508125     0.000508125     0.000508125     0.000900713     0.00107348     0.000779265
442    0.00184933     0.000536059     0.000536059     0.000536059     0.000906985     0.00107108     0.000791781
446    0.00175867     0.00052219     0.00052219     0.00052219     0.000924866     0.00110396     0.000799303
450    0.00186746     0.000567446     0.000567446     0.000567446     0.000951788     0.0011235     0.000831531
454    0.00194179     0.00060325     0.00060325     0.00060325     0.00100684     0.00118774     0.000880238
458    0.00187108     0.000594426     0.000594426     0.000594426     0.00102939     0.00122477     0.000892718
462    0.00194723     0.000631923     0.000631923     0.000631923     0.00103492     0.00121604     0.000908194
466    0.00205602     0.000681887     0.000681887     0.000681887     0.00110429     0.00129406     0.000971447
470    0.00207415     0.000702493     0.000702493     0.000702493     0.00113387     0.0013277     0.00099815
474    0.00205964     0.000711916     0.000711916     0.000711916     0.00114096     0.00133392     0.00100586
478    0.00222463     0.000784471     0.000784471     0.000784471     0.00120415     0.00139322     0.00107178
482    0.00221738     0.000797672     0.000797672     0.000797672     0.00124281     0.00144426     0.00110193
486    0.00219381     0.000804912     0.000804912     0.000804912     0.00128534     0.00150362     0.00113286
490    0.00223732     0.00083651     0.00083651     0.00083651     0.00128407     0.00148799     0.00114171
494    0.00242226     0.000922365     0.000922365     0.000922365     0.00138488     0.00159603     0.00123752
498    0.00254555     0.000987434     0.000987434     0.000987434     0.00149733     0.00173038     0.0013347
502    0.00250384     0.000988944     0.000988944     0.000988944     0.0014698     0.00169012     0.00131616
506    0.00264526     0.00106376     0.00106376     0.00106376     0.00158221     0.00182042     0.00141617
510    0.00275042     0.00112647     0.00112647     0.00112647     0.0016204     0.00184812     0.0014618
514    0.00266883     0.00111249     0.00111249     0.00111249     0.00163657     0.00187901     0.00146785
518    0.00276311     0.00117213     0.00117213     0.00117213     0.00172348     0.00197946     0.0015455
522    0.00302601     0.00130638     0.00130638     0.00130638     0.00181002     0.00204481     0.00164695
526    0.00308947     0.00135661     0.00135661     0.00135661     0.00190836     0.002166     0.00172944
530    0.00307677     0.00137343     0.00137343     0.00137343     0.00192471     0.00218239     0.00174579
534    0.00314204     0.00142606     0.00142606     0.00142606     0.00203044     0.00231311     0.00183418
538    0.00332516     0.00153387     0.00153387     0.00153387     0.0021007     0.00236586     0.00191655
542    0.00348471     0.0016347     0.0016347     0.0016347     0.00224791     0.00253494     0.00204853
546    0.0035246     0.00168053     0.00168053     0.00168053     0.00229038     0.00257615     0.0020919
550    0.00361163     0.00175206     0.00175206     0.00175206     0.00236518     0.0026529     0.00216537
554    0.00360619     0.00178032     0.00178032     0.00178032     0.00248354     0.00281415     0.00225403
558    0.00389084     0.00195312     0.00195312     0.00195312     0.00263246     0.00295262     0.00241037
562    0.00385639     0.00196692     0.00196692     0.00196692     0.00266421     0.00299402     0.00243566
566    0.00412291     0.00213495     0.00213495     0.00213495     0.00285314     0.00319365     0.00261725
570    0.00407033     0.00214126     0.00214126     0.00214126     0.00285255     0.00319044     0.00261857
574    0.00448734     0.00240231     0.00240231     0.00240231     0.00315391     0.00351151     0.00290636
578    0.00451091     0.00245963     0.00245963     0.00245963     0.00324631     0.00362106     0.00298693
582    0.00452179     0.00251014     0.00251014     0.00251014     0.00328438     0.00365392     0.00302872
586    0.00477562     0.00269792     0.00269792     0.00269792     0.00350708     0.00389395     0.00323947
590    0.00497143     0.00286369     0.00286369     0.00286369     0.00371348     0.00412054     0.00343199
594    0.00529053     0.00311406     0.00311406     0.00311406     0.00405395     0.00450508     0.00374211
598    0.00538662     0.00324246     0.00324246     0.00324246     0.00416783     0.00461297     0.00386028
602    0.00547546     0.00336588     0.00336588     0.00336588     0.00435581     0.00483368     0.00402601
606    0.00570391     0.00357502     0.00357502     0.00357502     0.00455356     0.00502713     0.0042269
610    0.00575467     0.00368187     0.00368187     0.00368187     0.00465812     0.00513161     0.00433167
614    0.0060774     0.00397836     0.00397836     0.00397836     0.00500284     0.00550054     0.00465981
618    0.00633123     0.00425038     0.00425038     0.00425038     0.00532697     0.00585067     0.0049661
622    0.00638562     0.00439941     0.00439941     0.00439941     0.00544098     0.00594858     0.00509134
626    0.00655242     0.00463545     0.00463545     0.00463545     0.00573754     0.00627551     0.00536708
630    0.00680988     0.00494926     0.00494926     0.00494926     0.00610759     0.00667407     0.00571769
634    0.00711629     0.00531867     0.00531867     0.00531867     0.00648517     0.00705676     0.00609195
638    0.00699481     0.00538408     0.00538408     0.00538408     0.00652798     0.00708951     0.00614178
642    0.00724501     0.00575654     0.00575654     0.00575654     0.00690056     0.00746387     0.00651347
646    0.00722688     0.00594304     0.00594304     0.00594304     0.00705692     0.00760652     0.0066794
650    0.00757318     0.00645173     0.00645173     0.00645173     0.00760097     0.00816897     0.00721094
654    0.00762576     0.00673914     0.00673914     0.00673914     0.00789689     0.00846992     0.00750353
658    0.00767108     0.00703578     0.00703578     0.00703578     0.00816533     0.00872499     0.00778121
662    0.00762213     0.00726195     0.00726195     0.00726195     0.00832666     0.00885558     0.0079639
666    0.0078959     0.0078192     0.0078192     0.0078192     0.00889369     0.00942887     0.00852691
670    0.00770916     0.00794151     0.00794151     0.00794151     0.00898243     0.00950202     0.0086265
674    0.00771822     0.00827021     0.00827021     0.00827021     0.00923731     0.0097209     0.00890614
678    0.00773817     0.00862863     0.00862863     0.00862863     0.00953821     0.00999371     0.00922641
682    0.00762757     0.00884406     0.00884406     0.00884406     0.00966023     0.0100696     0.00938009
686    0.0073683     0.0088781     0.0088781     0.0088781     0.00960599     0.0099716     0.00935585
690    0.00750791     0.0093986     0.0093986     0.0093986     0.0100633     0.0103978     0.00983452
694    0.00709816     0.00923468     0.00923468     0.00923468     0.00980559     0.0100937     0.00960873
698    0.00688965     0.00930331     0.00930331     0.00930331     0.00977644     0.0100159     0.00961295
702    0.00688965     0.00963782     0.00963782     0.00963782     0.0100001     0.00987461     0.010184
706    0.00661951     0.00956796     0.00956796     0.00956796     0.00982204     0.00973393     0.00995125
710    0.00636386     0.00949067     0.00949067     0.00949067     0.00964525     0.00959159     0.00972398
714    0.00616624     0.00947568     0.00947568     0.00947568     0.0095332     0.00950549     0.00957025
718    0.00589065     0.00931006     0.00931006     0.00931006     0.00927449     0.00925631     0.00928688
722    0.00597043     0.00966571     0.00966571     0.00966571     0.00950168     0.00941758     0.00955892
726    0.00558425     0.00923141     0.00923141     0.00923141     0.00898574     0.00885941     0.00907165
730    0.00529053     0.0089065     0.0089065     0.0089065     0.00858515     0.00841953     0.00869771
734    0.00494605     0.00846636     0.00846636     0.00846636     0.00808272     0.00788463     0.00821726
738    0.00472666     0.00822209     0.00822209     0.00822209     0.00777158     0.00753859     0.00792976
742    0.00440938     0.00778518     0.00778518     0.00778518     0.0072616     0.00699003     0.00744583
746    0.00443476     0.00793571     0.00793571     0.00793571     0.00733803     0.00702715     0.00754877
750    0.00404858     0.00732669     0.00732669     0.00732669     0.00668983     0.00635777     0.00691477
754    0.00381288     0.00696058     0.00696058     0.00696058     0.00631786     0.00598207     0.00654519
758    0.00367871     0.00676183     0.00676183     0.00676183     0.00605917     0.00569148     0.006308
762    0.0035101     0.00649151     0.00649151     0.00649151     0.00575676     0.00537133     0.00601747
766    0.00348653     0.00648801     0.00648801     0.00648801     0.00570245     0.00528931     0.00598168
770    0.00328346     0.00614819     0.00614819     0.00614819     0.00534884     0.00492747     0.00563345
774    0.00304958     0.00574645     0.00574645     0.00574645     0.0049626     0.00454843     0.00524216
778    0.00287552     0.00544858     0.00544858     0.00544858     0.00465986     0.00424221     0.00494159
782    0.00276855     0.00526802     0.00526802     0.00526802     0.00445405     0.00402153     0.00474547
786    0.00256005     0.00488553     0.00488553     0.00488553     0.0041043     0.00368798     0.00438456
790    0.00254736     0.00487414     0.00487414     0.00487414     0.00406443     0.00363182     0.00435545
794    0.00230078     0.00441593     0.00441593     0.00441593     0.00362818     0.00320633     0.00391178
798    0.00227359     0.00437969     0.00437969     0.00437969     0.00357205     0.00313869     0.00386323
802    0.00211404     0.00408848     0.00408848     0.00408848     0.00332207     0.00290969     0.00359895
806    0.00200525     0.00389479     0.00389479     0.00389479     0.0031111     0.00268841     0.0033947
810    0.00192729     0.00375895     0.00375895     0.00375895     0.0029911     0.00257584     0.00326949
814    0.00179312     0.00351132     0.00351132     0.00351132     0.00277923     0.00238222     0.00304514
818    0.0017061     0.00335351     0.00335351     0.00335351     0.002647     0.00226289     0.00290405
822    0.00165896     0.00327221     0.00327221     0.00327221     0.00253668     0.00213625     0.00280458
826    0.00149034     0.00294979     0.00294979     0.00294979     0.00225153     0.00187107     0.00250605
830    0.00156468     0.00310853     0.00310853     0.00310853     0.00236923     0.00196527     0.00263923
834    0.00146677     0.00292689     0.00292689     0.00292689     0.00223304     0.00185204     0.00248728
838    0.00138518     0.00277728     0.00277728     0.00277728     0.00209705     0.00172123     0.00234727
842    0.00127459     0.002567     0.002567     0.002567     0.00192037     0.00156184     0.0021588
846    0.00123107     0.00248989     0.00248989     0.00248989     0.00185174     0.00149807     0.00208702
850    0.00119118     0.00242039     0.00242039     0.00242039     0.00176985     0.001409     0.00200988
854    0.00114405     0.00233683     0.00233683     0.00233683     0.0017083     0.00135873     0.00194063
858    0.00111866     0.00229725     0.00229725     0.00229725     0.00165015     0.00128866     0.00189003
862    0.00105883     0.00218589     0.00218589     0.00218589     0.00156621     0.00121807     0.00179682
866    0.000960925     0.00199455     0.00199455     0.00199455     0.00142505     0.00110411     0.00163741
870    0.000942795     0.00196663     0.00196663     0.00196663     0.00139873     0.00107773     0.00161091
874    0.000801375     0.00167999     0.00167999     0.00167999     0.00117208     0.000884224     0.00136219
878    0.000895655     0.00188694     0.00188694     0.00188694     0.00132067     0.000998938     0.001533
882    0.000848515     0.00179758     0.00179758     0.00179758     0.00124221     0.000925837     0.00145079
886    0.00081588     0.00173845     0.00173845     0.00173845     0.00120886     0.000906559     0.00140805
890    0.000748797     0.0016052     0.0016052     0.0016052     0.00110204     0.000813842     0.00129171
894    0.000743357     0.0016043     0.0016043     0.0016043     0.00109282     0.00079838     0.00128626
898    0.000730666     0.0015873     0.0015873     0.0015873     0.00108006     0.000786539     0.00127254
902    0.000690778     0.00151027     0.00151027     0.00151027     0.00102572     0.000744261     0.00121005
906    0.000598312     0.00131648     0.00131648     0.00131648     0.000889945     0.000642021     0.00105228
910    0.000670835     0.00148573     0.00148573     0.00148573     0.00101623     0.0007429     0.00119512
914    0.000563864     0.00125753     0.00125753     0.00125753     0.000825868     0.000573873     0.000990644
918    0.000509472     0.00114419     0.00114419     0.00114419     0.00074366     0.000508927     0.000896951
922    0.000536668     0.00121355     0.00121355     0.00121355     0.000793895     0.000546575     0.000955061
926    0.000491341     0.00111853     0.00111853     0.00111853     0.000730943     0.000501754     0.000880122
930    0.000485902     0.00111381     0.00111381     0.00111381     0.00070588     0.000463926     0.000863197
934    0.000475023     0.00109673     0.00109673     0.00109673     0.000677211     0.000427678     0.000839296
938    0.000460519     0.00107102     0.00107102     0.00107102     0.000663087     0.000419802     0.000820985
942    0.000456893     0.00107019     0.00107019     0.00107019     0.00068181     0.000449552     0.000832417
946    0.000402501     0.000949587     0.000949587     0.000949587     0.000599526     0.000389725     0.000735466
950    0.000446014     0.00105975     0.00105975     0.00105975     0.000674066     0.000442205     0.000824137
954    0.000398875     0.000954553     0.000954553     0.000954553     0.000591899     0.000373027     0.000733357
958    0.000446014     0.00107551     0.00107551     0.00107551     0.000668577     0.00042184     0.000827757
962    0.00038437     0.000934162     0.000934162     0.000934162     0.000595886     0.000389511     0.000728711
966    0.000378931     0.00092821     0.00092821     0.00092821     0.000590078     0.000383068     0.000723162
970    0.000382557     0.000944557     0.000944557     0.000944557     0.000579718     0.000355469     0.00072367
974    0.000328165     0.000816389     0.000816389     0.000816389     0.000484822     0.000280294     0.000615932
978    0.00033723     0.000845236     0.000845236     0.000845236     0.000529201     0.000333605     0.000654428
982    0.000291904     0.000737174     0.000737174     0.000737174     0.000440042     0.000255435     0.000558082
986    0.000311847     0.000794104     0.000794104     0.000794104     0.000476881     0.000279201     0.000603134
990    0.000277399     0.000712036     0.000712036     0.000712036     0.000435223     0.000262292     0.000545576
994    0.000291904     0.000755383     0.000755383     0.000755383     0.000441946     0.000245629     0.000567111
998    0.000293717     0.00076625     0.00076625     0.00076625     0.000450223     0.000251666     0.000576661
1002    0.000273773     0.000720348     0.000720348     0.000720348     0.00039438     0.000188741     0.000525134
1006    0.000217568     0.000577285     0.000577285     0.000577285     0.000323205     0.000162384     0.000425326
1010    0.000253829     0.000679143     0.000679143     0.000679143     0.000397304     0.000218389     0.000510794
1014    0.000246577     0.000665534     0.000665534     0.000665534     0.000384591     0.00020563     0.00049797
1018    0.000237512     0.000646688     0.000646688     0.000646688     0.000375315     0.000201879     0.000485051
1022    0.000223007     0.00061254     0.00061254     0.00061254     0.000356518     0.000192153     0.000460336
1026    0.000233886     0.000647966     0.000647966     0.000647966     0.000369304     0.000189814     0.000482536
1030    0.00020125     0.000562433     0.000562433     0.000562433     0.000318162     0.00016024     0.000417643
1034    0.000217568     0.000613645     0.000613645     0.000613645     0.000359322     0.000194331     0.000463113
1038    0.000170428     0.000484777     0.000484777     0.000484777     0.000272157     0.000133711     0.000359122
1042    0.000210316     0.000603915     0.000603915     0.000603915     0.000339298     0.000166148     0.000447855
1046    0.000163176     0.000472422     0.000472422     0.000472422     0.000249616     0.000103274     0.000341234
1050    0.000188559     0.000551084     0.000551084     0.000551084     0.000300209     0.000134779     0.000403617
1054    0.000164989     0.000486706     0.000486706     0.000486706     0.000275796     0.000136217     0.00036292
1058    0.000170428     0.000507202     0.000507202     0.000507202     0.000273746     0.000118679     0.000370398
1062    0.000170428     0.000511707     0.000511707     0.000511707     0.000284127     0.000132181     0.000378643
1066    0.000195811     0.000593617     0.000593617     0.000593617     0.000336435     0.000164026     0.000443505
1070    0.000148671     0.000454455     0.000454455     0.000454455     0.000249315     0.000111341     0.000334886
1074    0.000145045     0.000447523     0.000447523     0.000447523     0.000246353     0.000110466     0.000330482
1078    0.000134167     0.000417869     0.000417869     0.000417869     0.000234004     0.000109274     0.000311089
1082    0.000137793     0.00043321     0.00043321     0.00043321     0.000226712     8.58757e-05     0.000313563
1086    0.000143232     0.00045447     0.00045447     0.00045447     0.000238587     9.07171e-05     0.000329621
1090    0.000121475     0.000388774     0.000388774     0.000388774     0.000217679     0.000100061     0.000289982
1094    0.000123289     0.000398752     0.000398752     0.000398752     0.000208491     7.70229e-05     0.000289135
1098    0.000126915     0.00041397     0.00041397     0.00041397     0.000214661     7.64572e-05     0.000299306
1102    0.000128728     0.000423388     0.000423388     0.000423388     0.000218111     7.49683e-05     0.000305575
1106    0.000106971     0.000355452     0.000355452     0.000355452     0.000197896     8.75798e-05     0.000265196
1110    0.000110597     0.000370778     0.000370778     0.000370778     0.000192838     6.77222e-05     0.000269034
1114    0.000123289     0.000416956     0.000416956     0.000416956     0.000233797     0.000104473     0.000312416
1118    0.000106971     0.000365192     0.000365192     0.000365192     0.000181413     5.10824e-05     0.000260492
1122    0.00011241     0.000387557     0.000387557     0.000387557     0.000207629     7.93169e-05     0.000285308
1126    0.000126915     0.000441484     0.000441484     0.000441484     0.000230284     7.90009e-05     0.000321694
1130    0.000105158     0.00036897     0.00036897     0.00036897     0.000186687     5.55473e-05     0.000265785
1134    9.42795e-05     0.00033396     0.00033396     0.00033396     0.000177827     6.50004e-05     0.000245754
1138    9.06533e-05     0.00032386     0.00032386     0.00032386     0.000163911     4.78637e-05     0.000233656
1142    8.88403e-05     0.000320242     0.000320242     0.000320242     0.000166835     5.48921e-05     0.000233947
1146    8.70272e-05     0.00031653     0.00031653     0.00031653     0.000146461     2.18126e-05     0.000221045
1150    8.52141e-05     0.000312917     0.000312917     0.000312917     0.000151999     3.35343e-05     0.000222746
1154    6.16443e-05     0.000228319     0.000228319     0.000228319     0.000126107     5.05801e-05     0.000171139
1158    7.79619e-05     0.000291582     0.000291582     0.000291582     0.000159342     6.11442e-05     0.000217771
1162    9.24664e-05     0.000348926     0.000348926     0.000348926     0.000183053     5.91579e-05     0.000256585
1166    7.97749e-05     0.000303439     0.000303439     0.000303439     0.000142826     2.23314e-05     0.000214204
1170    8.1588e-05     0.000313279     0.000313279     0.000313279     0.000157768     4.05606e-05     0.000227059
1174    7.25227e-05     0.000281034     0.000281034     0.000281034     0.000147401     4.6297e-05     0.000207072
1178    8.34011e-05     0.000326184     0.000326184     0.000326184     0.000173978     5.82905e-05     0.00024212
1182    8.34011e-05     0.000328854     0.000328854     0.000328854     0.000165204     4.00902e-05     0.000238709
1186    7.79619e-05     0.000310286     0.000310286     0.000310286     0.000155018     3.57446e-05     0.000224938
1190    5.25789e-05     0.000210749     0.000210749     0.000210749     0.000100179     1.50048e-05     0.000150049
1194    8.52141e-05     0.000345199     0.000345199     0.000345199     0.000181319     5.43552e-05     0.000255473
1198    6.52704e-05     0.000266531     0.000266531     0.000266531     0.000123784     1.2721e-05     0.000188527
1202    5.25789e-05     0.000216652     0.000216652     0.000216652     0.000112578     3.11284e-05     0.000159932
1206    3.80744e-05     0.000158146     0.000158146     0.000158146     6.68507e-05     -4.90835e-06     0.000108492
1210    3.62613e-05     0.000151994     0.000151994     0.000151994     7.61655e-05     1.62958e-05     0.000110837
1214    5.98312e-05     0.000253112     0.000253112     0.000253112     0.000112065     1.97303e-07     0.000176716
1218    5.62051e-05     0.000239682     0.000239682     0.000239682     0.000115465     1.6544e-05     0.00017253
1222    5.98312e-05     0.000257322     0.000257322     0.000257322     0.000134051     3.53036e-05     0.000190862
1226    5.07659e-05     0.0002202     0.0002202     0.0002202     0.000110212     2.17448e-05     0.000161016
1230    4.71397e-05     0.000206192     0.000206192     0.000206192     0.000102098     1.80059e-05     0.000150294
1234    4.53267e-05     0.000200057     0.000200057     0.000200057     8.96218e-05     7.44253e-09     0.000140876
1238    4.89528e-05     0.000217873     0.000217873     0.000217873     0.000113691     2.87553e-05     0.000162164
1242    5.07659e-05     0.000227901     0.000227901     0.000227901     0.000107234     8.29739e-06     0.000163556
1246    6.70835e-05     0.000303475     0.000303475     0.000303475     0.000155824     3.42542e-05     0.000224892
1250    3.98875e-05     0.00018197     0.00018197     0.00018197     8.17565e-05     -1.09044e-06     0.000128738
1254    3.26352e-05     0.000150177     0.000150177     0.000150177     5.81895e-05     -1.82221e-05     0.000101427
1258    3.26352e-05     0.000151327     0.000151327     0.000151327     6.4609e-05     -7.7601e-06     0.000105469
1262    4.71397e-05     0.000220669     0.000220669     0.000220669     0.000110577     1.81585e-05     0.000162613
1266    4.71397e-05     0.000222532     0.000222532     0.000222532     0.00011142     1.76832e-05     0.00016408
1270    2.7196e-05     0.000129254     0.000129254     0.000129254     5.63435e-05     -5.38084e-06     9.09633e-05
1274    4.71397e-05     0.000226072     0.000226072     0.000226072     0.000103798     -2.45095e-07     0.000162012
1278    2.53829e-05     0.00012278     0.00012278     0.00012278     5.26285e-05     -7.31128e-06     8.61012e-05
1282    3.62613e-05     0.000176648     0.000176648     0.000176648     8.15082e-05     -2.68746e-07     0.000127045
1286    3.62613e-05     0.000178103     0.000178103     0.000178103     8.19237e-05     -1.12941e-06     0.000128072
1290    3.44483e-05     0.000170799     0.000170799     0.000170799     7.78652e-05     -2.84718e-06     0.000122595
1294    2.7196e-05     0.000135851     0.000135851     0.000135851     6.35215e-05     4.6418e-07     9.84036e-05
1298    3.26352e-05     0.000164092     0.000164092     0.000164092     7.38193e-05     -5.16234e-06     0.000117435
1302    4.17005e-05     0.000211588     0.000211588     0.000211588     0.000100381     2.49788e-06     0.000154276
1306    3.80744e-05     0.000194473     0.000194473     0.000194473     8.36806e-05     -1.42241e-05     0.000137486
1310    3.62613e-05     0.000187067     0.000187067     0.000187067     8.85726e-05     1.02456e-06     0.000136553
1314    3.26352e-05     0.000169414     0.000169414     0.000169414     8.04037e-05     9.40235e-07     0.000123861
1318    3.08221e-05     0.000161355     0.000161355     0.000161355     7.58373e-05     -8.08299e-07     0.000117672
1322    3.62613e-05     0.000191232     0.000191232     0.000191232     9.92946e-05     1.63985e-05     0.000144411
1326    2.7196e-05     0.000144632     0.000144632     0.000144632     6.69546e-05     -3.43433e-06     0.000105171
1330    2.7196e-05     0.000145662     0.000145662     0.000145662     7.18569e-05     4.67709e-06     0.000108251
1334    2.17568e-05     0.00011738     0.00011738     0.00011738     5.68717e-05     1.62377e-06     8.67565e-05
1338    2.53829e-05     0.00013807     0.00013807     0.00013807     6.77441e-05     3.16825e-06     0.000102577
1342    3.08221e-05     0.000168911     0.000168911     0.000168911     8.35968e-05     4.78626e-06     0.000125985
1346    1.63176e-05     9.02397e-05     9.02397e-05     9.02397e-05     4.71228e-05     7.0758e-06     6.86047e-05
1350    2.90091e-05     0.000161469     0.000161469     0.000161469     7.64262e-05     -2.90904e-06     0.00011889
1354    2.7196e-05     0.000152577     0.000152577     0.000152577     7.94131e-05     1.08546e-05     0.000116027
1358    2.35699e-05     0.000133073     0.000133073     0.000133073     5.98306e-05     -9.08095e-06     9.65575e-05
1362    2.90091e-05     0.000165022     0.000165022     0.000165022     6.83272e-05     -2.32068e-05     0.000116966
1366    3.44483e-05     0.000197317     0.000197317     0.000197317     9.76429e-05     2.90747e-06     0.000147879
1370    2.7196e-05     0.000157047     0.000157047     0.000157047     7.6756e-05     -3.86823e-08     0.000117352
1374    2.53829e-05     0.000147603     0.000147603     0.000147603     7.64547e-05     8.21458e-06     0.000112479
1378    1.81307e-05     0.000106081     0.000106081     0.000106081     5.46575e-05     5.0743e-06     8.07618e-05
1382    3.44483e-05     0.000203343     0.000203343     0.000203343     8.88473e-05     -2.22317e-05     0.000147146
1386    3.26352e-05     0.00019402     0.00019402     0.00019402     9.9916e-05     8.21472e-06     0.000147938
1390    3.26352e-05     0.000195236     0.000195236     0.000195236     0.000100388     7.61259e-06     0.000148879
1394    2.17568e-05     0.000131058     0.000131058     0.000131058     6.23808e-05     -5.10271e-06     9.75701e-05
1398    2.53829e-05     0.000154111     0.000154111     0.000154111     7.43108e-05     -4.54641e-06     0.000115314
1402    1.08784e-05     6.65885e-05     6.65885e-05     6.65885e-05     2.92827e-05     -7.80959e-06     4.85096e-05
1406    9.06533e-06     5.58101e-05     5.58101e-05     5.58101e-05     1.74684e-05     -2.08255e-05     3.72716e-05
1410    2.35699e-05     0.000146212     0.000146212     0.000146212     6.83762e-05     -9.74425e-06     0.000108674
1414    2.53829e-05     0.000158614     0.000158614     0.000158614     7.61311e-05     -7.00979e-06     0.000118924
1418    3.26352e-05     0.00020544     0.00020544     0.00020544     9.49368e-05     -1.70039e-05     0.000152403
1422    2.7196e-05     0.000172358     0.000172358     0.000172358     8.74507e-05     9.14875e-07     0.000131738
1426    1.63176e-05     0.000104163     0.000104163     0.000104163     4.64239e-05     -1.27161e-05     7.66113e-05
1430    1.81307e-05     0.000116489     0.000116489     0.000116489     5.42715e-05     -9.75547e-06     8.68742e-05
1434    1.63176e-05     0.00010567     0.00010567     0.00010567     4.875e-05     -1.01364e-05     7.86529e-05
1438    2.53829e-05     0.000165394     0.000165394     0.000165394     8.37081e-05     -1.10847e-06     0.000126697
1442    1.08784e-05     7.13659e-05     7.13659e-05     7.13659e-05     3.61519e-05     -6.38368e-07     5.4739e-05
1446    1.63176e-05     0.000107599     0.000107599     0.000107599     5.43756e-05     -1.38687e-06     8.25059e-05
1450    1.26915e-05     8.43632e-05     8.43632e-05     8.43632e-05     4.25109e-05     -1.68445e-06     6.47133e-05
1454    1.08784e-05     7.26973e-05     7.26973e-05     7.26973e-05     3.66344e-05     -1.51414e-06     5.57815e-05
1458    1.63176e-05     0.000109887     0.000109887     0.000109887     5.05531e-05     -1.26088e-05     8.21492e-05
1462    1.81307e-05     0.000122873     0.000122873     0.000122873     5.68874e-05     -1.37934e-05     9.21264e-05
1466    1.81307e-05     0.000123711     0.000123711     0.000123711     6.20896e-05     -4.1652e-06     9.50562e-05
1470    7.25227e-06     4.9866e-05     4.9866e-05     4.9866e-05     1.20834e-05     -2.8758e-05     3.23476e-05
1474    1.63176e-05     0.000112947     0.000112947     0.000112947     5.66237e-05     -4.55126e-06     8.68995e-05
1478    1.26915e-05     8.82673e-05     8.82673e-05     8.82673e-05     3.93711e-05     -1.39973e-05     6.57136e-05
1482    7.25227e-06     5.07832e-05     5.07832e-05     5.07832e-05     2.3808e-05     -5.81959e-06     3.83831e-05
1486    2.53829e-05     0.000179083     0.000179083     0.000179083     8.1506e-05     -2.62028e-05     0.000134352
1490    9.06533e-06     6.43141e-05     6.43141e-05     6.43141e-05     3.21675e-05     -3.40535e-06     4.95976e-05
1494    1.08784e-05     7.76942e-05     7.76942e-05     7.76942e-05     3.87732e-05     -4.60514e-06     5.99456e-05
1498    1.81307e-05     0.000130412     0.000130412     0.000130412     6.49266e-05     -8.3653e-06     0.000100618
1502    7.25227e-06     5.2471e-05     5.2471e-05     5.2471e-05     2.13049e-05     -1.37968e-05     3.83399e-05
1506    1.45045e-05     0.000105652     0.000105652     0.000105652     5.26523e-05     -7.27412e-06     8.16736e-05
1510    1.08784e-05     7.97241e-05     7.97241e-05     7.97241e-05     3.32015e-05     -1.97152e-05     5.87452e-05
1514    1.26915e-05     9.36408e-05     9.36408e-05     9.36408e-05     3.51649e-05     -3.17458e-05     6.73577e-05
1518    1.08784e-05     8.08282e-05     8.08282e-05     8.08282e-05     3.52432e-05     -1.70773e-05     6.03736e-05
1522    1.99437e-05     0.000148933     0.000148933     0.000148933     7.40775e-05     -1.2386e-05     0.000115462
1526    5.4392e-06     4.09187e-05     4.09187e-05     4.09187e-05     2.03049e-05     -3.65695e-06     3.17337e-05
1530    9.06533e-06     6.84813e-05     6.84813e-05     6.84813e-05     2.90645e-05     -1.6805e-05     5.09291e-05
1534    1.08784e-05     8.27753e-05     8.27753e-05     8.27753e-05     4.09511e-05     -8.07551e-06     6.42269e-05
1538    5.4392e-06     4.16631e-05     4.16631e-05     4.16631e-05     1.89793e-05     -7.72196e-06     3.16269e-05
1542    5.4392e-06     4.19479e-05     4.19479e-05     4.19479e-05     1.58298e-05     -1.51096e-05     3.0433e-05
1546    9.06533e-06     7.03162e-05     7.03162e-05     7.03162e-05     3.14207e-05     -1.49471e-05     5.3229e-05
1550    5.4392e-06     4.23688e-05     4.23688e-05     4.23688e-05     1.27128e-05     -2.27191e-05     2.93569e-05
1554    5.4392e-06     4.26131e-05     4.26131e-05     4.26131e-05     1.6133e-05     -1.56341e-05     3.10214e-05
1558    1.81307e-06     1.43158e-05     1.43158e-05     1.43158e-05     -1.1535e-06     -1.98285e-05     7.56831e-06
1562    1.63176e-05     0.000129392     0.000129392     0.000129392     5.72962e-05     -3.02946e-05     9.80569e-05
1566    1.63176e-05     0.000130305     0.000130305     0.000130305     5.92169e-05     -2.75828e-05     9.9496e-05
1570    3.62613e-06     2.90558e-05     2.90558e-05     2.90558e-05     9.3579e-06     -1.47247e-05     2.05252e-05
1574    3.62613e-06     2.93658e-05     2.93658e-05     2.93658e-05     1.44464e-05     -4.02637e-06     2.29508e-05
1578    1.81307e-06     1.47039e-05     1.47039e-05     1.47039e-05     2.29505e-06     -1.30692e-05     9.36841e-06
1582    7.25227e-06     5.92684e-05     5.92684e-05     5.92684e-05     2.91797e-05     -8.308e-06     4.6378e-05
1586    0     0     0     0     -9.88213e-06     -2.22726e-05     -4.21845e-06
1590    5.4392e-06     4.49418e-05     4.49418e-05     4.49418e-05     2.21013e-05     -6.59674e-06     3.52035e-05
1594    0     0     0     0     0     0     0
1598    5.4392e-06     4.5462e-05     4.5462e-05     4.5462e-05     2.23143e-05     -7.07662e-06     3.5652e-05
1602    7.25227e-06     6.10333e-05     6.10333e-05     6.10333e-05     2.50441e-05     -2.09386e-05     4.58365e-05
1606    5.4392e-06     4.59595e-05     4.59595e-05     4.59595e-05     2.25791e-05     -7.35604e-06     3.60989e-05
1610    5.4392e-06     4.6229e-05     4.6229e-05     4.6229e-05     1.77872e-05     -1.88829e-05     3.42827e-05
1614    1.81307e-06     1.55268e-05     1.55268e-05     1.55268e-05     2.70778e-06     -1.3877e-05     1.01533e-05
1618    1.26915e-05     0.000109165     0.000109165     0.000109165     4.86273e-05     -3.01852e-05     8.38808e-05
1622    1.08784e-05     9.41179e-05     9.41179e-05     9.41179e-05     4.6097e-05     -1.68179e-05     7.41342e-05
1626    7.25227e-06     6.30877e-05     6.30877e-05     6.30877e-05     3.09205e-05     -1.13546e-05     4.97262e-05
1630    9.06533e-06     7.93171e-05     7.93171e-05     7.93171e-05     3.89114e-05     -1.4488e-05     6.25891e-05
1634    7.25227e-06     6.38001e-05     6.38001e-05     6.38001e-05     3.13107e-05     -1.17866e-05     5.03792e-05
1638    1.45045e-05     0.000128375     0.000128375     0.000128375     6.28283e-05     -2.46724e-05     0.000101398
1642    5.4392e-06     4.84049e-05     4.84049e-05     4.84049e-05     2.37119e-05     -9.45624e-06     3.82794e-05
1646    5.4392e-06     4.86365e-05     4.86365e-05     4.86365e-05     2.38085e-05     -9.68165e-06     3.84807e-05
1650    5.4392e-06     4.8937e-05     4.8937e-05     4.8937e-05     1.90388e-05     -2.15571e-05     3.67548e-05
1654    5.4392e-06     4.92311e-05     4.92311e-05     4.92311e-05     2.41361e-05     -1.00681e-05     3.90293e-05
1658    9.06533e-06     8.23795e-05     8.23795e-05     8.23795e-05     3.53606e-05     -2.8992e-05     6.33126e-05
1662    3.62613e-06     3.31917e-05     3.31917e-05     3.31917e-05     1.63076e-05     -6.94623e-06     2.63704e-05
1666    1.81307e-06     1.66972e-05     1.66972e-05     1.66972e-05     8.18631e-06     -3.6077e-06     1.32716e-05
1670    5.4392e-06     5.03337e-05     5.03337e-05     5.03337e-05     2.46592e-05     -1.11459e-05     4.00383e-05
1674    1.81307e-06     1.68076e-05     1.68076e-05     1.68076e-05     8.23428e-06     -3.72188e-06     1.33697e-05
1678    1.45045e-05     0.000135541     0.000135541     0.000135541     6.64353e-05     -3.05417e-05     0.000107934
1682    1.81307e-06     1.70646e-05     1.70646e-05     1.70646e-05     8.35667e-06     -3.94034e-06     1.35989e-05
1686    1.81307e-06     1.7124e-05     1.7124e-05     1.7124e-05     8.38768e-06     -4.02727e-06     1.36601e-05
1690    3.62613e-06     3.43946e-05     3.43946e-05     3.43946e-05     1.68507e-05     -8.15776e-06     2.74517e-05
1694    9.06533e-06     8.65285e-05     8.65285e-05     8.65285e-05     3.74576e-05     -3.28313e-05     6.71667e-05
1698    5.4392e-06     5.2181e-05     5.2181e-05     5.2181e-05     2.55964e-05     -1.26551e-05     4.17204e-05
1702    1.81307e-06     1.74678e-05     1.74678e-05     1.74678e-05     3.58558e-06     -1.65131e-05     1.20261e-05
1706    3.62613e-06     3.51124e-05     3.51124e-05     3.51124e-05     1.71914e-05     -8.83693e-06     2.81009e-05
1710    1.81307e-06     1.76662e-05     1.76662e-05     1.76662e-05     8.65993e-06     -4.54453e-06     1.41628e-05
1714    5.4392e-06     5.32487e-05     5.32487e-05     5.32487e-05     2.61167e-05     -1.37452e-05     4.27077e-05
1718    1.81307e-06     1.78766e-05     1.78766e-05     1.78766e-05     8.77742e-06     -4.6462e-06     1.43505e-05
1722    3.62613e-06     3.5846e-05     3.5846e-05     3.5846e-05     1.76223e-05     -9.43179e-06     2.88109e-05
1726    1.81307e-06     1.80588e-05     1.80588e-05     1.80588e-05     7.22591e-06     -8.94176e-06     1.38907e-05
1730    3.62613e-06     3.62279e-05     3.62279e-05     3.62279e-05     1.77981e-05     -9.82027e-06     2.91545e-05
1734    0     0     0     0     0     0     0
1738    3.62613e-06     3.65615e-05     3.65615e-05     3.65615e-05     1.79751e-05     -1.01389e-05     2.94693e-05
1742    7.25227e-06     7.35258e-05     7.35258e-05     7.35258e-05     3.62866e-05     -2.03996e-05     5.93712e-05
1746    1.81307e-06     1.85091e-05     1.85091e-05     1.85091e-05     9.1048e-06     -5.30065e-06     1.49484e-05
1750    3.62613e-06     3.71469e-05     3.71469e-05     3.71469e-05     1.8295e-05     -1.0672e-05     3.0023e-05
1754    1.81307e-06     1.86331e-05     1.86331e-05     1.86331e-05     9.1879e-06     -5.37006e-06     1.50709e-05
1758    1.81307e-06     1.87329e-05     1.87329e-05     1.87329e-05     9.23156e-06     -5.50443e-06     1.51634e-05
1762    3.62613e-06     3.77599e-05     3.77599e-05     3.77599e-05     1.8624e-05     -1.12409e-05     3.05991e-05
1766    5.4392e-06     5.68034e-05     5.68034e-05     5.68034e-05     2.7955e-05     -1.73502e-05     4.60503e-05
1770    0     0     0     0     0     0     0
1774    5.4392e-06     5.74102e-05     5.74102e-05     5.74102e-05     2.33852e-05     -3.04778e-05     4.47912e-05
1778    1.81307e-06     1.91961e-05     1.91961e-05     1.91961e-05     9.46671e-06     -6.00474e-06     1.55978e-05
1782    3.62613e-06     3.86346e-05     3.86346e-05     3.86346e-05     1.91097e-05     -1.21289e-05     3.1442e-05
1786    3.62613e-06     3.8784e-05     3.8784e-05     3.8784e-05     1.91611e-05     -1.23329e-05     3.15696e-05
1790    1.81307e-06     1.95285e-05     1.95285e-05     1.95285e-05     4.76693e-06     -1.91474e-05     1.41334e-05
1794    1.81307e-06     1.96191e-05     1.96191e-05     1.96191e-05     9.72795e-06     -6.39639e-06     1.60184e-05
1798    0     0     0     0     0     0     0
1802    1.81307e-06     1.98181e-05     1.98181e-05     1.98181e-05     9.80852e-06     -6.61008e-06     1.61885e-05
1806    0     0     0     0     -4.90949e-06     -1.29625e-05     -1.78022e-06
1810    1.81307e-06     1.9991e-05     1.9991e-05     1.9991e-05     9.90547e-06     -6.84493e-06     1.63628e-05
1814    1.81307e-06     2.00789e-05     2.00789e-05     2.00789e-05     9.94905e-06     -6.87505e-06     1.64348e-05
1818    3.62613e-06     4.03612e-05     4.03612e-05     4.03612e-05     1.99997e-05     -1.40304e-05     3.30655e-05
1822    5.4392e-06     6.07307e-05     6.07307e-05     6.07307e-05     3.01432e-05     -2.12909e-05     4.9814e-05
1826    3.62613e-06     4.06481e-05     4.06481e-05     4.06481e-05     2.01924e-05     -1.43107e-05     3.3362e-05
1830    1.81307e-06     2.04679e-05     2.04679e-05     2.04679e-05     1.0183e-05     -7.32598e-06     1.68264e-05
1834    0     0     0     0     0     0     0
1838    3.62613e-06     4.1222e-05     4.1222e-05     4.1222e-05     2.05536e-05     -1.48475e-05     3.39336e-05
1842    0     0     0     0     -4.88078e-06     -1.32918e-05     -1.7143e-06
1846    1.81307e-06     2.07752e-05     2.07752e-05     2.07752e-05     5.48931e-06     -2.0905e-05     1.54131e-05
1850    3.62613e-06     4.18156e-05     4.18156e-05     4.18156e-05     2.08664e-05     -1.56793e-05     3.45162e-05
1854    0     0     0     0     0     0     0
1858    3.62613e-06     4.21866e-05     4.21866e-05     4.21866e-05     2.11116e-05     -1.58835e-05     3.48724e-05
1862    1.81307e-06     2.11579e-05     2.11579e-05     2.11579e-05     1.06071e-05     -8.02745e-06     1.75109e-05
1866    1.81307e-06     2.12701e-05     2.12701e-05     2.12701e-05     5.7959e-06     -2.17009e-05     1.59426e-05
1870    3.62613e-06     4.28286e-05     4.28286e-05     4.28286e-05     2.14828e-05     -1.66765e-05     3.55088e-05
1874    0     0     0     0     0     0     0
1878    0     0     0     0     0     0     0
1882    0     0     0     0     -4.84308e-06     -1.36066e-05     -1.64747e-06
1886    5.4392e-06     6.53632e-05     6.53632e-05     6.53632e-05     3.28328e-05     -2.63875e-05     5.43412e-05
1890    1.81307e-06     2.18683e-05     2.18683e-05     2.18683e-05     1.10048e-05     -8.89177e-06     1.82022e-05
1894    0     0     0     0     0     0     0
1898    0     0     0     0     -3.21123e-06     -9.1279e-06     -1.07937e-06
1902    1.81307e-06     2.21025e-05     2.21025e-05     2.21025e-05     1.11579e-05     -9.12896e-06     1.84385e-05
1906    1.81307e-06     2.22055e-05     2.22055e-05     2.22055e-05     1.12099e-05     -9.1715e-06     1.85244e-05
1910    3.62613e-06     4.4694e-05     4.4694e-05     4.4694e-05     2.26276e-05     -1.87657e-05     3.73654e-05
1914    0     0     0     0     0     0     0
1918    0     0     0     0     0     0     0
1922    1.81307e-06     2.26139e-05     2.26139e-05     2.26139e-05     1.14788e-05     -9.65831e-06     1.89452e-05
1926    3.62613e-06     4.54797e-05     4.54797e-05     4.54797e-05     2.31545e-05     -1.94769e-05     3.81535e-05
1930    5.4392e-06     6.8335e-05     6.8335e-05     6.8335e-05     3.47877e-05     -2.93992e-05     5.73408e-05
1934    5.4392e-06     6.8635e-05     6.8635e-05     6.8635e-05     3.49349e-05     -2.97976e-05     5.76201e-05
1938    1.81307e-06     2.29754e-05     2.29754e-05     2.29754e-05     1.17146e-05     -1.00434e-05     1.93094e-05
1942    3.62613e-06     4.61136e-05     4.61136e-05     4.61136e-05     2.35304e-05     -2.03626e-05     3.87907e-05
1946    1.81307e-06     2.31839e-05     2.31839e-05     2.31839e-05     7.11141e-06     -2.43109e-05     1.79928e-05
1950    1.81307e-06     2.33277e-05     2.33277e-05     2.33277e-05     1.19232e-05     -1.05033e-05     1.9659e-05
1954    1.81307e-06     2.34312e-05     2.34312e-05     2.34312e-05     1.20077e-05     -1.05882e-05     1.97709e-05
1958    1.81307e-06     2.34805e-05     2.34805e-05     2.34805e-05     1.2033e-05     -1.06105e-05     1.98125e-05
1962    1.81307e-06     2.35932e-05     2.35932e-05     2.35932e-05     1.21186e-05     -1.07103e-05     1.99311e-05
1966    0     0     0     0     0     0     0
1970    1.81307e-06     2.37318e-05     2.37318e-05     2.37318e-05     1.21697e-05     -1.09664e-05     2.00564e-05
1974    0     0     0     0     0     0     0
1978    0     0     0     0     0     0     0
1982    1.81307e-06     2.40455e-05     2.40455e-05     2.40455e-05     1.24089e-05     -1.12823e-05     2.039e-05
1986    1.81307e-06     2.41636e-05     2.41636e-05     2.41636e-05     7.77411e-06     -2.57843e-05     1.90353e-05
1990    0     0     0     0     0     0     0
1994    0     0     0     0     0     0     0
1998    0     0     0     0     0     0     0
2002    3.62613e-06     4.9092e-05     4.9092e-05     4.9092e-05     4.9092e-05     4.9092e-05     4.9092e-05
2006    0     0     0     0     0     0     0
2010    0     0     0     0     0     0     0
2014    1.81307e-06     2.48227e-05     2.48227e-05     2.48227e-05     2.48227e-05     2.48227e-05     2.48227e-05
2018    3.62613e-06     4.99309e-05     4.99309e-05     4.99309e-05     4.99309e-05     4.99309e-05     4.99309e-05
2022    1.81307e-06     2.50632e-05     2.50632e-05     2.50632e-05     2.50632e-05     2.50632e-05     2.50632e-05
2026    1.81307e-06     2.51665e-05     2.51665e-05     2.51665e-05     2.51665e-05     2.51665e-05     2.51665e-05
2030    1.81307e-06     2.51869e-05     2.51869e-05     2.51869e-05     2.51869e-05     2.51869e-05     2.51869e-05
2034    0     0     0     0     0     0     0
2038    0     0     0     0     0     0     0
2042    0     0     0     0     0     0     0
2046    1.81307e-06     2.56106e-05     2.56106e-05     2.56106e-05     2.56106e-05     2.56106e-05     2.56106e-05
2050    1.81307e-06     2.57457e-05     2.57457e-05     2.57457e-05     2.57457e-05     2.57457e-05     2.57457e-05
2054    1.81307e-06     2.58318e-05     2.58318e-05     2.58318e-05     2.58318e-05     2.58318e-05     2.58318e-05
2058    0     0     0     0     0     0     0
2062    0     0     0     0     0     0     0
2066    1.81307e-06     2.60775e-05     2.60775e-05     2.60775e-05     2.60775e-05     2.60775e-05     2.60775e-05
2070    0     0     0     0     0     0     0
2074    1.81307e-06     2.63423e-05     2.63423e-05     2.63423e-05     2.63423e-05     2.63423e-05     2.63423e-05
2078    0     0     0     0     0     0     0
2082    1.81307e-06     2.65198e-05     2.65198e-05     2.65198e-05     2.65198e-05     2.65198e-05     2.65198e-05
2086    0     0     0     0     0     0     0
2090    1.81307e-06     2.67401e-05     2.67401e-05     2.67401e-05     2.67401e-05     2.67401e-05     2.67401e-05
2094    0     0     0     0     0     0     0
2098    0     0     0     0     0     0     0
2102    0     0     0     0     0     0     0
2106    0     0     0     0     0     0     0
2110    0     0     0     0     0     0     0
2114    0     0     0     0     0     0     0
2118    1.81307e-06     2.73779e-05     2.73779e-05     2.73779e-05     2.73779e-05     2.73779e-05     2.73779e-05
2122    1.81307e-06     2.75165e-05     2.75165e-05     2.75165e-05     2.75165e-05     2.75165e-05     2.75165e-05
2126    0     0     0     0     0     0     0
2130    0     0     0     0     0     0     0
2134    0     0     0     0     0     0     0
2138    1.81307e-06     2.79046e-05     2.79046e-05     2.79046e-05     2.79046e-05     2.79046e-05     2.79046e-05
2142    0     0     0     0     0     0     0
2146    0     0     0     0     0     0     0
2150    0     0     0     0     0     0     0
2154    0     0     0     0     0     0     0
2158    0     0     0     0     0     0     0
2162    0     0     0     0     0     0     0
2166    1.81307e-06     2.85922e-05     2.85922e-05     2.85922e-05     2.85922e-05     2.85922e-05     2.85922e-05
2170    0     0     0     0     0     0     0
2174    0     0     0     0     0     0     0
2178    1.81307e-06     2.89162e-05     2.89162e-05     2.89162e-05     2.89162e-05     2.89162e-05     2.89162e-05
2182    1.81307e-06     2.90438e-05     2.90438e-05     2.90438e-05     2.90438e-05     2.90438e-05     2.90438e-05
2186    0     0     0     0     0     0     0
2190    0     0     0     0     0     0     0
2194    0     0     0     0     0     0     0
2198    0     0     0     0     0     0     0
2202    1.81307e-06     2.95441e-05     2.95441e-05     2.95441e-05     2.95441e-05     2.95441e-05     2.95441e-05
2206    1.81307e-06     2.95961e-05     2.95961e-05     2.95961e-05     2.95961e-05     2.95961e-05     2.95961e-05
2210    1.81307e-06     2.97397e-05     2.97397e-05     2.97397e-05     2.97397e-05     2.97397e-05     2.97397e-05
2214    0     0     0     0     0     0     0
2218    0     0     0     0     0     0     0
2222    1.81307e-06     3.00247e-05     3.00247e-05     3.00247e-05     3.00247e-05     3.00247e-05     3.00247e-05
2226    0     0     0     0     0     0     0
2230    0     0     0     0     0     0     0
2234    1.81307e-06     3.03009e-05     3.03009e-05     3.03009e-05     3.03009e-05     3.03009e-05     3.03009e-05
2238    0     0     0     0     0     0     0
2242    1.81307e-06     3.053e-05     3.053e-05     3.053e-05     3.053e-05     3.053e-05     3.053e-05
2246    0     0     0     0     0     0     0
2250    1.81307e-06     3.07459e-05     3.07459e-05     3.07459e-05     3.07459e-05     3.07459e-05     3.07459e-05
2254    0     0     0     0     0     0     0
2258    0     0     0     0     0     0     0
2262    0     0     0     0     0     0     0
2266    0     0     0     0     0     0     0
2270    0     0     0     0     0     0     0
2274    1.81307e-06     3.13635e-05     3.13635e-05     3.13635e-05     3.13635e-05     3.13635e-05     3.13635e-05
2278    0     0     0     0     0     0     0
2282    0     0     0     0     0     0     0
2286    0     0     0     0     0     0     0
2290    0     0     0     0     0     0     0
2294    1.81307e-06     3.18212e-05     3.18212e-05     3.18212e-05     3.18212e-05     3.18212e-05     3.18212e-05
2298    0     0     0     0     0     0     0
2302    0     0     0     0     0     0     0
2306    0     0     0     0     0     0     0
2310    0     0     0     0     0     0     0
2314    0     0     0     0     0     0     0
2318    0     0     0     0     0     0     0
2322    0     0     0     0     0     0     0
2326    3.62613e-06     6.52336e-05     6.52336e-05     6.52336e-05     6.52336e-05     6.52336e-05     6.52336e-05
2330    0     0     0     0     0     0     0
2334    0     0     0     0     0     0     0
2338    0     0     0     0     0     0     0
2342    1.81307e-06     3.30689e-05     3.30689e-05     3.30689e-05     3.30689e-05     3.30689e-05     3.30689e-05
2346    0     0     0     0     0     0     0
2350    0     0     0     0     0     0     0
2354    0     0     0     0     0     0     0
2358    0     0     0     0     0     0     0
2362    0     0     0     0     0     0     0
2366    0     0     0     0     0     0     0
2370    0     0     0     0     0     0     0
2374    0     0     0     0     0     0     0
2378    0     0     0     0     0     0     0
2382    0     0     0     0     0     0     0
2386    1.81307e-06     3.41839e-05     3.41839e-05     3.41839e-05     3.41839e-05     3.41839e-05     3.41839e-05
2390    0     0     0     0     0     0     0
2394    0     0     0     0     0     0     0
2398    0     0     0     0     0     0     0
2402    0     0     0     0     0     0     0
2406    0     0     0     0     0     0     0
2410    0     0     0     0     0     0     0
2414    0     0     0     0     0     0     0
2418    0     0     0     0     0     0     0
2422    0     0     0     0     0     0     0
2426    0     0     0     0     0     0     0
2430    0     0     0     0     0     0     0
2434    0     0     0     0     0     0     0
2438    0     0     0     0     0     0     0
2442    0     0     0     0     0     0     0
2446    0     0     0     0     0     0     0
2450    0     0     0     0     0     0     0
2454    0     0     0     0     0     0     0
2458    1.81307e-06     3.60309e-05     3.60309e-05     3.60309e-05     3.60309e-05     3.60309e-05     3.60309e-05
2462    0     0     0     0     0     0     0
2466    1.81307e-06     3.61938e-05     3.61938e-05     3.61938e-05     3.61938e-05     3.61938e-05     3.61938e-05
2470    0     0     0     0     0     0     0
2474    0     0     0     0     0     0     0
2478    0     0     0     0     0     0     0
2482    0     0     0     0     0     0     0
2486    0     0     0     0     0     0     0
2490    0     0     0     0     0     0     0
2494    0     0     0     0     0     0     0
2498    0     0     0     0     0     0     0
2502    0     0     0     0     0     0     0
2506    0     0     0     0     0     0     0
2510    0     0     0     0     0     0     0
2514    0     0     0     0     0     0     0
2518    0     0     0     0     0     0     0
2522    0     0     0     0     0     0     0
2526    0     0     0     0     0     0     0
2530    0     0     0     0     0     0     0
2534    0     0     0     0     0     0     0
2538    0     0     0     0     0     0     0
2542    0     0     0     0     0     0     0
2546    0     0     0     0     0     0     0
2550    0     0     0     0     0     0     0
2554    0     0     0     0     0     0     0
2558    0     0     0     0     0     0     0
2562    0     0     0     0     0     0     0
2566    0     0     0     0     0     0     0
2570    0     0     0     0     0     0     0
2574    1.81307e-06     3.90942e-05     3.90942e-05     3.90942e-05     3.90942e-05     3.90942e-05     3.90942e-05
2578    0     0     0     0     0     0     0
2582    0     0     0     0     0     0     0
2586    0     0     0     0     0     0     0
2590    0     0     0     0     0     0     0
2594    0     0     0     0     0     0     0
2598    0     0     0     0     0     0     0
2602    1.81307e-06     3.98248e-05     3.98248e-05     3.98248e-05     3.98248e-05     3.98248e-05     3.98248e-05
2606    0     0     0     0     0     0     0
2610    0     0     0     0     0     0     0
2614    0     0     0     0     0     0     0
2618    0     0     0     0     0     0     0
2622    0     0     0     0     0     0     0
2626    0     0     0     0     0     0     0
2630    0     0     0     0     0     0     0
2634    0     0     0     0     0     0     0
2638    0     0     0     0     0     0     0
2642    0     0     0     0     0     0     0
2646    0     0     0     0     0     0     0
2650    0     0     0     0     0     0     0
2654    0     0     0     0     0     0     0
2658    0     0     0     0     0     0     0
2662    1.81307e-06     4.13288e-05     4.13288e-05     4.13288e-05     4.13288e-05     4.13288e-05     4.13288e-05
2666    0     0     0     0     0     0     0
2670    0     0     0     0     0     0     0
2674    0     0     0     0     0     0     0
2678    0     0     0     0     0     0     0
2682    0     0     0     0     0     0     0
2686    0     0     0     0     0     0     0
2690    0     0     0     0     0     0     0
2694    0     0     0     0     0     0     0
2698    0     0     0     0     0     0     0
2702    0     0     0     0     0     0     0
2706    0     0     0     0     0     0     0
2710    0     0     0     0     0     0     0
2714    0     0     0     0     0     0     0
2718    0     0     0     0     0     0     0
2722    0     0     0     0     0     0     0
2726    0     0     0     0     0     0     0
2730    0     0     0     0     0     0     0
2734    0     0     0     0     0     0     0
2738    0     0     0     0     0     0     0
2742    0     0     0     0     0     0     0
2746    0     0     0     0     0     0     0
2750    0     0     0     0     0     0     0
2754    0     0     0     0     0     0     0
2758    0     0     0     0     0     0     0
2762    0     0     0     0     0     0     0
2766    0     0     0     0     0     0     0
2770    0     0     0     0     0     0     0
2774    0     0     0     0     0     0     0
2778    0     0     0     0     0     0     0
2782    0     0     0     0     0     0     0
2786    0     0     0     0     0     0     0
2790    0     0     0     0     0     0     0
2794    0     0     0     0     0     0     0
2798    0     0     0     0     0     0     0
2802    0     0     0     0     0     0     0
2806    0     0     0     0     0     0     0
2810    0     0     0     0     0     0     0
2814    0     0     0     0     0     0     0
2818    0     0     0     0     0     0     0
2822    0     0     0     0     0     0     0
2826    0     0     0     0     0     0     0
2830    0     0     0     0     0     0     0
2834    0     0     0     0     0     0     0
2838    0     0     0     0     0     0     0
2842    0     0     0     0     0     0     0
2846    0     0     0     0     0     0     0
2850    0     0     0     0     0     0     0
2854    0     0     0     0     0     0     0
2858    0     0     0     0     0     0     0
2862    0     0     0     0     0     0     0
2866    0     0     0     0     0     0     0
2870    0     0     0     0     0     0     0
2874    0     0     0     0     0     0     0
2878    0     0     0     0     0     0     0
2882    0     0     0     0     0     0     0
2886    0     0     0     0     0     0     0
2890    0     0     0     0     0     0     0
2894    0     0     0     0     0     0     0
2898    0     0     0     0     0     0     0
2902    0     0     0     0     0     0     0
2906    0     0     0     0     0     0     0
2910    0     0     0     0     0     0     0
2914    0     0     0     0     0     0     0
2918    0     0     0     0     0     0     0
2922    0     0     0     0     0     0     0
2926    0     0     0     0     0     0     0
2930    0     0     0     0     0     0     0
2934    0     0     0     0     0     0     0
2938    0     0     0     0     0     0     0
2942    0     0     0     0     0     0     0
2946    0     0     0     0     0     0     0
2950    0     0     0     0     0     0     0
2954    0     0     0     0     0     0     0
2958    0     0     0     0     0     0     0
2962    0     0     0     0     0     0     0
2966    0     0     0     0     0     0     0
2970    0     0     0     0     0     0     0
2974    0     0     0     0     0     0     0
2978    0     0     0     0     0     0     0
2982    0     0     0     0     0     0     0
2986    0     0     0     0     0     0     0
2990    0     0     0     0     0     0     0
2994    0     0     0     0     0     0     0
2998    0     0     0     0     0     0     0
3002    0     0     0     0     0     0     0
3006    0     0     0     0     0     0     0
3010    0     0     0     0     0     0     0
3014    0     0     0     0     0     0     0
3018    0     0     0     0     0     0     0
3022    0     0     0     0     0     0     0
3026    0     0     0     0     0     0     0
3030    0     0     0     0     0     0     0
3034    0     0     0     0     0     0     0
3038    0     0     0     0     0     0     0
3042    0     0     0     0     0     0     0
3046    0     0     0     0     0     0     0
3050    0     0     0     0     0     0     0
3054    0     0     0     0     0     0     0
3058    0     0     0     0     0     0     0
3062    0     0     0     0     0     0     0
3066    0     0     0     0     0     0     0
3070    0     0     0     0     0     0     0
3074    0     0     0     0     0     0     0
3078    0     0     0     0     0     0     0
3082    0     0     0     0     0     0     0
3086    0     0     0     0     0     0     0
3090    0     0     0     0     0     0     0
3094    0     0     0     0     0     0     0
3098    0     0     0     0     0     0     0
3102    0     0     0     0     0     0     0
3106    0     0     0     0     0     0     0
3110    0     0     0     0     0     0     0
3114    0     0     0     0     0     0     0
3118    0     0     0     0     0     0     0
3122    0     0     0     0     0     0     0
3126    0     0     0     0     0     0     0
3130    0     0     0     0     0     0     0
3134    0     0     0     0     0     0     0
3138    0     0     0     0     0     0     0
3142    0     0     0     0     0     0     0
3146    0     0     0     0     0     0     0
3150    0     0     0     0     0     0     0
3154    0     0     0     0     0     0     0
3158    0     0     0     0     0     0     0
3162    0     0     0     0     0     0     0
3166    0     0     0     0     0     0     0
3170    0     0     0     0     0     0     0
3174    0     0     0     0     0     0     0
3178    0     0     0     0     0     0     0
3182    0     0     0     0     0     0     0
3186    0     0     0     0     0     0     0
3190    0     0     0     0     0     0     0
3194    0     0     0     0     0     0     0
3198    0     0     0     0     0     0     0
3202    0     0     0     0     0     0     0
3206    0     0     0     0     0     0     0
3210    0     0     0     0     0     0     0
3214    0     0     0     0     0     0     0
3218    0     0     0     0     0     0     0
3222    0     0     0     0     0     0     0
3226    0     0     0     0     0     0     0
3230    0     0     0     0     0     0     0
3234    0     0     0     0     0     0     0
3238    0     0     0     0     0     0     0
3242    0     0     0     0     0     0     0
3246    0     0     0     0     0     0     0
3250    0     0     0     0     0     0     0
3254    0     0     0     0     0     0     0
3258    0     0     0     0     0     0     0
3262    0     0     0     0     0     0     0
3266    0     0     0     0     0     0     0
3270    0     0     0     0     0     0     0
3274    0     0     0     0     0     0     0
3278    0     0     0     0     0     0     0
3282    0     0     0     0     0     0     0
3286    0     0     0     0     0     0     0
3290    0     0     0     0     0     0     0
3294    0     0     0     0     0     0     0
3298    0     0     0     0     0     0     0
3302    0     0     0     0     0     0     0
3306    0     0     0     0     0     0     0
3310    0     0     0     0     0     0     0
3314    0     0     0     0     0     0     0
3318    0     0     0     0     0     0     0
3322    0     0     0     0     0     0     0
3326    0     0     0     0     0     0     0
3330    0     0     0     0     0     0     0
3334    0     0     0     0     0     0     0
3338    0     0     0     0     0     0     0
3342    0     0     0     0     0     0     0
3346    0     0     0     0     0     0     0
3350    0     0     0     0     0     0     0
3354    0     0     0     0     0     0     0
3358    0     0     0     0     0     0     0
3362    0     0     0     0     0     0     0
3366    0     0     0     0     0     0     0
3370    0     0     0     0     0     0     0
3374    0     0     0     0     0     0     0
3378    0     0     0     0     0     0     0
3382    0     0     0     0     0     0     0
3386    0     0     0     0     0     0     0
3390    0     0     0     0     0     0     0
3394    0     0     0     0     0     0     0
3398    0     0     0     0     0     0     0
3402    0     0     0     0     0     0     0
3406    0     0     0     0     0     0     0
3410    0     0     0     0     0     0     0
3414    0     0     0     0     0     0     0
3418    0     0     0     0     0     0     0
3422    0     0     0     0     0     0     0
3426    0     0     0     0     0     0     0
3430    0     0     0     0     0     0     0
3434    0     0     0     0     0     0     0
3438    0     0     0     0     0     0     0
3442    0     0     0     0     0     0     0
3446    0     0     0     0     0     0     0
3450    0     0     0     0     0     0     0
3454    0     0     0     0     0     0     0
3458    0     0     0     0     0     0     0
3462    0     0     0     0     0     0     0
3466    0     0     0     0     0     0     0
3470    0     0     0     0     0     0     0
3474    0     0     0     0     0     0     0
3478    0     0     0     0     0     0     0
3482    0     0     0     0     0     0     0
3486    0     0     0     0     0     0     0
3490    0     0     0     0     0     0     0
3494    0     0     0     0     0     0     0
3498    0     0     0     0     0     0     0
3502    0     0     0     0     0     0     0
3506    0     0     0     0     0     0     0
3510    0     0     0     0     0     0     0
3514    0     0     0     0     0     0     0
3518    0     0     0     0     0     0     0
3522    0     0     0     0     0     0     0
3526    0     0     0     0     0     0     0
3530    0     0     0     0     0     0     0
3534    0     0     0     0     0     0     0
3538    0     0     0     0     0     0     0
3542    0     0     0     0     0     0     0
3546    0     0     0     0     0     0     0
3550    0     0     0     0     0     0     0
3554    0     0     0     0     0     0     0
3558    0     0     0     0     0     0     0
3562    0     0     0     0     0     0     0
3566    0     0     0     0     0     0     0
3570    0     0     0     0     0     0     0
3574    0     0     0     0     0     0     0
3578    0     0     0     0     0     0     0
3582    0     0     0     0     0     0     0
3586    0     0     0     0     0     0     0
3590    0     0     0     0     0     0     0
3594    0     0     0     0     0     0     0
3598    0     0     0     0     0     0     0
3602    0     0     0     0     0     0     0
3606    0     0     0     0     0     0     0
3610    0     0     0     0     0     0     0
3614    0     0     0     0     0     0     0
3618    0     0     0     0     0     0     0
3622    0     0     0     0     0     0     0
3626    0     0     0     0     0     0     0
3630    0     0     0     0     0     0     0
3634    0     0     0     0     0     0     0
3638    0     0     0     0     0     0     0
3642    0     0     0     0     0     0     0
3646    0     0     0     0     0     0     0
3650    0     0     0     0     0     0     0
3654    0     0     0     0     0     0     0
3658    0     0     0     0     0     0     0
3662    0     0     0     0     0     0     0
3666    0     0     0     0     0     0     0
3670    0     0     0     0     0     0     0
3674    0     0     0     0     0     0     0
3678    0     0     0     0     0     0     0
3682    0     0     0     0     0     0     0
3686    0     0     0     0     0     0     0
3690    0     0     0     0     0     0     0
3694    0     0     0     0     0     0     0
3698    0     0     0     0     0     0     0
3702    0     0     0     0     0     0     0
3706    0     0     0     0     0     0     0
3710    0     0     0     0     0     0     0
3714    0     0     0     0     0     0     0
3718    0     0     0     0     0     0     0
3722    0     0     0     0     0     0     0
3726    0     0     0     0     0     0     0
3730    0     0     0     0     0     0     0
3734    0     0     0     0     0     0     0
3738    0     0     0     0     0     0     0
3742    0     0     0     0     0     0     0
3746    0     0     0     0     0     0     0
3750    0     0     0     0     0     0     0
3754    0     0     0     0     0     0     0
3758    0     0     0     0     0     0     0
3762    0     0     0     0     0     0     0
3766    0     0     0     0     0     0     0
3770    0     0     0     0     0     0     0
3774    0     0     0     0     0     0     0
3778    0     0     0     0     0     0     0
3782    0     0     0     0     0     0     0
3786    0     0     0     0     0     0     0
3790    0     0     0     0     0     0     0
3794    0     0     0     0     0     0     0
3798    0     0     0     0     0     0     0
3802    0     0     0     0     0     0     0
3806    0     0     0     0     0     0     0
3810    0     0     0     0     0     0     0
3814    0     0     0     0     0     0     0
3818    0     0     0     0     0     0     0
3822    0     0     0     0     0     0     0
3826    0     0     0     0     0     0     0
3830    0     0     0     0     0     0     0
3834    0     0     0     0     0     0     0
3838    0     0     0     0     0     0     0
3842    0     0     0     0     0     0     0
3846    0     0     0     0     0     0     0
3850    0     0     0     0     0     0     0
3854    0     0     0     0     0     0     0
3858    0     0     0     0     0     0     0
3862    0     0     0     0     0     0     0
3866    0     0     0     0     0     0     0
3870    0     0     0     0     0     0     0
3874    0     0     0     0     0     0     0
3878    0     0     0     0     0     0     0
3882    0     0     0     0     0     0     0
3886    0     0     0     0     0     0     0
3890    0     0     0     0     0     0     0
3894    0     0     0     0     0     0     0
3898    0     0     0     0     0     0     0
3902    0     0     0     0     0     0     0
3906    0     0     0     0     0     0     0
3910    0     0     0     0     0     0     0
3914    0     0     0     0     0     0     0
3918    0     0     0     0     0     0     0
3922    0     0     0     0     0     0     0
3926    0     0     0     0     0     0     0
3930    0     0     0     0     0     0     0
3934    0     0     0     0     0     0     0
3938    0     0     0     0     0     0     0
3942    0     0     0     0     0     0     0
3946    0     0     0     0     0     0     0
3950    0     0     0     0     0     0     0
3954    0     0     0     0     0     0     0
3958    0     0     0     0     0     0     0
3962    0     0     0     0     0     0     0
3966    0     0     0     0     0     0     0
3970    0     0     0     0     0     0     0
3974    0     0     0     0     0     0     0
3978    0     0     0     0     0     0     0
3982    0     0     0     0     0     0     0
3986    0     0     0     0     0     0     0
3990    0     0     0     0     0     0     0
3994    0     0     0     0     0     0     0
3998    0     0     0     0     0     0     0
