1     0     0     0     0     0     0     0
3     0     0     0     0     0     0     0
5     6.93543e-06     1.28219e-08     1.28219e-08     1.28219e-08     1.28219e-08     1.28219e-08     1.28219e-08
7     0     0     0     0     0     0     0
9     0     0     0     0     0     0     0
11     0     0     0     0     0     0     0
13     6.93543e-06     5.11996e-09     5.11996e-09     5.11996e-09     5.11996e-09     5.11996e-09     5.11996e-09
15     2.08063e-05     1.33876e-08     1.33876e-08     1.33876e-08     1.33876e-08     1.33876e-08     1.33876e-08
17     3.46772e-05     1.8498e-08     1.8498e-08     1.8498e-08     1.8498e-08     1.8498e-08     1.8498e-08
19     1.38709e-05     6.51457e-09     6.51457e-09     6.51457e-09     6.51457e-09     6.51457e-09     6.51457e-09
21     2.08063e-05     8.90479e-09     8.90479e-09     8.90479e-09     8.90479e-09     8.90479e-09     8.90479e-09
23     2.08063e-05     7.97271e-09     7.97271e-09     7.97271e-09     7.97271e-09     7.97271e-09     7.97271e-09
25     1.38709e-05     4.8529e-09     4.8529e-09     4.8529e-09     4.8529e-09     4.8529e-09     4.8529e-09
27     2.08063e-05     6.34516e-09     6.34516e-09     6.34516e-09     6.34516e-09     6.34516e-09     6.34516e-09
29     1.38709e-05     3.91625e-09     3.91625e-09     3.91625e-09     3.91625e-09     3.91625e-09     3.91625e-09
31     2.08063e-05     5.36357e-09     5.36357e-09     5.36357e-09     5.36357e-09     5.36357e-09     5.36357e-09
33     4.8548e-05     1.14747e-08     1.14747e-08     1.14747e-08     1.14747e-08     1.14747e-08     1.14747e-08
35     2.77417e-05     6.03196e-09     6.03196e-09     6.03196e-09     6.03196e-09     6.03196e-09     6.03196e-09
37     6.24189e-05     1.2461e-08     1.2461e-08     1.2461e-08     1.2461e-08     1.2461e-08     1.2461e-08
39     7.62898e-05     1.42948e-08     1.42948e-08     1.42948e-08     1.42948e-08     1.42948e-08     1.42948e-08
41     5.54835e-05     9.63311e-09     9.63311e-09     9.63311e-09     9.63311e-09     9.63311e-09     9.63311e-09
43     3.46772e-05     5.69019e-09     5.69019e-09     5.69019e-09     5.69019e-09     5.69019e-09     5.69019e-09
45     6.24189e-05     9.58656e-09     9.58656e-09     9.58656e-09     9.58656e-09     9.58656e-09     9.58656e-09
47     4.8548e-05     6.94213e-09     6.94213e-09     6.94213e-09     6.94213e-09     6.94213e-09     6.94213e-09
49     4.16126e-05     5.65146e-09     5.65146e-09     5.65146e-09     5.65146e-09     5.65146e-09     5.65146e-09
51     2.77417e-05     3.58382e-09     3.58382e-09     3.58382e-09     3.58382e-09     3.58382e-09     3.58382e-09
53     8.32252e-05     1.03096e-08     1.03096e-08     1.03096e-08     1.03096e-08     1.03096e-08     1.03096e-08
55     5.54835e-05     6.58366e-09     6.58366e-09     6.58366e-09     6.58366e-09     6.58366e-09     6.58366e-09
57     0.000104032     1.17771e-08     1.17771e-08     1.17771e-08     1.17771e-08     1.17771e-08     1.17771e-08
59     9.01607e-05     9.84628e-09     9.84628e-09     9.84628e-09     9.84628e-09     9.84628e-09     9.84628e-09
61     0.000124838     1.30666e-08     1.30666e-08     1.30666e-08     1.30666e-08     1.30666e-08     1.30666e-08
63     0.000104032     1.05081e-08     1.05081e-08     1.05081e-08     1.05081e-08     1.05081e-08     1.05081e-08
65     9.01607e-05     8.86629e-09     8.86629e-09     8.86629e-09     8.86629e-09     8.86629e-09     8.86629e-09
67     7.62898e-05     7.27862e-09     7.27862e-09     7.27862e-09     7.27862e-09     7.27862e-09     7.27862e-09
69     9.01607e-05     8.40065e-09     8.40065e-09     8.40065e-09     8.40065e-09     8.40065e-09     8.40065e-09
71     0.000110967     1.00673e-08     1.00673e-08     1.00673e-08     1.00673e-08     1.00673e-08     1.00673e-08
73     5.54835e-05     4.94178e-09     4.94178e-09     4.94178e-09     4.94178e-09     4.94178e-09     4.94178e-09
75     0.00016645     1.45346e-08     1.45346e-08     1.45346e-08     1.45346e-08     1.45346e-08     1.45346e-08
77     6.93543e-05     5.96481e-09     5.96481e-09     5.96481e-09     5.96481e-09     5.96481e-09     5.96481e-09
79     9.70961e-05     8.22872e-09     8.22872e-09     8.22872e-09     8.22872e-09     8.22872e-09     8.22872e-09
81     9.70961e-05     8.14632e-09     8.14632e-09     8.14632e-09     8.14632e-09     8.14632e-09     8.14632e-09
83     0.000131773     1.09398e-08     1.09398e-08     1.09398e-08     1.09398e-08     1.09398e-08     1.09398e-08
85     0.000131773     1.08553e-08     1.08553e-08     1.08553e-08     1.08553e-08     1.08553e-08     1.08553e-08
87     0.000104032     8.52146e-09     8.52146e-09     8.52146e-09     8.52146e-09     8.52146e-09     8.52146e-09
89     0.000180321     1.47036e-08     1.47036e-08     1.47036e-08     1.47036e-08     1.47036e-08     1.47036e-08
91     0.000187257     1.52326e-08     1.52326e-08     1.52326e-08     1.52326e-08     1.52326e-08     1.52326e-08
93     0.000138709     1.12748e-08     1.12748e-08     1.12748e-08     1.12748e-08     1.12748e-08     1.12748e-08
95     0.000117902     9.58981e-09     9.58981e-09     9.58981e-09     9.58981e-09     9.58981e-09     9.58981e-09
97     0.000173386     1.41311e-08     1.41311e-08     1.41311e-08     1.41311e-08     1.41311e-08     1.41311e-08
99     0.000117902     9.6409e-09     9.6409e-09     9.6409e-09     9.6409e-09     9.6409e-09     9.6409e-09
101     0.000145644     1.19605e-08     1.19605e-08     1.19605e-08     1.19605e-08     1.19605e-08     1.19605e-08
103     0.000208063     1.71662e-08     1.71662e-08     1.71662e-08     1.71662e-08     1.71662e-08     1.71662e-08
105     0.000145644     1.20921e-08     1.20921e-08     1.20921e-08     1.20921e-08     1.20921e-08     1.20921e-08
107     0.000110967     9.29514e-09     9.29514e-09     9.29514e-09     9.29514e-09     9.29514e-09     9.29514e-09
109     0.000124838     1.05944e-08     1.05944e-08     1.05944e-08     1.05944e-08     1.05944e-08     1.05944e-08
111     0.000131773     1.13252e-08     1.13252e-08     1.13252e-08     1.13252e-08     1.13252e-08     1.13252e-08
113     0.000201128     1.76045e-08     1.76045e-08     1.76045e-08     1.76045e-08     1.76045e-08     1.76045e-08
115     0.000228869     2.04759e-08     2.04759e-08     2.04759e-08     2.04759e-08     2.04759e-08     2.04759e-08
117     0.00024274     2.2238e-08     2.2238e-08     2.2238e-08     2.2238e-08     2.2238e-08     2.2238e-08
119     0.000208063     1.96582e-08     1.96582e-08     1.96582e-08     1.96582e-08     1.96582e-08     1.96582e-08
121     0.000208063     2.04049e-08     2.04049e-08     2.04049e-08     2.04049e-08     2.04049e-08     2.04049e-08
123     0.000235805     2.41441e-08     2.41441e-08     2.41441e-08     2.41441e-08     2.41441e-08     2.41441e-08
125     0.000235805     2.52838e-08     2.52838e-08     2.52838e-08     2.52838e-08     2.52838e-08     2.52838e-08
127     0.000235805     2.6852e-08     2.6852e-08     2.6852e-08     2.6852e-08     2.6852e-08     2.6852e-08
129     0.000208063     2.51775e-08     2.51775e-08     2.51775e-08     2.51775e-08     2.51775e-08     2.51775e-08
131     0.000159515     2.06029e-08     2.06029e-08     2.06029e-08     2.06029e-08     2.06029e-08     2.06029e-08
133     0.000221934     3.09477e-08     3.09477e-08     3.09477e-08     3.09477e-08     3.09477e-08     3.09477e-08
135     0.000228869     3.45489e-08     3.45489e-08     3.45489e-08     3.45489e-08     3.45489e-08     3.45489e-08
137     0.000228869     3.78378e-08     3.78378e-08     3.78378e-08     3.78378e-08     3.78378e-08     3.78378e-08
139     0.000201128     3.64597e-08     3.64597e-08     3.64597e-08     3.64597e-08     3.64597e-08     3.64597e-08
141     0.000270482     5.52725e-08     5.52725e-08     5.52725e-08     5.52725e-08     5.52725e-08     5.52725e-08
143     0.000249676     5.76383e-08     5.76383e-08     5.76383e-08     5.76383e-08     5.76383e-08     5.76383e-08
145     0.00016645     4.29972e-08     4.29972e-08     4.29972e-08     4.29972e-08     4.29972e-08     4.29972e-08
147     0.000249676     7.42822e-08     7.42822e-08     7.42822e-08     7.42822e-08     7.42822e-08     7.42822e-08
149     0.000284353     1.01043e-07     1.01043e-07     1.01043e-07     1.01043e-07     1.01043e-07     1.01043e-07
151     0.000173386     7.27356e-08     7.27356e-08     7.27356e-08     7.27356e-08     7.27356e-08     7.27356e-08
153     0.00024274     1.26621e-07     1.26621e-07     1.26621e-07     1.26621e-07     1.26621e-07     1.26621e-07
155     0.000270482     1.77091e-07     1.77091e-07     1.77091e-07     1.77091e-07     1.77091e-07     1.77091e-07
157     0.000298224     2.47713e-07     2.47713e-07     2.47713e-07     2.47713e-07     2.47713e-07     2.47713e-07
159     0.000277417     3.72194e-07     3.72194e-07     3.72194e-07     3.72194e-07     3.72194e-07     3.72194e-07
161     0.000249676     5.91961e-07     5.91961e-07     5.91961e-07     5.91961e-07     5.91961e-07     5.91961e-07
163     0.000325965     1.1762e-06     1.1762e-06     1.1762e-06     1.1762e-06     1.1762e-06     1.1762e-06
165     0.00024274     1.19376e-06     1.19376e-06     1.19376e-06     1.19376e-06     1.19376e-06     1.19376e-06
167     0.000305159     1.83424e-06     1.83424e-06     1.83424e-06     1.83424e-06     1.83424e-06     1.83424e-06
169     0.000284353     1.97467e-06     1.97467e-06     1.97467e-06     1.97467e-06     1.97467e-06     1.97467e-06
171     0.000214998     1.68897e-06     1.68897e-06     1.68897e-06     1.68897e-06     1.68897e-06     1.68897e-06
173     0.000235805     2.05123e-06     2.05123e-06     2.05123e-06     2.05123e-06     2.05123e-06     2.05123e-06
175     0.00031903     3.02585e-06     3.02585e-06     3.02585e-06     3.02585e-06     3.02585e-06     3.02585e-06
177     0.000332901     3.41614e-06     3.41614e-06     3.41614e-06     3.41614e-06     3.41614e-06     3.41614e-06
179     0.000263547     2.93636e-06     2.93636e-06     2.93636e-06     2.93636e-06     2.93636e-06     2.93636e-06
181     0.000256611     3.13219e-06     3.13219e-06     3.13219e-06     3.13219e-06     3.13219e-06     3.13219e-06
183     0.000263547     3.55749e-06     3.55749e-06     3.55749e-06     3.55749e-06     3.55749e-06     3.55749e-06
185     0.000228869     3.42001e-06     3.42001e-06     3.42001e-06     3.42001e-06     3.42001e-06     3.42001e-06
187     0.000270482     4.44465e-06     4.44465e-06     4.44465e-06     4.44465e-06     4.44465e-06     4.44465e-06
189     0.000298224     5.24387e-06     5.24387e-06     5.24387e-06     5.24387e-06     5.24387e-06     5.24387e-06
191     0.000284353     5.33568e-06     5.33568e-06     5.33568e-06     5.33568e-06     5.33568e-06     5.33568e-06
193     0.000381449     7.59048e-06     7.59048e-06     7.59048e-06     7.59048e-06     7.59048e-06     7.59048e-06
195     0.000367578     7.70958e-06     7.70958e-06     7.70958e-06     7.70958e-06     7.70958e-06     7.70958e-06
197     0.000325965     7.20032e-06     7.20032e-06     7.20032e-06     7.20032e-06     7.20032e-06     7.20032e-06
199     0.000360643     8.34518e-06     8.34518e-06     8.34518e-06     8.34518e-06     8.34518e-06     8.34518e-06
201     0.000388384     9.3783e-06     9.3783e-06     9.3783e-06     9.3783e-06     9.3783e-06     9.3783e-06
203     0.000339836     8.58712e-06     8.58712e-06     8.58712e-06     8.58712e-06     8.58712e-06     8.58712e-06
205     0.000332901     8.75785e-06     8.75785e-06     8.75785e-06     8.75785e-06     8.75785e-06     8.75785e-06
207     0.000409191     1.12235e-05     1.12235e-05     1.12235e-05     1.12235e-05     1.12235e-05     1.12235e-05
209     0.000332901     9.48749e-06     9.48749e-06     9.48749e-06     9.48749e-06     9.48749e-06     9.48749e-06
211     0.000325965     9.68676e-06     9.68676e-06     9.68676e-06     0.00024767     0.000350524     0.000176897
213     0.000360643     1.11184e-05     1.11184e-05     1.11184e-05     0.000242556     0.000342767     0.000173549
215     0.000298224     9.52572e-06     9.52572e-06     9.52572e-06     0.000251289     0.00035619     0.000179095
217     0.000402255     1.32822e-05     1.32822e-05     1.32822e-05     0.000245859     0.000346944     0.000176381
219     0.000436932     1.4893e-05     1.4893e-05     1.4893e-05     0.000235679     0.000331738     0.000169611
221     0.000381449     1.3437e-05     1.3437e-05     1.3437e-05     0.000255319     0.000360606     0.000182912
223     0.000339836     1.23648e-05     1.23648e-05     1.23648e-05     0.000244986     0.00034631     0.000175299
225     0.000499351     1.87148e-05     1.87148e-05     1.87148e-05     0.000259377     0.000364302     0.000187154
227     0.00039532     1.52954e-05     1.52954e-05     1.52954e-05     0.000241791     0.000340529     0.000173788
229     0.000346772     1.3825e-05     1.3825e-05     1.3825e-05     0.000253135     0.000357478     0.000181288
231     0.000409191     1.68074e-05     1.68074e-05     1.68074e-05     0.000248204     0.000349094     0.000178747
233     0.000402255     1.70267e-05     1.70267e-05     1.70267e-05     0.000246549     0.000346629     0.000177617
235     0.000353707     1.53994e-05     1.53994e-05     1.53994e-05     0.000249431     0.000351485     0.000179157
237     0.000381449     1.70671e-05     1.70671e-05     1.70671e-05     0.00023236     0.000326253     0.000167677
239     0.00047161     2.16922e-05     2.16922e-05     2.16922e-05     0.00024633     0.000344332     0.000178777
241     0.000360643     1.70394e-05     1.70394e-05     1.70394e-05     0.000230018     0.000322941     0.00016594
243     0.000589512     2.86199e-05     2.86199e-05     2.86199e-05     0.000248428     0.000344414     0.000182222
245     0.00048548     2.41918e-05     2.41918e-05     2.41918e-05     0.000247266     0.000344722     0.000180047
247     0.000346772     1.77915e-05     1.77915e-05     1.77915e-05     0.000240721     0.000338131     0.000173489
249     0.000499351     2.62006e-05     2.62006e-05     2.62006e-05     0.00023438     0.000325288     0.000171631
251     0.000353707     1.90306e-05     1.90306e-05     1.90306e-05     0.000231905     0.000324795     0.000167776
253     0.000520158     2.87281e-05     2.87281e-05     2.87281e-05     0.00024052     0.000332831     0.000176729
255     0.000388384     2.19702e-05     2.19702e-05     2.19702e-05     0.000229627     0.000319963     0.000167159
257     0.000388384     2.25459e-05     2.25459e-05     2.25459e-05     0.000226324     0.000314834     0.000165096
259     0.000367578     2.18218e-05     2.18218e-05     2.18218e-05     0.00022317     0.000310498     0.000162685
261     0.00048548     2.95542e-05     2.95542e-05     2.95542e-05     0.000240834     0.000332348     0.000177426
263     0.000478545     2.98346e-05     2.98346e-05     2.98346e-05     0.000234586     0.000323236     0.000173151
265     0.000464674     2.96405e-05     2.96405e-05     2.96405e-05     0.000230035     0.000316774     0.000169884
267     0.000402255     2.61978e-05     2.61978e-05     2.61978e-05     0.000228016     0.000315343     0.000167408
269     0.000464674     3.09848e-05     3.09848e-05     3.09848e-05     0.000213986     0.000293218     0.000158998
271     0.000450803     3.07345e-05     3.07345e-05     3.07345e-05     0.00022193     0.000304755     0.00016445
273     0.000513222     3.57921e-05     3.57921e-05     3.57921e-05     0.000224937     0.000306943     0.000168027
275     0.000423062     3.01617e-05     3.01617e-05     3.01617e-05     0.000214492     0.000294433     0.000159
277     0.000416126     3.03112e-05     3.03112e-05     3.03112e-05     0.000229155     0.000315481     0.000169252
279     0.000520158     3.86996e-05     3.86996e-05     3.86996e-05     0.00022529     0.000306288     0.00016907
281     0.000582577     4.42498e-05     4.42498e-05     4.42498e-05     0.000233907     0.00031617     0.000176775
283     0.000409191     3.17256e-05     3.17256e-05     3.17256e-05     0.000214148     0.000293201     0.000159209
285     0.00047161     3.74238e-05     3.74238e-05     3.74238e-05     0.000208044     0.000281904     0.000156695
287     0.00063806     5.16484e-05     5.16484e-05     5.16484e-05     0.000236958     0.000317066     0.000181221
289     0.000513222     4.23537e-05     4.23537e-05     4.23537e-05     0.000220044     0.000296826     0.000166586
291     0.000513222     4.31809e-05     4.31809e-05     4.31809e-05     0.00020992     0.000281989     0.000159745
293     0.000436932     3.74939e-05     3.74939e-05     3.74939e-05     0.000210988     0.000286031     0.000158766
295     0.000402255     3.51473e-05     3.51473e-05     3.51473e-05     0.000208324     0.000283281     0.000156142
297     0.000513222     4.57826e-05     4.57826e-05     4.57826e-05     0.000230766     0.000310926     0.000174963
299     0.000381449     3.46699e-05     3.46699e-05     3.46699e-05     0.000200514     0.000272432     0.000150445
301     0.00056177     5.19988e-05     5.19988e-05     5.19988e-05     0.0002249     0.000299887     0.000172686
303     0.000520158     4.91536e-05     4.91536e-05     4.91536e-05     0.000224077     0.000299945     0.000171241
305     0.000534028     5.13227e-05     5.13227e-05     5.13227e-05     0.000227857     0.000304368     0.000174561
307     0.000478545     4.68974e-05     4.68974e-05     4.68974e-05     0.000218352     0.000292595     0.000166585
309     0.00047161     4.70586e-05     4.70586e-05     4.70586e-05     0.000210769     0.000281579     0.00016137
311     0.000547899     5.56569e-05     5.56569e-05     5.56569e-05     0.00021149     0.00027886     0.00016447
313     0.000547899     5.66862e-05     5.66862e-05     5.66862e-05     0.000231476     0.000306981     0.000178757
315     0.000540964     5.69481e-05     5.69481e-05     5.69481e-05     0.000215571     0.000284045     0.000167748
317     0.000540964     5.79746e-05     5.79746e-05     5.79746e-05     0.000225756     0.000298164     0.000175174
319     0.000568706     6.19164e-05     6.19164e-05     6.19164e-05     0.000225424     0.000295967     0.000176137
321     0.000520158     5.7663e-05     5.7663e-05     5.7663e-05     0.000220332     0.000290489     0.000171299
323     0.00063806     7.18204e-05     7.18204e-05     7.18204e-05     0.000240965     0.000313899     0.000189968
325     0.000568706     6.51551e-05     6.51551e-05     6.51551e-05     0.000230062     0.000301119     0.000180341
327     0.000617254     7.17914e-05     7.17914e-05     7.17914e-05     0.000237246     0.0003085     0.000187359
329     0.000644995     7.6231e-05     7.6231e-05     7.6231e-05     0.00023418     0.000302168     0.000186588
331     0.000631125     7.57883e-05     7.57894e-05     7.57883e-05     0.000228576     0.00029423     0.000182564
333     0.00063806     7.78515e-05     7.78526e-05     7.78515e-05     0.000249648     0.000323332     0.000197969
335     0.000651931     8.0808e-05     8.0809e-05     8.0808e-05     0.00025581     0.000330744     0.000203232
337     0.000540964     6.80682e-05     6.80691e-05     6.80682e-05     0.000233597     0.000304325     0.00018393
339     0.000582577     7.44832e-05     7.44843e-05     7.44832e-05     0.000240407     0.000311131     0.00019068
341     0.000721285     9.36941e-05     9.36955e-05     9.36941e-05     0.000261934     0.000333524     0.000211581
343     0.00063806     8.41611e-05     8.41624e-05     8.41611e-05     0.000249055     0.000319103     0.000199737
345     0.000610318     8.18309e-05     8.18322e-05     8.18309e-05     0.000246648     0.000316783     0.000197276
347     0.000540964     7.38157e-05     7.3817e-05     7.38157e-05     0.000239599     0.000310403     0.000189803
349     0.000735156     0.000102384     0.000102386     0.000102384     0.000276681     0.000351182     0.000224292
351     0.000651931     9.27476e-05     9.27493e-05     9.27476e-05     0.000269675     0.000345388     0.000216443
353     0.00071435     0.000103838     0.00010384     0.000103838     0.000277742     0.000352318     0.000225331
355     0.000582577     8.68745e-05     8.68763e-05     8.68745e-05     0.000282068     0.000365981     0.000223127
357     0.000693543     0.000105677     0.00010568     0.000105677     0.000289206     0.000368316     0.000233675
359     0.000783704     0.000122296     0.000122298     0.000122296     0.000302819     0.000380826     0.000248084
361     0.000755962     0.000120815     0.000120817     0.000120815     0.000313785     0.000397298     0.000255202
363     0.000603383     9.86562e-05     9.86586e-05     9.86562e-05     0.000293167     0.000377435     0.000234058
365     0.000769833     0.000128571     0.000128574     0.000128571     0.00032345     0.000407991     0.000264178
367     0.000755962     0.000128935     0.000128938     0.000128935     0.000323417     0.000407867     0.00026421
369     0.00079064     0.000137747     0.00013775     0.000137747     0.000343872     0.000433495     0.000281054
371     0.000859994     0.000153028     0.000153032     0.000153028     0.000361954     0.000452938     0.000298198
373     0.000665802     0.000120967     0.00012097     0.000120967     0.000331682     0.000423567     0.000267297
375     0.000776769     0.000144236     0.00014424     0.000144236     0.000362566     0.000457946     0.000295772
377     0.000728221     0.000138051     0.000138055     0.000138051     0.00034568     0.000436522     0.000282076
379     0.000762898     0.000147662     0.000147667     0.000147662     0.000343412     0.000429199     0.000283377
381     0.000762898     0.000150697     0.000150701     0.000150697     0.000368215     0.00046366     0.000301419
383     0.000818381     0.000164877     0.000164882     0.000164877     0.000377104     0.000470368     0.000311858
385     0.000818381     0.000168104     0.000168109     0.000168104     0.000379476     0.000472482     0.000314426
387     0.000624189     0.000130532     0.000130536     0.000130532     0.000353366     0.000451519     0.000284713
389     0.000762898     0.000162476     0.000162481     0.000162476     0.000371478     0.00046365     0.000307023
391     0.000728221     0.00015787     0.000157875     0.00015787     0.000394505     0.000498959     0.000321466
393     0.000901607     0.000198788     0.000198795     0.000198788     0.000429609     0.000531622     0.000358297
395     0.000783704     0.000175786     0.000175792     0.000175786     0.000416372     0.000522808     0.000341985
397     0.000887736     0.000202399     0.000202406     0.000202399     0.000430717     0.000531831     0.000360056
399     0.000728221     0.000168859     0.000168865     0.000168859     0.000379644     0.000473097     0.000314351
401     0.000887736     0.000209173     0.000209181     0.000209173     0.000432959     0.000532286     0.000363563
403     0.000853059     0.000204226     0.000204234     0.000204226     0.00042987     0.000530153     0.000359834
405     0.000762898     0.000185786     0.000185793     0.000185786     0.000423586     0.000529382     0.000349696
407     0.00080451     0.000198999     0.000199006     0.000198999     0.000430106     0.000533057     0.000358233
409     0.000908542     0.000228172     0.000228181     0.000228172     0.000467439     0.000574131     0.000392956
411     0.000811446     0.000207094     0.000207103     0.000207094     0.000439854     0.000543737     0.000367343
413     0.000943219     0.000244214     0.000244224     0.000244214     0.000468884     0.000569213     0.000398837
415     0.0008808     0.000231521     0.000231531     0.000231521     0.000463098     0.000566599     0.000390857
417     0.0008808     0.00023483     0.00023484     0.00023483     0.000471877     0.000577905     0.000397885
419     0.000936284     0.000253287     0.000253299     0.000253287     0.000481272     0.000583333     0.000410042
421     0.0008808     0.000241507     0.000241518     0.000241507     0.000476126     0.000581251     0.000402758
423     0.000846123     0.000235321     0.000235332     0.000235321     0.000475338     0.000583033     0.0004002
425     0.00104725     0.000295057     0.00029507     0.000295057     0.000541575     0.000652342     0.000464324
427     0.000970961     0.000277194     0.000277207     0.000277194     0.000507695     0.000611388     0.000435384
429     0.000984832     0.000284818     0.000284832     0.000284818     0.000516346     0.000620625     0.000443662
431     0.000922413     0.000270281     0.000270294     0.000270281     0.000504847     0.000610544     0.000431161
433     0.00101257     0.000300733     0.000300748     0.000300733     0.000548275     0.000659883     0.000470482
435     0.00103338     0.000310831     0.000310848     0.000310831     0.000577243     0.000697368     0.00049348
437     0.000998703     0.000304256     0.000304272     0.000304256     0.000550676     0.000661853     0.000473164
439     0.00108193     0.000333707     0.000333724     0.000333707     0.000596493     0.000715138     0.000513772
441     0.000977896     0.00030531     0.000305326     0.00030531     0.000538458     0.00064386     0.000464991
443     0.00104725     0.000331076     0.000331095     0.000331076     0.000570619     0.000679114     0.000495033
445     0.00106112     0.000339822     0.000339841     0.000339822     0.000603051     0.000722514     0.000519869
447     0.000998703     0.000323418     0.000323436     0.000323418     0.000574359     0.000688466     0.000494929
449     0.00108886     0.000356706     0.000356726     0.000356706     0.00059541     0.00070417     0.000519757
451     0.00110273     0.000365308     0.000365331     0.000365308     0.000620804     0.000737375     0.000539734
453     0.0010958     0.000367105     0.000367128     0.000367105     0.000627663     0.000746657     0.000544913
455     0.00126918     0.000430082     0.000430108     0.000430082     0.000690933     0.000810145     0.000608051
457     0.000894671     0.0003065     0.000306519     0.0003065     0.000577871     0.000701906     0.000491621
459     0.00117209     0.000405672     0.000405699     0.000405672     0.000693511     0.000825057     0.000602031
461     0.00114435     0.000400609     0.000400635     0.000400609     0.000640756     0.000750435     0.000564443
463     0.00124838     0.00044182     0.000441849     0.00044182     0.000719519     0.000846232     0.000631297
465     0.00124838     0.00044659     0.000446621     0.00044659     0.000707049     0.000825801     0.000624342
467     0.00123451     0.000446255     0.000446287     0.000446255     0.000730216     0.000859573     0.000640084
469     0.00123451     0.000451119     0.000451151     0.000451119     0.000722489     0.00084604     0.000636391
471     0.00122757     0.00045317     0.000453202     0.00045317     0.000734843     0.000863038     0.000645493
473     0.0013316     0.000496606     0.000496643     0.000496606     0.000757558     0.000876304     0.000674765
475     0.00147031     0.0005538     0.000553843     0.0005538     0.000856229     0.000993871     0.000760249
477     0.00134547     0.000511911     0.00051195     0.000511911     0.000800315     0.000931634     0.000708734
479     0.0013316     0.000511555     0.000511594     0.000511555     0.000765898     0.000881814     0.000685074
481     0.00129693     0.000503227     0.000503267     0.000503227     0.000781638     0.000908674     0.000693088
483     0.00144257     0.000565345     0.000565393     0.000565345     0.000859668     0.000994139     0.000765947
485     0.00147031     0.000581907     0.000581956     0.000581907     0.000888195     0.00102834     0.000790566
487     0.0014287     0.000570966     0.000571013     0.000570966     0.000888499     0.00103397     0.000787182
489     0.00138015     0.000556668     0.000556716     0.000556668     0.00083983     0.000969684     0.000749402
491     0.00130386     0.000531177     0.000531225     0.000531177     0.000819808     0.000952249     0.000727577
493     0.0014287     0.000587417     0.00058747     0.000587417     0.000858393     0.000982761     0.00077178
495     0.00133854     0.000555185     0.000555235     0.000555185     0.000877307     0.00102519     0.000774331
497     0.0015466     0.000647618     0.000647679     0.000647618     0.00100652     0.00117122     0.000891772
499     0.00138709     0.000585947     0.000586005     0.000585947     0.000880174     0.00101523     0.000786087
501     0.00145644     0.000621071     0.000621132     0.000621071     0.000915143     0.00105014     0.000821066
503     0.00150499     0.000647382     0.000647445     0.000647382     0.000962959     0.00110794     0.000861972
505     0.00147725     0.000641429     0.000641496     0.000641429     0.000943067     0.00108172     0.000846472
507     0.00138015     0.000604409     0.000604474     0.000604409     0.000949368     0.00110808     0.000838818
509     0.00153967     0.000680414     0.000680487     0.000680414     0.000975441     0.00111135     0.000880799
511     0.00159515     0.000711399     0.000711475     0.000711399     0.00104144     0.00119369     0.000935446
513     0.00181708     0.000817869     0.000817963     0.000817869     0.00115181     0.00130609     0.00104444
515     0.00185176     0.000840916     0.000841016     0.000840916     0.00120857     0.00137868     0.00109023
517     0.00156741     0.000717887     0.000717971     0.000717887     0.00104447     0.00119581     0.000939222
519     0.00183095     0.000845904     0.000846003     0.000845904     0.00123386     0.00141391     0.00110871
521     0.00175467     0.000817555     0.000817657     0.000817555     0.00115946     0.00131831     0.00104907
523     0.00165063     0.000775711     0.000775813     0.000775711     0.00106192     0.00119502     0.000969448
525     0.00163676     0.000776116     0.000776217     0.000776116     0.00109659     0.00124568     0.000992988
527     0.00188644     0.00090193     0.000902046     0.00090193     0.00128051     0.00145666     0.00115809
529     0.00190031     0.000916331     0.000916459     0.000916331     0.0012736     0.00143989     0.00115806
531     0.00177547     0.00086316     0.000863285     0.00086316     0.00121512     0.00137887     0.00110129
533     0.0018795     0.000921038     0.00092117     0.000921038     0.00129539     0.00146947     0.00117434
535     0.00200434     0.000990295     0.000990435     0.000990295     0.00140389     0.00159612     0.00127019
537     0.00196273     0.000977669     0.00097782     0.000977669     0.00133638     0.00150305     0.00122044
539     0.00213611     0.0010731     0.00107327     0.0010731     0.00145892     0.00163809     0.00133423
541     0.00211531     0.0010712     0.00107137     0.0010712     0.00145511     0.00163342     0.00133106
543     0.00190031     0.000970231     0.000970384     0.000970231     0.00136361     0.00154628     0.00123648
545     0.00210837     0.00108557     0.00108575     0.00108557     0.00147151     0.00165073     0.00134675
547     0.00208757     0.00108395     0.00108414     0.00108395     0.00147942     0.00166315     0.00135154
549     0.00193499     0.00101369     0.00101387     0.00101369     0.00137872     0.0015483     0.00126064
551     0.00227482     0.00120156     0.00120177     0.00120156     0.00161999     0.0018145     0.00148459
553     0.00203902     0.00108672     0.00108693     0.00108672     0.00153214     0.00173923     0.00138794
555     0.00228869     0.00123014     0.00123038     0.00123014     0.0016962     0.001913     0.00154526
557     0.0022124     0.00119947     0.0011997     0.00119947     0.00163716     0.00184087     0.00149533
559     0.00226095     0.001236     0.00123624     0.001236     0.00166007     0.00185761     0.00152257
561     0.00233031     0.00128359     0.00128386     0.00128359     0.00174324     0.00195759     0.0015941
563     0.00256611     0.00142462     0.00142494     0.00142462     0.00189152     0.00210954     0.0017399
565     0.0024274     0.00135786     0.00135816     0.00135786     0.0017925     0.00199565     0.00165124
567     0.0025453     0.00143428     0.00143459     0.00143428     0.00192462     0.00215405     0.00176512
569     0.0022124     0.00125662     0.00125692     0.00125662     0.00169047     0.00189363     0.00154924
571     0.00249676     0.00142985     0.00143021     0.00142985     0.00189776     0.00211703     0.00174539
573     0.00239273     0.00138287     0.00138322     0.00138287     0.0018485     0.00206672     0.00169681
575     0.00261466     0.00152477     0.00152515     0.00152477     0.00199684     0.00221813     0.00184303
577     0.00261466     0.00153881     0.00153924     0.00153881     0.00201338     0.00223592     0.00185873
579     0.00269095     0.00159851     0.00159897     0.00159851     0.00213104     0.00238069     0.00195748
581     0.00282272     0.00169138     0.00169185     0.00169138     0.0022056     0.00244678     0.00203796
583     0.00265627     0.00160566     0.00160611     0.00160566     0.00209056     0.00231804     0.00193241
585     0.00296143     0.00180569     0.00180625     0.00180569     0.00236105     0.00262177     0.00217985
587     0.00296837     0.00182657     0.00182716     0.00182657     0.00234015     0.00258144     0.00217251
589     0.00321111     0.00199544     0.00199608     0.00199544     0.00257837     0.0028523     0.00238799
591     0.00314175     0.001972     0.00197262     0.001972     0.00253306     0.00279691     0.00234971
593     0.00318336     0.00202066     0.00202138     0.00202066     0.00261908     0.00290077     0.00242342
595     0.00336369     0.00215929     0.00216008     0.00215929     0.00280038     0.00310235     0.00259065
597     0.00311401     0.00202177     0.00202251     0.00202177     0.0026058     0.00288113     0.00241461
599     0.00325272     0.00213476     0.00213552     0.00213476     0.00273308     0.00301536     0.0025371
601     0.00331514     0.00219915     0.00220004     0.00219915     0.00283902     0.0031413     0.00262926
603     0.0034261     0.00229502     0.00229598     0.00229502     0.00296476     0.00328152     0.00274502
605     0.00348852     0.00235927     0.00236024     0.00235927     0.00299111     0.00329033     0.00278364
607     0.00357868     0.00244391     0.00244491     0.00244391     0.0031085     0.00342348     0.0028901
609     0.00339143     0.00233983     0.00234093     0.00233983     0.00295237     0.00324308     0.00275093
611     0.00358562     0.00250029     0.00250147     0.00250029     0.00316592     0.00348203     0.00294693
613     0.0037382     0.00263703     0.00263826     0.00263703     0.00331104     0.00363119     0.0030892
615     0.00380062     0.00271414     0.0027154     0.00271414     0.00340421     0.00373208     0.00317703
617     0.00373126     0.00269839     0.00269983     0.00269839     0.00338566     0.00371243     0.00315934
619     0.00405029     0.00296787     0.00296947     0.00296787     0.00369815     0.00404553     0.00345763
621     0.00384917     0.00285623     0.00285775     0.00285623     0.00354804     0.00387726     0.00332013
623     0.00391852     0.00294663     0.00294818     0.00294663     0.00362464     0.00394742     0.00340118
625     0.00393933     0.00300124     0.00300305     0.00300124     0.00371596     0.00405657     0.00348031
627     0.00394626     0.00304717     0.00304903     0.00304717     0.00376445     0.00410642     0.00352783
629     0.00405723     0.00317453     0.00317644     0.00317453     0.00392542     0.00428366     0.0036776
631     0.00413352     0.00328031     0.00328226     0.00328031     0.00403775     0.00439924     0.00378764
633     0.00436239     0.00350929     0.00351169     0.00350929     0.004276     0.00464256     0.00402269
635     0.00451497     0.00368384     0.00368637     0.00368384     0.00447794     0.00485788     0.00421547
637     0.00445948     0.00369277     0.00369528     0.00369277     0.00447231     0.00484551     0.00421451
639     0.00459126     0.00386143     0.003864     0.00386143     0.00465631     0.00503721     0.0043933
641     0.00468835     0.00400501     0.00400809     0.00400501     0.00480523     0.00518942     0.00454027
643     0.00445255     0.00386648     0.00386945     0.00386648     0.00462492     0.00498944     0.00437363
645     0.00460513     0.00406957     0.00407264     0.00406957     0.00483333     0.00520082     0.0045801
647     0.00441787     0.00397307     0.00397602     0.00397307     0.00471607     0.00507376     0.00446956
649     0.00477158     0.0043683     0.00437203     0.0043683     0.0051564     0.00553664     0.00489479
651     0.00477851     0.00445325     0.00445702     0.00445325     0.00522811     0.00560215     0.00497082
653     0.00477851     0.00453686     0.00454063     0.00453686     0.00532785     0.00570961     0.00506514
655     0.00451497     0.00436627     0.00436983     0.00436627     0.00509807     0.00545139     0.00485502
657     0.00467448     0.00460584     0.00461012     0.00460584     0.00533895     0.00569355     0.0050954
659     0.00445255     0.00447061     0.00447471     0.00447061     0.00519048     0.00553868     0.00495126
661     0.00465368     0.00475906     0.00476335     0.00475906     0.00547832     0.00582663     0.0052392
663     0.00503513     0.00525059     0.00525523     0.00525059     0.00601105     0.00637977     0.00575807
665     0.00447336     0.00475687     0.00476158     0.00475687     0.0054367     0.00576716     0.00521036
667     0.00488255     0.00529356     0.00529872     0.00529356     0.00601361     0.00636418     0.00577369
669     0.00467448     0.00516993     0.00517487     0.00516993     0.00587389     0.00621681     0.00563914
671     0.00464674     0.00524107     0.00524598     0.00524107     0.00590761     0.00623277     0.00568519
673     0.00479932     0.00551982     0.00552549     0.00551982     0.00616943     0.00648743     0.00595258
675     0.00486174     0.00570433     0.00571008     0.00570433     0.00636257     0.00668491     0.00614275
677     0.00465368     0.0055713     0.00557681     0.0055713     0.00617119     0.00646529     0.0059708
679     0.00505593     0.00617254     0.00617853     0.00617254     0.00680281     0.0071121     0.00659222
681     0.005049     0.00628431     0.00629081     0.00628431     0.00688463     0.00718006     0.00668399
683     0.00482706     0.00612676     0.00613297     0.00612676     0.00668673     0.00696246     0.0064995
685     0.00501432     0.00648912     0.00649557     0.00648912     0.00705025     0.00732694     0.00686258
687     0.00480626     0.00633844     0.00634463     0.00633844     0.00683697     0.00708336     0.00667017
689     0.0047161     0.00633959     0.00634596     0.00633959     0.00681028     0.00704356     0.00665269
691     0.00455658     0.00624748     0.00625363     0.00624748     0.00667323     0.00688478     0.0065306
693     0.00438319     0.00612547     0.00613139     0.00612547     0.00651539     0.00670963     0.00638465
695     0.00459126     0.00653996     0.00654616     0.00653996     0.0069282     0.00712212     0.00679792
697     0.00452884     0.0065715     0.00657769     0.0065715     0.00691565     0.00708841     0.00680006
699     0.00434852     0.00642764     0.00643358     0.00642764     0.00672725     0.00687839     0.00662656
701     0.00441787     0.00664449     0.00665053     0.00664449     0.0069198     0.00705935     0.0068272
703     0.00465368     0.00711999     0.00712633     0.00711999     0.00737831     0.00751002     0.00729139
705     0.0040711     0.00633047     0.00633586     0.00633047     0.00651905     0.00661601     0.00645556
707     0.00426529     0.00673954     0.00674519     0.00673954     0.00690695     0.0069939     0.00685057
709     0.00366885     0.00588701     0.00589187     0.00588701     0.00600034     0.00606027     0.00596216
711     0.0041682     0.00679304     0.00679853     0.00679304     0.00688557     0.00693603     0.00685438
713     0.00414045     0.00685032     0.00685542     0.00685032     0.00690511     0.00693686     0.00688664
715     0.00391852     0.00657738     0.00658222     0.00657738     0.00659416     0.00660715     0.0065885
717     0.00386304     0.00657615     0.00658092     0.00657615     0.00655964     0.00656998     0.00655161
719     0.00370352     0.00638801     0.00639253     0.00638801     0.00633713     0.00635883     0.00631235
721     0.00368272     0.00642969     0.00643375     0.00642969     0.00634394     0.00637697     0.00630213
723     0.00367578     0.00649164     0.00649569     0.00649164     0.00637084     0.00641573     0.00631188
725     0.00341917     0.00609999     0.00610375     0.00609999     0.00595423     0.00600733     0.00588302
727     0.00351627     0.00633369     0.00633748     0.00633369     0.00615117     0.00621677     0.00606187
729     0.0031903     0.00579872     0.00580173     0.00579872     0.00560017     0.00567049     0.00550295
731     0.00333594     0.00611657     0.00611972     0.00611657     0.0058782     0.0059622     0.0057614
733     0.00334288     0.00618073     0.00618389     0.00618073     0.00590467     0.00600151     0.00576931
735     0.00333594     0.00621845     0.00622153     0.00621845     0.00591518     0.00602121     0.00576641
737     0.00298224     0.00560365     0.005606     0.00560365     0.00530325     0.00540763     0.00515582
739     0.00298917     0.00565981     0.00566216     0.00565981     0.00532422     0.00544061     0.00515945
741     0.00282966     0.00539819     0.00540042     0.00539819     0.00505318     0.00517272     0.00488363
743     0.00301691     0.00579642     0.00579872     0.00579642     0.00539708     0.00553525     0.00520065
745     0.00282966     0.00547282     0.00547464     0.00547282     0.00508004     0.00521561     0.00488665
747     0.00285046     0.00554796     0.00554979     0.00554796     0.00510958     0.00526079     0.00489349
749     0.00259385     0.00507792     0.00507959     0.00507792     0.00465076     0.0047981     0.00444001
751     0.00257998     0.00507495     0.00507656     0.00507495     0.00461318     0.00477236     0.00438525
753     0.00244127     0.00482275     0.004824     0.00482275     0.00438215     0.0045338     0.0041645
755     0.00237192     0.00470368     0.00470489     0.00470368     0.00424842     0.0044051     0.00402342
757     0.0025453     0.00506472     0.00506602     0.00506472     0.00453555     0.00471765     0.00427395
759     0.0020945     0.00418105     0.00418208     0.00418105     0.00373209     0.00388658     0.00351005
761     0.00233031     0.00466583     0.00466676     0.00466583     0.00414662     0.00432513     0.00388965
763     0.0024066     0.00483371     0.00483467     0.00483371     0.00428158     0.00447147     0.00400809
765     0.00200434     0.0040378     0.00403861     0.0040378     0.00354941     0.00371746     0.00330726
767     0.00204595     0.00413507     0.00413584     0.00413507     0.00362339     0.00379952     0.00336946
769     0.00208063     0.00421772     0.00421837     0.00421772     0.00366496     0.00385516     0.00339037
771     0.00192112     0.00390709     0.00390769     0.00390709     0.00338917     0.00356749     0.00313163
773     0.0018795     0.00383453     0.00383511     0.00383453     0.00331561     0.00349437     0.00305744
775     0.00192805     0.00394557     0.00394613     0.00394557     0.00338665     0.00357924     0.00310836
777     0.00178241     0.00365766     0.00365808     0.00365766     0.00313595     0.00331573     0.00287597
779     0.0020737     0.00426579     0.00426628     0.00426579     0.00362459     0.00384568     0.00330472
781     0.00167144     0.00344586     0.00344626     0.00344586     0.00291389     0.00309744     0.00264826
783     0.00186563     0.00385245     0.00385287     0.00385245     0.00325691     0.00346255     0.00295925
785     0.0015258     0.00315524     0.00315552     0.00315524     0.00265084     0.00282507     0.00239842
787     0.00155354     0.00321682     0.00321711     0.00321682     0.00269166     0.00287323     0.00242857
789     0.0015466     0.00320653     0.00320681     0.00320653     0.00266953     0.00285532     0.00240022
791     0.00174079     0.0036142     0.00361449     0.0036142     0.00300625     0.00321672     0.002701
793     0.00160902     0.00334581     0.00334603     0.00334581     0.00275801     0.00296157     0.0024627
795     0.00147725     0.00307705     0.00307726     0.00307705     0.00251364     0.00270882     0.00223035
797     0.00153273     0.00319829     0.00319849     0.00319829     0.00261472     0.002817     0.00232116
799     0.00135241     0.0028274     0.00282758     0.0028274     0.00228762     0.0024748     0.00201591
801     0.00142176     0.00297847     0.00297862     0.00297847     0.00242351     0.00261604     0.002144
803     0.00137322     0.00288291     0.00288305     0.00288291     0.00233396     0.00252451     0.00205721
805     0.00138709     0.00291808     0.00291822     0.00291808     0.00233403     0.00253691     0.00203936
807     0.0013108     0.00276338     0.0027635     0.00276338     0.00220231     0.00239734     0.0019189
809     0.00115822     0.00244688     0.00244697     0.00244688     0.00195154     0.00212383     0.00170103
811     0.00140096     0.00296591     0.00296602     0.00296591     0.00234901     0.00256377     0.00203662
813     0.00108886     0.00231016     0.00231024     0.00231016     0.00183183     0.00199851     0.00158936
815     0.00107499     0.00228484     0.00228491     0.00228484     0.00179181     0.00196372     0.00154154
817     0.00113741     0.0024219     0.00242197     0.0024219     0.0019116     0.00208965     0.0016524
819     0.00102644     0.00218969     0.00218975     0.00218969     0.00171813     0.00188274     0.00147851
821     0.00110273     0.00235654     0.00235661     0.00235654     0.00184863     0.00202593     0.00159051
823     0.00115822     0.00247933     0.00247939     0.00247933     0.00190438     0.00210507     0.00161234
825     0.00122064     0.00261756     0.0026176     0.00261756     0.00201778     0.0022271     0.00171315
827     0.000964025     0.00207077     0.0020708     0.00207077     0.00157432     0.00174759     0.00132215
829     0.00106112     0.00228365     0.00228369     0.00228365     0.00173226     0.00192483     0.00145191
831     0.000873865     0.00188453     0.00188456     0.00188453     0.00143476     0.00159206     0.0012057
833     0.000901607     0.00194858     0.00194861     0.00194858     0.00147992     0.00164412     0.00124048
835     0.000818381     0.00177294     0.00177297     0.00177294     0.00134641     0.00149618     0.0011278
837     0.000873865     0.00189762     0.00189764     0.00189762     0.00143003     0.00159454     0.00118961
839     0.000915477     0.00199264     0.00199266     0.00199264     0.00149957     0.00167333     0.00124548
841     0.000839188     0.00183069     0.00183071     0.00183069     0.00136582     0.00152976     0.00112599
843     0.000832252     0.00181926     0.00181927     0.00181926     0.0013646     0.00152494     0.00113013
845     0.000825317     0.00180816     0.00180817     0.00180816     0.00134285     0.00150689     0.00110308
847     0.000749027     0.0016446     0.00164461     0.0016446     0.00121995     0.00136958     0.00100141
849     0.00080451     0.0017705     0.00177051     0.0017705     0.00130035     0.00146595     0.00105847
851     0.000853059     0.0018816     0.00188161     0.0018816     0.00137571     0.00155394     0.00111541
853     0.000679673     0.00150328     0.00150329     0.00150328     0.00108405     0.00123189     0.000868097
855     0.000762898     0.00169163     0.00169164     0.00169163     0.00124665     0.00140375     0.00101692
857     0.000749027     0.00166556     0.00166556     0.00166556     0.00120242     0.00136618     0.000962829
859     0.000776769     0.00173213     0.00173214     0.00173213     0.00124165     0.00141535     0.000987298
861     0.000610318     0.00136461     0.00136461     0.00136461     0.000965021     0.00110673     0.000757428
863     0.000658866     0.00147694     0.00147694     0.00147694     0.00106563     0.00121165     0.000851545
865     0.000631125     0.00141852     0.00141852     0.00141852     0.00100462     0.00115171     0.000788902
867     0.000693543     0.00156274     0.00156274     0.00156274     0.00113093     0.00128452     0.00090557
869     0.000575641     0.00130052     0.00130052     0.00130052     0.000925845     0.00105923     0.000730063
871     0.000610318     0.00138216     0.00138216     0.00138216     0.000977045     0.0011214     0.000765127
873     0.000464674     0.00105494     0.00105494     0.00105494     0.000742033     0.000853634     0.000578133
875     0.00056177     0.00127869     0.00127869     0.00127869     0.000883238     0.0010244     0.000675836
877     0.000589512     0.00134508     0.00134508     0.00134508     0.00093766     0.00108321     0.000723762
879     0.000568706     0.00130106     0.00130107     0.00130106     0.000914294     0.00105255     0.000711056
881     0.000457739     0.00104996     0.00104996     0.00104996     0.000705248     0.000828524     0.000524023
883     0.000520158     0.00119631     0.00119631     0.00119631     0.000836781     0.000965385     0.000647746
885     0.00063806     0.0014719     0.0014719     0.0014719     0.00102617     0.00118565     0.000791728
887     0.000527093     0.00121948     0.00121948     0.00121948     0.000850178     0.00098237     0.000655794
889     0.000554835     0.00128763     0.00128764     0.00128763     0.000882629     0.00102774     0.00066925
891     0.000534028     0.00124309     0.0012431     0.00124309     0.000862183     0.000998829     0.000661028
893     0.000499351     0.00116647     0.00116647     0.00116647     0.00080711     0.000936262     0.00061684
895     0.000534028     0.00125177     0.00125177     0.00125177     0.000841617     0.000989308     0.000623799
897     0.000554835     0.00130472     0.00130473     0.00130472     0.000889423     0.00103926     0.000668262
899     0.000450803     0.00106363     0.00106363     0.00106363     0.000723427     0.000846348     0.000541863
901     0.000624189     0.00147757     0.00147758     0.00147757     0.00101437     0.00118188     0.00076685
903     0.000367578     0.000872835     0.000872838     0.000872835     0.000588514     0.000691361     0.000436508
905     0.000423062     0.0010079     0.00100791     0.0010079     0.000684472     0.000801465     0.0005116
907     0.000374513     0.00089494     0.000894943     0.00089494     0.000602619     0.000708348     0.000446438
909     0.000499351     0.00119691     0.00119692     0.00119691     0.000817346     0.000954631     0.00061455
911     0.000464674     0.00111782     0.00111782     0.00111782     0.000766896     0.000893892     0.000579308
913     0.000436932     0.00105469     0.00105469     0.00105469     0.000719515     0.00084092     0.000540097
915     0.000429997     0.00104166     0.00104166     0.00104166     0.000671595     0.000805803     0.000473143
917     0.000381449     0.000927311     0.000927315     0.000927311     0.00059723     0.000717112     0.000419862
919     0.000402255     0.000981295     0.0009813     0.000981295     0.000654487     0.00077334     0.00047847
921     0.000402255     0.000984853     0.000984857     0.000984853     0.000650446     0.000772211     0.000469995
923     0.00031903     0.000783676     0.000783679     0.000783676     0.000508323     0.000608696     0.000359517
925     0.000284353     0.000700693     0.000700696     0.000700693     0.000467111     0.000552342     0.000340715
927     0.00039532     0.00097737     0.000977374     0.00097737     0.000633629     0.000759154     0.000447356
929     0.000360643     0.000894887     0.000894891     0.000894887     0.00055848     0.000681435     0.000375975
931     0.000416126     0.00103593     0.00103593     0.00103593     0.000684618     0.000813133     0.000493814
933     0.000367578     0.000918432     0.000918436     0.000918432     0.000574717     0.00070055     0.000387793
935     0.000284353     0.000713108     0.000713111     0.000713108     0.000439914     0.000540017     0.000291157
937     0.00024274     0.000611178     0.000611181     0.000611178     0.000369772     0.000458295     0.000238198
939     0.000360643     0.000911359     0.000911363     0.000911359     0.000575495     0.000698736     0.000392275
941     0.000305159     0.000773705     0.000773709     0.000773705     0.000493783     0.000596554     0.000340951
943     0.000284353     0.00072379     0.000723793     0.00072379     0.000460238     0.000557041     0.000316264
945     0.00024274     0.000619815     0.000619818     0.000619815     0.000401351     0.000481629     0.000281942
947     0.000249676     0.00063969     0.000639693     0.00063969     0.000391401     0.000482687     0.000255591
949     0.000298224     0.000766885     0.000766889     0.000766885     0.000489057     0.000591282     0.000336929
951     0.000284353     0.000733591     0.000733594     0.000733591     0.000465383     0.000564164     0.000318318
953     0.00024274     0.000628683     0.000628686     0.000628683     0.000391344     0.000478869     0.000260944
955     0.000284353     0.0007394     0.000739403     0.0007394     0.000458567     0.000562277     0.000303954
957     0.000221934     0.000579202     0.000579205     0.000579202     0.000339953     0.000428439     0.000207912
959     0.000284353     0.000744965     0.000744969     0.000744965     0.000472648     0.000573517     0.00032201
961     0.00031903     0.000838979     0.000838982     0.000838979     0.000556267     0.000661132     0.000399545
963     0.000256611     0.000677573     0.000677576     0.000677573     0.000415124     0.000512597     0.000269332
965     0.000298224     0.000790449     0.000790453     0.000790449     0.000501004     0.000608629     0.000339926
967     0.000284353     0.000756684     0.000756687     0.000756684     0.000486332     0.000586975     0.000335627
969     0.00031903     0.000852317     0.000852321     0.000852317     0.000533128     0.000652077     0.00035489
971     0.000284353     0.000762662     0.000762665     0.000762662     0.000471342     0.00058002     0.000308441
973     0.00024274     0.000653704     0.000653707     0.000653704     0.000389773     0.000488337     0.000241965
975     0.000194192     0.000524793     0.000524796     0.000524793     0.000314918     0.000393369     0.000197212
977     0.000263547     0.000714824     0.000714827     0.000714824     0.000445706     0.000546396     0.000294573
979     0.000187257     0.000509865     0.000509868     0.000509865     0.00032142     0.000391986     0.000215433
981     0.000159515     0.000436163     0.000436165     0.000436163     0.00026154     0.000326991     0.000163196
983     0.00024274     0.0006664     0.000666403     0.0006664     0.000402369     0.000501414     0.000253484
985     0.000305159     0.000840794     0.000840797     0.000840794     0.000531015     0.000647318     0.00035611
987     0.000270482     0.000748099     0.000748102     0.000748099     0.000447209     0.000560269     0.000277145
989     0.000201128     0.000558611     0.000558613     0.000558611     0.000335813     0.00041959     0.00020976
991     0.00016645     0.000464296     0.000464298     0.000464296     0.000289151     0.000355058     0.00018995
993     0.000208063     0.000582771     0.000582773     0.000582771     0.000341286     0.000432212     0.000204396
995     0.000201128     0.000565438     0.00056544     0.000565438     0.00033734     0.000423279     0.000207917
997     0.00016645     0.000469883     0.000469885     0.000469883     0.000273406     0.000347477     0.000161843
999     0.000221934     0.000629275     0.000629278     0.000629275     0.000373884     0.000470166     0.000228869
1001     0.000194192     0.000552723     0.000552726     0.000552723     0.000552723     0.000552726     0.000552723
1003     0.000180321     0.000515545     0.000515547     0.000515545     0.000515545     0.000515547     0.000515545
1005     0.000173386     0.000497805     0.000497807     0.000497805     0.000497805     0.000497807     0.000497805
1007     0.000131773     0.000379873     0.000379874     0.000379873     0.000379873     0.000379874     0.000379873
1009     0.000173386     0.000502021     0.000502023     0.000502021     0.000502021     0.000502023     0.000502021
1011     0.000104032     0.000302501     0.000302502     0.000302501     0.000302501     0.000302502     0.000302501
1013     0.000131773     0.000384894     0.000384896     0.000384894     0.000384894     0.000384896     0.000384894
1015     0.000117902     0.000345835     0.000345837     0.000345835     0.000345835     0.000345837     0.000345835
1017     0.000138709     0.000408556     0.000408557     0.000408556     0.000408556     0.000408557     0.000408556
1019     0.000180321     0.000533517     0.000533519     0.000533517     0.000533517     0.000533519     0.000533517
1021     8.32252e-05     0.000247235     0.000247236     0.000247235     0.000247235     0.000247236     0.000247235
1023     0.000145644     0.000434505     0.000434507     0.000434505     0.000434505     0.000434507     0.000434505
1025     0.00016645     0.000498699     0.000498701     0.000498699     0.000498699     0.000498701     0.000498699
1027     0.000159515     0.000480317     0.000480319     0.000480317     0.000480317     0.000480319     0.000480317
1029     9.70961e-05     0.000293528     0.000293529     0.000293528     0.000293528     0.000293529     0.000293528
1031     0.000117902     0.000357995     0.000357996     0.000357995     0.000357995     0.000357996     0.000357995
1033     0.000173386     0.000528898     0.0005289     0.000528898     0.000528898     0.0005289     0.000528898
1035     0.00015258     0.000467557     0.000467559     0.000467557     0.000467557     0.000467559     0.000467557
1037     0.000138709     0.000427059     0.000427061     0.000427059     0.000427059     0.000427061     0.000427059
1039     0.000110967     0.000342975     0.000342976     0.000342975     0.000342975     0.000342976     0.000342975
1041     0.000201128     0.000624609     0.000624611     0.000624609     0.000624609     0.000624611     0.000624609
1043     0.000201128     0.000627573     0.000627575     0.000627573     0.000627573     0.000627575     0.000627573
1045     0.000110967     0.000347697     0.000347698     0.000347697     0.000347697     0.000347698     0.000347697
1047     0.000110967     0.000349372     0.000349373     0.000349372     0.000349372     0.000349373     0.000349372
1049     0.00015258     0.000482433     0.000482434     0.000482433     0.000482433     0.000482434     0.000482433
1051     9.70961e-05     0.000308624     0.000308625     0.000308624     0.000308624     0.000308625     0.000308624
1053     0.000117902     0.000376183     0.000376185     0.000376183     0.000376183     0.000376185     0.000376183
1055     7.62898e-05     0.000244596     0.000244596     0.000244596     0.000244596     0.000244596     0.000244596
1057     0.000138709     0.000446409     0.00044641     0.000446409     0.000446409     0.00044641     0.000446409
1059     9.01607e-05     0.000291713     0.000291714     0.000291713     0.000291713     0.000291714     0.000291713
1061     0.000110967     0.000360375     0.000360376     0.000360375     0.000360375     0.000360376     0.000360375
1063     9.01607e-05     0.00029435     0.000294351     0.00029435     0.00029435     0.000294351     0.00029435
1065     9.70961e-05     0.000318118     0.000318119     0.000318118     0.000318118     0.000318119     0.000318118
1067     0.000104032     0.000342586     0.000342587     0.000342586     0.000342586     0.000342587     0.000342586
1069     0.000104032     0.000344125     0.000344126     0.000344125     0.000344125     0.000344126     0.000344125
1071     7.62898e-05     0.000253529     0.00025353     0.000253529     0.000253529     0.00025353     0.000253529
1073     0.000104032     0.000347273     0.000347274     0.000347273     0.000347273     0.000347274     0.000347273
1075     9.70961e-05     0.00032575     0.000325751     0.00032575     0.00032575     0.000325751     0.00032575
1077     0.000124838     0.000420482     0.000420483     0.000420482     0.000420482     0.000420483     0.000420482
1079     0.000117902     0.000399128     0.00039913     0.000399128     0.000399128     0.00039913     0.000399128
1081     8.32252e-05     0.000282936     0.000282937     0.000282936     0.000282936     0.000282937     0.000282936
1083     9.70961e-05     0.000331728     0.000331729     0.000331728     0.000331728     0.000331729     0.000331728
1085     8.32252e-05     0.000285478     0.000285479     0.000285478     0.000285478     0.000285479     0.000285478
1087     0.000124838     0.00043049     0.000430491     0.00043049     0.00043049     0.000430491     0.00043049
1089     0.000124838     0.000432531     0.000432533     0.000432531     0.000432531     0.000432533     0.000432531
1091     8.32252e-05     0.000289642     0.000289643     0.000289642     0.000289642     0.000289643     0.000289642
1093     6.24189e-05     0.000218283     0.000218284     0.000218283     0.000218283     0.000218284     0.000218283
1095     6.24189e-05     0.000219282     0.000219283     0.000219282     0.000219282     0.000219283     0.000219282
1097     0.000124838     0.000440423     0.000440424     0.000440423     0.000440423     0.000440424     0.000440423
1099     8.32252e-05     0.000294982     0.000294983     0.000294982     0.000294982     0.000294983     0.000294982
1101     9.01607e-05     0.000321013     0.000321014     0.000321013     0.000321013     0.000321014     0.000321013
1103     6.24189e-05     0.000223077     0.000223078     0.000223077     0.000223077     0.000223078     0.000223077
1105     9.01607e-05     0.00032398     0.000323981     0.00032398     0.00032398     0.000323981     0.00032398
1107     0.000131773     0.000475843     0.000475844     0.000475843     0.000475843     0.000475844     0.000475843
1109     0.000124838     0.000452871     0.000452872     0.000452871     0.000452871     0.000452872     0.000452871
1111     8.32252e-05     0.000303162     0.000303162     0.000303162     0.000303162     0.000303162     0.000303162
1113     6.24189e-05     0.000228266     0.000228267     0.000228266     0.000228266     0.000228267     0.000228266
1115     6.93543e-05     0.000254883     0.000254883     0.000254883     0.000254883     0.000254883     0.000254883
1117     7.62898e-05     0.000281943     0.000281944     0.000281943     0.000281943     0.000281944     0.000281943
1119     9.01607e-05     0.000334477     0.000334478     0.000334477     0.000334477     0.000334478     0.000334477
1121     4.16126e-05     0.000155042     0.000155043     0.000155042     0.000155042     0.000155043     0.000155042
1123     6.93543e-05     0.000259767     0.000259767     0.000259767     0.000259767     0.000259767     0.000259767
1125     6.93543e-05     0.000260801     0.000260802     0.000260801     0.000260801     0.000260802     0.000260801
1127     3.46772e-05     0.000131018     0.000131018     0.000131018     0.000131018     0.000131018     0.000131018
1129     8.32252e-05     0.00031574     0.00031574     0.00031574     0.00031574     0.00031574     0.00031574
1131     4.8548e-05     0.000185102     0.000185102     0.000185102     0.000185102     0.000185102     0.000185102
1133     9.01607e-05     0.000345422     0.000345422     0.000345422     0.000345422     0.000345422     0.000345422
1135     4.16126e-05     0.000159966     0.000159966     0.000159966     0.000159966     0.000159966     0.000159966
1137     6.93543e-05     0.000268039     0.000268039     0.000268039     0.000268039     0.000268039     0.000268039
1139     8.32252e-05     0.000323435     0.000323435     0.000323435     0.000323435     0.000323435     0.000323435
1141     9.01607e-05     0.000351767     0.000351767     0.000351767     0.000351767     0.000351767     0.000351767
1143     6.24189e-05     0.000244691     0.000244691     0.000244691     0.000244691     0.000244691     0.000244691
1145     2.08063e-05     8.185e-05     8.185e-05     8.185e-05     8.185e-05     8.185e-05     8.185e-05
1147     0.000117902     0.000466024     0.000466024     0.000466024     0.000466024     0.000466024     0.000466024
1149     9.01607e-05     0.000358266     0.000358266     0.000358266     0.000358266     0.000358266     0.000358266
1151     1.38709e-05     5.52787e-05     5.52787e-05     5.52787e-05     5.52787e-05     5.52787e-05     5.52787e-05
1153     6.24189e-05     0.000249995     0.000249995     0.000249995     0.000249995     0.000249995     0.000249995
1155     6.24189e-05     0.000251281     0.000251281     0.000251281     0.000251281     0.000251281     0.000251281
1157     4.16126e-05     0.000168187     0.000168187     0.000168187     0.000168187     0.000168187     0.000168187
1159     8.32252e-05     0.000338251     0.000338251     0.000338251     0.000338251     0.000338251     0.000338251
1161     6.93543e-05     0.000282889     0.000282889     0.000282889     0.000282889     0.000282889     0.000282889
1163     8.32252e-05     0.000341093     0.000341093     0.000341093     0.000341093     0.000341093     0.000341093
1165     9.01607e-05     0.000371267     0.000371267     0.000371267     0.000371267     0.000371267     0.000371267
1167     3.46772e-05     0.000143313     0.000143313     0.000143313     0.000143313     0.000143313     0.000143313
1169     5.54835e-05     0.000230482     0.000230482     0.000230482     0.000230482     0.000230482     0.000230482
1171     2.77417e-05     0.000115686     0.000115686     0.000115686     0.000115686     0.000115686     0.000115686
1173     6.93543e-05     0.00029057     0.00029057     0.00029057     0.00029057     0.00029057     0.00029057
1175     6.24189e-05     0.000262736     0.000262736     0.000262736     0.000262736     0.000262736     0.000262736
1177     4.8548e-05     0.000205244     0.000205244     0.000205244     0.000205244     0.000205244     0.000205244
1179     4.8548e-05     0.000206287     0.000206287     0.000206287     0.000206287     0.000206287     0.000206287
1181     6.24189e-05     0.000266341     0.000266341     0.000266341     0.000266341     0.000266341     0.000266341
1183     4.8548e-05     0.000207932     0.000207932     0.000207932     0.000207932     0.000207932     0.000207932
1185     5.54835e-05     0.000238764     0.000238764     0.000238764     0.000238764     0.000238764     0.000238764
1187     7.62898e-05     0.000329773     0.000329773     0.000329773     0.000329773     0.000329773     0.000329773
1189     4.16126e-05     0.000180737     0.000180737     0.000180737     0.000180737     0.000180737     0.000180737
1191     6.93543e-05     0.00030274     0.00030274     0.00030274     0.00030274     0.00030274     0.00030274
1193     3.46772e-05     0.000151867     0.000151867     0.000151867     0.000151867     0.000151867     0.000151867
1195     7.62898e-05     0.000335589     0.000335589     0.000335589     0.000335589     0.000335589     0.000335589
1197     3.46772e-05     0.000153363     0.000153363     0.000153363     0.000153363     0.000153363     0.000153363
1199     2.77417e-05     0.000123157     0.000123157     0.000123157     0.000123157     0.000123157     0.000123157
