2    0     0     0     0     0     0     0
6    0     0     0     0     0     0     0
10    0     0     0     0     0     0     0
14    0     0     0     0     0     0     0
18    0     0     0     0     0     0     0
22    0     0     0     0     0     0     0
26    0.000167654     1.04942e-07     1.04929e-07     1.04946e-07     1.04942e-07     1.04942e-07     1.04942e-07
30    0.00015883     8.17214e-08     8.1711e-08     8.17247e-08     8.17214e-08     8.17214e-08     8.17214e-08
34    0.000220597     9.58886e-08     9.58764e-08     9.58924e-08     9.58886e-08     9.58886e-08     9.58886e-08
38    0.000150006     5.53914e-08     5.53844e-08     5.53936e-08     5.53914e-08     5.53914e-08     5.53914e-08
42    0.000264716     8.57244e-08     8.57135e-08     8.57278e-08     8.57244e-08     8.57244e-08     8.57244e-08
46    0.000326484     9.49853e-08     9.49732e-08     9.49891e-08     9.49853e-08     9.49853e-08     9.49853e-08
50    0.000397075     1.03032e-07     1.03019e-07     1.03036e-07     1.03032e-07     1.03032e-07     1.03032e-07
54    0.000361779     8.5203e-08     8.51922e-08     8.52064e-08     8.5203e-08     8.5203e-08     8.5203e-08
58    0.000388251     8.34301e-08     8.34195e-08     8.34335e-08     8.34301e-08     8.34301e-08     8.34301e-08
62    0.000300012     6.03103e-08     6.03026e-08     6.03127e-08     6.03103e-08     6.03103e-08     6.03103e-08
66    0.00063532     1.19334e-07     1.19319e-07     1.19339e-07     1.19334e-07     1.19334e-07     1.19334e-07
70    0.000538257     9.63542e-08     9.6342e-08     9.63581e-08     9.63542e-08     9.63542e-08     9.63542e-08
74    0.000520609     8.95127e-08     8.95014e-08     8.95163e-08     8.95127e-08     8.95127e-08     8.95127e-08
78    0.000661791     1.10008e-07     1.09994e-07     1.10012e-07     1.10008e-07     1.10008e-07     1.10008e-07
82    0.000697087     1.1312e-07     1.13105e-07     1.13124e-07     1.1312e-07     1.1312e-07     1.1312e-07
86    0.000520609     8.32094e-08     8.31989e-08     8.32127e-08     8.32094e-08     8.32094e-08     8.32094e-08
90    0.000794149     1.25931e-07     1.25915e-07     1.25936e-07     1.25931e-07     1.25931e-07     1.25931e-07
94    0.000838269     1.32686e-07     1.32669e-07     1.32691e-07     1.32686e-07     1.32686e-07     1.32686e-07
98    0.000626496     9.95737e-08     9.9561e-08     9.95776e-08     9.95737e-08     9.95737e-08     9.95737e-08
102    0.000900036     1.44185e-07     1.44167e-07     1.44191e-07     1.44185e-07     1.44185e-07     1.44185e-07
106    0.000926508     1.50682e-07     1.50663e-07     1.50688e-07     1.50682e-07     1.50682e-07     1.50682e-07
110    0.000926508     1.53988e-07     1.53968e-07     1.53994e-07     1.53988e-07     1.53988e-07     1.53988e-07
114    0.000935332     1.61145e-07     1.61125e-07     1.61152e-07     1.61145e-07     1.61145e-07     1.61145e-07
118    0.00104122     1.89148e-07     1.89124e-07     1.89155e-07     1.89148e-07     1.89148e-07     1.89148e-07
122    0.00112063     2.19149e-07     2.19121e-07     2.19158e-07     2.19149e-07     2.19149e-07     2.19149e-07
126    0.00132358     2.84309e-07     2.84273e-07     2.8432e-07     2.84309e-07     2.84309e-07     2.84309e-07
130    0.00105004     2.56122e-07     2.56089e-07     2.56132e-07     2.56122e-07     2.56122e-07     2.56122e-07
134    0.00120887     3.41693e-07     3.41649e-07     3.41706e-07     3.41693e-07     3.41693e-07     3.41693e-07
138    0.00135005     4.6194e-07     4.61881e-07     4.61958e-07     4.6194e-07     4.6194e-07     4.6194e-07
142    0.00116475     4.90245e-07     4.90182e-07     4.90264e-07     4.90245e-07     4.90245e-07     4.90245e-07
146    0.00125299     6.85629e-07     6.85542e-07     6.85657e-07     6.85629e-07     6.85629e-07     6.85629e-07
150    0.00139417     1.06301e-06     1.06288e-06     1.06305e-06     1.06301e-06     1.06301e-06     1.06301e-06
154    0.00145594     1.65016e-06     1.64995e-06     1.65023e-06     1.65016e-06     1.65016e-06     1.65016e-06
158    0.0015883     3.41252e-06     3.41209e-06     3.41266e-06     3.41252e-06     3.41252e-06     3.41252e-06
162    0.0015883     8.97632e-06     8.97518e-06     8.97668e-06     8.97632e-06     8.97632e-06     8.97632e-06
166    0.00150006     1.61949e-05     1.61929e-05     1.61956e-05     1.61949e-05     1.61949e-05     1.61949e-05
170    0.00165889     2.39324e-05     2.39293e-05     2.39333e-05     2.39324e-05     2.39324e-05     2.39324e-05
174    0.00176478     3.12533e-05     3.12493e-05     3.12546e-05     3.12533e-05     3.12533e-05     3.12533e-05
178    0.00172066     3.59692e-05     3.59646e-05     3.59706e-05     3.59692e-05     3.59692e-05     3.59692e-05
182    0.0017383     4.3718e-05     4.37124e-05     4.37197e-05     4.3718e-05     4.3718e-05     4.3718e-05
186    0.00171183     5.21713e-05     5.21647e-05     5.21734e-05     5.21713e-05     5.21713e-05     5.21713e-05
190    0.00202067     7.12915e-05     7.12824e-05     7.12943e-05     7.12915e-05     7.12915e-05     7.12915e-05
194    0.00200302     8.01099e-05     8.00997e-05     8.01131e-05     8.01099e-05     8.01099e-05     8.01099e-05
198    0.00218832     9.67594e-05     9.67471e-05     9.67632e-05     9.67594e-05     9.67594e-05     9.67594e-05
202    0.00212656     0.000102502     0.000102489     0.000102506     0.000102502     0.000102502     0.000102502
206    0.00225009     0.000118221     0.000118206     0.000118226     0.000118221     0.000118221     0.000118221
210    0.00210008     0.000119378     0.000119363     0.000119383     0.000489813     0.000649874     0.00037961
214    0.00247069     0.000151157     0.000151138     0.000151163     0.000910409     0.00123953     0.000683967
218    0.00241774     0.000158507     0.000158487     0.000158513     0.000905389     0.00123011     0.000682117
222    0.00240892     0.000168809     0.000168788     0.000168816     0.000917774     0.00124398     0.000693386
226    0.00235598     0.000175594     0.000175571     0.000175601     0.000922861     0.00124866     0.000698677
230    0.00249716     0.000197471     0.000197446     0.000197479     0.000948686     0.0012762     0.000723131
234    0.00267364     0.000224247     0.000224219     0.000224256     0.000982959     0.00131381     0.000755009
238    0.0025501     0.000226603     0.000226574     0.000226612     0.000964151     0.00128583     0.000742427
242    0.00277952     0.000260575     0.000260542     0.000260586     0.00099465     0.00131514     0.000773651
246    0.00307953     0.000304408     0.000304369     0.00030442     0.00104947     0.00137503     0.000824929
250    0.00296482     0.000308312     0.000308273     0.000308325     0.00103912     0.00135821     0.000818817
254    0.00330896     0.000362139     0.000362093     0.000362153     0.00108737     0.00140316     0.000869084
258    0.00310601     0.00035628     0.000356235     0.000356295     0.00108597     0.00140258     0.000866724
262    0.00294718     0.000355043     0.000354998     0.000355057     0.00108255     0.00139756     0.000864179
266    0.00323836     0.00040922     0.000409168     0.000409236     0.0011314     0.00144389     0.000914591
270    0.0033266     0.000439212     0.000439156     0.000439229     0.00112099     0.00141623     0.000916141
274    0.00352073     0.000485805     0.000485743     0.000485825     0.00117386     0.0014723     0.000966781
278    0.00347661     0.000501463     0.000501399     0.000501483     0.00120947     0.00151677     0.000996169
282    0.00368838     0.00055556     0.00055549     0.000555582     0.00124913     0.00154985     0.00104021
286    0.00396192     0.000621445     0.000621367     0.00062147     0.00130396     0.00159923     0.0010986
290    0.00367956     0.000600947     0.000600871     0.000600971     0.00126735     0.00155532     0.00106686
294    0.0041384     0.000703034     0.000702945     0.000703062     0.00138564     0.00168101     0.00118
298    0.00428841     0.000757462     0.000757366     0.000757492     0.00143279     0.00172554     0.00122901
302    0.00451783     0.000828519     0.000828414     0.000828552     0.00151759     0.0018164     0.00130949
306    0.00449136     0.000854791     0.000854682     0.000854825     0.00154136     0.00183879     0.00133408
310    0.00449136     0.000886211     0.000886098     0.000886246     0.00155704     0.00184719     0.00135463
314    0.00502961     0.00102879     0.00102865     0.00102883     0.00171986     0.00201834     0.00151147
318    0.00522374     0.00110764     0.0011075     0.00110768     0.00179193     0.00208715     0.00158563
322    0.00495902     0.00108665     0.00108651     0.00108669     0.00179175     0.00209577     0.00157915
326    0.00548845     0.00124276     0.0012426     0.00124281     0.00197444     0.00228967     0.00175384
330    0.00562081     0.00131425     0.00131408     0.0013143     0.00200746     0.00230561     0.00179864
334    0.00605318     0.00145907     0.00145888     0.00145913     0.00222022     0.00254648     0.00199139
338    0.00596494     0.0014842     0.00148401     0.00148425     0.00223081     0.00254942     0.00200692
342    0.00656497     0.00168615     0.00168593     0.00168621     0.00245814     0.00278633     0.00222716
346    0.00615025     0.00163401     0.0016338     0.00163407     0.00243839     0.00278137     0.00219709
350    0.00714734     0.00197216     0.00197191     0.00197224     0.00284705     0.00322118     0.00258395
354    0.00741206     0.00214042     0.00214015     0.00214051     0.00305311     0.00344503     0.00277776
358    0.00762383     0.00231006     0.00230977     0.00231015     0.00328271     0.00370248     0.0029881
362    0.00817091     0.00259204     0.00259171     0.00259214     0.00362859     0.00407742     0.0033138
366    0.00877094     0.0029068     0.00290643     0.00290692     0.00400811     0.00448606     0.00367298
370    0.00898271     0.00310579     0.00310543     0.00310588     0.00427709     0.00478678     0.00391984
374    0.00967098     0.00348845     0.00348806     0.00348853     0.00473454     0.00527849     0.0043535
378    0.0102975     0.00387641     0.00387599     0.0038765     0.00513129     0.00568082     0.00474659
382    0.010271     0.00402673     0.0040263     0.00402681     0.00538644     0.0059836     0.00496856
386    0.0110387     0.00449511     0.00449464     0.00449519     0.00594105     0.0065777     0.00549568
390    0.0116916     0.00493554     0.00493504     0.00493561     0.00648918     0.00717488     0.00600969
394    0.0125299     0.00547647     0.00547593     0.00547653     0.0071767     0.00792866     0.00665107
398    0.013077     0.00591112     0.00591056     0.00591115     0.00761828     0.00837488     0.00708949
402    0.0144976     0.0067722     0.00677159     0.00677221     0.0086351     0.00946265     0.00805688
406    0.0149124     0.00719939     0.00719879     0.00719935     0.00920901     0.0101039     0.00858396
410    0.0165713     0.00825506     0.00825442     0.00825497     0.010441     0.0114165     0.00975987
414    0.0178595     0.00917362     0.00917299     0.00917344     0.0114787     0.0125089     0.0107593
418    0.0180978     0.00957932     0.00957875     0.00957905     0.0120103     0.0130986     0.0112505
422    0.0208685     0.0113664     0.0113659     0.0113659     0.0141157     0.0153493     0.0132546
426    0.0219626     0.0122975     0.0122971     0.0122968     0.0152204     0.0165355     0.0143028
430    0.0239745     0.013803     0.0138028     0.013802     0.0169602     0.0183839     0.0159671
434    0.0275923     0.0163429     0.016343     0.0163413     0.0200249     0.021687     0.0188653
438    0.0289865     0.0176581     0.0176587     0.0176559     0.0215454     0.0233025     0.0203193
442    0.0318277     0.0199435     0.0199448     0.0199404     0.0240978     0.0259812     0.0227839
446    0.0353485     0.0227841     0.0227866     0.0227796     0.0274392     0.0295591     0.0259615
450    0.0386927     0.0256575     0.0256618     0.0256511     0.0306387     0.0329169     0.0290515
454    0.0426282     0.0291201     0.0291269     0.0291108     0.034542     0.037029     0.0328092
458    0.0476931     0.0336143     0.0336254     0.0336005     0.0395688     0.042305     0.037661
462    0.0537021     0.0391466     0.0391637     0.0391265     0.0455071     0.0484323     0.0434645
466    0.0602848     0.0455959     0.0456232     0.0455654     0.0524538     0.0556115     0.0502443
470    0.0662321     0.0521523     0.0521923     0.0521094     0.0592834     0.0625746     0.0569758
474    0.0739794     0.0609051     0.060968     0.0608403     0.0683074     0.0717459     0.0658913
478    0.081965     0.0709167     0.0710074     0.0708254     0.0783823     0.0818817     0.0759167
482    0.0898889     0.0822233     0.082358     0.0820915     0.0895289     0.0930086     0.0870689
486    0.0950332     0.0923304     0.0925088     0.0921589     0.0989929     0.102232     0.096693
490    0.0989334     0.102408     0.102639     0.10219     0.107994     0.1108     0.105987
494    0.101863     0.112275     0.112549     0.112019     0.11648     0.118699     0.114876
498    0.100433     0.117369     0.117663     0.117096     0.119756     0.12116     0.118715
502    0.0979363     0.120375     0.120087     0.120684     0.120796     0.120358     0.121324
506    0.0923684     0.118189     0.117933     0.11846     0.116659     0.115714     0.117416
510    0.0858299     0.112996     0.112785     0.113217     0.109766     0.10808     0.111019
514    0.0766354     0.102759     0.102599     0.102922     0.0982556     0.0960276     0.0998635
518    0.0690116     0.0934959     0.0933794     0.0936117     0.0880385     0.0854046     0.0899102
522    0.0607789     0.0827353     0.0826526     0.0828149     0.0768104     0.0739863     0.0788003
526    0.0525992     0.0717034     0.0716475     0.0717552     0.0656138     0.0627356     0.0676316
530    0.047146     0.0642555     0.0642152     0.0642914     0.0580092     0.0550728     0.0600625
534    0.0411193     0.0560025     0.0559749     0.0560258     0.0498777     0.0470115     0.051879
538    0.0371309     0.050555     0.0505341     0.0505716     0.044518     0.0417022     0.0464838
542    0.0320925     0.0437232     0.0437086     0.0437341     0.0380274     0.035376     0.0398772
546    0.02821     0.0385076     0.0384965     0.0385154     0.0331228     0.030618     0.03487
550    0.0256334     0.0351049     0.0350962     0.0351105     0.0298936     0.0274699     0.0315839
554    0.0220332     0.030313     0.0303063     0.030317     0.0254679     0.0232143     0.0270396
558    0.0204714     0.0283034     0.0282978     0.0283065     0.0236078     0.0214218     0.0251317
562    0.0182831     0.0253907     0.0253861     0.0253932     0.020972     0.0189115     0.0224077
566    0.0160948     0.0224511     0.0224473     0.0224529     0.0183858     0.0164865     0.0197085
570    0.0150006     0.0210424     0.0210391     0.021044     0.0171096     0.0152697     0.0183908
574    0.013377     0.0189106     0.0189077     0.0189118     0.0152466     0.0135315     0.0164408
578    0.012027     0.017151     0.0171485     0.017152     0.0136989     0.0120832     0.0148243
582    0.0113475     0.0163187     0.0163163     0.0163196     0.012969     0.0114007     0.0140614
586    0.00991804     0.0143808     0.0143788     0.0143815     0.0113345     0.00990718     0.0123288
590    0.00921213     0.0134847     0.0134829     0.0134854     0.0105467     0.00916851     0.0115066
594    0.00830327     0.0123026     0.0123009     0.0123032     0.0095087     0.00819656     0.0104225
598    0.00751795     0.0112751     0.0112736     0.0112756     0.00868172     0.00746192     0.00953098
602    0.00689145     0.0104447     0.0104433     0.0104451     0.00792966     0.00674444     0.00875452
606    0.00673262     0.0102889     0.0102876     0.0102894     0.00783081     0.00667012     0.00863834
610    0.00620319     0.00956239     0.00956116     0.00956279     0.00724097     0.00614293     0.00800452
614    0.0055061     0.00857808     0.00857698     0.00857843     0.0064414     0.00543016     0.00714474
618    0.00553257     0.00872188     0.00872076     0.00872223     0.00651824     0.0054748     0.00724392
622    0.0049502     0.00789475     0.00789374     0.00789506     0.00589582     0.00494891     0.00655453
626    0.00437665     0.00705968     0.00705878     0.00705996     0.0051882     0.00430094     0.00580543
630    0.00444724     0.00724811     0.00724718     0.0072484     0.00528137     0.004348     0.00593063
634    0.00430605     0.00708928     0.00708837     0.00708957     0.00518218     0.00427609     0.00581239
638    0.00377662     0.00628439     0.00628359     0.00628465     0.00454961     0.00372432     0.00512346
642    0.00384721     0.00647715     0.00647633     0.00647741     0.00470074     0.00385432     0.00528912
646    0.00341484     0.00581936     0.00581862     0.0058196     0.00420695     0.00343744     0.00474176
650    0.0033619     0.00580484     0.0058041     0.00580507     0.00418252     0.00340745     0.00472113
654    0.00284129     0.00496631     0.00496568     0.00496651     0.00350958     0.00281342     0.00399341
658    0.00274423     0.00485183     0.00485122     0.00485203     0.00342792     0.00274729     0.00390103
662    0.00257657     0.00460885     0.00460826     0.00460903     0.00325335     0.00260477     0.00370412
666    0.00249716     0.0045184     0.00451783     0.00451858     0.00315847     0.00250651     0.00361145
670    0.00259422     0.00474569     0.00474508     0.00474588     0.00326486     0.00255366     0.00375881
674    0.00225891     0.00417777     0.00417724     0.00417794     0.00289904     0.0022841     0.00332599
678    0.00211773     0.00395996     0.00395946     0.00396012     0.00274832     0.00216533     0.00315312
682    0.00193243     0.00365033     0.00364986     0.00365047     0.00251888     0.00197427     0.00289711
686    0.00201185     0.00383758     0.00383709     0.00383773     0.00265035     0.00207845     0.00304748
690    0.00185302     0.00357151     0.00357106     0.00357165     0.0024708     0.00193993     0.0028394
694    0.00143829     0.00280554     0.00280518     0.00280565     0.0018412     0.00137515     0.00216467
698    0.00168536     0.00332611     0.00332569     0.00332625     0.00225502     0.00173623     0.00261485
702    0.00143829     0.00286937     0.00286901     0.00286948     0.00186993     0.0013851     0.00220612
706    0.00123534     0.00249235     0.00249203     0.00249245     0.00163932     0.00122504     0.00192655
710    0.0012177     0.00248407     0.00248376     0.00248417     0.00162493     0.00120741     0.00191442
714    0.00150006     0.00310072     0.00310033     0.00310085     0.0021172     0.00163881     0.00244885
718    0.00146476     0.00306434     0.00306395     0.00306447     0.00204473     0.00154824     0.00238888
722    0.00112946     0.00238961     0.0023893     0.0023897     0.00156726     0.0011661     0.00184522
726    0.00127064     0.00271406     0.00271372     0.00271417     0.0018074     0.00136414     0.00211436
730    0.00109416     0.00235945     0.00235915     0.00235955     0.00155683     0.00116374     0.00182899
734    0.00103239     0.00225019     0.00224991     0.00225028     0.00147521     0.00109513     0.00173827
738    0.000900036     0.00198451     0.00198426     0.00198459     0.00129915     0.000962678     0.00153199
742    0.00109416     0.00244223     0.00244192     0.00244233     0.00161112     0.00120252     0.00189382
746    0.00100592     0.00227321     0.00227292     0.0022733     0.00150928     0.00113297     0.00176954
750    0.00116475     0.00266278     0.00266244     0.00266289     0.0017059     0.00123367     0.00203233
754    0.000855917     0.00197692     0.00197667     0.001977     0.00129596     0.000959501     0.00152847
758    0.000758854     0.00176936     0.00176913     0.00176943     0.00108026     0.000739513     0.00131575
762    0.000811797     0.00191194     0.00191169     0.00191201     0.00121674     0.000872483     0.00145456
766    0.000688263     0.00163838     0.00163817     0.00163845     0.00102049     0.000714002     0.00123217
770    0.000670615     0.00161407     0.00161387     0.00161414     0.000982539     0.000668721     0.00119918
774    0.000811797     0.00197783     0.00197758     0.00197791     0.00126219     0.00090599     0.00150799
778    0.000785326     0.00193654     0.0019363     0.00193662     0.00122519     0.000870507     0.00146984
782    0.000679439     0.00169236     0.00169214     0.00169242     0.00105923     0.00074299     0.0012773
786    0.000900036     0.00226629     0.002266     0.00226638     0.00147209     0.00107438     0.00174614
790    0.000582376     0.00148035     0.00148016     0.00148041     0.000928611     0.000651731     0.00111929
794    0.000661791     0.00169843     0.00169821     0.00169849     0.00103944     0.000708234     0.00126745
798    0.000538257     0.001397     0.00139683     0.00139706     0.000835541     0.000553001     0.00103002
802    0.000370603     0.000972845     0.000972721     0.000972884     0.000586371     0.000391615     0.000720374
806    0.000661791     0.00175754     0.00175732     0.00175761     0.00107099     0.000724353     0.00130939
810    0.000502961     0.00134918     0.001349     0.00134923     0.000815585     0.000545584     0.00100115
814    0.000423546     0.00114929     0.00114914     0.00114934     0.000693493     0.000462329     0.000852301
818    0.000414722     0.00113856     0.00113841     0.0011386     0.000707814     0.000488943     0.000858094
822    0.000388251     0.00107589     0.00107575     0.00107593     0.000630794     0.000404613     0.000786106
826    0.000458842     0.0012857     0.00128553     0.00128575     0.000749055     0.000476495     0.000936311
830    0.000361779     0.00102229     0.00102216     0.00102233     0.00058019     0.000355318     0.000734641
834    0.000352955     0.00100954     0.00100941     0.00100958     0.000602766     0.000394673     0.000745419
838    0.00047649     0.00137813     0.00137796     0.00137819     0.00083948     0.000562278     0.00102913
842    0.000405899     0.00118734     0.00118719     0.00118739     0.000714537     0.000470669     0.000881259
846    0.000344131     0.00101544     0.00101531     0.00101548     0.000600335     0.000386509     0.000746614
850    0.000291188     0.000869676     0.000869565     0.000869711     0.000479704     0.000279067     0.000617074
854    0.000238245     0.000717976     0.000717885     0.000718005     0.000394602     0.000227863     0.000508685
858    0.000370603     0.00113065     0.0011305     0.00113069     0.00064099     0.00038731     0.000814282
862    0.000388251     0.00119643     0.00119628     0.00119648     0.000699484     0.000441085     0.000875784
866    0.000282364     0.000880144     0.000880032     0.000880179     0.000503618     0.000307239     0.000637496
870    0.000300012     0.00094399     0.00094387     0.000944028     0.000544459     0.000335541     0.000686763
874    0.000308836     0.000981855     0.00098173     0.000981894     0.000556869     0.000334087     0.000708504
878    0.000229421     0.000736868     0.000736775     0.000736898     0.000403231     0.000227958     0.000522464
882    0.000247069     0.000800376     0.000800274     0.000800408     0.000435228     0.000243245     0.00056582
886    0.000220597     0.000722426     0.000722335     0.000722455     0.000404974     0.000237943     0.000518588
890    0.000291188     0.000963913     0.000963791     0.000963952     0.000554219     0.000338107     0.000701104
894    0.00027354     0.000914491     0.000914375     0.000914528     0.000514791     0.000302931     0.000658545
898    0.000264716     0.000894719     0.000894606     0.000894755     0.000507602     0.000301234     0.000647352
902    0.000167654     0.000572899     0.000572826     0.000572921     0.000310424     0.000170129     0.000405354
906    0.000291188     0.0010056     0.00100548     0.00100564     0.000593982     0.000374004     0.000742863
910    0.000211773     0.00073892     0.000738826     0.00073895     0.000436415     0.000274738     0.000545859
914    0.000220597     0.000777057     0.000776959     0.000777088     0.000428969     0.00024248     0.000555116
918    0.000202949     0.000723249     0.000723158     0.000723278     0.000391404     0.000212867     0.000512002
922    0.000247069     0.000888539     0.000888426     0.000888574     0.000503771     0.000296042     0.000643929
926    0.000247069     0.000899092     0.000898978     0.000899128     0.000518272     0.000312034     0.000657291
930    0.000282364     0.00103655     0.00103642     0.00103659     0.000579682     0.000331714     0.000746718
934    0.000211773     0.000785175     0.000785075     0.000785206     0.000403188     0.000195365     0.000543073
938    0.000247069     0.000926754     0.000926637     0.000926791     0.000499674     0.000266764     0.000656321
942    0.000150006     0.000567951     0.000567879     0.000567974     0.000301821     0.000156499     0.000399541
946    0.000194125     0.000742729     0.000742635     0.000742759     0.000412114     0.000231318     0.000533641
950    0.000132358     0.000511285     0.00051122     0.000511305     0.000271109     0.000139523     0.000359513
954    0.000123534     0.000482927     0.000482865     0.000482946     0.000242014     0.000109444     0.000330936
958    0.00015883     0.000626417     0.000626337     0.000626442     0.00032619     0.000160344     0.000437297
962    0.000247069     0.000984196     0.000984071     0.000984235     0.00057607     0.000349572     0.000727553
966    0.00011471     0.000461697     0.000461639     0.000461716     0.000253543     0.000137628     0.000330984
970    0.000141182     0.000574774     0.000574701     0.000574797     0.000300904     0.000147864     0.000403021
974    0.000185302     0.000762369     0.000762272     0.0007624     0.000406083     0.000206351     0.000539202
978    0.000123534     0.000512908     0.000512843     0.000512929     0.000283988     0.000155333     0.000369675
982    6.17672e-05     0.000258895     0.000258862     0.000258906     0.000110883     2.74711e-05     0.000166381
986    8.82388e-05     0.000373921     0.000373873     0.000373936     0.000181315     7.25114e-05     0.000253662
990    0.000132358     0.000566884     0.000566812     0.000566907     0.000311963     0.000167648     0.000407857
994    0.000141182     0.000611119     0.000611041     0.000611144     0.000316688     0.000149675     0.000427595
998    0.000150006     0.000655153     0.000655069     0.000655179     0.000344787     0.000168526     0.000461778
1002    0.000141182     0.000622899     0.00062282     0.000622924     0.000622899     0.000622899     0.000622899
1006    0.00015883     0.000707445     0.000707355     0.000707474     0.000707445     0.000707445     0.000707445
1010    9.70627e-05     0.000437538     0.000437482     0.000437555     0.000437538     0.000437538     0.000437538
1014    0.000123534     0.00056223     0.000562158     0.000562252     0.00056223     0.00056223     0.00056223
1018    0.00011471     0.000528066     0.000527999     0.000528087     0.000528066     0.000528066     0.000528066
1022    7.05911e-05     0.000327988     0.000327946     0.000328001     0.000327988     0.000327988     0.000327988
1026    7.94149e-05     0.000372926     0.000372878     0.000372941     0.000372926     0.000372926     0.000372926
1030    7.05911e-05     0.00033516     0.000335118     0.000335174     0.00033516     0.00033516     0.00033516
1034    2.64716e-05     0.00012678     0.000126763     0.000126785     0.00012678     0.00012678     0.00012678
1038    7.05911e-05     0.000342403     0.000342359     0.000342416     0.000342403     0.000342403     0.000342403
1042    0.000150006     0.00073609     0.000735997     0.00073612     0.00073609     0.00073609     0.00073609
1046    0.000123534     0.000611297     0.00061122     0.000611322     0.000611297     0.000611297     0.000611297
1050    7.05911e-05     0.000353499     0.000353454     0.000353513     0.000353499     0.000353499     0.000353499
1054    5.29433e-05     0.0002671     0.000267066     0.000267111     0.0002671     0.0002671     0.0002671
1058    0.000105887     0.000541209     0.000541141     0.000541231     0.000541209     0.000541209     0.000541209
1062    8.82388e-05     0.000455307     0.000455249     0.000455325     0.000455307     0.000455307     0.000455307
1066    7.94149e-05     0.000414395     0.000414342     0.000414412     0.000414395     0.000414395     0.000414395
1070    1.76478e-05     9.27337e-05     9.27219e-05     9.27374e-05     9.27337e-05     9.27337e-05     9.27337e-05
1074    6.17672e-05     0.000328712     0.00032867     0.000328725     0.000328712     0.000328712     0.000328712
1078    5.29433e-05     0.000285291     0.000285255     0.000285303     0.000285291     0.000285291     0.000285291
1082    7.05911e-05     0.00038455     0.000384502     0.000384566     0.00038455     0.00038455     0.00038455
1086    3.52955e-05     0.000193838     0.000193813     0.000193846     0.000193838     0.000193838     0.000193838
1090    7.94149e-05     0.000441092     0.000441036     0.000441109     0.000441092     0.000441092     0.000441092
1094    5.29433e-05     0.000297116     0.000297079     0.000297128     0.000297116     0.000297116     0.000297116
1098    3.52955e-05     0.000200736     0.000200711     0.000200744     0.000200736     0.000200736     0.000200736
1102    5.29433e-05     0.0003035     0.000303461     0.000303512     0.0003035     0.0003035     0.0003035
1106    5.29433e-05     0.000306131     0.000306092     0.000306144     0.000306131     0.000306131     0.000306131
1110    4.41194e-05     0.000258377     0.000258344     0.000258387     0.000258377     0.000258377     0.000258377
1114    3.52955e-05     0.000209105     0.000209079     0.000209114     0.000209105     0.000209105     0.000209105
1118    4.41194e-05     0.000263206     0.000263173     0.000263217     0.000263206     0.000263206     0.000263206
1122    6.17672e-05     0.000372775     0.000372728     0.00037279     0.000372775     0.000372775     0.000372775
1126    2.64716e-05     0.000161014     0.000160993     0.00016102     0.000161014     0.000161014     0.000161014
1130    7.94149e-05     0.000489679     0.000489617     0.000489698     0.000489679     0.000489679     0.000489679
1134    4.41194e-05     0.000274425     0.00027439     0.000274436     0.000274425     0.000274425     0.000274425
1138    4.41194e-05     0.000277304     0.000277269     0.000277315     0.000277304     0.000277304     0.000277304
1142    3.52955e-05     0.000224143     0.000224115     0.000224152     0.000224143     0.000224143     0.000224143
1146    4.41194e-05     0.000282506     0.00028247     0.000282517     0.000282506     0.000282506     0.000282506
1150    4.41194e-05     0.000286026     0.00028599     0.000286038     0.000286026     0.000286026     0.000286026
1154    3.52955e-05     0.000230418     0.000230389     0.000230428     0.000230418     0.000230418     0.000230418
1158    3.52955e-05     0.000233053     0.000233023     0.000233062     0.000233053     0.000233053     0.000233053
1162    3.52955e-05     0.000235242     0.000235213     0.000235252     0.000235242     0.000235242     0.000235242
1166    8.82388e-05     0.000594959     0.000594884     0.000594983     0.000594959     0.000594959     0.000594959
1170    3.52955e-05     0.000239933     0.000239902     0.000239942     0.000239933     0.000239933     0.000239933
1174    1.76478e-05     0.000121154     0.000121138     0.000121158     0.000121154     0.000121154     0.000121154
1178    3.52955e-05     0.000244337     0.000244306     0.000244347     0.000244337     0.000244337     0.000244337
1182    0     0     0     0     0     0     0
1186    0     0     0     0     0     0     0
1190    0     0     0     0     0     0     0
1194    0     0     0     0     0     0     0
1198    0     0     0     0     0     0     0
1202    0     0     0     0     0     0     0
1206    0     0     0     0     0     0     0
1210    0     0     0     0     0     0     0
1214    0     0     0     0     0     0     0
1218    0     0     0     0     0     0     0
1222    0     0     0     0     0     0     0
1226    0     0     0     0     0     0     0
1230    0     0     0     0     0     0     0
1234    0     0     0     0     0     0     0
1238    0     0     0     0     0     0     0
1242    0     0     0     0     0     0     0
1246    0     0     0     0     0     0     0
1250    0     0     0     0     0     0     0
1254    0     0     0     0     0     0     0
1258    0     0     0     0     0     0     0
1262    0     0     0     0     0     0     0
1266    0     0     0     0     0     0     0
1270    0     0     0     0     0     0     0
1274    0     0     0     0     0     0     0
1278    0     0     0     0     0     0     0
1282    0     0     0     0     0     0     0
1286    0     0     0     0     0     0     0
1290    0     0     0     0     0     0     0
1294    0     0     0     0     0     0     0
1298    0     0     0     0     0     0     0
1302    0     0     0     0     0     0     0
1306    0     0     0     0     0     0     0
1310    0     0     0     0     0     0     0
1314    0     0     0     0     0     0     0
1318    0     0     0     0     0     0     0
1322    0     0     0     0     0     0     0
1326    0     0     0     0     0     0     0
1330    0     0     0     0     0     0     0
1334    0     0     0     0     0     0     0
1338    0     0     0     0     0     0     0
1342    0     0     0     0     0     0     0
1346    0     0     0     0     0     0     0
1350    0     0     0     0     0     0     0
1354    0     0     0     0     0     0     0
1358    0     0     0     0     0     0     0
1362    0     0     0     0     0     0     0
1366    0     0     0     0     0     0     0
1370    0     0     0     0     0     0     0
1374    0     0     0     0     0     0     0
1378    0     0     0     0     0     0     0
1382    0     0     0     0     0     0     0
1386    0     0     0     0     0     0     0
1390    0     0     0     0     0     0     0
1394    0     0     0     0     0     0     0
1398    0     0     0     0     0     0     0
1402    0     0     0     0     0     0     0
1406    0     0     0     0     0     0     0
1410    0     0     0     0     0     0     0
1414    0     0     0     0     0     0     0
1418    0     0     0     0     0     0     0
1422    0     0     0     0     0     0     0
1426    0     0     0     0     0     0     0
1430    0     0     0     0     0     0     0
1434    0     0     0     0     0     0     0
1438    0     0     0     0     0     0     0
1442    0     0     0     0     0     0     0
1446    0     0     0     0     0     0     0
1450    0     0     0     0     0     0     0
1454    0     0     0     0     0     0     0
1458    0     0     0     0     0     0     0
1462    0     0     0     0     0     0     0
1466    0     0     0     0     0     0     0
1470    0     0     0     0     0     0     0
1474    0     0     0     0     0     0     0
1478    0     0     0     0     0     0     0
1482    0     0     0     0     0     0     0
1486    0     0     0     0     0     0     0
1490    0     0     0     0     0     0     0
1494    0     0     0     0     0     0     0
1498    0     0     0     0     0     0     0
1502    0     0     0     0     0     0     0
1506    0     0     0     0     0     0     0
1510    0     0     0     0     0     0     0
1514    0     0     0     0     0     0     0
1518    0     0     0     0     0     0     0
1522    0     0     0     0     0     0     0
1526    0     0     0     0     0     0     0
1530    0     0     0     0     0     0     0
1534    0     0     0     0     0     0     0
1538    0     0     0     0     0     0     0
1542    0     0     0     0     0     0     0
1546    0     0     0     0     0     0     0
1550    0     0     0     0     0     0     0
1554    0     0     0     0     0     0     0
1558    0     0     0     0     0     0     0
1562    0     0     0     0     0     0     0
1566    0     0     0     0     0     0     0
1570    0     0     0     0     0     0     0
1574    0     0     0     0     0     0     0
1578    0     0     0     0     0     0     0
1582    0     0     0     0     0     0     0
1586    0     0     0     0     0     0     0
1590    0     0     0     0     0     0     0
1594    0     0     0     0     0     0     0
1598    0     0     0     0     0     0     0
1602    0     0     0     0     0     0     0
1606    0     0     0     0     0     0     0
1610    0     0     0     0     0     0     0
1614    0     0     0     0     0     0     0
1618    0     0     0     0     0     0     0
1622    0     0     0     0     0     0     0
1626    0     0     0     0     0     0     0
1630    0     0     0     0     0     0     0
1634    0     0     0     0     0     0     0
1638    0     0     0     0     0     0     0
1642    0     0     0     0     0     0     0
1646    0     0     0     0     0     0     0
1650    0     0     0     0     0     0     0
1654    0     0     0     0     0     0     0
1658    0     0     0     0     0     0     0
1662    0     0     0     0     0     0     0
1666    0     0     0     0     0     0     0
1670    0     0     0     0     0     0     0
1674    0     0     0     0     0     0     0
1678    0     0     0     0     0     0     0
1682    0     0     0     0     0     0     0
1686    0     0     0     0     0     0     0
1690    0     0     0     0     0     0     0
1694    0     0     0     0     0     0     0
1698    0     0     0     0     0     0     0
1702    0     0     0     0     0     0     0
1706    0     0     0     0     0     0     0
1710    0     0     0     0     0     0     0
1714    0     0     0     0     0     0     0
1718    0     0     0     0     0     0     0
1722    0     0     0     0     0     0     0
1726    0     0     0     0     0     0     0
1730    0     0     0     0     0     0     0
1734    0     0     0     0     0     0     0
1738    0     0     0     0     0     0     0
1742    0     0     0     0     0     0     0
1746    0     0     0     0     0     0     0
1750    0     0     0     0     0     0     0
1754    0     0     0     0     0     0     0
1758    0     0     0     0     0     0     0
1762    0     0     0     0     0     0     0
1766    0     0     0     0     0     0     0
1770    0     0     0     0     0     0     0
1774    0     0     0     0     0     0     0
1778    0     0     0     0     0     0     0
1782    0     0     0     0     0     0     0
1786    0     0     0     0     0     0     0
1790    0     0     0     0     0     0     0
1794    0     0     0     0     0     0     0
1798    0     0     0     0     0     0     0
1802    0     0     0     0     0     0     0
1806    0     0     0     0     0     0     0
1810    0     0     0     0     0     0     0
1814    0     0     0     0     0     0     0
1818    0     0     0     0     0     0     0
1822    0     0     0     0     0     0     0
1826    0     0     0     0     0     0     0
1830    0     0     0     0     0     0     0
1834    0     0     0     0     0     0     0
1838    0     0     0     0     0     0     0
1842    0     0     0     0     0     0     0
1846    0     0     0     0     0     0     0
1850    0     0     0     0     0     0     0
1854    0     0     0     0     0     0     0
1858    0     0     0     0     0     0     0
1862    0     0     0     0     0     0     0
1866    0     0     0     0     0     0     0
1870    0     0     0     0     0     0     0
1874    0     0     0     0     0     0     0
1878    0     0     0     0     0     0     0
1882    0     0     0     0     0     0     0
1886    0     0     0     0     0     0     0
1890    0     0     0     0     0     0     0
1894    0     0     0     0     0     0     0
1898    0     0     0     0     0     0     0
1902    0     0     0     0     0     0     0
1906    0     0     0     0     0     0     0
1910    0     0     0     0     0     0     0
1914    0     0     0     0     0     0     0
1918    0     0     0     0     0     0     0
1922    0     0     0     0     0     0     0
1926    0     0     0     0     0     0     0
1930    0     0     0     0     0     0     0
1934    0     0     0     0     0     0     0
1938    0     0     0     0     0     0     0
1942    0     0     0     0     0     0     0
1946    0     0     0     0     0     0     0
1950    0     0     0     0     0     0     0
1954    0     0     0     0     0     0     0
1958    0     0     0     0     0     0     0
1962    0     0     0     0     0     0     0
1966    0     0     0     0     0     0     0
1970    0     0     0     0     0     0     0
1974    0     0     0     0     0     0     0
1978    0     0     0     0     0     0     0
1982    0     0     0     0     0     0     0
1986    0     0     0     0     0     0     0
1990    0     0     0     0     0     0     0
1994    0     0     0     0     0     0     0
1998    0     0     0     0     0     0     0
2002    0     0     0     0     0     0     0
2006    0     0     0     0     0     0     0
2010    0     0     0     0     0     0     0
2014    0     0     0     0     0     0     0
2018    0     0     0     0     0     0     0
2022    0     0     0     0     0     0     0
2026    0     0     0     0     0     0     0
2030    0     0     0     0     0     0     0
2034    0     0     0     0     0     0     0
2038    0     0     0     0     0     0     0
2042    0     0     0     0     0     0     0
2046    0     0     0     0     0     0     0
2050    0     0     0     0     0     0     0
2054    0     0     0     0     0     0     0
2058    0     0     0     0     0     0     0
2062    0     0     0     0     0     0     0
2066    0     0     0     0     0     0     0
2070    0     0     0     0     0     0     0
2074    0     0     0     0     0     0     0
2078    0     0     0     0     0     0     0
2082    0     0     0     0     0     0     0
2086    0     0     0     0     0     0     0
2090    0     0     0     0     0     0     0
2094    0     0     0     0     0     0     0
2098    0     0     0     0     0     0     0
2102    0     0     0     0     0     0     0
2106    0     0     0     0     0     0     0
2110    0     0     0     0     0     0     0
2114    0     0     0     0     0     0     0
2118    0     0     0     0     0     0     0
2122    0     0     0     0     0     0     0
2126    0     0     0     0     0     0     0
2130    0     0     0     0     0     0     0
2134    0     0     0     0     0     0     0
2138    0     0     0     0     0     0     0
2142    0     0     0     0     0     0     0
2146    0     0     0     0     0     0     0
2150    0     0     0     0     0     0     0
2154    0     0     0     0     0     0     0
2158    0     0     0     0     0     0     0
2162    0     0     0     0     0     0     0
2166    0     0     0     0     0     0     0
2170    0     0     0     0     0     0     0
2174    0     0     0     0     0     0     0
2178    0     0     0     0     0     0     0
2182    0     0     0     0     0     0     0
2186    0     0     0     0     0     0     0
2190    0     0     0     0     0     0     0
2194    0     0     0     0     0     0     0
2198    0     0     0     0     0     0     0
2202    0     0     0     0     0     0     0
2206    0     0     0     0     0     0     0
2210    0     0     0     0     0     0     0
2214    0     0     0     0     0     0     0
2218    0     0     0     0     0     0     0
2222    0     0     0     0     0     0     0
2226    0     0     0     0     0     0     0
2230    0     0     0     0     0     0     0
2234    0     0     0     0     0     0     0
2238    0     0     0     0     0     0     0
2242    0     0     0     0     0     0     0
2246    0     0     0     0     0     0     0
2250    0     0     0     0     0     0     0
2254    0     0     0     0     0     0     0
2258    0     0     0     0     0     0     0
2262    0     0     0     0     0     0     0
2266    0     0     0     0     0     0     0
2270    0     0     0     0     0     0     0
2274    0     0     0     0     0     0     0
2278    0     0     0     0     0     0     0
2282    0     0     0     0     0     0     0
2286    0     0     0     0     0     0     0
2290    0     0     0     0     0     0     0
2294    0     0     0     0     0     0     0
2298    0     0     0     0     0     0     0
2302    0     0     0     0     0     0     0
2306    0     0     0     0     0     0     0
2310    0     0     0     0     0     0     0
2314    0     0     0     0     0     0     0
2318    0     0     0     0     0     0     0
2322    0     0     0     0     0     0     0
2326    0     0     0     0     0     0     0
2330    0     0     0     0     0     0     0
2334    0     0     0     0     0     0     0
2338    0     0     0     0     0     0     0
2342    0     0     0     0     0     0     0
2346    0     0     0     0     0     0     0
2350    0     0     0     0     0     0     0
2354    0     0     0     0     0     0     0
2358    0     0     0     0     0     0     0
2362    0     0     0     0     0     0     0
2366    0     0     0     0     0     0     0
2370    0     0     0     0     0     0     0
2374    0     0     0     0     0     0     0
2378    0     0     0     0     0     0     0
2382    0     0     0     0     0     0     0
2386    0     0     0     0     0     0     0
2390    0     0     0     0     0     0     0
2394    0     0     0     0     0     0     0
2398    0     0     0     0     0     0     0
2402    0     0     0     0     0     0     0
2406    0     0     0     0     0     0     0
2410    0     0     0     0     0     0     0
2414    0     0     0     0     0     0     0
2418    0     0     0     0     0     0     0
2422    0     0     0     0     0     0     0
2426    0     0     0     0     0     0     0
2430    0     0     0     0     0     0     0
2434    0     0     0     0     0     0     0
2438    0     0     0     0     0     0     0
2442    0     0     0     0     0     0     0
2446    0     0     0     0     0     0     0
2450    0     0     0     0     0     0     0
2454    0     0     0     0     0     0     0
2458    0     0     0     0     0     0     0
2462    0     0     0     0     0     0     0
2466    0     0     0     0     0     0     0
2470    0     0     0     0     0     0     0
2474    0     0     0     0     0     0     0
2478    0     0     0     0     0     0     0
2482    0     0     0     0     0     0     0
2486    0     0     0     0     0     0     0
2490    0     0     0     0     0     0     0
2494    0     0     0     0     0     0     0
2498    0     0     0     0     0     0     0
2502    0     0     0     0     0     0     0
2506    0     0     0     0     0     0     0
2510    0     0     0     0     0     0     0
2514    0     0     0     0     0     0     0
2518    0     0     0     0     0     0     0
2522    0     0     0     0     0     0     0
2526    0     0     0     0     0     0     0
2530    0     0     0     0     0     0     0
2534    0     0     0     0     0     0     0
2538    0     0     0     0     0     0     0
2542    0     0     0     0     0     0     0
2546    0     0     0     0     0     0     0
2550    0     0     0     0     0     0     0
2554    0     0     0     0     0     0     0
2558    0     0     0     0     0     0     0
2562    0     0     0     0     0     0     0
2566    0     0     0     0     0     0     0
2570    0     0     0     0     0     0     0
2574    0     0     0     0     0     0     0
2578    0     0     0     0     0     0     0
2582    0     0     0     0     0     0     0
2586    0     0     0     0     0     0     0
2590    0     0     0     0     0     0     0
2594    0     0     0     0     0     0     0
2598    0     0     0     0     0     0     0
2602    0     0     0     0     0     0     0
2606    0     0     0     0     0     0     0
2610    0     0     0     0     0     0     0
2614    0     0     0     0     0     0     0
2618    0     0     0     0     0     0     0
2622    0     0     0     0     0     0     0
2626    0     0     0     0     0     0     0
2630    0     0     0     0     0     0     0
2634    0     0     0     0     0     0     0
2638    0     0     0     0     0     0     0
2642    0     0     0     0     0     0     0
2646    0     0     0     0     0     0     0
2650    0     0     0     0     0     0     0
2654    0     0     0     0     0     0     0
2658    0     0     0     0     0     0     0
2662    0     0     0     0     0     0     0
2666    0     0     0     0     0     0     0
2670    0     0     0     0     0     0     0
2674    0     0     0     0     0     0     0
2678    0     0     0     0     0     0     0
2682    0     0     0     0     0     0     0
2686    0     0     0     0     0     0     0
2690    0     0     0     0     0     0     0
2694    0     0     0     0     0     0     0
2698    0     0     0     0     0     0     0
2702    0     0     0     0     0     0     0
2706    0     0     0     0     0     0     0
2710    0     0     0     0     0     0     0
2714    0     0     0     0     0     0     0
2718    0     0     0     0     0     0     0
2722    0     0     0     0     0     0     0
2726    0     0     0     0     0     0     0
2730    0     0     0     0     0     0     0
2734    0     0     0     0     0     0     0
2738    0     0     0     0     0     0     0
2742    0     0     0     0     0     0     0
2746    0     0     0     0     0     0     0
2750    0     0     0     0     0     0     0
2754    0     0     0     0     0     0     0
2758    0     0     0     0     0     0     0
2762    0     0     0     0     0     0     0
2766    0     0     0     0     0     0     0
2770    0     0     0     0     0     0     0
2774    0     0     0     0     0     0     0
2778    0     0     0     0     0     0     0
2782    0     0     0     0     0     0     0
2786    0     0     0     0     0     0     0
2790    0     0     0     0     0     0     0
2794    0     0     0     0     0     0     0
2798    0     0     0     0     0     0     0
2802    0     0     0     0     0     0     0
2806    0     0     0     0     0     0     0
2810    0     0     0     0     0     0     0
2814    0     0     0     0     0     0     0
2818    0     0     0     0     0     0     0
2822    0     0     0     0     0     0     0
2826    0     0     0     0     0     0     0
2830    0     0     0     0     0     0     0
2834    0     0     0     0     0     0     0
2838    0     0     0     0     0     0     0
2842    0     0     0     0     0     0     0
2846    0     0     0     0     0     0     0
2850    0     0     0     0     0     0     0
2854    0     0     0     0     0     0     0
2858    0     0     0     0     0     0     0
2862    0     0     0     0     0     0     0
2866    0     0     0     0     0     0     0
2870    0     0     0     0     0     0     0
2874    0     0     0     0     0     0     0
2878    0     0     0     0     0     0     0
2882    0     0     0     0     0     0     0
2886    0     0     0     0     0     0     0
2890    0     0     0     0     0     0     0
2894    0     0     0     0     0     0     0
2898    0     0     0     0     0     0     0
2902    0     0     0     0     0     0     0
2906    0     0     0     0     0     0     0
2910    0     0     0     0     0     0     0
2914    0     0     0     0     0     0     0
2918    0     0     0     0     0     0     0
2922    0     0     0     0     0     0     0
2926    0     0     0     0     0     0     0
2930    0     0     0     0     0     0     0
2934    0     0     0     0     0     0     0
2938    0     0     0     0     0     0     0
2942    0     0     0     0     0     0     0
2946    0     0     0     0     0     0     0
2950    0     0     0     0     0     0     0
2954    0     0     0     0     0     0     0
2958    0     0     0     0     0     0     0
2962    0     0     0     0     0     0     0
2966    0     0     0     0     0     0     0
2970    0     0     0     0     0     0     0
2974    0     0     0     0     0     0     0
2978    0     0     0     0     0     0     0
2982    0     0     0     0     0     0     0
2986    0     0     0     0     0     0     0
2990    0     0     0     0     0     0     0
2994    0     0     0     0     0     0     0
2998    0     0     0     0     0     0     0
3002    0     0     0     0     0     0     0
3006    0     0     0     0     0     0     0
3010    0     0     0     0     0     0     0
3014    0     0     0     0     0     0     0
3018    0     0     0     0     0     0     0
3022    0     0     0     0     0     0     0
3026    0     0     0     0     0     0     0
3030    0     0     0     0     0     0     0
3034    0     0     0     0     0     0     0
3038    0     0     0     0     0     0     0
3042    0     0     0     0     0     0     0
3046    0     0     0     0     0     0     0
3050    0     0     0     0     0     0     0
3054    0     0     0     0     0     0     0
3058    0     0     0     0     0     0     0
3062    0     0     0     0     0     0     0
3066    0     0     0     0     0     0     0
3070    0     0     0     0     0     0     0
3074    0     0     0     0     0     0     0
3078    0     0     0     0     0     0     0
3082    0     0     0     0     0     0     0
3086    0     0     0     0     0     0     0
3090    0     0     0     0     0     0     0
3094    0     0     0     0     0     0     0
3098    0     0     0     0     0     0     0
3102    0     0     0     0     0     0     0
3106    0     0     0     0     0     0     0
3110    0     0     0     0     0     0     0
3114    0     0     0     0     0     0     0
3118    0     0     0     0     0     0     0
3122    0     0     0     0     0     0     0
3126    0     0     0     0     0     0     0
3130    0     0     0     0     0     0     0
3134    0     0     0     0     0     0     0
3138    0     0     0     0     0     0     0
3142    0     0     0     0     0     0     0
3146    0     0     0     0     0     0     0
3150    0     0     0     0     0     0     0
3154    0     0     0     0     0     0     0
3158    0     0     0     0     0     0     0
3162    0     0     0     0     0     0     0
3166    0     0     0     0     0     0     0
3170    0     0     0     0     0     0     0
3174    0     0     0     0     0     0     0
3178    0     0     0     0     0     0     0
3182    0     0     0     0     0     0     0
3186    0     0     0     0     0     0     0
3190    0     0     0     0     0     0     0
3194    0     0     0     0     0     0     0
3198    0     0     0     0     0     0     0
3202    0     0     0     0     0     0     0
3206    0     0     0     0     0     0     0
3210    0     0     0     0     0     0     0
3214    0     0     0     0     0     0     0
3218    0     0     0     0     0     0     0
3222    0     0     0     0     0     0     0
3226    0     0     0     0     0     0     0
3230    0     0     0     0     0     0     0
3234    0     0     0     0     0     0     0
3238    0     0     0     0     0     0     0
3242    0     0     0     0     0     0     0
3246    0     0     0     0     0     0     0
3250    0     0     0     0     0     0     0
3254    0     0     0     0     0     0     0
3258    0     0     0     0     0     0     0
3262    0     0     0     0     0     0     0
3266    0     0     0     0     0     0     0
3270    0     0     0     0     0     0     0
3274    0     0     0     0     0     0     0
3278    0     0     0     0     0     0     0
3282    0     0     0     0     0     0     0
3286    0     0     0     0     0     0     0
3290    0     0     0     0     0     0     0
3294    0     0     0     0     0     0     0
3298    0     0     0     0     0     0     0
3302    0     0     0     0     0     0     0
3306    0     0     0     0     0     0     0
3310    0     0     0     0     0     0     0
3314    0     0     0     0     0     0     0
3318    0     0     0     0     0     0     0
3322    0     0     0     0     0     0     0
3326    0     0     0     0     0     0     0
3330    0     0     0     0     0     0     0
3334    0     0     0     0     0     0     0
3338    0     0     0     0     0     0     0
3342    0     0     0     0     0     0     0
3346    0     0     0     0     0     0     0
3350    0     0     0     0     0     0     0
3354    0     0     0     0     0     0     0
3358    0     0     0     0     0     0     0
3362    0     0     0     0     0     0     0
3366    0     0     0     0     0     0     0
3370    0     0     0     0     0     0     0
3374    0     0     0     0     0     0     0
3378    0     0     0     0     0     0     0
3382    0     0     0     0     0     0     0
3386    0     0     0     0     0     0     0
3390    0     0     0     0     0     0     0
3394    0     0     0     0     0     0     0
3398    0     0     0     0     0     0     0
3402    0     0     0     0     0     0     0
3406    0     0     0     0     0     0     0
3410    0     0     0     0     0     0     0
3414    0     0     0     0     0     0     0
3418    0     0     0     0     0     0     0
3422    0     0     0     0     0     0     0
3426    0     0     0     0     0     0     0
3430    0     0     0     0     0     0     0
3434    0     0     0     0     0     0     0
3438    0     0     0     0     0     0     0
3442    0     0     0     0     0     0     0
3446    0     0     0     0     0     0     0
3450    0     0     0     0     0     0     0
3454    0     0     0     0     0     0     0
3458    0     0     0     0     0     0     0
3462    0     0     0     0     0     0     0
3466    0     0     0     0     0     0     0
3470    0     0     0     0     0     0     0
3474    0     0     0     0     0     0     0
3478    0     0     0     0     0     0     0
3482    0     0     0     0     0     0     0
3486    0     0     0     0     0     0     0
3490    0     0     0     0     0     0     0
3494    0     0     0     0     0     0     0
3498    0     0     0     0     0     0     0
3502    0     0     0     0     0     0     0
3506    0     0     0     0     0     0     0
3510    0     0     0     0     0     0     0
3514    0     0     0     0     0     0     0
3518    0     0     0     0     0     0     0
3522    0     0     0     0     0     0     0
3526    0     0     0     0     0     0     0
3530    0     0     0     0     0     0     0
3534    0     0     0     0     0     0     0
3538    0     0     0     0     0     0     0
3542    0     0     0     0     0     0     0
3546    0     0     0     0     0     0     0
3550    0     0     0     0     0     0     0
3554    0     0     0     0     0     0     0
3558    0     0     0     0     0     0     0
3562    0     0     0     0     0     0     0
3566    0     0     0     0     0     0     0
3570    0     0     0     0     0     0     0
3574    0     0     0     0     0     0     0
3578    0     0     0     0     0     0     0
3582    0     0     0     0     0     0     0
3586    0     0     0     0     0     0     0
3590    0     0     0     0     0     0     0
3594    0     0     0     0     0     0     0
3598    0     0     0     0     0     0     0
3602    0     0     0     0     0     0     0
3606    0     0     0     0     0     0     0
3610    0     0     0     0     0     0     0
3614    0     0     0     0     0     0     0
3618    0     0     0     0     0     0     0
3622    0     0     0     0     0     0     0
3626    0     0     0     0     0     0     0
3630    0     0     0     0     0     0     0
3634    0     0     0     0     0     0     0
3638    0     0     0     0     0     0     0
3642    0     0     0     0     0     0     0
3646    0     0     0     0     0     0     0
3650    0     0     0     0     0     0     0
3654    0     0     0     0     0     0     0
3658    0     0     0     0     0     0     0
3662    0     0     0     0     0     0     0
3666    0     0     0     0     0     0     0
3670    0     0     0     0     0     0     0
3674    0     0     0     0     0     0     0
3678    0     0     0     0     0     0     0
3682    0     0     0     0     0     0     0
3686    0     0     0     0     0     0     0
3690    0     0     0     0     0     0     0
3694    0     0     0     0     0     0     0
3698    0     0     0     0     0     0     0
3702    0     0     0     0     0     0     0
3706    0     0     0     0     0     0     0
3710    0     0     0     0     0     0     0
3714    0     0     0     0     0     0     0
3718    0     0     0     0     0     0     0
3722    0     0     0     0     0     0     0
3726    0     0     0     0     0     0     0
3730    0     0     0     0     0     0     0
3734    0     0     0     0     0     0     0
3738    0     0     0     0     0     0     0
3742    0     0     0     0     0     0     0
3746    0     0     0     0     0     0     0
3750    0     0     0     0     0     0     0
3754    0     0     0     0     0     0     0
3758    0     0     0     0     0     0     0
3762    0     0     0     0     0     0     0
3766    0     0     0     0     0     0     0
3770    0     0     0     0     0     0     0
3774    0     0     0     0     0     0     0
3778    0     0     0     0     0     0     0
3782    0     0     0     0     0     0     0
3786    0     0     0     0     0     0     0
3790    0     0     0     0     0     0     0
3794    0     0     0     0     0     0     0
3798    0     0     0     0     0     0     0
3802    0     0     0     0     0     0     0
3806    0     0     0     0     0     0     0
3810    0     0     0     0     0     0     0
3814    0     0     0     0     0     0     0
3818    0     0     0     0     0     0     0
3822    0     0     0     0     0     0     0
3826    0     0     0     0     0     0     0
3830    0     0     0     0     0     0     0
3834    0     0     0     0     0     0     0
3838    0     0     0     0     0     0     0
3842    0     0     0     0     0     0     0
3846    0     0     0     0     0     0     0
3850    0     0     0     0     0     0     0
3854    0     0     0     0     0     0     0
3858    0     0     0     0     0     0     0
3862    0     0     0     0     0     0     0
3866    0     0     0     0     0     0     0
3870    0     0     0     0     0     0     0
3874    0     0     0     0     0     0     0
3878    0     0     0     0     0     0     0
3882    0     0     0     0     0     0     0
3886    0     0     0     0     0     0     0
3890    0     0     0     0     0     0     0
3894    0     0     0     0     0     0     0
3898    0     0     0     0     0     0     0
3902    0     0     0     0     0     0     0
3906    0     0     0     0     0     0     0
3910    0     0     0     0     0     0     0
3914    0     0     0     0     0     0     0
3918    0     0     0     0     0     0     0
3922    0     0     0     0     0     0     0
3926    0     0     0     0     0     0     0
3930    0     0     0     0     0     0     0
3934    0     0     0     0     0     0     0
3938    0     0     0     0     0     0     0
3942    0     0     0     0     0     0     0
3946    0     0     0     0     0     0     0
3950    0     0     0     0     0     0     0
3954    0     0     0     0     0     0     0
3958    0     0     0     0     0     0     0
3962    0     0     0     0     0     0     0
3966    0     0     0     0     0     0     0
3970    0     0     0     0     0     0     0
3974    0     0     0     0     0     0     0
3978    0     0     0     0     0     0     0
3982    0     0     0     0     0     0     0
3986    0     0     0     0     0     0     0
3990    0     0     0     0     0     0     0
3994    0     0     0     0     0     0     0
3998    0     0     0     0     0     0     0
