2    0     0     0     0     0     0     0
6    0     0     0     0     0     0     0
10    0     0     0     0     0     0     0
14    0     0     0     0     0     0     0
18    0     0     0     0     0     0     0
22    0     0     0     0     0     0     0
26    2.14893e-05     2.46489e-09     2.46489e-09     2.46489e-09     2.46472e-09     2.46472e-09     2.46472e-09
30    3.25095e-05     3.09917e-09     3.09917e-09     3.09917e-09     3.09896e-09     3.09896e-09     3.09896e-09
34    3.47135e-05     2.76466e-09     2.76466e-09     2.76466e-09     2.76447e-09     2.76447e-09     2.76447e-09
38    4.18766e-05     2.88394e-09     2.88394e-09     2.88394e-09     2.88375e-09     2.88375e-09     2.88375e-09
42    3.85706e-05     2.31904e-09     2.31904e-09     2.31904e-09     2.31889e-09     2.31889e-09     2.31889e-09
46    5.34478e-05     2.83351e-09     2.83351e-09     2.83351e-09     2.83332e-09     2.83332e-09     2.83332e-09
50    5.45498e-05     2.5903e-09     2.5903e-09     2.5903e-09     2.59013e-09     2.59013e-09     2.59013e-09
54    6.557e-05     2.83015e-09     2.83015e-09     2.83015e-09     2.82996e-09     2.82996e-09     2.82996e-09
58    8.65083e-05     3.4287e-09     3.4287e-09     3.4287e-09     3.42847e-09     3.42847e-09     3.42847e-09
62    6.7223e-05     2.47885e-09     2.47885e-09     2.47885e-09     2.47868e-09     2.47868e-09     2.47868e-09
66    9.69775e-05     3.35057e-09     3.35057e-09     3.35057e-09     3.35035e-09     3.35035e-09     3.35035e-09
70    9.97325e-05     3.27876e-09     3.27876e-09     3.27876e-09     3.27854e-09     3.27854e-09     3.27854e-09
74    9.97325e-05     3.1403e-09     3.1403e-09     3.1403e-09     3.14009e-09     3.14009e-09     3.14009e-09
78    9.09164e-05     2.77667e-09     2.77667e-09     2.77667e-09     2.77649e-09     2.77649e-09     2.77649e-09
82    0.000119569     3.56607e-09     3.56607e-09     3.56607e-09     3.56583e-09     3.56583e-09     3.56583e-09
86    0.000139956     4.10851e-09     4.10851e-09     4.10851e-09     4.10823e-09     4.10823e-09     4.10823e-09
90    0.000119569     3.48185e-09     3.48185e-09     3.48185e-09     3.48161e-09     3.48161e-09     3.48161e-09
94    0.000132242     3.84493e-09     3.84493e-09     3.84493e-09     3.84468e-09     3.84468e-09     3.84468e-09
98    0.000148221     4.32645e-09     4.32645e-09     4.32645e-09     4.32616e-09     4.32616e-09     4.32616e-09
102    0.000139405     4.10374e-09     4.10374e-09     4.10374e-09     4.10347e-09     4.10347e-09     4.10347e-09
106    0.000134997     4.02863e-09     4.02863e-09     4.02863e-09     4.02837e-09     4.02837e-09     4.02837e-09
110    0.000157588     4.81681e-09     4.81681e-09     4.81681e-09     4.8165e-09     4.8165e-09     4.8165e-09
114    0.000148772     4.70847e-09     4.70847e-09     4.70847e-09     4.70816e-09     4.70816e-09     4.70816e-09
118    0.000159241     5.30483e-09     5.30483e-09     5.30483e-09     5.30448e-09     5.30448e-09     5.30448e-09
122    0.0001642     5.89004e-09     5.89004e-09     5.89004e-09     5.88965e-09     5.88965e-09     5.88965e-09
126    0.000191751     7.55998e-09     7.55998e-09     7.55998e-09     7.55948e-09     7.55948e-09     7.55948e-09
130    0.000173017     7.77395e-09     7.77395e-09     7.77395e-09     7.77344e-09     7.77344e-09     7.77344e-09
134    0.000195057     1.01174e-08     1.01174e-08     1.01174e-08     1.01168e-08     1.01168e-08     1.01168e-08
138    0.000193404     1.20231e-08     1.20231e-08     1.20231e-08     1.20223e-08     1.20223e-08     1.20223e-08
142    0.000207179     1.6099e-08     1.6099e-08     1.6099e-08     1.6098e-08     1.6098e-08     1.6098e-08
146    0.000218199     2.18877e-08     2.18877e-08     2.18877e-08     2.18862e-08     2.18862e-08     2.18862e-08
150    0.000182384     2.51921e-08     2.51921e-08     2.51921e-08     2.51904e-08     2.51904e-08     2.51904e-08
154    0.000211036     4.46004e-08     4.46004e-08     4.46004e-08     4.45974e-08     4.45974e-08     4.45974e-08
158    0.000208832     8.24549e-08     8.24549e-08     8.24549e-08     8.24495e-08     8.24495e-08     8.24495e-08
162    0.000238036     2.52459e-07     2.52459e-07     2.52459e-07     2.52442e-07     2.52442e-07     2.52442e-07
166    0.000221505     4.34458e-07     4.34458e-07     4.34458e-07     4.34429e-07     4.34429e-07     4.34429e-07
170    0.000237485     6.32172e-07     6.32172e-07     6.32172e-07     6.3213e-07     6.3213e-07     6.3213e-07
174    0.000241893     7.86879e-07     7.86879e-07     7.86879e-07     7.86826e-07     7.86826e-07     7.86826e-07
178    0.000238587     9.1016e-07     9.1016e-07     9.1016e-07     9.10099e-07     9.10099e-07     9.10099e-07
182    0.000270545     1.24608e-06     1.24608e-06     1.24608e-06     1.246e-06     1.246e-06     1.246e-06
186    0.00028432     1.58386e-06     1.58386e-06     1.58386e-06     1.58376e-06     1.58376e-06     1.58376e-06
190    0.000288177     1.86695e-06     1.86695e-06     1.86695e-06     1.86683e-06     1.86683e-06     1.86683e-06
194    0.000265586     1.95153e-06     1.95153e-06     1.95153e-06     1.9514e-06     1.9514e-06     1.9514e-06
198    0.000269443     2.18303e-06     2.18303e-06     2.18303e-06     2.18288e-06     2.18288e-06     2.18288e-06
202    0.000288728     2.5575e-06     2.5575e-06     2.5575e-06     2.55733e-06     2.55733e-06     2.55733e-06
206    0.000268341     2.58927e-06     2.58927e-06     2.58927e-06     2.5891e-06     2.5891e-06     2.5891e-06
210    0.000283218     2.96005e-06     2.96005e-06     2.96005e-06     0.000118546     0.000166542     8.51307e-05
214    0.000277157     3.11392e-06     3.11392e-06     3.11392e-06     0.000229112     0.000323033     0.000163733
218    0.000276055     3.32196e-06     3.32196e-06     3.32196e-06     0.000231271     0.000326226     0.000165197
222    0.000293136     3.76353e-06     3.76353e-06     3.76353e-06     0.000239521     0.000337932     0.000170981
226    0.000311871     4.26192e-06     4.26192e-06     4.26192e-06     0.00023333     0.000329065     0.000166696
230    0.000313524     4.55761e-06     4.55761e-06     4.55761e-06     0.000228229     0.000321731     0.000163115
234    0.000293687     4.52571e-06     4.52571e-06     4.52571e-06     0.00021409     0.000301707     0.000153018
238    0.000323993     5.28218e-06     5.28218e-06     5.28218e-06     0.00018885     0.000265681     0.00013527
242    0.000338319     5.82553e-06     5.82553e-06     5.82553e-06     0.000205522     0.000289156     0.000147089
246    0.000309667     5.62395e-06     5.62395e-06     5.62395e-06     0.000206852     0.000291235     0.000147898
250    0.000322891     6.17086e-06     6.17086e-06     6.17086e-06     0.000198787     0.00027951     0.000142374
254    0.000321238     6.45344e-06     6.45344e-06     6.45344e-06     0.000189762     0.000266457     0.000136133
258    0.000363666     7.68519e-06     7.68519e-06     7.68519e-06     0.000180828     0.000253105     0.000130234
262    0.000366972     8.12805e-06     8.12805e-06     8.12805e-06     0.000200243     0.000280322     0.00014415
266    0.00037689     8.74937e-06     8.74937e-06     8.74937e-06     0.000186063     0.000260014     0.000134205
270    0.00032234     7.82471e-06     7.82471e-06     7.82471e-06     0.00017355     0.000242756     0.000125002
274    0.000315177     8.01256e-06     8.01256e-06     8.01256e-06     0.000173197     0.000242283     0.000124732
278    0.000358155     9.5043e-06     9.5043e-06     9.5043e-06     0.000177746     0.000248207     0.000128301
282    0.0003554     9.85482e-06     9.85482e-06     9.85482e-06     0.000166707     0.000232384     0.000120597
286    0.000388461     1.12249e-05     1.12249e-05     1.12249e-05     0.00016416     0.000228109     0.0001192
290    0.000352645     1.06049e-05     1.06049e-05     1.06049e-05     0.000168003     0.000233836     0.000121715
294    0.000320136     1.002e-05     1.002e-05     1.002e-05     0.000174632     0.000243575     0.000126176
298    0.000350441     1.14004e-05     1.14004e-05     1.14004e-05     0.000161056     0.000223882     0.000116906
302    0.0003824     1.29036e-05     1.29036e-05     1.29036e-05     0.000150444     0.000208268     0.000109799
306    0.000377441     1.32353e-05     1.32353e-05     1.32353e-05     0.000149929     0.000207346     0.000109542
310    0.000384053     1.39719e-05     1.39719e-05     1.39719e-05     0.000157189     0.000217263     0.000114887
314    0.000393971     1.48606e-05     1.48606e-05     1.48606e-05     0.000165422     0.000228505     0.000120965
318    0.000398379     1.5582e-05     1.5582e-05     1.5582e-05     0.00014951     0.000205595     0.00010998
322    0.000400032     1.61706e-05     1.61706e-05     1.61706e-05     0.000153604     0.000211083     0.00011305
326    0.000406644     1.69957e-05     1.69957e-05     1.69957e-05     0.000159356     0.000218808     0.000117363
330    0.000366421     1.58176e-05     1.58176e-05     1.58176e-05     0.000148432     0.000203652     0.000109378
334    0.00040444     1.80201e-05     1.80201e-05     1.80201e-05     0.000156948     0.000214533     0.000116148
338    0.00040995     1.88551e-05     1.88551e-05     1.88551e-05     0.000152059     0.00020694     0.000113081
342    0.000401134     1.9052e-05     1.9052e-05     1.9052e-05     0.00015372     0.000208582     0.000114598
346    0.000422072     2.07366e-05     2.07366e-05     2.07366e-05     0.000154504     0.000208191     0.000116042
350    0.000400032     2.04413e-05     2.04413e-05     2.04413e-05     0.000154029     0.000207371     0.000115744
354    0.000429787     2.29971e-05     2.29971e-05     2.29971e-05     0.000161087     0.000216336     0.000121442
358    0.000450174     2.52496e-05     2.52496e-05     2.52496e-05     0.000178467     0.000240112     0.000134298
362    0.000466153     2.74253e-05     2.74253e-05     2.74253e-05     0.000166376     0.000222796     0.000126042
366    0.000452378     2.78013e-05     2.78013e-05     2.78013e-05     0.000166573     0.000223154     0.000126145
370    0.000432542     2.7741e-05     2.7741e-05     2.7741e-05     0.000178086     0.000239635     0.000134139
374    0.000454582     3.04268e-05     3.04268e-05     3.04268e-05     0.00019173     0.000258067     0.00014441
378    0.000429787     3.00865e-05     3.00865e-05     3.00865e-05     0.000183617     0.000247101     0.000138387
382    0.000463949     3.37811e-05     3.37811e-05     3.37811e-05     0.000194978     0.000262107     0.000147223
386    0.00048654     3.68456e-05     3.68456e-05     3.68456e-05     0.000199171     0.000267109     0.000150896
390    0.000471112     3.70117e-05     3.70117e-05     3.70117e-05     0.000202878     0.000272616     0.000153378
394    0.000478275     3.8921e-05     3.8921e-05     3.8921e-05     0.000211818     0.000284788     0.000160068
398    0.000458439     3.86421e-05     3.86421e-05     3.86421e-05     0.0001983     0.000265943     0.000150368
402    0.000479928     4.18329e-05     4.18329e-05     4.18329e-05     0.000205718     0.000275527     0.000156306
406    0.000492601     4.43958e-05     4.43958e-05     4.43958e-05     0.000216437     0.000290026     0.000164397
410    0.000490397     4.56283e-05     4.56283e-05     4.56283e-05     0.000216321     0.000289618     0.000164532
414    0.000516295     4.95433e-05     4.95433e-05     4.95433e-05     0.000210971     0.000280533     0.000161857
418    0.000496458     4.90916e-05     4.90916e-05     4.90916e-05     0.00021345     0.000284504     0.000163307
422    0.000514642     5.23489e-05     5.23489e-05     5.23489e-05     0.000218579     0.000290836     0.000167654
426    0.000529519     5.53877e-05     5.53877e-05     5.53877e-05     0.000221444     0.000293921     0.000170412
430    0.000517397     5.563e-05     5.563e-05     5.563e-05     0.000216819     0.000287406     0.000167154
434    0.000515744     5.69897e-05     5.69897e-05     5.69897e-05     0.000232899     0.000310142     0.00017858
438    0.000516846     5.86569e-05     5.86569e-05     5.86569e-05     0.000232187     0.000308559     0.000178503
442    0.000517397     6.02502e-05     6.02502e-05     6.02502e-05     0.00022027     0.000291061     0.000170571
446    0.00051905     6.19673e-05     6.19673e-05     6.19673e-05     0.000235206     0.000312256     0.000181186
450    0.000574151     7.02176e-05     7.02176e-05     7.02176e-05     0.000233543     0.000306515     0.000182437
454    0.000548253     6.86718e-05     6.86718e-05     6.86718e-05     0.000239543     0.000316137     0.00018594
458    0.000541641     6.94621e-05     6.94621e-05     6.94621e-05     0.000253993     0.000336882     0.000196009
462    0.000537233     7.04883e-05     7.04883e-05     7.04883e-05     0.000238094     0.000313425     0.00018539
466    0.000560375     7.52162e-05     7.52162e-05     7.52162e-05     0.000248121     0.000325801     0.000193742
470    0.0005736     7.87752e-05     7.87752e-05     7.87752e-05     0.00025434     0.00033323     0.000199099
474    0.000591232     8.29215e-05     8.29215e-05     8.29215e-05     0.000256397     0.000334418     0.000201765
478    0.000591232     8.46885e-05     8.46885e-05     8.46885e-05     0.000249463     0.000323701     0.000197492
482    0.000579661     8.4833e-05     8.4833e-05     8.4833e-05     0.000260256     0.000339649     0.00020474
486    0.000600599     8.9763e-05     8.9763e-05     8.9763e-05     0.000278393     0.000364098     0.000218526
490    0.000591783     9.03056e-05     9.03056e-05     9.03056e-05     0.000261477     0.000339471     0.000207032
494    0.000602252     9.37464e-05     9.37464e-05     9.37464e-05     0.000267122     0.000346278     0.000211883
498    0.000602252     9.5639e-05     9.5639e-05     9.5639e-05     0.000286069     0.00037311     0.000225329
502    0.000624843     0.000101186     0.000101186     0.000101186     0.00027552     0.000355402     0.000219819
506    0.000596191     9.84909e-05     9.84909e-05     9.84909e-05     0.000285695     0.000371714     0.00022574
510    0.000630354     0.000106147     0.000106147     0.000106147     0.000278196     0.000357518     0.00022295
514    0.000614925     0.000105521     0.000105521     0.000105521     0.000290042     0.000375406     0.000230637
518    0.00061768     0.000108027     0.000108027     0.000108027     0.000299215     0.000387981     0.000237495
522    0.000644129     0.000114829     0.000114829     0.000114829     0.000275172     0.000349926     0.000223255
526    0.000649639     0.000117928     0.000117928     0.000117928     0.000295602     0.000378572     0.000237983
530    0.00066672     0.000123298     0.000123298     0.000123298     0.0002986     0.000380543     0.000241701
534    0.000683801     0.000128684     0.000128684     0.000128684     0.000322894     0.00041373     0.000259824
538    0.000689311     0.000132047     0.000132047     0.000132047     0.000298583     0.000376492     0.000244478
542    0.000682699     0.000133079     0.000133079     0.000133079     0.000313434     0.00039786     0.000254788
546    0.000686556     0.000136208     0.000136208     0.000136208     0.000309034     0.000390024     0.000252781
550    0.000705291     0.000142565     0.000142565     0.000142565     0.000311362     0.000390583     0.000256349
554    0.000695373     0.000143112     0.000143112     0.000143112     0.000351605     0.000449628     0.00028356
558    0.000694271     0.000145434     0.000145434     0.000145434     0.000327099     0.000412721     0.000267708
562    0.000696475     0.000148255     0.000148255     0.000148255     0.000335103     0.000423481     0.000273855
566    0.000749922     0.000162148     0.000162148     0.000162148     0.000342934     0.000428659     0.00028355
570    0.000728433     0.000160044     0.000160044     0.000160044     0.000336845     0.00042084     0.000278682
574    0.000769759     0.000172118     0.000172118     0.000172118     0.000347197     0.000430499     0.000289531
578    0.000788493     0.000179465     0.000179465     0.000179465     0.000366139     0.000455071     0.000304587
582    0.000735596     0.000170333     0.000170333     0.000170333     0.000343622     0.000426338     0.000286396
586    0.000789044     0.000185717     0.000185717     0.000185717     0.000362224     0.000446621     0.000303844
590    0.000787942     0.000188757     0.000188757     0.000188757     0.000371221     0.000458625     0.00031078
594    0.000803921     0.000196463     0.000196463     0.000196463     0.000404143     0.000503833     0.000335235
598    0.000805023     0.000200612     0.000200612     0.000200612     0.000389612     0.000480536     0.000326793
602    0.00083037     0.00021066     0.00021066     0.00021066     0.000432725     0.000539929     0.000358739
606    0.000816043     0.00021028     0.00021028     0.00021028     0.000406783     0.000501888     0.00034118
610    0.000852961     0.000223268     0.000223268     0.000223268     0.000414104     0.000506671     0.000350283
614    0.000854614     0.000227637     0.000227637     0.000227637     0.000421531     0.000515734     0.000356603
618    0.00084139     0.000228442     0.000228442     0.000228442     0.000432882     0.000532338     0.000364349
622    0.000818247     0.000226383     0.000226383     0.000226383     0.000405395     0.000492642     0.0003453
626    0.000891531     0.000251268     0.000251268     0.000251268     0.00046251     0.000565631     0.000391499
630    0.000886021     0.000254224     0.000254224     0.000254224     0.000486947     0.000600772     0.000408605
634    0.000857369     0.000250264     0.000250264     0.000250264     0.000462843     0.000567016     0.000391177
638    0.000927347     0.000275574     0.000275574     0.000275574     0.00049263     0.00059919     0.000419342
642    0.000907511     0.000274899     0.000274899     0.000274899     0.000484543     0.000587779     0.000413601
646    0.000917429     0.000283644     0.000283644     0.000283644     0.000480454     0.000577565     0.000413749
650    0.000933408     0.00029462     0.00029462     0.00029462     0.000496048     0.000595615     0.000427681
654    0.000979693     0.000315691     0.000315691     0.000315691     0.000542144     0.000654237     0.000465196
658    0.000915776     0.000301068     0.000301068     0.000301068     0.000514069     0.000619616     0.000441628
662    0.000964265     0.000323406     0.000323406     0.000323406     0.000530189     0.000632924     0.000459728
666    0.000913021     0.000312512     0.000312512     0.000312512     0.000531675     0.000640848     0.000456854
670    0.000925143     0.00032324     0.00032324     0.00032324     0.000589144     0.000721882     0.000498217
674    0.00099457     0.00035473     0.00035473     0.00035473     0.000580005     0.000692678     0.00050285
678    0.00101055     0.000367868     0.000367868     0.000367868     0.000582329     0.00068974     0.000508804
682    0.000996223     0.000370196     0.000370196     0.000370196     0.000587273     0.000696181     0.000512758
686    0.0010662     0.000404584     0.000404584     0.000404584     0.000628481     0.000740958     0.000551527
690    0.0010629     0.000412179     0.000412179     0.000412179     0.000620187     0.00072491     0.00054858
694    0.00104636     0.000415288     0.000415288     0.000415288     0.00067098     0.00080005     0.000582796
698    0.00107557     0.000437232     0.000437232     0.000437232     0.000672795     0.000792024     0.000591386
702    0.00102488     0.000426567     0.000426567     0.000426567     0.000699366     0.000837893     0.000604869
706    0.00106179     0.000452918     0.000452918     0.000452918     0.000693324     0.000815626     0.000609929
710    0.00107557     0.000470188     0.000470188     0.000470188     0.000716831     0.000842512     0.000631163
714    0.00112736     0.000506304     0.000506304     0.000506304     0.000725223     0.00083696     0.000649086
718    0.00110532     0.000510126     0.000510126     0.000510126     0.000761766     0.000890408     0.000674135
722    0.00107998     0.000511935     0.000511935     0.000511935     0.000754343     0.000878657     0.000669741
726    0.00113067     0.00055014     0.00055014     0.00055014     0.000792951     0.000917782     0.000708052
730    0.00112185     0.000560617     0.000560617     0.000560617     0.000802169     0.00092665     0.000717565
734    0.00113508     0.000583386     0.000583386     0.000583386     0.000828474     0.000955033     0.00074251
738    0.00115546     0.000611531     0.000611531     0.000611531     0.000849177     0.000972099     0.000765722
742    0.00113783     0.000621294     0.000621294     0.000621294     0.000871278     0.00100097     0.000783301
746    0.00114995     0.000648221     0.000648221     0.000648221     0.000887155     0.00101146     0.000802892
750    0.00120395     0.000701462     0.000701462     0.000701462     0.00101336     0.00117602     0.000903179
754    0.00119404     0.000717965     0.000717965     0.000717965     0.000967457     0.00109782     0.000879197
758    0.00121993     0.000756973     0.000756973     0.000756973     0.00106882     0.00123204     0.00095837
762    0.00116648     0.000748284     0.000748284     0.000748284     0.00102677     0.00117288     0.000927934
766    0.00118246     0.000785239     0.000785239     0.000785239     0.0010731     0.00122449     0.000970766
770    0.00115051     0.000791801     0.000791801     0.000791801     0.00109176     0.00124989     0.000984945
774    0.00118301     0.000845774     0.000845774     0.000845774     0.00113383     0.00128607     0.00103107
778    0.00124803     0.000927321     0.000927321     0.000927321     0.00123707     0.00140113     0.00112641
782    0.00115987     0.000895072     0.000895072     0.000895072     0.00118986     0.00134652     0.00108429
786    0.00118632     0.000950183     0.000950183     0.000950183     0.00123872     0.00139252     0.00113519
790    0.00117255     0.000976544     0.000976544     0.000976544     0.00126538     0.00141972     0.00116155
794    0.00116263     0.00100764     0.00100764     0.00100764     0.00132825     0.00149997     0.0012128
798    0.00117255     0.00105935     0.00105935     0.00105935     0.00138216     0.00155542     0.00126575
802    0.00119238     0.00112409     0.00112409     0.00112409     0.00142435     0.00158595     0.00131585
806    0.0011483     0.00113056     0.00113056     0.00113056     0.00146036     0.00163828     0.00134099
810    0.00115326     0.00118616     0.00118616     0.00118616     0.00150522     0.00167782     0.00138951
814    0.00116042     0.00124768     0.00124768     0.00124768     0.00156249     0.00173325     0.00144811
818    0.00113232     0.00127289     0.00127289     0.00127289     0.00157206     0.00173476     0.00146319
822    0.00112957     0.0013283     0.0013283     0.0013283     0.00164958     0.00182453     0.00153253
826    0.00110587     0.00135986     0.00135986     0.00135986     0.0016911     0.00187164     0.00157033
830    0.00110863     0.00142704     0.00142704     0.00142704     0.00175546     0.00193498     0.00163547
834    0.00105243     0.00141937     0.00141937     0.00141937     0.0017192     0.0018839     0.0016093
838    0.00107832     0.00152261     0.00152261     0.00152261     0.00183685     0.00201053     0.00172122
842    0.00108494     0.00160404     0.00160404     0.00160404     0.00191593     0.00208891     0.00180089
846    0.00105022     0.00162641     0.00162641     0.00162641     0.00192894     0.00209667     0.00181736
850    0.00105298     0.00170501     0.00170501     0.00170501     0.00201987     0.00219458     0.00190366
854    0.00105794     0.00179294     0.00179294     0.00179294     0.00210109     0.0022725     0.00198715
858    0.000980795     0.00173845     0.00173845     0.00173845     0.00203719     0.00220413     0.0019264
862    0.000977489     0.00181054     0.00181054     0.00181054     0.00209298     0.00225173     0.00198783
866    0.000980795     0.00189589     0.00189589     0.00189589     0.00217089     0.00232592     0.0020683
870    0.000949387     0.00191345     0.00191345     0.00191345     0.00217472     0.00232246     0.00207707
874    0.000909715     0.0019084     0.0019084     0.0019084     0.00215786     0.00229931     0.00206444
878    0.000899246     0.00196027     0.00196027     0.00196027     0.00219883     0.00233444     0.00210933
882    0.000933959     0.00211427     0.00211427     0.00211427     0.00234813     0.00248142     0.00226024
886    0.00087996     0.00206408     0.00206408     0.00206408     0.00227126     0.00238959     0.00219328
890    0.000876103     0.0021274     0.0021274     0.0021274     0.00232577     0.00243946     0.00225095
894    0.00087445     0.00219434     0.00219434     0.00219434     0.00238123     0.00248887     0.00231051
898    0.000807227     0.00208864     0.00208864     0.00208864     0.00224986     0.00234323     0.00218863
902    0.000778575     0.00207273     0.00207273     0.00207273     0.00220857     0.00215684     0.00228756
906    0.000806676     0.00220416     0.00220416     0.00220416     0.00232849     0.00228111     0.00240084
910    0.000817696     0.00228887     0.00228887     0.00228887     0.00239793     0.00235632     0.0024615
914    0.000763698     0.00218629     0.00218629     0.00218629     0.00227694     0.00224229     0.00232994
918    0.000747167     0.00218037     0.00218037     0.00218037     0.00225501     0.00222639     0.00229884
922    0.000709148     0.0021073     0.0021073     0.0021073     0.00215552     0.00213695     0.00218402
926    0.00068876     0.00207722     0.00207722     0.00207722     0.00210925     0.00209688     0.00212826
930    0.000692066     0.00211521     0.00211521     0.00211521     0.00213189     0.00212541     0.00214185
934    0.000657353     0.00203226     0.00203226     0.00203226     0.00203198     0.00202812     0.00203581
938    0.000690964     0.00215729     0.00215729     0.00215729     0.00213967     0.00212925     0.00214644
942    0.00063917     0.002011     0.002011     0.002011     0.0019746     0.00195292     0.00198866
946    0.000599497     0.00189694     0.00189694     0.00189694     0.00184792     0.00181861     0.00186691
950    0.000589579     0.00187328     0.00187328     0.00187328     0.00181171     0.00177476     0.00183562
954    0.000586824     0.00187004     0.00187004     0.00187004     0.00179328     0.00174701     0.00182318
958    0.000578559     0.00184701     0.00184701     0.00184701     0.00175737     0.00170308     0.00179238
962    0.000578559     0.00184847     0.00184847     0.00184847     0.00174481     0.00168164     0.00178546
966    0.000530621     0.00169501     0.00169501     0.00169501     0.00158807     0.00152265     0.00163012
970    0.000492601     0.00157147     0.00157147     0.00157147     0.00145693     0.00138659     0.00150209
974    0.000504724     0.00160631     0.00160631     0.00160631     0.00147632     0.0013962     0.00152768
978    0.000485989     0.00154166     0.00154166     0.00154166     0.00141207     0.00133193     0.00146338
982    0.000467806     0.0014784     0.0014784     0.0014784     0.00133648     0.00124837     0.00139282
986    0.000465602     0.00146537     0.00146537     0.00146537     0.00131541     0.00122204     0.00137505
990    0.000455684     0.00142768     0.00142768     0.00142768     0.00127594     0.00118121     0.0013364
994    0.000413807     0.00129027     0.00129027     0.00129027     0.00113812     0.00104287     0.00119884
998    0.000411603     0.00127695     0.00127695     0.00127695     0.00111835     0.00101876     0.00118177
1002    0.000424276     0.00130929     0.00130929     0.00130929     0.00112746     0.00101281     0.00120036
1006    0.000396726     0.0012177     0.0012177     0.0012177     0.00104658     0.000938319     0.00111533
1010    0.000392318     0.00119776     0.00119776     0.00119776     0.00102558     0.000916299     0.00109489
1014    0.00039342     0.00119459     0.00119459     0.00119459     0.00101458     0.000899967     0.00108719
1018    0.000366972     0.00110839     0.00110839     0.00110839     0.000935113     0.000824417     0.00100515
1022    0.000341074     0.00102449     0.00102449     0.00102449     0.000857164     0.000749787     0.000924987
1026    0.000333911     0.000997803     0.000997803     0.000997803     0.000825423     0.00071443     0.000895442
1030    0.000325095     0.000966439     0.000966439     0.000966439     0.000794657     0.000683629     0.000864594
1034    0.000306912     0.00090782     0.00090782     0.00090782     0.000745098     0.000639564     0.000811484
1038    0.000332809     0.00097947     0.00097947     0.00097947     0.000796892     0.00067805     0.000871543
1042    0.00030581     0.000895906     0.000895906     0.000895906     0.000718604     0.000602627     0.000791316
1046    0.000281565     0.000821139     0.000821139     0.000821139     0.000649439     0.000536713     0.000720015
1050    0.000283769     0.000824032     0.000824032     0.000824032     0.00064858     0.000532936     0.000720871
1054    0.000268892     0.00077759     0.00077759     0.00077759     0.000615071     0.000507556     0.000682182
1058    0.000259525     0.000747542     0.000747542     0.000747542     0.000580032     0.0004688     0.000649361
1062    0.000249607     0.000716425     0.000716425     0.000716425     0.000554926     0.000447132     0.000621978
1066    0.000248505     0.000710786     0.000710786     0.000710786     0.000548533     0.000439816     0.000616055
1070    0.000255117     0.000727336     0.000727336     0.000727336     0.000557225     0.000442764     0.000628194
1074    0.000219301     0.000623385     0.000623385     0.000623385     0.000473733     0.000372632     0.000536315
1078    0.000237485     0.000673266     0.000673266     0.000673266     0.000513331     0.000404865     0.000580364
1082    0.000198363     0.000560882     0.000560882     0.000560882     0.000413717     0.000313374     0.000475598
1086    0.000218199     0.000615575     0.000615575     0.000615575     0.000452811     0.000341353     0.000521428
1090    0.000200016     0.000563138     0.000563138     0.000563138     0.00042147     0.000324105     0.000481324
1094    0.000198363     0.000557481     0.000557481     0.000557481     0.0004062     0.000301794     0.000470271
1098    0.000182935     0.00051326     0.00051326     0.00051326     0.000368811     0.000268671     0.000430143
1102    0.000198363     0.000555773     0.000555773     0.000555773     0.000396954     0.000286233     0.000464607
1106    0.00018018     0.000504229     0.000504229     0.000504229     0.000369085     0.0002745     0.000426791
1110    0.000182935     0.000511446     0.000511446     0.000511446     0.000363839     0.000260054     0.000427039
1114    0.000176323     0.000492587     0.000492587     0.000492587     0.000357071     0.000261407     0.000415227
1118    0.000148221     0.000413849     0.000413849     0.000413849     0.000283616     0.000191279     0.000339643
1122    0.000169711     0.000473676     0.000473676     0.000473676     0.000334129     0.000234635     0.000394361
1126    0.000157588     0.000439764     0.000439764     0.000439764     0.000302257     0.000203805     0.000361751
1130    0.000159792     0.000445921     0.000445921     0.000445921     0.000304595     0.000202955     0.000365903
1134    0.00013665     0.000381411     0.000381411     0.000381411     0.00026439     0.000179881     0.000315278
1138    0.000150425     0.000420016     0.000420016     0.000420016     0.000285709     0.000188286     0.000344261
1142    0.000134997     0.000377143     0.000377143     0.000377143     0.000256762     0.000168937     0.000309415
1146    0.000134446     0.000375872     0.000375872     0.000375872     0.000242411     0.000144604     0.000300932
1150    0.000145466     0.000407028     0.000407028     0.000407028     0.000268833     0.000167143     0.00032957
1154    0.000120671     0.000337998     0.000337998     0.000337998     0.000234821     0.000158565     0.000280281
1158    0.000129487     0.000363124     0.000363124     0.000363124     0.000249452     0.00016506     0.000299667
1162    0.000100835     0.000283161     0.000283161     0.000283161     0.000186069     0.000113563     0.000229102
1166    0.000125079     0.000351755     0.000351755     0.000351755     0.000223038     0.000126461     0.00028024
1170    0.000126732     0.000356961     0.000356961     0.000356961     0.000232539     0.000138799     0.000287961
1174    0.000119569     0.000337374     0.000337374     0.000337374     0.000224005     0.00013825     0.000274617
1178    9.58755e-05     0.000271043     0.000271043     0.000271043     0.000178301     0.000107823     0.000219813
1182    9.58755e-05     0.000271582     0.000271582     0.000271582     0.000170528     9.32839e-05     0.000215909
1186    9.25694e-05     0.000262772     0.000262772     0.000262772     0.000164552     8.91676e-05     0.000208758
1190    0.000108549     0.000308801     0.000308801     0.000308801     0.000195984     0.000108982     0.000246895
1194    0.000100835     0.000287542     0.000287542     0.000287542     0.00018501     0.000105593     0.000231395
1198    0.000111304     0.000318156     0.000318156     0.000318156     0.00019524     9.9624e-05     0.000250979
1202    8.81613e-05     0.000252657     0.000252657     0.000252657     0.000162949     9.27555e-05     0.00020376
1206    0.000101937     0.000292914     0.000292914     0.000292914     0.000179515     9.03623e-05     0.000231241
1210    8.87123e-05     0.000255615     0.000255615     0.000255615     0.000163693     9.11059e-05     0.000205722
1214    9.03654e-05     0.000261131     0.000261131     0.000261131     0.000151537     6.4668e-05     0.00020175
1218    8.65083e-05     0.000250726     0.000250726     0.000250726     0.000152419     7.41439e-05     0.000197574
1222    6.7774e-05     0.000197026     0.000197026     0.000197026     0.000123141     6.39658e-05     0.000157186
1226    9.09164e-05     0.000265117     0.000265117     0.000265117     0.000165064     8.45805e-05     0.000211277
1230    8.04472e-05     0.000235329     0.000235329     0.000235329     0.000144905     7.18661e-05     0.000186765
1234    8.09982e-05     0.000237714     0.000237714     0.000237714     0.000138978     5.88337e-05     0.000184807
1238    6.557e-05     0.000193078     0.000193078     0.000193078     0.000120773     6.18367e-05     0.000154409
1242    6.8876e-05     0.000203496     0.000203496     0.000203496     0.000117811     4.75674e-05     0.000157798
1246    6.8325e-05     0.000202562     0.000202562     0.000202562     0.000122558     5.66788e-05     0.000159982
1250    6.8876e-05     0.000204954     0.000204954     0.000204954     0.000117742     4.55692e-05     0.000158648
1254    6.4468e-05     0.000192503     0.000192503     0.000192503     0.000104666     3.17132e-05     0.000145947
1258    6.4468e-05     0.000193206     0.000193206     0.000193206     0.000109374     3.94236e-05     0.000148868
1262    6.22639e-05     0.00018729     0.00018729     0.00018729     0.00011194     4.86954e-05     0.000147549
1266    6.22639e-05     0.000188     0.000188     0.000188     0.000112041     4.8004e-05     0.000148025
1270    5.73049e-05     0.000173678     0.000173678     0.000173678     9.90136e-05     3.5807e-05     0.000134463
1274    4.68357e-05     0.000142531     0.000142531     0.000142531     7.53431e-05     1.81659e-05     0.000107331
1278    5.89579e-05     0.00018011     0.00018011     0.00018011     0.000102351     3.59208e-05     0.000139448
1282    6.00599e-05     0.000184209     0.000184209     0.000184209     0.000104515     3.60264e-05     0.000142653
1286    5.17948e-05     0.00015945     0.00015945     0.00015945     8.8671e-05     2.76262e-05     0.000122607
1290    4.84887e-05     0.000149919     0.000149919     0.000149919     8.23369e-05     2.37332e-05     0.000114835
1294    5.06928e-05     0.000157372     0.000157372     0.000157372     9.03993e-05     3.20979e-05     0.000122671
1298    5.01418e-05     0.00015633     0.00015633     0.00015633     8.56417e-05     2.38045e-05     0.00011979
1302    4.68357e-05     0.000146635     0.000146635     0.000146635     8.05162e-05     2.23281e-05     0.000112556
1306    5.45498e-05     0.000171498     0.000171498     0.000171498     8.93928e-05     1.67894e-05     0.000129278
1310    4.35297e-05     0.000137395     0.000137395     0.000137395     7.56879e-05     2.09469e-05     0.000105714
1314    4.40807e-05     0.000139752     0.000139752     0.000139752     7.79575e-05     2.28267e-05     0.000108115
1318    5.17948e-05     0.000164925     0.000164925     0.000164925     9.29524e-05     2.84567e-05     0.000128156
1322    4.46317e-05     0.000142778     0.000142778     0.000142778     8.56303e-05     3.4111e-05     0.00011367
1326    4.68357e-05     0.000150458     0.000150458     0.000150458     8.37191e-05     2.32776e-05     0.000116542
1330    4.24276e-05     0.000136901     0.000136901     0.000136901     7.89741e-05     2.6228e-05     0.000107542
1334    4.68357e-05     0.000151756     0.000151756     0.000151756     8.77592e-05     2.92755e-05     0.000119378
1338    4.84887e-05     0.000157845     0.000157845     0.000157845     9.12904e-05     3.01865e-05     0.00012425
1342    4.35297e-05     0.000142314     0.000142314     0.000142314     8.15607e-05     2.54467e-05     0.000111742
1346    3.85706e-05     0.000126704     0.000126704     0.000126704     7.5928e-05     2.87959e-05     0.000101216
1350    3.74686e-05     0.000123601     0.000123601     0.000123601     6.74161e-05     1.50675e-05     9.54509e-05
1354    3.80196e-05     0.000126014     0.000126014     0.000126014     7.5159e-05     2.75212e-05     0.000100602
1358    4.29786e-05     0.000143116     0.000143116     0.000143116     7.73226e-05     1.54283e-05     0.00011031
1362    3.30605e-05     0.000110591     0.000110591     0.000110591     5.11134e-05     -5.18311e-06     8.10276e-05
1366    2.86524e-05     9.62107e-05     9.62107e-05     9.62107e-05     5.30806e-05     1.2126e-05     7.48067e-05
1370    2.92034e-05     9.85676e-05     9.85676e-05     9.85676e-05     5.43567e-05     1.21021e-05     7.67001e-05
1374    3.41625e-05     0.000115852     0.000115852     0.000115852     6.83931e-05     2.28398e-05     9.24294e-05
1378    3.03055e-05     0.000103237     0.000103237     0.000103237     6.07273e-05     1.97462e-05     8.23029e-05
1382    2.92034e-05     9.99598e-05     9.99598e-05     9.99598e-05     4.52464e-05     -7.82785e-06     7.31019e-05
1386    3.63665e-05     0.000125015     0.000125015     0.000125015     7.33121e-05     2.29403e-05     9.96915e-05
1390    2.81014e-05     9.70612e-05     9.70612e-05     9.70612e-05     5.67691e-05     1.73353e-05     7.73725e-05
1394    3.25095e-05     0.000112857     0.000112857     0.000112857     6.17435e-05     1.14676e-05     8.79448e-05
1398    2.92034e-05     0.000101829     0.000101829     0.000101829     5.52893e-05     9.3061e-06     7.91993e-05
1402    2.97545e-05     0.000104219     0.000104219     0.000104219     5.64593e-05     8.97949e-06     8.10705e-05
1406    2.36934e-05     8.33979e-05     8.33979e-05     8.33979e-05     3.88712e-05     -5.61786e-06     6.18717e-05
1410    2.64484e-05     9.35144e-05     9.35144e-05     9.35144e-05     4.87189e-05     3.76576e-06     7.19073e-05
1414    2.42444e-05     8.61263e-05     8.61263e-05     8.61263e-05     4.56954e-05     4.96294e-06     6.66644e-05
1418    2.36934e-05     8.45701e-05     8.45701e-05     8.45701e-05     4.05093e-05     -4.11889e-06     6.34197e-05
1422    2.03873e-05     7.3117e-05     7.3117e-05     7.3117e-05     4.20327e-05     1.0357e-05     5.82437e-05
1426    2.14893e-05     7.74259e-05     7.74259e-05     7.74259e-05     3.89204e-05     -4.98162e-07     5.90456e-05
1430    1.81833e-05     6.58332e-05     6.58332e-05     6.58332e-05     3.35954e-05     4.52034e-07     5.04793e-05
1434    2.36934e-05     8.61983e-05     8.61983e-05     8.61983e-05     4.51944e-05     2.80992e-06     6.67254e-05
1438    1.70813e-05     6.24485e-05     6.24485e-05     6.24485e-05     3.56962e-05     7.92287e-06     4.97729e-05
1442    1.92853e-05     7.08239e-05     7.08239e-05     7.08239e-05     4.04449e-05     8.71104e-06     5.64775e-05
1446    2.09383e-05     7.72441e-05     7.72441e-05     7.72441e-05     4.39563e-05     9.01059e-06     6.1565e-05
1450    1.87343e-05     6.94295e-05     6.94295e-05     6.94295e-05     3.94501e-05     7.84447e-06     5.53403e-05
1454    2.09383e-05     7.79936e-05     7.79936e-05     7.79936e-05     4.42778e-05     8.56406e-06     6.21886e-05
1458    2.20403e-05     8.24937e-05     8.24937e-05     8.24937e-05     4.25913e-05     1.20592e-07     6.38369e-05
1462    1.48772e-05     5.59313e-05     5.59313e-05     5.59313e-05     2.74095e-05     -3.13785e-06     4.26393e-05
1466    1.92853e-05     7.28456e-05     7.28456e-05     7.28456e-05     4.11342e-05     7.03733e-06     5.80982e-05
1470    1.87343e-05     7.10987e-05     7.10987e-05     7.10987e-05     2.87777e-05     -1.69671e-05     5.14741e-05
1474    1.76323e-05     6.72167e-05     6.72167e-05     6.72167e-05     3.786e-05     5.99299e-06     5.36348e-05
1478    1.37752e-05     5.27878e-05     5.27878e-05     5.27878e-05     2.54319e-05     -4.42222e-06     4.01679e-05
1482    1.70813e-05     6.57629e-05     6.57629e-05     6.57629e-05     3.55196e-05     2.30736e-06     5.18581e-05
1486    1.65302e-05     6.39428e-05     6.39428e-05     6.39428e-05     2.87526e-05     -1.00958e-05     4.78108e-05
1490    2.09383e-05     8.13573e-05     8.13573e-05     8.13573e-05     4.55863e-05     5.93998e-06     6.49941e-05
1494    1.76323e-05     6.88448e-05     6.88448e-05     6.88448e-05     3.85087e-05     4.72791e-06     5.50031e-05
1498    1.10202e-05     4.32228e-05     4.32228e-05     4.32228e-05     2.41115e-05     2.72523e-06     3.4526e-05
1502    1.87343e-05     7.38382e-05     7.38382e-05     7.38382e-05     3.69121e-05     -4.6713e-06     5.70928e-05
1506    1.59792e-05     6.32823e-05     6.32823e-05     6.32823e-05     3.52624e-05     3.5588e-06     5.0609e-05
1510    1.15712e-05     4.60508e-05     4.60508e-05     4.60508e-05     1.98844e-05     -9.89974e-06     3.42551e-05
1514    1.10202e-05     4.40394e-05     4.40394e-05     4.40394e-05     1.43944e-05     -1.95113e-05     3.07107e-05
1518    1.21222e-05     4.8671e-05     4.8671e-05     4.8671e-05     2.26733e-05     -7.16209e-06     3.70038e-05
1522    9.36714e-06     3.77933e-05     3.77933e-05     3.77933e-05     2.09718e-05     1.5447e-06     3.02702e-05
1526    1.26732e-05     5.13999e-05     5.13999e-05     5.13999e-05     2.84561e-05     1.80433e-06     4.11717e-05
1530    9.91815e-06     4.03855e-05     4.03855e-05     4.03855e-05     1.79932e-05     -8.07711e-06     3.0416e-05
1534    1.70813e-05     6.98927e-05     6.98927e-05     6.98927e-05     3.85733e-05     1.89814e-06     5.59935e-05
1538    1.26732e-05     5.21031e-05     5.21031e-05     5.21031e-05     2.7284e-05     -1.92669e-06     4.11203e-05
1542    1.26732e-05     5.2335e-05     5.2335e-05     5.2335e-05     2.44631e-05     -8.5497e-06     4.00449e-05
1546    1.21222e-05     5.03052e-05     5.03052e-05     5.03052e-05     2.47442e-05     -5.68482e-06     3.90661e-05
1550    1.37752e-05     5.74403e-05     5.74403e-05     5.74403e-05     2.42734e-05     -1.53999e-05     4.28964e-05
1554    1.59792e-05     6.69442e-05     6.69442e-05     6.69442e-05     3.23948e-05     -9.11847e-06     5.18324e-05
1558    1.26732e-05     5.33104e-05     5.33104e-05     5.33104e-05     2.19288e-05     -1.59519e-05     3.96202e-05
1562    1.54282e-05     6.51941e-05     6.51941e-05     6.51941e-05     2.99018e-05     -1.29704e-05     4.98525e-05
1566    1.26732e-05     5.37976e-05     5.37976e-05     5.37976e-05     2.50332e-05     -1.00813e-05     4.13287e-05
1570    9.36714e-06     3.99775e-05     3.99775e-05     3.99775e-05     1.74625e-05     -1.01597e-05     3.02453e-05
1574    1.26732e-05     5.42904e-05     5.42904e-05     5.42904e-05     2.96863e-05     -6.30332e-07     4.36811e-05
1578    1.87343e-05     8.06891e-05     8.06891e-05     8.06891e-05     3.96464e-05     -1.11645e-05     6.30386e-05
1582    1.10202e-05     4.7655e-05     4.7655e-05     4.7655e-05     2.60137e-05     -9.45508e-07     3.83818e-05
1586    6.06109e-06     2.63238e-05     2.63238e-05     2.63238e-05     5.51071e-06     -2.05487e-05     1.74316e-05
1590    8.26512e-06     3.60639e-05     3.60639e-05     3.60639e-05     1.9654e-05     -9.69919e-07     2.90677e-05
1594    7.71412e-06     3.38204e-05     3.38204e-05     3.38204e-05     1.842e-05     -1.03452e-06     2.72739e-05
1598    8.26512e-06     3.64101e-05     3.64101e-05     3.64101e-05     1.9794e-05     -1.30056e-06     2.93668e-05
1602    7.71412e-06     3.41089e-05     3.41089e-05     3.41089e-05     1.4109e-05     -1.14415e-05     2.56624e-05
1606    7.71412e-06     3.42849e-05     3.42849e-05     3.42849e-05     1.86277e-05     -1.46366e-06     2.76895e-05
1610    9.91815e-06     4.4293e-05     4.4293e-05     4.4293e-05     1.96341e-05     -1.2174e-05     3.39375e-05
1614    4.95907e-06     2.22454e-05     2.22454e-05     2.22454e-05     7.65609e-06     -1.12263e-05     1.61307e-05
1618    9.91815e-06     4.46727e-05     4.46727e-05     4.46727e-05     1.97754e-05     -1.2634e-05     3.42724e-05
1622    5.51008e-06     2.49397e-05     2.49397e-05     2.49397e-05     1.34957e-05     -1.49541e-06     2.01763e-05
1626    8.26512e-06     3.75715e-05     3.75715e-05     3.75715e-05     2.03399e-05     -2.35444e-06     3.04221e-05
1630    6.06109e-06     2.76864e-05     2.76864e-05     2.76864e-05     1.49865e-05     -1.81958e-06     2.24322e-05
1634    7.16311e-06     3.28572e-05     3.28572e-05     3.28572e-05     1.77628e-05     -2.31604e-06     2.66312e-05
1638    6.6121e-06     3.04563e-05     3.04563e-05     3.04563e-05     1.64425e-05     -2.26236e-06     2.46874e-05
1642    7.16311e-06     3.31544e-05     3.31544e-05     3.31544e-05     1.79012e-05     -2.58405e-06     2.68985e-05
1646    6.06109e-06     2.81646e-05     2.81646e-05     2.81646e-05     1.51973e-05     -2.27822e-06     2.28569e-05
1650    8.26512e-06     3.85823e-05     3.85823e-05     3.85823e-05     1.63473e-05     -1.38121e-05     2.95161e-05
1654    8.26512e-06     3.87702e-05     3.87702e-05     3.87702e-05     2.09228e-05     -3.38944e-06     3.15114e-05
1658    7.16311e-06     3.3739e-05     3.3739e-05     3.3739e-05     1.37002e-05     -1.37229e-05     2.56116e-05
1662    8.81613e-06     4.17194e-05     4.17194e-05     4.17194e-05     2.25283e-05     -3.89905e-06     3.39644e-05
1666    1.26732e-05     6.02193e-05     6.02193e-05     6.02193e-05     3.2468e-05     -5.92171e-06     4.90362e-05
1670    6.6121e-06     3.15753e-05     3.15753e-05     3.15753e-05     1.70013e-05     -3.28833e-06     2.57245e-05
1674    4.95907e-06     2.37656e-05     2.37656e-05     2.37656e-05     1.27927e-05     -2.52902e-06     1.93683e-05
1678    1.04692e-05     5.03935e-05     5.03935e-05     5.03935e-05     2.71251e-05     -5.52321e-06     4.1096e-05
1682    8.81613e-06     4.26205e-05     4.26205e-05     4.26205e-05     2.29215e-05     -4.89259e-06     3.47787e-05
1686    5.51008e-06     2.67477e-05     2.67477e-05     2.67477e-05     1.43806e-05     -3.16941e-06     2.18394e-05
1690    6.6121e-06     3.22378e-05     3.22378e-05     3.22378e-05     1.73277e-05     -3.91237e-06     2.63341e-05
1694    6.06109e-06     2.96944e-05     2.96944e-05     2.96944e-05     1.14645e-05     -1.46731e-05     2.2505e-05
1698    5.51008e-06     2.71235e-05     2.71235e-05     2.71235e-05     1.45823e-05     -3.45997e-06     2.21877e-05
1702    3.30605e-06     1.63346e-05     1.63346e-05     1.63346e-05     4.26259e-06     -1.32139e-05     1.16019e-05
1706    6.06109e-06     3.00794e-05     3.00794e-05     3.00794e-05     1.6141e-05     -4.14082e-06     2.46314e-05
1710    3.85706e-06     1.92222e-05     1.92222e-05     1.92222e-05     1.03155e-05     -2.7061e-06     1.5751e-05
1714    6.06109e-06     3.03332e-05     3.03332e-05     3.03332e-05     1.62824e-05     -4.3384e-06     2.487e-05
1718    1.65303e-06     8.30399e-06     8.30399e-06     8.30399e-06     4.46141e-06     -1.20656e-06     6.81456e-06
1722    5.51008e-06     2.77919e-05     2.77919e-05     2.77919e-05     1.49376e-05     -4.14247e-06     2.28285e-05
1726    3.85706e-06     1.9546e-05     1.9546e-05     1.9546e-05     9.00211e-06     -6.70923e-06     1.54845e-05
1730    6.6121e-06     3.36701e-05     3.36701e-05     3.36701e-05     1.80795e-05     -5.31747e-06     2.76907e-05
1734    6.06109e-06     3.09862e-05     3.09862e-05     3.09862e-05     1.66377e-05     -4.97756e-06     2.54963e-05
1738    2.75504e-06     1.41509e-05     1.41509e-05     1.41509e-05     7.59694e-06     -2.31529e-06     1.16495e-05
1742    4.40807e-06     2.27177e-05     2.27177e-05     2.27177e-05     1.22254e-05     -3.74397e-06     1.87287e-05
1746    4.95907e-06     2.56694e-05     2.56694e-05     2.56694e-05     1.37831e-05     -4.39648e-06     2.1164e-05
1750    2.20403e-06     1.14543e-05     1.14543e-05     1.14543e-05     6.15178e-06     -1.99459e-06     9.45006e-06
1754    6.06109e-06     3.16229e-05     3.16229e-05     3.16229e-05     1.69966e-05     -5.56965e-06     2.61093e-05
1758    2.20403e-06     1.15512e-05     1.15512e-05     1.15512e-05     6.20515e-06     -2.08502e-06     9.54226e-06
1762    4.40807e-06     2.3195e-05     2.3195e-05     2.3195e-05     1.24598e-05     -4.29211e-06     1.91768e-05
1766    5.51008e-06     2.91118e-05     2.91118e-05     2.91118e-05     1.56186e-05     -5.52938e-06     2.40751e-05
1770    4.40807e-06     2.33896e-05     2.33896e-05     2.33896e-05     1.25487e-05     -4.52657e-06     1.93556e-05
1774    3.85706e-06     2.05391e-05     2.05391e-05     2.05391e-05     6.52251e-06     -1.56512e-05     1.53379e-05
1778    3.30605e-06     1.76914e-05     1.76914e-05     1.76914e-05     9.49439e-06     -3.53853e-06     1.46591e-05
1782    3.30605e-06     1.77601e-05     1.77601e-05     1.77601e-05     9.55307e-06     -3.57573e-06     1.4736e-05
1786    1.10202e-06     5.94651e-06     5.94651e-06     5.94651e-06     3.19123e-06     -1.24399e-06     4.93526e-06
1790    5.51008e-06     2.98292e-05     2.98292e-05     2.98292e-05     1.15311e-05     -1.80257e-05     2.31283e-05
1794    2.20403e-06     1.19792e-05     1.19792e-05     1.19792e-05     6.44484e-06     -2.53375e-06     9.95796e-06
1798    1.65303e-06     9.03682e-06     9.03682e-06     9.03682e-06     4.86507e-06     -1.93467e-06     7.51779e-06
1802    4.95907e-06     2.71716e-05     2.71716e-05     2.71716e-05     1.46019e-05     -6.0131e-06     2.26126e-05
1806    3.85706e-06     2.12355e-05     2.12355e-05     2.12355e-05     6.92301e-06     -1.66242e-05     1.60549e-05
1810    2.75504e-06     1.52152e-05     1.52152e-05     1.52152e-05     8.18338e-06     -3.43651e-06     1.26769e-05
1814    6.06109e-06     3.36348e-05     3.36348e-05     3.36348e-05     1.80843e-05     -7.76849e-06     2.80433e-05
1818    3.30605e-06     1.84096e-05     1.84096e-05     1.84096e-05     9.89819e-06     -4.32488e-06     1.53591e-05
1822    2.75504e-06     1.54068e-05     1.54068e-05     1.54068e-05     8.28572e-06     -3.68693e-06     1.28646e-05
1826    2.75504e-06     1.54603e-05     1.54603e-05     1.54603e-05     8.32013e-06     -3.71427e-06     1.29154e-05
1830    2.20403e-06     1.24269e-05     1.24269e-05     1.24269e-05     6.69617e-06     -3.04339e-06     1.03953e-05
1834    2.75504e-06     1.56002e-05     1.56002e-05     1.56002e-05     8.40921e-06     -3.86096e-06     1.30576e-05
1838    4.95907e-06     2.81837e-05     2.81837e-05     2.81837e-05     1.51987e-05     -7.03896e-06     2.36035e-05
1842    3.30605e-06     1.88552e-05     1.88552e-05     1.88552e-05     5.67715e-06     -1.70305e-05     1.42258e-05
1846    3.30605e-06     1.89247e-05     1.89247e-05     1.89247e-05     5.75705e-06     -1.70429e-05     1.43133e-05
1850    2.20403e-06     1.26695e-05     1.26695e-05     1.26695e-05     6.84238e-06     -3.29112e-06     1.06345e-05
1854    1.65303e-06     9.54803e-06     9.54803e-06     9.54803e-06     5.1533e-06     -2.52813e-06     8.01837e-06
1858    2.20403e-06     1.27602e-05     1.27602e-05     1.27602e-05     6.89484e-06     -3.39972e-06     1.07241e-05
1862    3.30605e-06     1.92245e-05     1.92245e-05     1.92245e-05     1.03984e-05     -5.18759e-06     1.61728e-05
1866    3.85706e-06     2.25213e-05     2.25213e-05     2.25213e-05     7.70402e-06     -1.8591e-05     1.74149e-05
1870    1.10202e-06     6.4561e-06     6.4561e-06     6.4561e-06     3.49152e-06     -1.79149e-06     5.4372e-06
1874    1.10202e-06     6.48672e-06     6.48672e-06     6.48672e-06     3.51378e-06     -1.81613e-06     5.46902e-06
1878    2.20403e-06     1.301e-05     1.301e-05     1.301e-05     7.05216e-06     -3.66119e-06     1.09746e-05
1882    2.75504e-06     1.63475e-05     1.63475e-05     1.63475e-05     4.38447e-06     -1.72607e-05     1.22773e-05
1886    4.95907e-06     2.95232e-05     2.95232e-05     2.95232e-05     1.5982e-05     -8.64895e-06     2.49318e-05
1890    2.20403e-06     1.31569e-05     1.31569e-05     1.31569e-05     7.125e-06     -3.87095e-06     1.11147e-05
1894    4.95907e-06     2.97435e-05     2.97435e-05     2.97435e-05     1.61315e-05     -8.82853e-06     2.51527e-05
1898    2.75504e-06     1.65844e-05     1.65844e-05     1.65844e-05     6.05106e-06     -1.33546e-05     1.30432e-05
1902    2.75504e-06     1.66495e-05     1.66495e-05     1.66495e-05     9.04383e-06     -5.05207e-06     1.41025e-05
1906    1.10202e-06     6.68686e-06     6.68686e-06     6.68686e-06     3.63385e-06     -2.04128e-06     5.66651e-06
1910    2.20403e-06     1.34337e-05     1.34337e-05     1.34337e-05     7.30836e-06     -4.16304e-06     1.13967e-05
1914    0     0     0     0     0     0     0
1918    5.51008e-07     3.38457e-06     3.38457e-06     3.38457e-06     1.84337e-06     -1.06446e-06     2.87461e-06
1922    2.75504e-06     1.69597e-05     1.69597e-05     1.69597e-05     9.24474e-06     -5.39809e-06     1.44171e-05
1926    1.65303e-06     1.02152e-05     1.02152e-05     1.02152e-05     5.57647e-06     -3.26263e-06     8.69046e-06
1930    5.51008e-07     3.41484e-06     3.41484e-06     3.41484e-06     1.86553e-06     -1.09255e-06     2.90626e-06
1934    5.51008e-07     3.42912e-06     3.42912e-06     3.42912e-06     1.87259e-06     -1.11681e-06     2.92021e-06
1938    2.20403e-06     1.37715e-05     1.37715e-05     1.37715e-05     7.52973e-06     -4.52881e-06     1.17389e-05
1942    5.51008e-07     3.45328e-06     3.45328e-06     3.45328e-06     1.88892e-06     -1.15114e-06     2.94586e-06
1946    5.51008e-07     3.46474e-06     3.46474e-06     3.46474e-06     -2.49872e-06     -1.41391e-05     1.53651e-06
1950    1.65303e-06     1.04347e-05     1.04347e-05     1.04347e-05     5.7175e-06     -3.50342e-06     8.91067e-06
1954    1.10202e-06     6.98957e-06     6.98957e-06     6.98957e-06     3.82712e-06     -2.39078e-06     5.97193e-06
1958    4.40807e-06     2.80561e-05     2.80561e-05     2.80561e-05     1.53909e-05     -9.65741e-06     2.39966e-05
1962    2.20403e-06     1.40741e-05     1.40741e-05     1.40741e-05     7.7337e-06     -4.87877e-06     1.20499e-05
1966    1.10202e-06     7.07634e-06     7.07634e-06     7.07634e-06     3.88296e-06     -2.50612e-06     6.0609e-06
1970    5.51008e-07     3.54995e-06     3.54995e-06     3.54995e-06     1.95179e-06     -1.26419e-06     3.04377e-06
1974    3.30605e-06     2.13481e-05     2.13481e-05     2.13481e-05     1.17382e-05     -7.61842e-06     1.83064e-05
1978    2.20403e-06     1.428e-05     1.428e-05     1.428e-05     7.85467e-06     -5.14963e-06     1.22529e-05
1982    5.51008e-07     3.58882e-06     3.58882e-06     3.58882e-06     1.97823e-06     -1.30028e-06     3.08271e-06
1986    1.65303e-06     1.07864e-05     1.07864e-05     1.07864e-05     1.58639e-06     -1.72309e-05     7.9052e-06
1990    0     0     0     0     0     0     0
1994    1.10202e-06     7.24155e-06     7.24155e-06     7.24155e-06     3.99314e-06     -2.69527e-06     6.22878e-06
1998    1.10202e-06     7.27191e-06     7.27191e-06     7.27191e-06     4.00388e-06     -2.72491e-06     6.25302e-06
2002    0     0     0     0     0     0     0
2006    1.65303e-06     1.09726e-05     1.09726e-05     1.09726e-05     1.09719e-05     1.09719e-05     1.09719e-05
2010    5.51008e-07     3.67611e-06     3.67611e-06     3.67611e-06     3.67587e-06     3.67587e-06     3.67587e-06
2014    1.65303e-06     1.10543e-05     1.10543e-05     1.10543e-05     1.10536e-05     1.10536e-05     1.10536e-05
2018    1.65303e-06     1.11008e-05     1.11008e-05     1.11008e-05     1.11001e-05     1.11001e-05     1.11001e-05
2022    2.75504e-06     1.85701e-05     1.85701e-05     1.85701e-05     1.85689e-05     1.85689e-05     1.85689e-05
2026    1.10202e-06     7.45404e-06     7.45404e-06     7.45404e-06     7.45354e-06     7.45354e-06     7.45354e-06
2030    1.10202e-06     7.47884e-06     7.47884e-06     7.47884e-06     7.47834e-06     7.47834e-06     7.47834e-06
2034    1.10202e-06     7.49902e-06     7.49902e-06     7.49902e-06     7.49853e-06     7.49853e-06     7.49853e-06
2038    1.65303e-06     1.12988e-05     1.12988e-05     1.12988e-05     1.1298e-05     1.1298e-05     1.1298e-05
2042    5.51008e-07     3.77602e-06     3.77602e-06     3.77602e-06     3.77577e-06     3.77577e-06     3.77577e-06
2046    5.51008e-07     3.78755e-06     3.78755e-06     3.78755e-06     3.7873e-06     3.7873e-06     3.7873e-06
2050    1.10202e-06     7.6132e-06     7.6132e-06     7.6132e-06     7.6127e-06     7.6127e-06     7.6127e-06
2054    1.10202e-06     7.6205e-06     7.6205e-06     7.6205e-06     7.61999e-06     7.61999e-06     7.61999e-06
2058    2.20403e-06     1.52997e-05     1.52997e-05     1.52997e-05     1.52987e-05     1.52987e-05     1.52987e-05
2062    1.65303e-06     1.154e-05     1.154e-05     1.154e-05     1.15393e-05     1.15393e-05     1.15393e-05
2066    1.10202e-06     7.71748e-06     7.71748e-06     7.71748e-06     7.71697e-06     7.71697e-06     7.71697e-06
2070    1.10202e-06     7.73961e-06     7.73961e-06     7.73961e-06     7.7391e-06     7.7391e-06     7.7391e-06
2074    1.10202e-06     7.75941e-06     7.75941e-06     7.75941e-06     7.7589e-06     7.7589e-06     7.7589e-06
2078    5.51008e-07     3.89343e-06     3.89343e-06     3.89343e-06     3.89317e-06     3.89317e-06     3.89317e-06
2082    1.10202e-06     7.81423e-06     7.81423e-06     7.81423e-06     7.81371e-06     7.81371e-06     7.81371e-06
2086    5.51008e-07     3.91795e-06     3.91795e-06     3.91795e-06     3.91769e-06     3.91769e-06     3.91769e-06
2090    5.51008e-07     3.93532e-06     3.93532e-06     3.93532e-06     3.93506e-06     3.93506e-06     3.93506e-06
2094    1.10202e-06     7.89826e-06     7.89826e-06     7.89826e-06     7.89773e-06     7.89773e-06     7.89773e-06
2098    2.20403e-06     1.58443e-05     1.58443e-05     1.58443e-05     1.58432e-05     1.58432e-05     1.58432e-05
2102    0     0     0     0     0     0     0
2106    0     0     0     0     0     0     0
2110    5.51008e-07     4.00274e-06     4.00274e-06     4.00274e-06     4.00248e-06     4.00248e-06     4.00248e-06
2114    1.10202e-06     8.0264e-06     8.0264e-06     8.0264e-06     8.02587e-06     8.02587e-06     8.02587e-06
2118    5.51008e-07     4.02001e-06     4.02001e-06     4.02001e-06     4.01974e-06     4.01974e-06     4.01974e-06
2122    0     0     0     0     0     0     0
2126    0     0     0     0     0     0     0
2130    5.51008e-07     4.06465e-06     4.06465e-06     4.06465e-06     4.06438e-06     4.06438e-06     4.06438e-06
2134    0     0     0     0     0     0     0
2138    1.65303e-06     1.22757e-05     1.22757e-05     1.22757e-05     1.22749e-05     1.22749e-05     1.22749e-05
2142    5.51008e-07     4.1057e-06     4.1057e-06     4.1057e-06     4.10543e-06     4.10543e-06     4.10543e-06
2146    1.65303e-06     1.23461e-05     1.23461e-05     1.23461e-05     1.23453e-05     1.23453e-05     1.23453e-05
2150    2.20403e-06     1.65382e-05     1.65382e-05     1.65382e-05     1.65371e-05     1.65371e-05     1.65371e-05
2154    1.65303e-06     1.24361e-05     1.24361e-05     1.24361e-05     1.24352e-05     1.24352e-05     1.24352e-05
2158    0     0     0     0     0     0     0
2162    5.51008e-07     4.17327e-06     4.17327e-06     4.17327e-06     4.17299e-06     4.17299e-06     4.17299e-06
2166    5.51008e-07     4.18817e-06     4.18817e-06     4.18817e-06     4.18789e-06     4.18789e-06     4.18789e-06
2170    1.65303e-06     1.25998e-05     1.25998e-05     1.25998e-05     1.25989e-05     1.25989e-05     1.25989e-05
2174    1.65303e-06     1.26321e-05     1.26321e-05     1.26321e-05     1.26313e-05     1.26313e-05     1.26313e-05
2178    1.65303e-06     1.26839e-05     1.26839e-05     1.26839e-05     1.26831e-05     1.26831e-05     1.26831e-05
2182    0     0     0     0     0     0     0
2186    5.51008e-07     4.25115e-06     4.25115e-06     4.25115e-06     4.25087e-06     4.25087e-06     4.25087e-06
2190    1.10202e-06     8.52088e-06     8.52088e-06     8.52088e-06     8.52032e-06     8.52032e-06     8.52032e-06
2194    1.10202e-06     8.57052e-06     8.57052e-06     8.57052e-06     8.56995e-06     8.56995e-06     8.56995e-06
2198    0     0     0     0     0     0     0
2202    5.51008e-07     4.3076e-06     4.3076e-06     4.3076e-06     4.30731e-06     4.30731e-06     4.30731e-06
2206    1.10202e-06     8.6417e-06     8.6417e-06     8.6417e-06     8.64112e-06     8.64112e-06     8.64112e-06
2210    0     0     0     0     0     0     0
2214    5.51008e-07     4.35258e-06     4.35258e-06     4.35258e-06     4.35229e-06     4.35229e-06     4.35229e-06
2218    5.51008e-07     4.35401e-06     4.35401e-06     4.35401e-06     4.35372e-06     4.35372e-06     4.35372e-06
2222    5.51008e-07     4.37464e-06     4.37464e-06     4.37464e-06     4.37435e-06     4.37435e-06     4.37435e-06
2226    2.20403e-06     1.75502e-05     1.75502e-05     1.75502e-05     1.75491e-05     1.75491e-05     1.75491e-05
2230    1.10202e-06     8.79812e-06     8.79812e-06     8.79812e-06     8.79753e-06     8.79753e-06     8.79753e-06
2234    1.10202e-06     8.82236e-06     8.82236e-06     8.82236e-06     8.82178e-06     8.82178e-06     8.82178e-06
2238    0     0     0     0     0     0     0
2242    1.10202e-06     8.88065e-06     8.88065e-06     8.88065e-06     8.88006e-06     8.88006e-06     8.88006e-06
2246    5.51008e-07     4.45978e-06     4.45978e-06     4.45978e-06     4.45948e-06     4.45948e-06     4.45948e-06
2250    0     0     0     0     0     0     0
2254    0     0     0     0     0     0     0
2258    1.10202e-06     8.98504e-06     8.98504e-06     8.98504e-06     8.98444e-06     8.98444e-06     8.98444e-06
2262    0     0     0     0     0     0     0
2266    2.20403e-06     1.80817e-05     1.80817e-05     1.80817e-05     1.80805e-05     1.80805e-05     1.80805e-05
2270    1.10202e-06     9.06667e-06     9.06667e-06     9.06667e-06     9.06607e-06     9.06607e-06     9.06607e-06
2274    1.65303e-06     1.3639e-05     1.3639e-05     1.3639e-05     1.36381e-05     1.36381e-05     1.36381e-05
2278    0     0     0     0     0     0     0
2282    0     0     0     0     0     0     0
2286    5.51008e-07     4.59296e-06     4.59296e-06     4.59296e-06     4.59266e-06     4.59266e-06     4.59266e-06
2290    2.20403e-06     1.84121e-05     1.84121e-05     1.84121e-05     1.84109e-05     1.84109e-05     1.84109e-05
2294    0     0     0     0     0     0     0
2298    0     0     0     0     0     0     0
2302    5.51008e-07     4.64416e-06     4.64416e-06     4.64416e-06     4.64385e-06     4.64385e-06     4.64385e-06
2306    5.51008e-07     4.65281e-06     4.65281e-06     4.65281e-06     4.6525e-06     4.6525e-06     4.6525e-06
2310    1.10202e-06     9.34766e-06     9.34766e-06     9.34766e-06     9.34704e-06     9.34704e-06     9.34704e-06
2314    0     0     0     0     0     0     0
2318    5.51008e-07     4.70162e-06     4.70162e-06     4.70162e-06     4.70131e-06     4.70131e-06     4.70131e-06
2322    1.10202e-06     9.42401e-06     9.42401e-06     9.42401e-06     9.42338e-06     9.42338e-06     9.42338e-06
2326    5.51008e-07     4.72072e-06     4.72072e-06     4.72072e-06     4.72041e-06     4.72041e-06     4.72041e-06
2330    0     0     0     0     0     0     0
2334    0     0     0     0     0     0     0
2338    1.10202e-06     9.53513e-06     9.53513e-06     9.53513e-06     9.5345e-06     9.5345e-06     9.5345e-06
2342    0     0     0     0     0     0     0
2346    0     0     0     0     0     0     0
2350    5.51008e-07     4.81378e-06     4.81378e-06     4.81378e-06     4.81346e-06     4.81346e-06     4.81346e-06
2354    0     0     0     0     0     0     0
2358    0     0     0     0     0     0     0
2362    5.51008e-07     4.84394e-06     4.84394e-06     4.84394e-06     4.84361e-06     4.84361e-06     4.84361e-06
2366    1.10202e-06     9.72122e-06     9.72122e-06     9.72122e-06     9.72057e-06     9.72057e-06     9.72057e-06
2370    0     0     0     0     0     0     0
2374    0     0     0     0     0     0     0
2378    0     0     0     0     0     0     0
2382    5.51008e-07     4.91153e-06     4.91153e-06     4.91153e-06     4.91121e-06     4.91121e-06     4.91121e-06
2386    0     0     0     0     0     0     0
2390    5.51008e-07     4.94818e-06     4.94818e-06     4.94818e-06     4.94785e-06     4.94785e-06     4.94785e-06
2394    0     0     0     0     0     0     0
2398    0     0     0     0     0     0     0
2402    1.10202e-06     9.97251e-06     9.97251e-06     9.97251e-06     9.97184e-06     9.97184e-06     9.97184e-06
2406    0     0     0     0     0     0     0
2410    5.51008e-07     5.0139e-06     5.0139e-06     5.0139e-06     5.01357e-06     5.01357e-06     5.01357e-06
2414    0     0     0     0     0     0     0
2418    5.51008e-07     5.04534e-06     5.04534e-06     5.04534e-06     5.04501e-06     5.04501e-06     5.04501e-06
2422    0     0     0     0     0     0     0
2426    5.51008e-07     5.06549e-06     5.06549e-06     5.06549e-06     5.06515e-06     5.06515e-06     5.06515e-06
2430    0     0     0     0     0     0     0
2434    0     0     0     0     0     0     0
2438    0     0     0     0     0     0     0
2442    5.51008e-07     5.12763e-06     5.12763e-06     5.12763e-06     5.12729e-06     5.12729e-06     5.12729e-06
2446    5.51008e-07     5.13913e-06     5.13913e-06     5.13913e-06     5.13879e-06     5.13879e-06     5.13879e-06
2450    0     0     0     0     0     0     0
2454    0     0     0     0     0     0     0
2458    0     0     0     0     0     0     0
2462    5.51008e-07     5.19909e-06     5.19909e-06     5.19909e-06     5.19874e-06     5.19874e-06     5.19874e-06
2466    0     0     0     0     0     0     0
2470    0     0     0     0     0     0     0
2474    5.51008e-07     5.24101e-06     5.24101e-06     5.24101e-06     5.24067e-06     5.24067e-06     5.24067e-06
2478    0     0     0     0     0     0     0
2482    0     0     0     0     0     0     0
2486    0     0     0     0     0     0     0
2490    5.51008e-07     5.28687e-06     5.28687e-06     5.28687e-06     5.28652e-06     5.28652e-06     5.28652e-06
2494    5.51008e-07     5.30844e-06     5.30844e-06     5.30844e-06     5.30809e-06     5.30809e-06     5.30809e-06
2498    5.51008e-07     5.31671e-06     5.31671e-06     5.31671e-06     5.31635e-06     5.31635e-06     5.31635e-06
2502    5.51008e-07     5.33668e-06     5.33668e-06     5.33668e-06     5.33633e-06     5.33633e-06     5.33633e-06
2506    0     0     0     0     0     0     0
2510    0     0     0     0     0     0     0
2514    0     0     0     0     0     0     0
2518    0     0     0     0     0     0     0
2522    0     0     0     0     0     0     0
2526    0     0     0     0     0     0     0
2530    0     0     0     0     0     0     0
2534    5.51008e-07     5.44489e-06     5.44489e-06     5.44489e-06     5.44452e-06     5.44452e-06     5.44452e-06
2538    0     0     0     0     0     0     0
2542    0     0     0     0     0     0     0
2546    0     0     0     0     0     0     0
2550    0     0     0     0     0     0     0
2554    0     0     0     0     0     0     0
2558    0     0     0     0     0     0     0
2562    0     0     0     0     0     0     0
2566    0     0     0     0     0     0     0
2570    0     0     0     0     0     0     0
2574    0     0     0     0     0     0     0
2578    0     0     0     0     0     0     0
2582    0     0     0     0     0     0     0
2586    0     0     0     0     0     0     0
2590    0     0     0     0     0     0     0
2594    5.51008e-07     5.65355e-06     5.65355e-06     5.65355e-06     5.65318e-06     5.65318e-06     5.65318e-06
2598    5.51008e-07     5.66672e-06     5.66672e-06     5.66672e-06     5.66634e-06     5.66634e-06     5.66634e-06
2602    0     0     0     0     0     0     0
2606    0     0     0     0     0     0     0
2610    0     0     0     0     0     0     0
2614    0     0     0     0     0     0     0
2618    0     0     0     0     0     0     0
2622    0     0     0     0     0     0     0
2626    0     0     0     0     0     0     0
2630    0     0     0     0     0     0     0
2634    0     0     0     0     0     0     0
2638    0     0     0     0     0     0     0
2642    5.51008e-07     5.82105e-06     5.82105e-06     5.82105e-06     5.82067e-06     5.82067e-06     5.82067e-06
2646    0     0     0     0     0     0     0
2650    1.10202e-06     1.17046e-05     1.17046e-05     1.17046e-05     1.17038e-05     1.17038e-05     1.17038e-05
2654    0     0     0     0     0     0     0
2658    0     0     0     0     0     0     0
2662    0     0     0     0     0     0     0
2666    1.10202e-06     1.18193e-05     1.18193e-05     1.18193e-05     1.18185e-05     1.18185e-05     1.18185e-05
2670    5.51008e-07     5.91998e-06     5.91998e-06     5.91998e-06     5.91959e-06     5.91959e-06     5.91959e-06
2674    0     0     0     0     0     0     0
2678    0     0     0     0     0     0     0
2682    5.51008e-07     5.97001e-06     5.97001e-06     5.97001e-06     5.96961e-06     5.96961e-06     5.96961e-06
2686    0     0     0     0     0     0     0
2690    0     0     0     0     0     0     0
2694    0     0     0     0     0     0     0
2698    0     0     0     0     0     0     0
2702    5.51008e-07     6.04073e-06     6.04073e-06     6.04073e-06     6.04033e-06     6.04033e-06     6.04033e-06
2706    5.51008e-07     6.045e-06     6.045e-06     6.045e-06     6.0446e-06     6.0446e-06     6.0446e-06
2710    0     0     0     0     0     0     0
2714    0     0     0     0     0     0     0
2718    0     0     0     0     0     0     0
2722    0     0     0     0     0     0     0
2726    5.51008e-07     6.12823e-06     6.12823e-06     6.12823e-06     6.12783e-06     6.12783e-06     6.12783e-06
2730    0     0     0     0     0     0     0
2734    0     0     0     0     0     0     0
2738    0     0     0     0     0     0     0
2742    5.51008e-07     6.17864e-06     6.17864e-06     6.17864e-06     6.17823e-06     6.17823e-06     6.17823e-06
2746    0     0     0     0     0     0     0
2750    0     0     0     0     0     0     0
2754    5.51008e-07     6.22775e-06     6.22775e-06     6.22775e-06     6.22734e-06     6.22734e-06     6.22734e-06
2758    0     0     0     0     0     0     0
2762    0     0     0     0     0     0     0
2766    0     0     0     0     0     0     0
2770    0     0     0     0     0     0     0
2774    0     0     0     0     0     0     0
2778    0     0     0     0     0     0     0
2782    0     0     0     0     0     0     0
2786    0     0     0     0     0     0     0
2790    0     0     0     0     0     0     0
2794    0     0     0     0     0     0     0
2798    0     0     0     0     0     0     0
2802    0     0     0     0     0     0     0
2806    0     0     0     0     0     0     0
2810    0     0     0     0     0     0     0
2814    0     0     0     0     0     0     0
2818    0     0     0     0     0     0     0
2822    0     0     0     0     0     0     0
2826    5.51008e-07     6.47185e-06     6.47185e-06     6.47185e-06     6.47142e-06     6.47142e-06     6.47142e-06
2830    0     0     0     0     0     0     0
2834    0     0     0     0     0     0     0
2838    0     0     0     0     0     0     0
2842    0     0     0     0     0     0     0
2846    0     0     0     0     0     0     0
2850    0     0     0     0     0     0     0
2854    0     0     0     0     0     0     0
2858    0     0     0     0     0     0     0
2862    0     0     0     0     0     0     0
2866    5.51008e-07     6.62542e-06     6.62542e-06     6.62542e-06     6.62498e-06     6.62498e-06     6.62498e-06
2870    0     0     0     0     0     0     0
2874    0     0     0     0     0     0     0
2878    0     0     0     0     0     0     0
2882    0     0     0     0     0     0     0
2886    0     0     0     0     0     0     0
2890    0     0     0     0     0     0     0
2894    0     0     0     0     0     0     0
2898    0     0     0     0     0     0     0
2902    0     0     0     0     0     0     0
2906    0     0     0     0     0     0     0
2910    5.51008e-07     6.77629e-06     6.77629e-06     6.77629e-06     6.77584e-06     6.77584e-06     6.77584e-06
2914    5.51008e-07     6.79463e-06     6.79463e-06     6.79463e-06     6.79418e-06     6.79418e-06     6.79418e-06
2918    0     0     0     0     0     0     0
2922    0     0     0     0     0     0     0
2926    0     0     0     0     0     0     0
2930    0     0     0     0     0     0     0
2934    0     0     0     0     0     0     0
2938    5.51008e-07     6.87539e-06     6.87539e-06     6.87539e-06     6.87493e-06     6.87493e-06     6.87493e-06
2942    0     0     0     0     0     0     0
2946    0     0     0     0     0     0     0
2950    0     0     0     0     0     0     0
2954    0     0     0     0     0     0     0
2958    0     0     0     0     0     0     0
2962    0     0     0     0     0     0     0
2966    0     0     0     0     0     0     0
2970    0     0     0     0     0     0     0
2974    0     0     0     0     0     0     0
2978    0     0     0     0     0     0     0
2982    0     0     0     0     0     0     0
2986    0     0     0     0     0     0     0
2990    0     0     0     0     0     0     0
2994    0     0     0     0     0     0     0
2998    0     0     0     0     0     0     0
3002    0     0     0     0     0     0     0
3006    0     0     0     0     0     0     0
3010    0     0     0     0     0     0     0
3014    0     0     0     0     0     0     0
3018    0     0     0     0     0     0     0
3022    0     0     0     0     0     0     0
3026    0     0     0     0     0     0     0
3030    0     0     0     0     0     0     0
3034    0     0     0     0     0     0     0
3038    5.51008e-07     7.24683e-06     7.24683e-06     7.24683e-06     7.24635e-06     7.24635e-06     7.24635e-06
3042    0     0     0     0     0     0     0
3046    0     0     0     0     0     0     0
3050    0     0     0     0     0     0     0
3054    0     0     0     0     0     0     0
3058    0     0     0     0     0     0     0
3062    0     0     0     0     0     0     0
3066    0     0     0     0     0     0     0
3070    0     0     0     0     0     0     0
3074    0     0     0     0     0     0     0
3078    0     0     0     0     0     0     0
3082    0     0     0     0     0     0     0
3086    0     0     0     0     0     0     0
3090    0     0     0     0     0     0     0
3094    0     0     0     0     0     0     0
3098    0     0     0     0     0     0     0
3102    0     0     0     0     0     0     0
3106    0     0     0     0     0     0     0
3110    0     0     0     0     0     0     0
3114    0     0     0     0     0     0     0
3118    0     0     0     0     0     0     0
3122    0     0     0     0     0     0     0
3126    0     0     0     0     0     0     0
3130    0     0     0     0     0     0     0
3134    0     0     0     0     0     0     0
3138    0     0     0     0     0     0     0
3142    0     0     0     0     0     0     0
3146    0     0     0     0     0     0     0
3150    0     0     0     0     0     0     0
3154    0     0     0     0     0     0     0
3158    0     0     0     0     0     0     0
3162    0     0     0     0     0     0     0
3166    0     0     0     0     0     0     0
3170    0     0     0     0     0     0     0
3174    0     0     0     0     0     0     0
3178    0     0     0     0     0     0     0
3182    0     0     0     0     0     0     0
3186    0     0     0     0     0     0     0
3190    0     0     0     0     0     0     0
3194    0     0     0     0     0     0     0
3198    0     0     0     0     0     0     0
3202    0     0     0     0     0     0     0
3206    0     0     0     0     0     0     0
3210    0     0     0     0     0     0     0
3214    0     0     0     0     0     0     0
3218    0     0     0     0     0     0     0
3222    0     0     0     0     0     0     0
3226    0     0     0     0     0     0     0
3230    0     0     0     0     0     0     0
3234    0     0     0     0     0     0     0
3238    0     0     0     0     0     0     0
3242    0     0     0     0     0     0     0
3246    0     0     0     0     0     0     0
3250    0     0     0     0     0     0     0
3254    0     0     0     0     0     0     0
3258    0     0     0     0     0     0     0
3262    0     0     0     0     0     0     0
3266    0     0     0     0     0     0     0
3270    0     0     0     0     0     0     0
3274    0     0     0     0     0     0     0
3278    0     0     0     0     0     0     0
3282    0     0     0     0     0     0     0
3286    0     0     0     0     0     0     0
3290    0     0     0     0     0     0     0
3294    0     0     0     0     0     0     0
3298    0     0     0     0     0     0     0
3302    0     0     0     0     0     0     0
3306    0     0     0     0     0     0     0
3310    0     0     0     0     0     0     0
3314    0     0     0     0     0     0     0
3318    0     0     0     0     0     0     0
3322    0     0     0     0     0     0     0
3326    0     0     0     0     0     0     0
3330    0     0     0     0     0     0     0
3334    0     0     0     0     0     0     0
3338    0     0     0     0     0     0     0
3342    0     0     0     0     0     0     0
3346    0     0     0     0     0     0     0
3350    0     0     0     0     0     0     0
3354    0     0     0     0     0     0     0
3358    0     0     0     0     0     0     0
3362    0     0     0     0     0     0     0
3366    0     0     0     0     0     0     0
3370    0     0     0     0     0     0     0
3374    0     0     0     0     0     0     0
3378    0     0     0     0     0     0     0
3382    0     0     0     0     0     0     0
3386    0     0     0     0     0     0     0
3390    0     0     0     0     0     0     0
3394    0     0     0     0     0     0     0
3398    0     0     0     0     0     0     0
3402    0     0     0     0     0     0     0
3406    0     0     0     0     0     0     0
3410    0     0     0     0     0     0     0
3414    0     0     0     0     0     0     0
3418    0     0     0     0     0     0     0
3422    0     0     0     0     0     0     0
3426    0     0     0     0     0     0     0
3430    0     0     0     0     0     0     0
3434    0     0     0     0     0     0     0
3438    0     0     0     0     0     0     0
3442    0     0     0     0     0     0     0
3446    0     0     0     0     0     0     0
3450    0     0     0     0     0     0     0
3454    0     0     0     0     0     0     0
3458    0     0     0     0     0     0     0
3462    0     0     0     0     0     0     0
3466    0     0     0     0     0     0     0
3470    0     0     0     0     0     0     0
3474    0     0     0     0     0     0     0
3478    0     0     0     0     0     0     0
3482    0     0     0     0     0     0     0
3486    0     0     0     0     0     0     0
3490    0     0     0     0     0     0     0
3494    0     0     0     0     0     0     0
3498    0     0     0     0     0     0     0
3502    0     0     0     0     0     0     0
3506    0     0     0     0     0     0     0
3510    0     0     0     0     0     0     0
3514    0     0     0     0     0     0     0
3518    0     0     0     0     0     0     0
3522    0     0     0     0     0     0     0
3526    0     0     0     0     0     0     0
3530    0     0     0     0     0     0     0
3534    0     0     0     0     0     0     0
3538    0     0     0     0     0     0     0
3542    0     0     0     0     0     0     0
3546    0     0     0     0     0     0     0
3550    0     0     0     0     0     0     0
3554    0     0     0     0     0     0     0
3558    0     0     0     0     0     0     0
3562    0     0     0     0     0     0     0
3566    0     0     0     0     0     0     0
3570    0     0     0     0     0     0     0
3574    0     0     0     0     0     0     0
3578    0     0     0     0     0     0     0
3582    0     0     0     0     0     0     0
3586    0     0     0     0     0     0     0
3590    0     0     0     0     0     0     0
3594    0     0     0     0     0     0     0
3598    0     0     0     0     0     0     0
3602    0     0     0     0     0     0     0
3606    0     0     0     0     0     0     0
3610    0     0     0     0     0     0     0
3614    0     0     0     0     0     0     0
3618    0     0     0     0     0     0     0
3622    0     0     0     0     0     0     0
3626    0     0     0     0     0     0     0
3630    0     0     0     0     0     0     0
3634    0     0     0     0     0     0     0
3638    0     0     0     0     0     0     0
3642    0     0     0     0     0     0     0
3646    0     0     0     0     0     0     0
3650    0     0     0     0     0     0     0
3654    0     0     0     0     0     0     0
3658    0     0     0     0     0     0     0
3662    0     0     0     0     0     0     0
3666    0     0     0     0     0     0     0
3670    0     0     0     0     0     0     0
3674    0     0     0     0     0     0     0
3678    0     0     0     0     0     0     0
3682    0     0     0     0     0     0     0
3686    0     0     0     0     0     0     0
3690    0     0     0     0     0     0     0
3694    0     0     0     0     0     0     0
3698    0     0     0     0     0     0     0
3702    0     0     0     0     0     0     0
3706    0     0     0     0     0     0     0
3710    0     0     0     0     0     0     0
3714    0     0     0     0     0     0     0
3718    0     0     0     0     0     0     0
3722    0     0     0     0     0     0     0
3726    0     0     0     0     0     0     0
3730    0     0     0     0     0     0     0
3734    0     0     0     0     0     0     0
3738    0     0     0     0     0     0     0
3742    0     0     0     0     0     0     0
3746    0     0     0     0     0     0     0
3750    0     0     0     0     0     0     0
3754    0     0     0     0     0     0     0
3758    0     0     0     0     0     0     0
3762    0     0     0     0     0     0     0
3766    0     0     0     0     0     0     0
3770    0     0     0     0     0     0     0
3774    0     0     0     0     0     0     0
3778    0     0     0     0     0     0     0
3782    0     0     0     0     0     0     0
3786    0     0     0     0     0     0     0
3790    0     0     0     0     0     0     0
3794    0     0     0     0     0     0     0
3798    0     0     0     0     0     0     0
3802    0     0     0     0     0     0     0
3806    0     0     0     0     0     0     0
3810    0     0     0     0     0     0     0
3814    0     0     0     0     0     0     0
3818    0     0     0     0     0     0     0
3822    0     0     0     0     0     0     0
3826    0     0     0     0     0     0     0
3830    0     0     0     0     0     0     0
3834    0     0     0     0     0     0     0
3838    0     0     0     0     0     0     0
3842    0     0     0     0     0     0     0
3846    0     0     0     0     0     0     0
3850    0     0     0     0     0     0     0
3854    0     0     0     0     0     0     0
3858    0     0     0     0     0     0     0
3862    0     0     0     0     0     0     0
3866    0     0     0     0     0     0     0
3870    0     0     0     0     0     0     0
3874    0     0     0     0     0     0     0
3878    0     0     0     0     0     0     0
3882    0     0     0     0     0     0     0
3886    0     0     0     0     0     0     0
3890    0     0     0     0     0     0     0
3894    0     0     0     0     0     0     0
3898    0     0     0     0     0     0     0
3902    0     0     0     0     0     0     0
3906    0     0     0     0     0     0     0
3910    0     0     0     0     0     0     0
3914    0     0     0     0     0     0     0
3918    0     0     0     0     0     0     0
3922    0     0     0     0     0     0     0
3926    0     0     0     0     0     0     0
3930    0     0     0     0     0     0     0
3934    0     0     0     0     0     0     0
3938    0     0     0     0     0     0     0
3942    0     0     0     0     0     0     0
3946    0     0     0     0     0     0     0
3950    0     0     0     0     0     0     0
3954    0     0     0     0     0     0     0
3958    0     0     0     0     0     0     0
3962    0     0     0     0     0     0     0
3966    0     0     0     0     0     0     0
3970    0     0     0     0     0     0     0
3974    0     0     0     0     0     0     0
3978    0     0     0     0     0     0     0
3982    0     0     0     0     0     0     0
3986    0     0     0     0     0     0     0
3990    0     0     0     0     0     0     0
3994    0     0     0     0     0     0     0
3998    0     0     0     0     0     0     0
