1     0     0     0     0     0     0     0
3     0     0     0     0     0     0     0
5     0     0     0     0     0     0     0
7     3.53953e-05     1.32775e-07     1.32775e-07     1.32775e-07     1.32775e-07     1.32775e-07     1.32775e-07
9     3.53953e-05     8.14914e-08     8.14914e-08     8.14914e-08     8.14914e-08     8.14914e-08     8.14914e-08
11     0     0     0     0     0     0     0
13     3.53953e-05     5.82961e-08     5.82961e-08     5.82961e-08     5.82961e-08     5.82961e-08     5.82961e-08
15     0     0     0     0     0     0     0
17     7.07906e-05     8.42614e-08     8.42614e-08     8.42614e-08     8.42614e-08     8.42614e-08     8.42614e-08
19     7.07906e-05     7.16576e-08     7.16576e-08     7.16576e-08     7.16576e-08     7.16576e-08     7.16576e-08
21     7.07906e-05     6.3931e-08     6.3931e-08     6.3931e-08     6.3931e-08     6.3931e-08     6.3931e-08
23     0.000106186     8.49548e-08     8.49548e-08     8.49548e-08     8.49548e-08     8.49548e-08     8.49548e-08
25     3.53953e-05     2.60345e-08     2.60345e-08     2.60345e-08     2.60345e-08     2.60345e-08     2.60345e-08
27     3.53953e-05     2.26714e-08     2.26714e-08     2.26714e-08     2.26714e-08     2.26714e-08     2.26714e-08
29     0.000141581     8.45539e-08     8.45539e-08     8.45539e-08     8.45539e-08     8.45539e-08     8.45539e-08
31     0.000141581     7.80356e-08     7.80356e-08     7.80356e-08     7.80356e-08     7.80356e-08     7.80356e-08
33     0.000176977     9.06383e-08     9.06383e-08     9.06383e-08     9.06383e-08     9.06383e-08     9.06383e-08
35     0.000212372     9.97077e-08     9.97077e-08     9.97077e-08     9.97077e-08     9.97077e-08     9.97077e-08
37     0.000141581     6.23874e-08     6.23874e-08     6.23874e-08     6.23874e-08     6.23874e-08     6.23874e-08
39     7.07906e-05     2.90369e-08     2.90369e-08     2.90369e-08     2.90369e-08     2.90369e-08     2.90369e-08
41     0.000176977     6.68741e-08     6.68741e-08     6.68741e-08     6.68741e-08     6.68741e-08     6.68741e-08
43     0.000212372     7.51658e-08     7.51658e-08     7.51658e-08     7.51658e-08     7.51658e-08     7.51658e-08
45     0.000212372     7.15819e-08     7.15819e-08     7.15819e-08     7.15819e-08     7.15819e-08     7.15819e-08
47     7.07906e-05     2.23226e-08     2.23226e-08     2.23226e-08     2.23226e-08     2.23226e-08     2.23226e-08
49     0.000212372     6.33067e-08     6.33067e-08     6.33067e-08     6.33067e-08     6.33067e-08     6.33067e-08
51     0.000176977     5.00588e-08     5.00588e-08     5.00588e-08     5.00588e-08     5.00588e-08     5.00588e-08
53     7.07906e-05     1.89365e-08     1.89365e-08     1.89365e-08     1.89365e-08     1.89365e-08     1.89365e-08
55     0.000247767     6.35665e-08     6.35665e-08     6.35665e-08     6.35665e-08     6.35665e-08     6.35665e-08
57     0.000176977     4.3402e-08     4.3402e-08     4.3402e-08     4.3402e-08     4.3402e-08     4.3402e-08
59     0.000389349     9.14527e-08     9.14527e-08     9.14527e-08     9.14527e-08     9.14527e-08     9.14527e-08
61     0.000353953     8.0837e-08     8.0837e-08     8.0837e-08     8.0837e-08     8.0837e-08     8.0837e-08
63     0.000353953     7.79422e-08     7.79422e-08     7.79422e-08     7.79422e-08     7.79422e-08     7.79422e-08
65     0.000141581     3.03454e-08     3.03454e-08     3.03454e-08     3.03454e-08     3.03454e-08     3.03454e-08
67     0.000212372     4.41217e-08     4.41217e-08     4.41217e-08     4.41217e-08     4.41217e-08     4.41217e-08
69     0.000247767     5.01292e-08     5.01292e-08     5.01292e-08     5.01292e-08     5.01292e-08     5.01292e-08
71     0.000318558     6.27734e-08     6.27734e-08     6.27734e-08     6.27734e-08     6.27734e-08     6.27734e-08
73     0.000495535     9.61091e-08     9.61091e-08     9.61091e-08     9.61091e-08     9.61091e-08     9.61091e-08
75     0.000672511     1.28045e-07     1.28045e-07     1.28045e-07     1.28045e-07     1.28045e-07     1.28045e-07
77     0.00060172     1.12496e-07     1.12496e-07     1.12496e-07     1.12496e-07     1.12496e-07     1.12496e-07
79     0.000212372     3.91914e-08     3.91914e-08     3.91914e-08     3.91914e-08     3.91914e-08     3.91914e-08
81     0.000389349     7.10759e-08     7.10759e-08     7.10759e-08     7.10759e-08     7.10759e-08     7.10759e-08
83     0.000389349     7.02678e-08     7.02678e-08     7.02678e-08     7.02678e-08     7.02678e-08     7.02678e-08
85     0.000389349     6.97223e-08     6.97223e-08     6.97223e-08     6.97223e-08     6.97223e-08     6.97223e-08
87     0.000318558     5.67591e-08     5.67591e-08     5.67591e-08     5.67591e-08     5.67591e-08     5.67591e-08
89     0.000424744     7.53428e-08     7.53428e-08     7.53428e-08     7.53428e-08     7.53428e-08     7.53428e-08
91     0.000353953     6.26472e-08     6.26472e-08     6.26472e-08     6.26472e-08     6.26472e-08     6.26472e-08
93     0.000247767     4.38138e-08     4.38138e-08     4.38138e-08     4.38138e-08     4.38138e-08     4.38138e-08
95     0.000778697     1.37795e-07     1.37795e-07     1.37795e-07     1.37795e-07     1.37795e-07     1.37795e-07
97     0.000495535     8.78532e-08     8.78532e-08     8.78532e-08     8.78532e-08     8.78532e-08     8.78532e-08
99     0.00060172     1.0703e-07     1.0703e-07     1.0703e-07     1.0703e-07     1.0703e-07     1.0703e-07
101     0.000424744     7.58822e-08     7.58822e-08     7.58822e-08     7.58822e-08     7.58822e-08     7.58822e-08
103     0.000495535     8.89979e-08     8.89979e-08     8.89979e-08     8.89979e-08     8.89979e-08     8.89979e-08
105     0.000460139     8.31863e-08     8.31863e-08     8.31863e-08     8.31863e-08     8.31863e-08     8.31863e-08
107     0.000247767     4.51484e-08     4.51484e-08     4.51484e-08     4.51484e-08     4.51484e-08     4.51484e-08
109     0.00060172     1.1091e-07     1.1091e-07     1.1091e-07     1.1091e-07     1.1091e-07     1.1091e-07
111     0.000495535     9.25472e-08     9.25472e-08     9.25472e-08     9.25472e-08     9.25472e-08     9.25472e-08
113     0.000566325     1.07651e-07     1.07651e-07     1.07651e-07     1.07651e-07     1.07651e-07     1.07651e-07
115     0.000707906     1.37835e-07     1.37835e-07     1.37835e-07     1.37835e-07     1.37835e-07     1.37835e-07
117     0.000460139     9.18851e-08     9.18851e-08     9.18851e-08     9.18851e-08     9.18851e-08     9.18851e-08
119     0.00060172     1.23888e-07     1.23888e-07     1.23888e-07     1.23888e-07     1.23888e-07     1.23888e-07
121     0.000743302     1.58667e-07     1.58667e-07     1.58667e-07     1.58667e-07     1.58667e-07     1.58667e-07
123     0.000460139     1.0251e-07     1.0251e-07     1.0251e-07     1.0251e-07     1.0251e-07     1.0251e-07
125     0.00060172     1.39904e-07     1.39904e-07     1.39904e-07     1.39904e-07     1.39904e-07     1.39904e-07
127     0.000424744     1.04319e-07     1.04319e-07     1.04319e-07     1.04319e-07     1.04319e-07     1.04319e-07
129     0.000460139     1.20573e-07     1.20573e-07     1.20573e-07     1.20573e-07     1.20573e-07     1.20573e-07
131     0.000566325     1.5757e-07     1.5757e-07     1.5757e-07     1.5757e-07     1.5757e-07     1.5757e-07
133     0.00102646     3.13504e-07     3.13504e-07     3.13504e-07     3.13504e-07     3.13504e-07     3.13504e-07
135     0.000849488     2.79401e-07     2.79401e-07     2.79401e-07     2.79401e-07     2.79401e-07     2.79401e-07
137     0.000991069     3.57601e-07     3.57601e-07     3.57601e-07     3.57601e-07     3.57601e-07     3.57601e-07
139     0.000566325     2.25055e-07     2.25055e-07     2.25055e-07     2.25055e-07     2.25055e-07     2.25055e-07
141     0.00060172     2.70488e-07     2.70488e-07     2.70488e-07     2.70488e-07     2.70488e-07     2.70488e-07
143     0.000991069     5.00259e-07     5.00259e-07     5.00259e-07     5.00259e-07     5.00259e-07     5.00259e-07
145     0.000743302     4.25016e-07     4.25016e-07     4.25016e-07     4.25016e-07     4.25016e-07     4.25016e-07
147     0.000920278     6.00951e-07     6.00951e-07     6.00951e-07     6.00951e-07     6.00951e-07     6.00951e-07
149     0.000814092     6.25659e-07     6.25659e-07     6.25659e-07     6.25659e-07     6.25659e-07     6.25659e-07
151     0.00109726     1.02256e-06     1.02256e-06     1.02256e-06     1.02256e-06     1.02256e-06     1.02256e-06
153     0.00109726     1.23455e-06     1.23455e-06     1.23455e-06     1.23455e-06     1.23455e-06     1.23455e-06
155     0.000743302     1.068e-06     1.068e-06     1.068e-06     1.068e-06     1.068e-06     1.068e-06
157     0.000849488     1.64077e-06     1.64077e-06     1.64077e-06     1.64077e-06     1.64077e-06     1.64077e-06
159     0.00060172     1.76119e-06     1.76119e-06     1.76119e-06     1.76119e-06     1.76119e-06     1.76119e-06
161     0.000672511     3.13674e-06     3.13674e-06     3.13674e-06     3.13674e-06     3.13674e-06     3.13674e-06
163     0.00102646     8.19454e-06     8.19454e-06     8.19454e-06     8.19454e-06     8.19454e-06     8.19454e-06
165     0.000743302     7.80807e-06     7.80807e-06     7.80807e-06     7.80807e-06     7.80807e-06     7.80807e-06
167     0.000707906     9.13718e-06     9.13718e-06     9.13718e-06     9.13718e-06     9.13718e-06     9.13718e-06
169     0.00102646     1.55794e-05     1.55794e-05     1.55794e-05     1.55794e-05     1.55794e-05     1.55794e-05
171     0.000672511     1.14994e-05     1.14994e-05     1.14994e-05     1.14994e-05     1.14994e-05     1.14994e-05
173     0.00123884     2.34456e-05     2.34456e-05     2.34456e-05     2.34456e-05     2.34456e-05     2.34456e-05
175     0.000849488     1.77351e-05     1.77351e-05     1.77351e-05     1.77351e-05     1.77351e-05     1.77351e-05
177     0.000991069     2.22373e-05     2.22373e-05     2.22373e-05     2.22373e-05     2.22373e-05     2.22373e-05
179     0.00130963     3.1601e-05     3.1601e-05     3.1601e-05     3.1601e-05     3.1601e-05     3.1601e-05
181     0.000955674     2.53251e-05     2.53251e-05     2.53251e-05     2.53251e-05     2.53251e-05     2.53251e-05
183     0.00060172     1.79855e-05     1.79855e-05     1.79855e-05     1.79855e-05     1.79855e-05     1.79855e-05
185     0.000920278     2.97173e-05     2.97173e-05     2.97173e-05     2.97173e-05     2.97173e-05     2.97173e-05
187     0.000814092     2.88661e-05     2.88661e-05     2.88661e-05     2.88661e-05     2.88661e-05     2.88661e-05
189     0.000991069     3.76357e-05     3.76357e-05     3.76357e-05     3.76357e-05     3.76357e-05     3.76357e-05
191     0.000955674     3.90622e-05     3.90622e-05     3.90622e-05     3.90622e-05     3.90622e-05     3.90622e-05
193     0.00116805     5.07913e-05     5.07913e-05     5.07913e-05     5.07913e-05     5.07913e-05     5.07913e-05
195     0.00127423     5.86815e-05     5.86815e-05     5.86815e-05     5.86815e-05     5.86815e-05     5.86815e-05
197     0.00155739     7.53309e-05     7.53309e-05     7.53309e-05     7.53309e-05     7.53309e-05     7.53309e-05
199     0.00134502     6.80456e-05     6.80456e-05     6.80456e-05     6.80456e-05     6.80456e-05     6.80456e-05
201     0.00191135     0.000100822     0.000100822     0.000100822     0.000100822     0.000100822     0.000100822
203     0.00123884     6.80326e-05     6.80326e-05     6.80326e-05     6.80326e-05     6.80326e-05     6.80326e-05
205     0.000991069     5.69092e-05     5.69092e-05     5.69092e-05     5.69092e-05     5.69092e-05     5.69092e-05
207     0.00116805     6.97536e-05     6.97536e-05     6.97536e-05     6.97536e-05     6.97536e-05     6.97536e-05
209     0.00134502     8.35976e-05     8.35976e-05     8.35976e-05     8.35976e-05     8.35976e-05     8.35976e-05
211     0.00123884     8.03304e-05     8.03304e-05     8.03304e-05     0.000554502     0.000759386     0.000413437
213     0.00145121     9.75385e-05     9.75385e-05     9.75385e-05     0.00058773     0.000800037     0.000441663
215     0.00109726     7.64377e-05     7.64377e-05     7.64377e-05     0.000557988     0.000766918     0.000414239
217     0.00173437     0.000124894     0.000124894     0.000124894     0.000607587     0.000817289     0.000463388
219     0.0014866     0.000110796     0.000110796     0.000110796     0.000584284     0.000790298     0.000442644
221     0.00138042     0.000106383     0.000106383     0.000106383     0.000587684     0.000797257     0.000443503
223     0.00130963     0.000104157     0.000104157     0.000104157     0.000581497     0.000789453     0.00043847
225     0.00159279     0.000130252     0.000130252     0.000130252     0.000623254     0.000838161     0.000475403
227     0.00130963     0.000110387     0.000110387     0.000110387     0.000573982     0.000776138     0.000434849
229     0.00130963     0.000113938     0.000113938     0.000113938     0.000602927     0.000816094     0.00045616
231     0.00166358     0.000149139     0.000149139     0.000149139     0.00062177     0.000827848     0.000479806
233     0.001522     0.000140518     0.000140518     0.000140518     0.000634733     0.000850229     0.000486267
235     0.00145121     0.000137862     0.000137862     0.000137862     0.000614739     0.000822702     0.000471447
237     0.001522     0.000148888     0.000148888     0.000148888     0.00061196     0.00081389     0.000472793
239     0.001522     0.000152814     0.000152814     0.000152814     0.000633878     0.000843734     0.000489215
241     0.00180516     0.000186804     0.000186804     0.000186804     0.000656381     0.000861325     0.000515085
243     0.001522     0.000161626     0.000161626     0.000161626     0.000631768     0.000837089     0.000490153
245     0.00159279     0.000173474     0.000173474     0.000173474     0.000650421     0.000858805     0.000506699
247     0.00184056     0.000205945     0.000205945     0.000205945     0.000682601     0.000890901     0.000538933
249     0.00198214     0.000227545     0.000227545     0.000227545     0.000697503     0.000902801     0.000555812
251     0.00180516     0.000212558     0.000212558     0.000212558     0.000678403     0.000881712     0.000537998
253     0.00219451     0.00026478     0.00026478     0.00026478     0.000728298     0.000930328     0.000588711
255     0.00141581     0.000175353     0.000175353     0.000175353     0.0006399     0.00084199     0.000500152
257     0.00184056     0.000233635     0.000233635     0.000233635     0.00070362     0.000907692     0.00056234
259     0.00187595     0.000243641     0.000243641     0.000243641     0.000707852     0.000909126     0.000568442
261     0.00205293     0.000273775     0.000273775     0.000273775     0.00074588     0.000950389     0.000604159
263     0.00159279     0.000217144     0.000217144     0.000217144     0.000676593     0.000875455     0.000538697
265     0.00222991     0.000310934     0.000310934     0.000310934     0.00077209     0.000971592     0.000633664
267     0.00198214     0.000283107     0.000283107     0.000283107     0.000747029     0.000947817     0.000607736
269     0.0023007     0.000335316     0.000335316     0.000335316     0.000770135     0.000958393     0.000639546
271     0.00215911     0.000322349     0.000322349     0.000322349     0.000761201     0.000951292     0.000629289
273     0.00269004     0.000410789     0.000410789     0.000410789     0.000845367     0.00103383     0.000714641
275     0.0023007     0.000359227     0.000359227     0.000359227     0.000807029     0.00100129     0.00067219
277     0.00208832     0.000332852     0.000332852     0.000332852     0.000787739     0.000985183     0.000650714
279     0.00191135     0.000311686     0.000311686     0.000311686     0.000763076     0.000958987     0.000627065
281     0.0030086     0.000500103     0.000500103     0.000500103     0.000949046     0.0011438     0.000813788
283     0.00176977     0.000301157     0.000301157     0.000301157     0.000741056     0.00093168     0.000608565
285     0.00219451     0.000381588     0.000381588     0.000381588     0.000808815     0.00099373     0.000680241
287     0.00184056     0.000325874     0.000325874     0.000325874     0.000771091     0.000963611     0.000637158
289     0.00251307     0.000454067     0.000454067     0.000454067     0.000882107     0.00106707     0.000753342
291     0.0022653     0.000417702     0.000417702     0.000417702     0.000844082     0.00102833     0.000715797
293     0.00261925     0.000492015     0.000492015     0.000492015     0.000924681     0.00111182     0.000794408
295     0.00240688     0.000461437     0.000461437     0.000461437     0.000903301     0.00109458     0.000770118
297     0.00283163     0.00055353     0.00055353     0.00055353     0.000997397     0.00118975     0.000863507
299     0.00283163     0.000563969     0.000563969     0.000563969     0.000986865     0.00117024     0.000859208
301     0.00279623     0.000567444     0.000567444     0.000567444     0.00100743     0.00119823     0.000874558
303     0.00353953     0.00073143     0.00073143     0.00073143     0.00117745     0.00137087     0.00104275
305     0.00276084     0.000581609     0.000581609     0.000581609     0.0010285     0.00122216     0.000893565
307     0.0023007     0.000494008     0.000494008     0.000494008     0.000925568     0.00111246     0.000795291
309     0.00272544     0.000595598     0.000595598     0.000595598     0.00103633     0.00122702     0.00090332
311     0.00318558     0.00070933     0.00070933     0.00070933     0.00113052     0.00131264     0.00100347
313     0.00290242     0.000657788     0.000657788     0.000657788     0.00110735     0.00130159     0.000971779
315     0.00389349     0.000898319     0.000898319     0.000898319     0.00133818     0.00152808     0.00120555
317     0.00286702     0.000673422     0.000673422     0.000673422     0.00110245     0.00128758     0.000973113
319     0.00311479     0.000743483     0.000743483     0.000743483     0.00119032     0.00138305     0.0010556
321     0.00286702     0.000696417     0.000696417     0.000696417     0.00114916     0.00134441     0.00101267
323     0.00343335     0.000847614     0.000847614     0.000847614     0.00130103     0.0014965     0.00116431
325     0.00410586     0.00103092     0.00103092     0.00103092     0.00150534     0.00170979     0.00136229
327     0.00396428     0.00101088     0.00101088     0.00101088     0.00148402     0.0016878     0.00134138
329     0.00396428     0.00102831     0.00102831     0.00102831     0.00147998     0.00167437     0.00134388
331     0.0037873     0.000997148     0.000997148     0.000997148     0.00144173     0.00163281     0.00130784
333     0.0037873     0.00101263     0.00101263     0.00101263     0.00149973     0.00170874     0.0013532
335     0.00410586     0.00111507     0.00111507     0.00111507     0.00160976     0.00182158     0.00146112
337     0.00382269     0.00105519     0.00105519     0.00105519     0.00152216     0.00172166     0.00138203
339     0.00371651     0.00104198     0.00104198     0.00104198     0.00153668     0.00174756     0.00138844
341     0.00470758     0.00134078     0.00134078     0.00134078     0.0018502     0.0020669     0.00169772
343     0.00407046     0.00117793     0.00117793     0.00117793     0.00166866     0.00187714     0.0015219
345     0.00389349     0.0011441     0.0011441     0.0011441     0.00166294     0.00188377     0.00150753
347     0.00474297     0.00141999     0.00141999     0.00141999     0.00194824     0.00217389     0.00178954
349     0.00506153     0.00154477     0.00154477     0.00154477     0.00212009     0.00236595     0.00194717
351     0.00470758     0.00146766     0.00146766     0.00146766     0.00203221     0.0022738     0.00186233
353     0.00513232     0.00163716     0.00163716     0.00163716     0.00221587     0.00246407     0.00204145
355     0.00481376     0.00157101     0.00157101     0.00157101     0.00218152     0.00244399     0.00199717
357     0.00591102     0.00197784     0.00197784     0.00197784     0.0026266     0.00290626     0.00243028
359     0.00499074     0.00170906     0.00170906     0.00170906     0.00234087     0.00261387     0.00214932
361     0.00488455     0.00171256     0.00171256     0.00171256     0.0023723     0.00265776     0.00217202
363     0.00470758     0.00168662     0.00168662     0.00168662     0.00235792     0.0026488     0.00215397
365     0.00488455     0.0017893     0.0017893     0.0017893     0.00248194     0.00278234     0.00227127
367     0.00619418     0.0023193     0.0023193     0.0023193     0.00305965     0.00338114     0.00283426
369     0.00622958     0.00238086     0.00238088     0.00238086     0.00317663     0.00352269     0.00293409
371     0.0060172     0.00235054     0.00235057     0.00235054     0.0031016     0.00342862     0.00287239
373     0.00513232     0.00204701     0.00204704     0.00204701     0.0028187     0.00315528     0.00258291
375     0.00651274     0.00265555     0.00265559     0.00265555     0.00349597     0.00386313     0.00323885
377     0.00676051     0.00281415     0.00281419     0.00281415     0.00364869     0.0040139     0.00339305
379     0.00651274     0.00276917     0.00276921     0.00276917     0.00358632     0.0039444     0.00333569
381     0.00714986     0.00310092     0.00310097     0.00310092     0.00401839     0.00442105     0.00373664
383     0.00714986     0.00316164     0.00316171     0.00316164     0.00407139     0.00447123     0.0037917
385     0.00711446     0.00320365     0.00320372     0.00320365     0.00412672     0.00453293     0.00384263
387     0.00803474     0.0036886     0.00368868     0.0036886     0.0047125     0.00516357     0.00439703
389     0.00778697     0.00364195     0.00364203     0.00364195     0.00462764     0.00506246     0.00432367
391     0.00707906     0.00336503     0.00336511     0.00336503     0.0044296     0.00489967     0.00410098
393     0.0083179     0.00403058     0.00403069     0.00403058     0.00514444     0.00563683     0.00480036
395     0.00789316     0.00388616     0.00388628     0.00388616     0.00503505     0.00554342     0.00467982
397     0.00810553     0.00405939     0.00405952     0.00405939     0.00519858     0.00570317     0.00484602
399     0.00775158     0.00394822     0.00394835     0.00394822     0.00503885     0.00552249     0.004701
401     0.00895502     0.00463626     0.00463642     0.00463626     0.00585174     0.00639135     0.00547481
403     0.00923818     0.00486509     0.00486528     0.00486509     0.00612547     0.00668574     0.00573426
405     0.0106186     0.00568046     0.0056807     0.00568046     0.00709334     0.0077221     0.00665433
407     0.0107248     0.00583066     0.00583092     0.00583066     0.00725322     0.00788714     0.00681079
409     0.0105124     0.00580618     0.00580646     0.00580618     0.00726957     0.00792224     0.00681403
411     0.0100523     0.00564044     0.00564073     0.00564044     0.00708137     0.00772469     0.00663247
413     0.0124238     0.00707576     0.00707616     0.00707576     0.00868089     0.00939818     0.00818054
415     0.0106186     0.00614103     0.0061414     0.00614103     0.00767284     0.00835765     0.00719497
417     0.0111141     0.0065237     0.00652412     0.0065237     0.00813981     0.00886302     0.00763535
419     0.0125653     0.00748181     0.00748233     0.00748181     0.00920984     0.00998385     0.00866995
421     0.0124592     0.00752496     0.00752554     0.00752496     0.00930131     0.0100978     0.00874582
423     0.0128485     0.00787365     0.0078743     0.00787365     0.00973411     0.0105695     0.0091517
425     0.0137688     0.00855697     0.00855773     0.00855697     0.0105441     0.0114377     0.00992137
427     0.0154678     0.00974829     0.00974925     0.00974829     0.0118749     0.0128323     0.0112077
429     0.0161049     0.0102891     0.0102902     0.0102891     0.0125171     0.0135215     0.0118177
431     0.01522     0.00986253     0.00986367     0.00986253     0.0120462     0.0130313     0.0113602
433     0.0167066     0.0109784     0.0109797     0.0109784     0.0133807     0.014465     0.0126257
435     0.0163526     0.0108962     0.0108978     0.0108962     0.0133528     0.0144619     0.0125804
437     0.0176623     0.0119345     0.0119364     0.0119345     0.0144946     0.0156513     0.0136893
439     0.0202461     0.0138775     0.0138799     0.0138775     0.0167955     0.0181151     0.015877
441     0.0207771     0.0144413     0.0144439     0.0144413     0.0173628     0.0186857     0.0164422
443     0.019963     0.0140694     0.0140723     0.0140694     0.0169365     0.0182378     0.0160318
445     0.0224406     0.0160476     0.0160513     0.0160476     0.0192877     0.0207618     0.0182638
447     0.0235733     0.0170983     0.0171025     0.0170983     0.0204475     0.0219742     0.0193874
449     0.0261217     0.0192146     0.0192199     0.0192146     0.0228395     0.024496     0.0216907
451     0.0266881     0.0199252     0.0199314     0.0199252     0.0236687     0.0253825     0.0224808
453     0.0285994     0.0216617     0.0216691     0.0216617     0.0256337     0.0274548     0.0243722
455     0.0275376     0.0211792     0.0211872     0.0211792     0.0250087     0.0267664     0.0237919
457     0.0308647     0.024104     0.0241143     0.024104     0.0283384     0.0302838     0.0269926
459     0.0327407     0.0259973     0.02601     0.0259973     0.0304433     0.0324873     0.0290301
461     0.0344396     0.0278088     0.0278238     0.0278088     0.0323049     0.0343728     0.0308762
463     0.0341919     0.0280944     0.028111     0.0280944     0.0325717     0.0346311     0.0311493
465     0.0396782     0.0331979     0.0332205     0.0331979     0.0381985     0.0405005     0.0366106
467     0.0380146     0.0324243     0.0324493     0.0324243     0.037187     0.0393809     0.0356753
469     0.0412002     0.0358651     0.0358957     0.0358651     0.0408464     0.0431439     0.0392657
471     0.0475005     0.0422406     0.0422801     0.0422406     0.0477879     0.0503509     0.046028
473     0.0464033     0.0421948     0.0422412     0.0421948     0.047422     0.0498462     0.0457636
475     0.0510401     0.0475034     0.0475612     0.0475034     0.053062     0.0556492     0.051298
477     0.0524205     0.0500207     0.0500876     0.0500207     0.0554737     0.0580228     0.0537421
479     0.0539071     0.0528079     0.0528856     0.0528079     0.0581046     0.0605955     0.0564214
481     0.0562432     0.0566243     0.05672     0.0566243     0.0618697     0.0643581     0.0602014
483     0.0604552     0.0626631     0.0627778     0.0626631     0.0679475     0.0704757     0.0662647
485     0.0638178     0.0682053     0.0683397     0.0682053     0.0733883     0.0758933     0.0717362
487     0.0614817     0.067758     0.0679033     0.067758     0.072349     0.0745969     0.0708841
489     0.0654813     0.0745089     0.0746828     0.0745089     0.0788825     0.0810614     0.0774858
491     0.0634284     0.0745335     0.0747152     0.0745335     0.0782757     0.080174     0.0770799
493     0.0650566     0.0788736     0.0790722     0.0788736     0.0821538     0.0838576     0.0811053
495     0.069304     0.0866783     0.0869055     0.0866783     0.089553     0.0910994     0.088634
497     0.0682776     0.0879384     0.0881711     0.0879384     0.0901033     0.0913294     0.0894111
499     0.0661185     0.0875959     0.0878254     0.0875959     0.0889931     0.0898636     0.0885463
501     0.0684192     0.092967     0.0932061     0.092967     0.0936656     0.0942254     0.0934421
503     0.0621188     0.0863238     0.0865369     0.0863238     0.0862658     0.0864975     0.0862392
505     0.0631099     0.0894725     0.0896811     0.0894725     0.0886785     0.0891414     0.0883137
507     0.0594287     0.0857319     0.0859193     0.0857319     0.0842812     0.0849334     0.0836139
509     0.0574112     0.083992     0.0841627     0.083992     0.0819162     0.0827528     0.0809604
511     0.0549689     0.0813511     0.0814969     0.0813511     0.078709     0.0797032     0.0774907
513     0.0540841     0.080772     0.0809033     0.080772     0.0775465     0.0787148     0.0760569
515     0.0478899     0.0720174     0.0721232     0.0720174     0.0685992     0.0698053     0.0670183
517     0.0467926     0.0707228     0.0708143     0.0707228     0.0668676     0.0682014     0.0650823
519     0.0438902     0.0665711     0.0666443     0.0665711     0.0624528     0.0638546     0.060543
521     0.0444565     0.0675885     0.0676547     0.0675885     0.062978     0.0645327     0.0608376
523     0.0382977     0.0583025     0.0583529     0.0583025     0.0539633     0.0554157     0.0519472
525     0.0363156     0.055322     0.0553626     0.055322     0.0508284     0.0523216     0.0487392
527     0.0338025     0.0515025     0.0515346     0.0515025     0.0469742     0.0484706     0.0448686
529     0.0340149     0.0518182     0.0518467     0.0518182     0.0469673     0.0485646     0.0447115
531     0.0281039     0.0427998     0.0428205     0.0427998     0.0385224     0.0399264     0.0365339
533     0.028564     0.0434844     0.0435019     0.0434844     0.0388979     0.0403985     0.0367665
535     0.0269712     0.0410461     0.0410604     0.0410461     0.0364632     0.037959     0.0343344
537     0.024175     0.0367844     0.0367957     0.0367844     0.0325077     0.0339014     0.0305227
539     0.0241042     0.0366785     0.0366884     0.0366785     0.0322263     0.033675     0.0301606
541     0.0212372     0.0323262     0.0323334     0.0323262     0.0282255     0.0295578     0.0263231
543     0.0210602     0.032077     0.0320833     0.032077     0.0278429     0.0292176     0.0258788
545     0.0217327     0.0331323     0.033138     0.0331323     0.0286344     0.0300942     0.0265476
547     0.0191843     0.0292861     0.0292905     0.0292861     0.0251619     0.0264999     0.0232481
549     0.0168482     0.0257631     0.0257663     0.0257631     0.0220263     0.0232384     0.0202919
551     0.0171313     0.0262478     0.0262508     0.0262478     0.0223195     0.0235937     0.0204951
553     0.0158571     0.0243501     0.0243526     0.0243501     0.0205611     0.0217902     0.0188012
555     0.0135918     0.0209236     0.0209254     0.0209236     0.0175639     0.0186538     0.0160029
557     0.0134148     0.0207042     0.0207057     0.0207042     0.017323     0.0184201     0.0157507
559     0.0140519     0.0217382     0.0217397     0.0217382     0.0181476     0.0193132     0.0164772
561     0.0122114     0.0189351     0.0189362     0.0189351     0.0156933     0.0167463     0.0141836
563     0.0122114     0.0189729     0.0189739     0.0189729     0.0156882     0.0167558     0.0141566
565     0.0111495     0.0173612     0.017362     0.0173612     0.0143074     0.0153007     0.012882
567     0.0110079     0.0171826     0.0171833     0.0171826     0.0140663     0.0150806     0.0126104
569     0.0106894     0.0167305     0.0167311     0.0167305     0.0136748     0.0146701     0.0122461
571     0.0111141     0.0174561     0.0174566     0.0174561     0.0142305     0.0152816     0.0127217
573     0.00966292     0.0152369     0.0152373     0.0152369     0.0123403     0.0132843     0.0109849
575     0.00842409     0.0133392     0.0133395     0.0133392     0.0107726     0.0116092     0.00957145
577     0.00863646     0.0137361     0.0137364     0.0137361     0.0110627     0.0119342     0.00981186
579     0.00732683     0.0117024     0.0117026     0.0117024     0.00932432     0.0100996     0.00821153
581     0.00771618     0.0123772     0.0123774     0.0123772     0.00987775     0.0106928     0.00870793
583     0.0075746     0.0121952     0.0121954     0.0121952     0.00971872     0.0105265     0.00855915
585     0.00718525     0.0116165     0.0116167     0.0116165     0.00919599     0.00998591     0.00806228
587     0.00690209     0.0112067     0.0112068     0.0112067     0.00888567     0.00964342     0.00779802
589     0.00718525     0.0117228     0.0117229     0.0117228     0.00924164     0.0100521     0.00807824
591     0.00580483     0.00952338     0.00952347     0.00952338     0.00746763     0.00813949     0.00650313
593     0.00559246     0.00923042     0.00923049     0.00923042     0.00718755     0.00785556     0.00622853
595     0.00499074     0.00829061     0.00829067     0.00829061     0.00640536     0.00702216     0.00551968
597     0.00513232     0.00857728     0.00857732     0.00857728     0.00664617     0.00727831     0.00573815
599     0.00491995     0.00827231     0.00827235     0.00827231     0.00639338     0.00700895     0.00550937
601     0.00509693     0.00861328     0.00861332     0.00861328     0.00661942     0.00727308     0.00568031
603     0.00467218     0.00793141     0.00793143     0.00793141     0.00605166     0.00666841     0.0051654
605     0.00445981     0.00760051     0.00760053     0.00760051     0.00583101     0.00641207     0.00499588
607     0.00506153     0.00866287     0.00866289     0.00866287     0.00663772     0.00730327     0.00568109
609     0.00385809     0.00663002     0.00663004     0.00663002     0.00505269     0.00557135     0.00430684
611     0.00421204     0.00727197     0.00727198     0.00727197     0.00552431     0.00609929     0.00469745
613     0.00410586     0.0071274     0.00712741     0.0071274     0.00541585     0.00597918     0.00460589
615     0.00410586     0.0071686     0.0071686     0.0071686     0.00543027     0.00600257     0.00460751
617     0.00371651     0.00652697     0.00652698     0.00652697     0.00491273     0.00544425     0.00414843
619     0.00343335     0.00606788     0.00606789     0.00606788     0.00454885     0.00504915     0.00382952
621     0.00322097     0.00572431     0.00572431     0.00572431     0.00428622     0.00476006     0.00360517
623     0.00297321     0.00531585     0.00531585     0.00531585     0.00398772     0.00442544     0.00335838
625     0.00396428     0.00712669     0.00712669     0.00712669     0.0053509     0.0059364     0.00450913
627     0.00244228     0.00441355     0.00441356     0.00441355     0.00323556     0.00362418     0.00267699
629     0.00251307     0.00456518     0.00456518     0.00456518     0.00332352     0.0037333     0.00273438
631     0.00261925     0.00478327     0.00478327     0.00478327     0.00349125     0.00391789     0.00287795
633     0.00254846     0.00467814     0.00467815     0.00467814     0.00343255     0.00384409     0.00284095
635     0.00269004     0.00496334     0.00496334     0.00496334     0.00363755     0.00407576     0.00300744
637     0.00233609     0.00433295     0.00433296     0.00433295     0.00315206     0.00354258     0.0025905
639     0.00222991     0.00415634     0.00415634     0.00415634     0.00301331     0.00339152     0.00246929
641     0.0022653     0.00424802     0.00424802     0.00424802     0.00308627     0.00347094     0.00253298
643     0.00233609     0.00440753     0.00440753     0.00440753     0.00320985     0.00360668     0.00263892
645     0.00254846     0.00484207     0.00484207     0.00484207     0.00355615     0.00398255     0.00294271
647     0.00247767     0.00473574     0.00473574     0.00473574     0.00345247     0.00387822     0.00283978
649     0.00215911     0.00415233     0.00415233     0.00415233     0.00300457     0.00338557     0.00245634
651     0.00155739     0.00301427     0.00301427     0.00301427     0.00214954     0.00243667     0.00173632
653     0.00184056     0.00358529     0.00358529     0.00358529     0.00254507     0.00289051     0.00204795
655     0.00219451     0.00429798     0.00429798     0.00429798     0.00310452     0.00350096     0.00253417
657     0.00176977     0.00348831     0.00348831     0.00348831     0.00250792     0.00283363     0.00203937
659     0.00201753     0.0039977     0.0039977     0.0039977     0.00284259     0.00322644     0.00229037
661     0.00173437     0.00345811     0.00345811     0.00345811     0.00246623     0.00279597     0.00199188
663     0.00145121     0.00291039     0.00291039     0.00291039     0.0020513     0.00233709     0.00164002
665     0.00173437     0.00349798     0.00349798     0.00349798     0.00247666     0.00281673     0.00198732
667     0.00159279     0.0032298     0.0032298     0.0032298     0.00227519     0.00259327     0.00181727
669     0.001522     0.00310431     0.00310431     0.00310431     0.00212087     0.00244881     0.00164872
671     0.00155739     0.00319466     0.00319466     0.00319466     0.00222617     0.00254934     0.00176082
673     0.00130963     0.00269896     0.00269896     0.00269896     0.00189648     0.00216437     0.0015106
675     0.0014866     0.00308095     0.00308095     0.00308095     0.00213651     0.00245191     0.00168228
677     0.00176977     0.00368815     0.00368815     0.00368815     0.00262433     0.00297969     0.00211254
679     0.00166358     0.00348546     0.00348546     0.00348546     0.00246164     0.00280373     0.00196895
681     0.00138042     0.00290645     0.00290645     0.00290645     0.00204768     0.0023347     0.0016343
683     0.00113265     0.00239764     0.00239764     0.00239764     0.00164639     0.00189758     0.00128479
685     0.00106186     0.00225897     0.00225897     0.00225897     0.00152458     0.00177019     0.0011709
687     0.00169898     0.00363101     0.00363101     0.00363101     0.00259109     0.00293902     0.00209002
689     0.00138042     0.00296469     0.00296469     0.00296469     0.00207688     0.00237408     0.0016488
691     0.00106186     0.00229458     0.00229458     0.00229458     0.00159363     0.00182846     0.00125546
693     0.000955674     0.00207645     0.00207645     0.00207645     0.00141031     0.00163366     0.00108858
695     0.00127423     0.00278541     0.00278541     0.00278541     0.00188175     0.00218497     0.00144481
697     0.00113265     0.00249007     0.00249007     0.00249007     0.00170554     0.00196899     0.00132572
699     0.00123884     0.00273996     0.00273996     0.00273996     0.001895     0.00217897     0.00148554
701     0.00127423     0.00283356     0.00283356     0.00283356     0.00194677     0.00224499     0.0015167
703     0.000707906     0.00158319     0.00158319     0.00158319     0.000992519     0.00119126     0.000705904
705     0.000991069     0.00222935     0.00222935     0.00222935     0.00153678     0.00176994     0.00120048
707     0.000955674     0.00216092     0.00216092     0.00216092     0.00143902     0.00168214     0.00108836
709     0.000920278     0.00209149     0.00209149     0.00209149     0.00141493     0.00164287     0.00108618
711     0.00113265     0.00259086     0.00259086     0.00259086     0.00175887     0.00203925     0.00135449
713     0.000637116     0.00146662     0.00146662     0.00146662     0.000977929     0.00114268     0.000740287
715     0.00106186     0.00245887     0.00245887     0.00245887     0.00170036     0.00195618     0.00133133
717     0.000778697     0.00181575     0.00181575     0.00181575     0.00119322     0.00140329     0.000890182
719     0.000778697     0.00182708     0.00182708     0.00182708     0.00122153     0.00142598     0.000926561
721     0.000814092     0.00191932     0.00191932     0.00191932     0.00129204     0.00150399     0.000986187
723     0.000849488     0.00201267     0.00201267     0.00201267     0.00134418     0.00157023     0.00101792
725     0.000814092     0.00193957     0.00193957     0.00193957     0.00129648     0.00151414     0.000982257
727     0.000814092     0.00194792     0.00194792     0.00194792     0.00131453     0.00152907     0.00100467
729     0.000884883     0.00212762     0.00212762     0.00212762     0.0014351     0.00166987     0.0010961
731     0.000955674     0.00230897     0.00230897     0.00230897     0.00157516     0.00182406     0.00121555
733     0.00060172     0.001461     0.001461     0.001461     0.0009421     0.0011182     0.000687673
735     0.000566325     0.00138317     0.00138317     0.00138317     0.000920605     0.00107764     0.00069369
737     0.000884883     0.00217409     0.00217409     0.00217409     0.00149014     0.00172243     0.00115446
739     0.000849488     0.00209944     0.00209944     0.00209944     0.00141201     0.0016456     0.00107444
741     0.000424744     0.00105682     0.00105682     0.00105682     0.000675921     0.000805434     0.00048874
743     0.000672511     0.00168244     0.00168244     0.00168244     0.00111     0.00130479     0.000828467
745     0.000743302     0.00187163     0.00187163     0.00187163     0.00129224     0.00148955     0.00100698
747     0.000460139     0.00116601     0.00116601     0.00116601     0.000731025     0.000879269     0.000516661
749     0.00060172     0.00153355     0.00153355     0.00153355     0.000989626     0.00117512     0.000721301
751     0.000637116     0.0016314     0.0016314     0.0016314     0.00102136     0.00122953     0.000720205
753     0.000353953     0.000911373     0.000911373     0.000911373     0.000586181     0.000697191     0.000425545
755     0.000495535     0.00128188     0.00128188     0.00128188     0.000834254     0.000987119     0.000613035
757     0.00060172     0.00156491     0.00156491     0.00156491     0.0009749     0.00117649     0.000683234
759     0.000318558     0.000832382     0.000832382     0.000832382     0.000501467     0.000614575     0.000337785
761     0.00053093     0.00139426     0.00139426     0.00139426     0.000891938     0.00106372     0.000643307
763     0.000778697     0.00205506     0.00205506     0.00205506     0.00137019     0.00160455     0.0010309
765     0.000672511     0.00178419     0.00178419     0.00178419     0.0011634     0.00137599     0.00085562
767     0.000778697     0.00207741     0.00207741     0.00207741     0.00138191     0.00162027     0.00103676
769     0.000283163     0.00075964     0.00075964     0.00075964     0.000422177     0.000537902     0.000254543
771     0.00060172     0.00162501     0.00162501     0.00162501     0.00105897     0.00125323     0.00077757
773     0.000566325     0.00153821     0.00153821     0.00153821     0.00100832     0.00119027     0.000744685
775     0.000743302     0.00203099     0.00203099     0.00203099     0.00133121     0.00157164     0.000982751
777     0.00060172     0.00165395     0.00165395     0.00165395     0.00109498     0.00128715     0.000816391
779     0.000283163     0.00078267     0.00078267     0.00078267     0.000443793     0.000560382     0.000274766
781     0.000424744     0.00117959     0.00117959     0.00117959     0.000735128     0.000888157     0.000513232
783     0.000637116     0.00177964     0.00177964     0.00177964     0.00117051     0.00138042     0.000866057
785     0.000247767     0.000695959     0.000695959     0.000695959     0.000420556     0.000515545     0.000282737
787     0.00053093     0.00149658     0.00149658     0.00149658     0.000973433     0.00115403     0.00071131
789     0.000247767     0.000702503     0.000702503     0.000702503     0.00042065     0.00051802     0.000279263
791     0.00060172     0.00171379     0.00171379     0.00171379     0.00112722     0.00133001     0.000832739
793     0.000318558     0.000911278     0.000911278     0.000911278     0.00055191     0.000676229     0.000371369
795     0.000353953     0.00101748     0.00101748     0.00101748     0.000609301     0.000750556     0.000404066
797     0.000495535     0.00143201     0.00143201     0.00143201     0.000914099     0.00109344     0.000653571
799     0.00053093     0.00154278     0.00154278     0.00154278     0.00097056     0.00116881     0.000682523
801     0.000353953     0.00103472     0.00103472     0.00103472     0.000659379     0.000789477     0.000470299
803     0.000566325     0.00166677     0.00166677     0.00166677     0.00108855     0.00128912     0.000797035
805     0.000318558     0.000942076     0.000942076     0.000942076     0.000557878     0.000691228     0.000363997
807     0.000212372     0.000632155     0.000632155     0.000632155     0.000352085     0.000449377     0.000210616
809     0.000318558     0.000953145     0.000953145     0.000953145     0.000594871     0.000719422     0.000413665
811     0.000460139     0.00138568     0.00138568     0.00138568     0.000865679     0.00104661     0.00060239
813     0.000247767     0.000749943     0.000749943     0.000749943     0.000464166     0.000563697     0.000319304
815     0.000353953     0.00107723     0.00107723     0.00107723     0.000664618     0.000808444     0.000455235
817     0.000247767     0.000758179     0.000758179     0.000758179     0.000474367     0.000573358     0.000330187
819     0.000424744     0.00130586     0.00130586     0.00130586     0.000842877     0.00100444     0.000607586
821     0.000389349     0.00120324     0.00120324     0.00120324     0.000779041     0.00092707     0.000563433
823     0.000460139     0.00142922     0.00142922     0.00142922     0.0008782     0.00107046     0.000598256
825     0.000283163     0.000884897     0.000884897     0.000884897     0.000526664     0.000651657     0.000344737
827     0.000283163     0.000888592     0.000888592     0.000888592     0.00051862     0.000647725     0.000330696
829     0.000106186     0.000334901     0.000334901     0.000334901     0.000141735     0.000209191     4.35427e-05
831     0.000212372     0.00067374     0.00067374     0.00067374     0.000399726     0.000495543     0.000260161
833     0.000389349     0.00124204     0.00124204     0.00124204     0.000779826     0.000941765     0.000543718
835     0.000353953     0.00113466     0.00113466     0.00113466     0.000718363     0.00086453     0.000505015
837     0.000283163     0.000913152     0.000913152     0.000913152     0.000557368     0.000682543     0.000374472
839     0.000389349     0.00126172     0.00126172     0.00126172     0.000792085     0.000957574     0.000550103
841     0.000460139     0.00149951     0.00149951     0.00149951     0.000941948     0.00113856     0.00065434
843     0.000106186     0.000347989     0.000347989     0.000347989     0.000190549     0.000246066     0.000109348
845     0.000141581     0.000466754     0.000466754     0.000466754     0.000257935     0.000331535     0.000150327
847     0.000212372     0.000703405     0.000703405     0.000703405     0.000423951     0.0005224     0.000280088
849     0.000424744     0.00141242     0.00141242     0.00141242     0.00087946     0.00106717     0.000605298
851     0.000141581     0.000473578     0.000473578     0.000473578     0.000248757     0.000327959     0.000133077
853     0.000283163     0.000952456     0.000952456     0.000952456     0.000562236     0.000699838     0.000361177
855     0.000212372     0.0007189     0.0007189     0.0007189     0.000440323     0.000538673     0.00029652
857     0.000424744     0.0014452     0.0014452     0.0014452     0.000892798     0.00108812     0.000606991
859     7.07906e-05     0.000242145     0.000242145     0.000242145     8.80106e-05     0.000142594     8.08161e-06
861     7.07906e-05     0.000243374     0.000243374     0.000243374     8.9915e-05     0.00014433     1.01747e-05
863     0.000176977     0.000611384     0.000611384     0.000611384     0.000359346     0.000448821     0.000228174
865     0.000318558     0.0011064     0.0011064     0.0011064     0.000665179     0.000821979     0.000435225
867     0.000176977     0.000618431     0.000618431     0.000618431     0.000373744     0.000460782     0.000246049
869     0.000389349     0.00136626     0.00136626     0.00136626     0.000851695     0.00103488     0.00058278
871     0.000212372     0.000749133     0.000749133     0.000749133     0.000439012     0.000549518     0.000276765
873     0.000212372     0.000752428     0.000752428     0.000752428     0.00045088     0.000558419     0.000292918
875     0.000247767     0.000882519     0.000882519     0.000882519     0.000508784     0.00064219     0.000312748
877     0.000141581     0.000505949     0.000505949     0.000505949     0.00027354     0.000356567     0.000151525
879     7.07906e-05     0.000254467     0.000254467     0.000254467     0.000123969     0.000170615     5.53862e-05
881     0.000141581     0.000511431     0.000511431     0.000511431     0.000260572     0.000350283     0.000128688
883     0.000141581     0.000514358     0.000514358     0.000514358     0.00029735     0.000374973     0.000183236
885     0.000141581     0.000516978     0.000516978     0.000516978     0.000289196     0.000370692     0.000169388
887     0.000247767     0.000909502     0.000909502     0.000909502     0.000553656     0.000681044     0.000366365
889     0.000389349     0.00143578     0.00143578     0.00143578     0.000876103     0.00107662     0.000581235
891     0.000424744     0.00157567     0.00157567     0.00157567     0.000982317     0.00119517     0.000669009
893     0.000141581     0.000528096     0.000528096     0.000528096     0.000308182     0.000387216     0.000191759
895     7.07906e-05     0.000264897     0.000264897     0.000264897     0.000108114     0.000164569     2.48521e-05
897     0.000176977     0.000666916     0.000666916     0.000666916     0.000381276     0.000484317     0.000229154
899     0.000176977     0.000670152     0.000670152     0.000670152     0.000391964     0.000492476     0.000243498
901     0.000141581     0.000539929     0.000539929     0.000539929     0.000307692     0.000391677     0.000183589
903     0.000106186     0.000406976     0.000406976     0.000406976     0.000226619     0.000291857     0.000130184
905     0.000212372     0.000817711     0.000817711     0.000817711     0.00049217     0.000609923     0.000318169
907     0     0     0     0     -3.27763e-05     -2.09219e-05     -5.02901e-05
909     0.000141581     0.000550387     0.000550387     0.000550387     0.00032478     0.000406376     0.000204229
911     0.000141581     0.000552967     0.000552967     0.000552967     0.000334504     0.000413562     0.000217724
913     0.000283163     0.00111355     0.00111355     0.00111355     0.00069009     0.000843468     0.000463411
915     0.000212372     0.000838283     0.000838283     0.000838283     0.000468329     0.000602493     0.000269912
917     0.000141581     0.000561859     0.000561859     0.000561859     0.000300631     0.000395493     0.000160234
919     0.000106186     0.000424342     0.000424342     0.000424342     0.000238507     0.000306089     0.000138429
921     0.000283163     0.00113707     0.00113707     0.00113707     0.00068347     0.000848631     0.000438729
923     7.07906e-05     0.000285567     0.000285567     0.000285567     0.000142197     0.000194457     6.47172e-05
925     7.07906e-05     0.000286976     0.000286976     0.000286976     0.000162983     0.000208221     9.5876e-05
927     7.07906e-05     0.000288067     0.000288067     0.000288067     0.000136421     0.000191803     5.42594e-05
929     0.000176977     0.000724583     0.000724583     0.000724583     0.000391344     0.000513137     0.000210557
931     0.000283163     0.00116411     0.00116411     0.00116411     0.00070361     0.000872063     0.0004535
933     3.53953e-05     0.000146718     0.000146718     0.000146718     3.15131e-05     7.36879e-05     -3.11391e-05
935     0.000176977     0.000736352     0.000736352     0.000736352     0.000407734     0.000528142     0.000228819
937     3.53953e-05     0.000148037     0.000148037     0.000148037     3.9743e-05     7.94486e-05     -1.92907e-05
939     0.000106186     0.000446201     0.000446201     0.000446201     0.000229569     0.000309057     0.000111379
941     0.000106186     0.000448578     0.000448578     0.000448578     0.000245685     0.000320172     0.000134922
943     0.000106186     0.000450145     0.000450145     0.000450145     0.000247627     0.00032201     0.000136995
945     7.07906e-05     0.000302317     0.000302317     0.000302317     0.000169169     0.000218094     9.63913e-05
947     0.000247767     0.00106088     0.00106088     0.00106088     0.000613958     0.000778269     0.000369496
949     0.000176977     0.000763282     0.000763282     0.000763282     0.000444815     0.000561988     0.000270454
951     0.000106186     0.000459286     0.000459286     0.000459286     0.000255281     0.000330414     0.000143408
953     7.07906e-05     0.000308266     0.000308266     0.000308266     0.00015785     0.000213313     7.52032e-05
955     0.000106186     0.000464     0.000464     0.000464     0.000247388     0.000327379     0.000128104
957     0.000106186     0.000466106     0.000466106     0.000466106     0.00023558     0.000320838     0.000108354
959     0.000106186     0.000469428     0.000469428     0.000469428     0.000264106     0.000340156     0.000150541
961     0.000106186     0.000470908     0.000470908     0.000470908     0.000289974     0.000357085     0.000189672
963     0.000141581     0.000632921     0.000632921     0.000632921     0.000351371     0.000455934     0.000194969
965     7.07906e-05     0.000317529     0.000317529     0.000317529     0.000171097     0.000225549     8.96222e-05
967     7.07906e-05     0.000319659     0.000319659     0.000319659     0.000181807     0.000233123     0.000104962
969     0.000176977     0.000802963     0.000802963     0.000802963     0.000460603     0.000588182     0.000269426
971     3.53953e-05     0.000161348     0.000161348     0.000161348     6.50784e-05     0.000100991     1.12518e-05
973     0.000141581     0.000649406     0.000649406     0.000649406     0.000353634     0.000464086     0.000187994
975     3.53953e-05     0.000163047     0.000163047     0.000163047     6.72954e-05     0.000103082     1.3585e-05
977     0.000106186     0.00049087     0.00049087     0.00049087     0.000275327     0.00035597     0.000154267
979     7.07906e-05     0.000329517     0.000329517     0.000329517     0.000188182     0.000241111     0.000108696
981     0     0     0     0     -2.58119e-05     -1.61375e-05     -4.03485e-05
983     0.000106186     0.000499298     0.000499298     0.000499298     0.000269027     0.000355406     0.000139164
985     0.000141581     0.000667983     0.000667983     0.000667983     0.000389223     0.000493878     0.000231867
987     0.000106186     0.000503713     0.000503713     0.000503713     0.000263713     0.000353891     0.00012808
989     7.07906e-05     0.000337548     0.000337548     0.000337548     0.00017632     0.000236938     8.50863e-05
991     3.53953e-05     0.000169308     0.000169308     0.000169308     9.08393e-05     0.000120366     4.64051e-05
993     0.000176977     0.000853377     0.000853377     0.000853377     0.000477434     0.000618984     0.000264324
995     0.000141581     0.000685682     0.000685682     0.000685682     0.000384937     0.000498244     0.000214294
997     0.000106186     0.000516363     0.000516363     0.000516363     0.000279882     0.000369023     0.000145582
999     0     0     0     0     -3.15461e-05     -1.96549e-05     -4.94616e-05
