1     0     0     0     0     0     0     0
3     0     0     0     0     0     0     0
5     0     0     0     0     0     0     0
7     0     0     0     0     0     0     0
9     0     0     0     0     0     0     0
11     0     0     0     0     0     0     0
13     0     0     0     0     0     0     0
15     0     0     0     0     0     0     0
17     0     0     0     0     0     0     0
19     0     0     0     0     0     0     0
21     0     0     0     0     0     0     0
23     0     0     0     0     0     0     0
25     3.1676e-05     1.71044e-08     1.71044e-08     1.71044e-08     1.71044e-08     1.71044e-08     1.71044e-08
27     4.7514e-05     2.31112e-08     2.31112e-08     2.31112e-08     2.31112e-08     2.31112e-08     2.31112e-08
29     3.9595e-05     1.73644e-08     1.73644e-08     1.73644e-08     1.73644e-08     1.73644e-08     1.73644e-08
31     5.14735e-05     2.0599e-08     2.0599e-08     2.0599e-08     2.0599e-08     2.0599e-08     2.0599e-08
33     7.1271e-05     2.62118e-08     2.62118e-08     2.62118e-08     2.62118e-08     2.62118e-08     2.62118e-08
35     4.7514e-05     1.59629e-08     1.59629e-08     1.59629e-08     1.59629e-08     1.59629e-08     1.59629e-08
37     2.77165e-05     8.64048e-09     8.64048e-09     8.64048e-09     8.64048e-09     8.64048e-09     8.64048e-09
39     5.93925e-05     1.72998e-08     1.72998e-08     1.72998e-08     1.72998e-08     1.72998e-08     1.72998e-08
41     9.5028e-05     2.57269e-08     2.57269e-08     2.57269e-08     2.57269e-08     2.57269e-08     2.57269e-08
43     6.3352e-05     1.61928e-08     1.61928e-08     1.61928e-08     1.61928e-08     1.61928e-08     1.61928e-08
45     7.1271e-05     1.71545e-08     1.71545e-08     1.71545e-08     1.71545e-08     1.71545e-08     1.71545e-08
47     7.52305e-05     1.71204e-08     1.71204e-08     1.71204e-08     1.71204e-08     1.71204e-08     1.71204e-08
49     9.5028e-05     2.04781e-08     2.04781e-08     2.04781e-08     2.04781e-08     2.04781e-08     2.04781e-08
51     9.89875e-05     2.02566e-08     2.02566e-08     2.02566e-08     2.02566e-08     2.02566e-08     2.02566e-08
53     0.000106906     2.07312e-08     2.07312e-08     2.07312e-08     2.07312e-08     2.07312e-08     2.07312e-08
55     0.000114825     2.1206e-08     2.1206e-08     2.1206e-08     2.1206e-08     2.1206e-08     2.1206e-08
57     0.000134623     2.39432e-08     2.39432e-08     2.39432e-08     2.39432e-08     2.39432e-08     2.39432e-08
59     0.000106906     1.82799e-08     1.82799e-08     1.82799e-08     1.82799e-08     1.82799e-08     1.82799e-08
61     0.000126704     2.08905e-08     2.08905e-08     2.08905e-08     2.08905e-08     2.08905e-08     2.08905e-08
63     0.000130663     2.08136e-08     2.08136e-08     2.08136e-08     2.08136e-08     2.08136e-08     2.08136e-08
65     0.000114825     1.76697e-08     1.76697e-08     1.76697e-08     1.76697e-08     1.76697e-08     1.76697e-08
67     0.000110866     1.66446e-08     1.66446e-08     1.66446e-08     1.66446e-08     1.66446e-08     1.66446e-08
69     0.00015442     2.25274e-08     2.25274e-08     2.25274e-08     2.25274e-08     2.25274e-08     2.25274e-08
71     0.000138582     1.97652e-08     1.97652e-08     1.97652e-08     1.97652e-08     1.97652e-08     1.97652e-08
73     0.000138582     1.93574e-08     1.93574e-08     1.93574e-08     1.93574e-08     1.93574e-08     1.93574e-08
75     0.000225691     3.09371e-08     3.09371e-08     3.09371e-08     3.09371e-08     3.09371e-08     3.09371e-08
77     0.000209853     2.83328e-08     2.83328e-08     2.83328e-08     2.83328e-08     2.83328e-08     2.83328e-08
79     0.000241529     3.21742e-08     3.21742e-08     3.21742e-08     3.21742e-08     3.21742e-08     3.21742e-08
81     0.000225691     2.9715e-08     2.9715e-08     2.9715e-08     2.9715e-08     2.9715e-08     2.9715e-08
83     0.000178177     2.32183e-08     2.32183e-08     2.32183e-08     2.32183e-08     2.32183e-08     2.32183e-08
85     0.00023361     3.02257e-08     3.02257e-08     3.02257e-08     3.02257e-08     3.02257e-08     3.02257e-08
87     0.000245489     3.15673e-08     3.15673e-08     3.15673e-08     3.15673e-08     3.15673e-08     3.15673e-08
89     0.000229651     2.94202e-08     2.94202e-08     2.94202e-08     2.94202e-08     2.94202e-08     2.94202e-08
91     0.000174218     2.22653e-08     2.22653e-08     2.22653e-08     2.22653e-08     2.22653e-08     2.22653e-08
93     0.000205894     2.6292e-08     2.6292e-08     2.6292e-08     2.6292e-08     2.6292e-08     2.6292e-08
95     0.000217772     2.78267e-08     2.78267e-08     2.78267e-08     2.78267e-08     2.78267e-08     2.78267e-08
97     0.000174218     2.23074e-08     2.23074e-08     2.23074e-08     2.23074e-08     2.23074e-08     2.23074e-08
99     0.00023757     3.05095e-08     3.05095e-08     3.05095e-08     3.05095e-08     3.05095e-08     3.05095e-08
101     0.000253408     3.26724e-08     3.26724e-08     3.26724e-08     3.26724e-08     3.26724e-08     3.26724e-08
103     0.00023757     3.07994e-08     3.07994e-08     3.07994e-08     3.07994e-08     3.07994e-08     3.07994e-08
105     0.000257367     3.35832e-08     3.35832e-08     3.35832e-08     3.35832e-08     3.35832e-08     3.35832e-08
107     0.00023757     3.12735e-08     3.12735e-08     3.12735e-08     3.12735e-08     3.12735e-08     3.12735e-08
109     0.000304881     4.06085e-08     4.06085e-08     4.06085e-08     4.06085e-08     4.06085e-08     4.06085e-08
111     0.000281124     3.79708e-08     3.79708e-08     3.79708e-08     3.79708e-08     3.79708e-08     3.79708e-08
113     0.000245489     3.37701e-08     3.37701e-08     3.37701e-08     3.37701e-08     3.37701e-08     3.37701e-08
115     0.000277165     3.89816e-08     3.89816e-08     3.89816e-08     3.89816e-08     3.89816e-08     3.89816e-08
117     0.000261327     3.77001e-08     3.77001e-08     3.77001e-08     3.77001e-08     3.77001e-08     3.77001e-08
119     0.000273205     4.05959e-08     4.05959e-08     4.05959e-08     4.05959e-08     4.05959e-08     4.05959e-08
121     0.000265286     4.07902e-08     4.07902e-08     4.07902e-08     4.07902e-08     4.07902e-08     4.07902e-08
123     0.000249448     4.00325e-08     4.00325e-08     4.00325e-08     4.00325e-08     4.00325e-08     4.00325e-08
125     0.000281124     4.74315e-08     4.74315e-08     4.74315e-08     4.74315e-08     4.74315e-08     4.74315e-08
127     0.000285084     5.08341e-08     5.08341e-08     5.08341e-08     5.08341e-08     5.08341e-08     5.08341e-08
129     0.000289043     5.47247e-08     5.47247e-08     5.47247e-08     5.47247e-08     5.47247e-08     5.47247e-08
131     0.00031676     6.42749e-08     6.42749e-08     6.42749e-08     6.42749e-08     6.42749e-08     6.42749e-08
133     0.000364274     7.95327e-08     7.95327e-08     7.95327e-08     7.95327e-08     7.95327e-08     7.95327e-08
135     0.000324679     7.66092e-08     7.66092e-08     7.66092e-08     7.66092e-08     7.66092e-08     7.66092e-08
137     0.000368233     9.59496e-08     9.59496e-08     9.59496e-08     9.59496e-08     9.59496e-08     9.59496e-08
139     0.000285084     8.18175e-08     8.18175e-08     8.18175e-08     8.18175e-08     8.18175e-08     8.18175e-08
141     0.000332598     1.06704e-07     1.06704e-07     1.06704e-07     1.06704e-07     1.06704e-07     1.06704e-07
143     0.000407828     1.47777e-07     1.47777e-07     1.47777e-07     1.47777e-07     1.47777e-07     1.47777e-07
145     0.000380112     1.56631e-07     1.56631e-07     1.56631e-07     1.56631e-07     1.56631e-07     1.56631e-07
147     0.000415747     1.95418e-07     1.95418e-07     1.95418e-07     1.95418e-07     1.95418e-07     1.95418e-07
149     0.00031676     1.75703e-07     1.75703e-07     1.75703e-07     1.75703e-07     1.75703e-07     1.75703e-07
151     0.000388031     2.56525e-07     2.56525e-07     2.56525e-07     2.56525e-07     2.56525e-07     2.56525e-07
153     0.000415747     3.40659e-07     3.40659e-07     3.40659e-07     3.40659e-07     3.40659e-07     3.40659e-07
155     0.000427626     4.31676e-07     4.31676e-07     4.31676e-07     4.31676e-07     4.31676e-07     4.31676e-07
157     0.000336557     4.57458e-07     4.57458e-07     4.57458e-07     4.57458e-07     4.57458e-07     4.57458e-07
159     0.000380112     8.10057e-07     8.10057e-07     8.10057e-07     8.10057e-07     8.10057e-07     8.10057e-07
161     0.000360314     1.31175e-06     1.31175e-06     1.31175e-06     1.31175e-06     1.31175e-06     1.31175e-06
163     0.000459302     2.57189e-06     2.57189e-06     2.57189e-06     2.57189e-06     2.57189e-06     2.57189e-06
165     0.000407828     3.14178e-06     3.14178e-06     3.14178e-06     3.14178e-06     3.14178e-06     3.14178e-06
167     0.000388031     3.70708e-06     3.70708e-06     3.70708e-06     3.70708e-06     3.70708e-06     3.70708e-06
169     0.000407828     4.49668e-06     4.49668e-06     4.49668e-06     4.49668e-06     4.49668e-06     4.49668e-06
171     0.000415747     5.11347e-06     5.11347e-06     5.11347e-06     5.11347e-06     5.11347e-06     5.11347e-06
173     0.000380112     5.1694e-06     5.1694e-06     5.1694e-06     5.1694e-06     5.1694e-06     5.1694e-06
175     0.00047118     6.99448e-06     6.99448e-06     6.99448e-06     6.99448e-06     6.99448e-06     6.99448e-06
177     0.000494937     7.96243e-06     7.96243e-06     7.96243e-06     7.96243e-06     7.96243e-06     7.96243e-06
179     0.000490978     8.60251e-06     8.60251e-06     8.60251e-06     8.60251e-06     8.60251e-06     8.60251e-06
181     0.000443464     8.50938e-06     8.50938e-06     8.50938e-06     8.50938e-06     8.50938e-06     8.50938e-06
183     0.000490978     1.04569e-05     1.04569e-05     1.04569e-05     1.04569e-05     1.04569e-05     1.04569e-05
185     0.000510775     1.19891e-05     1.19891e-05     1.19891e-05     1.19891e-05     1.19891e-05     1.19891e-05
187     0.000566208     1.44385e-05     1.44385e-05     1.44385e-05     1.44385e-05     1.44385e-05     1.44385e-05
189     0.000510775     1.40576e-05     1.40576e-05     1.40576e-05     1.40576e-05     1.40576e-05     1.40576e-05
191     0.000407828     1.20434e-05     1.20434e-05     1.20434e-05     1.20434e-05     1.20434e-05     1.20434e-05
193     0.000498897     1.56175e-05     1.56175e-05     1.56175e-05     1.56175e-05     1.56175e-05     1.56175e-05
195     0.000538492     1.78756e-05     1.78756e-05     1.78756e-05     1.78756e-05     1.78756e-05     1.78756e-05
197     0.000419707     1.459e-05     1.459e-05     1.459e-05     1.459e-05     1.459e-05     1.459e-05
199     0.00047118     1.71594e-05     1.71594e-05     1.71594e-05     1.71594e-05     1.71594e-05     1.71594e-05
201     0.000510775     1.94447e-05     1.94447e-05     1.94447e-05     1.94447e-05     1.94447e-05     1.94447e-05
203     0.000518694     2.06374e-05     2.06374e-05     2.06374e-05     2.06374e-05     2.06374e-05     2.06374e-05
205     0.000566208     2.34865e-05     2.34865e-05     2.34865e-05     2.34865e-05     2.34865e-05     2.34865e-05
207     0.000530573     2.29486e-05     2.29486e-05     2.29486e-05     2.29486e-05     2.29486e-05     2.29486e-05
209     0.000578087     2.59994e-05     2.59994e-05     2.59994e-05     2.59994e-05     2.59994e-05     2.59994e-05
211     0.000570168     2.66205e-05     2.66205e-05     2.66205e-05     0.000273898     0.000380786     0.00020036
213     0.000597884     2.89532e-05     2.89532e-05     2.89532e-05     0.000299691     0.000416901     0.000219022
215     0.000514735     2.58239e-05     2.58239e-05     2.58239e-05     0.000299991     0.000418923     0.000218162
217     0.000570168     2.96093e-05     2.96093e-05     2.96093e-05     0.000316779     0.00044157     0.000230945
219     0.000589965     3.17028e-05     3.17028e-05     3.17028e-05     0.000296474     0.000411661     0.00021727
221     0.000613722     3.40137e-05     3.40137e-05     3.40137e-05     0.000310459     0.00043081     0.000227696
223     0.00063352     3.61912e-05     3.61912e-05     3.61912e-05     0.000308059     0.000426489     0.00022659
225     0.000582046     3.4333e-05     3.4333e-05     3.4333e-05     0.000310056     0.000430196     0.000227352
227     0.000609763     3.71341e-05     3.71341e-05     3.71341e-05     0.000307017     0.000424688     0.000226016
229     0.00063352     3.96867e-05     3.96867e-05     3.96867e-05     0.000319317     0.000441256     0.000235386
231     0.000613722     3.96964e-05     3.96964e-05     3.96964e-05     0.00030995     0.00042776     0.000228785
233     0.000613722     4.08609e-05     4.08609e-05     4.08609e-05     0.000318929     0.000440198     0.000235404
235     0.000593925     4.06943e-05     4.06943e-05     4.06943e-05     0.00030909     0.00042615     0.000228426
237     0.000601844     4.24445e-05     4.24445e-05     4.24445e-05     0.000303128     0.000416811     0.000224785
239     0.000740426     5.36682e-05     5.36682e-05     5.36682e-05     0.000329764     0.000450208     0.000246736
241     0.000617682     4.60333e-05     4.60333e-05     4.60333e-05     0.000313023     0.000429529     0.000232659
243     0.000649358     4.97009e-05     4.97009e-05     4.97009e-05     0.000310569     0.000424512     0.00023201
245     0.000799819     6.28248e-05     6.28248e-05     6.28248e-05     0.000327601     0.000443265     0.000247798
247     0.000593925     4.79249e-05     4.79249e-05     4.79249e-05     0.000312402     0.000427992     0.000232678
249     0.000732507     6.05918e-05     6.05918e-05     6.05918e-05     0.000321418     0.000435362     0.000242812
251     0.000720629     6.11535e-05     6.11535e-05     6.11535e-05     0.000313574     0.00042374     0.000237496
253     0.000677074     5.89477e-05     5.89477e-05     5.89477e-05     0.000318781     0.000432014     0.000240518
255     0.000673115     6.00139e-05     6.00139e-05     6.00139e-05     0.00031474     0.000425534     0.000238095
257     0.000677074     6.19387e-05     6.19387e-05     6.19387e-05     0.000316838     0.000427546     0.000240229
259     0.000673115     6.30391e-05     6.30391e-05     6.30391e-05     0.000314869     0.000424062     0.000239237
261     0.000799819     7.67378e-05     7.67378e-05     7.67378e-05     0.000335616     0.00044774     0.000257891
263     0.000625601     6.14198e-05     6.14198e-05     6.14198e-05     0.000308273     0.000415135     0.000234206
265     0.000716669     7.20285e-05     7.20285e-05     7.20285e-05     0.000322327     0.000430622     0.000247198
267     0.000716669     7.35845e-05     7.35845e-05     7.35845e-05     0.000325608     0.000434704     0.000249928
269     0.000811697     8.52587e-05     8.52587e-05     8.52587e-05     0.000318842     0.000419958     0.000248685
271     0.000772102     8.30354e-05     8.30354e-05     8.30354e-05     0.000321591     0.000424923     0.000249898
273     0.000728548     8.00457e-05     8.00457e-05     8.00457e-05     0.000315868     0.000418107     0.000244911
275     0.000803778     9.03356e-05     9.03356e-05     9.03356e-05     0.000325245     0.00042715     0.000254501
277     0.000847333     9.73108e-05     9.73108e-05     9.73108e-05     0.000345151     0.000452719     0.000270496
279     0.000851292     9.98567e-05     9.98567e-05     9.98567e-05     0.000337414     0.000440492     0.000265821
281     0.00086713     0.000104001     0.000104001     0.000104001     0.000345308     0.000449976     0.000272613
283     0.000894847     0.000109622     0.000109622     0.000109622     0.000341713     0.000442297     0.000271812
285     0.000815657     0.000101927     0.000101927     0.000101927     0.000324092     0.000420273     0.000257228
287     0.000716669     9.14806e-05     9.14806e-05     9.14806e-05     0.000326531     0.000428167     0.000255826
289     0.000914644     0.000119066     0.000119066     0.000119066     0.000344576     0.000442027     0.000276742
291     0.000823576     0.000109285     0.000109285     0.000109285     0.000325889     0.000419502     0.000260706
293     0.000799819     0.000108284     0.000108284     0.000108284     0.000333504     0.000430909     0.000265697
295     0.00087109     0.000120289     0.000120289     0.000120289     0.000345035     0.000442309     0.000277309
297     0.000970077     0.000136495     0.000136495     0.000136495     0.000370717     0.000472218     0.000300066
299     0.000839414     0.000120396     0.000120396     0.000120396     0.000335189     0.000428347     0.000270346
301     0.000894847     0.000130719     0.000130719     0.000130719     0.000354496     0.000451556     0.000286909
303     0.000970077     0.000144421     0.000144421     0.000144421     0.000370593     0.000468667     0.000302281
305     0.000839414     0.000127365     0.000127365     0.000127365     0.000355233     0.000453996     0.000286424
307     0.000934442     0.000144431     0.000144431     0.000144431     0.000365756     0.000461598     0.000298948
309     0.000930482     0.000146438     0.000146438     0.000146438     0.000372063     0.000469684     0.000303978
311     0.00106906     0.000171362     0.000171362     0.000171362     0.000386275     0.000479195     0.000321441
313     0.000902766     0.000147304     0.000147304     0.000147304     0.000371823     0.000468836     0.000304109
315     0.000977996     0.000162434     0.000162434     0.000162434     0.00038028     0.000474326     0.000314589
317     0.0011047     0.000186678     0.000186678     0.000186678     0.00040208     0.000495054     0.000337143
319     0.00104927     0.000180427     0.000180427     0.000180427     0.000404536     0.000501216     0.000336962
321     0.000989875     0.000173143     0.000173143     0.000173143     0.000395545     0.000491462     0.000328489
323     0.00117597     0.000209061     0.000209061     0.000209061     0.000434003     0.000530972     0.000366168
325     0.00105719     0.000191027     0.000191027     0.000191027     0.000415813     0.000512698     0.000348028
327     0.00105323     0.000193414     0.000193414     0.000193414     0.000427662     0.000528576     0.000357036
329     0.00110866     0.000206863     0.000206863     0.000206863     0.000421638     0.000514075     0.000356925
331     0.00110866     0.000210179     0.000210179     0.000210179     0.000417352     0.000506406     0.000354978
333     0.00125912     0.000242348     0.000242348     0.000242348     0.000477759     0.000578746     0.000406936
335     0.0011047     0.000216051     0.000216051     0.000216051     0.000454538     0.000556653     0.000382878
337     0.0010849     0.000215542     0.000215542     0.000215542     0.000432449     0.000525125     0.000367367
339     0.00107302     0.000216595     0.000216595     0.000216595     0.000448523     0.000547397     0.000379024
341     0.00117597     0.000241015     0.000241015     0.000241015     0.000477689     0.000578371     0.000406847
343     0.00135019     0.000281099     0.000281099     0.000281099     0.000504541     0.000599461     0.000437715
345     0.00126704     0.000268233     0.000268233     0.000268233     0.00050658     0.00060802     0.000435188
347     0.00133039     0.000286657     0.000286657     0.000286657     0.000527621     0.000630558     0.00045523
349     0.00125516     0.000275814     0.000275814     0.000275814     0.000526868     0.000634173     0.00045141
351     0.00130268     0.000292183     0.000292183     0.000292183     0.000539315     0.000645051     0.000464954
353     0.00133039     0.00030529     0.00030529     0.00030529     0.000555932     0.000663411     0.00048039
355     0.00125912     0.000295852     0.000295852     0.000295852     0.000568145     0.000685229     0.000485924
357     0.00119181     0.000286891     0.000286891     0.000286891     0.000557632     0.000674319     0.000475706
359     0.00125912     0.000310329     0.000310329     0.000310329     0.000575897     0.000690666     0.000495376
361     0.0012908     0.000325498     0.000325498     0.000325498     0.000609232     0.000732029     0.000523116
363     0.00144522     0.00037279     0.00037279     0.00037279     0.000650236     0.000770424     0.000565932
365     0.00131455     0.000346611     0.000346611     0.000346611     0.000640735     0.000768303     0.000551275
367     0.00146897     0.000395299     0.000395299     0.000395299     0.000689108     0.000816713     0.000599657
369     0.00140166     0.000385566     0.000385566     0.000385566     0.000704146     0.000842683     0.00060705
371     0.00142146     0.000399169     0.000399169     0.000399169     0.000693954     0.000822297     0.000603994
373     0.00151253     0.000434128     0.000434128     0.000434128     0.000750375     0.000888271     0.000653746
375     0.0014175     0.000415395     0.000415395     0.000415395     0.000739735     0.000881398     0.000640507
377     0.00156796     0.000469281     0.000469281     0.000469281     0.000778885     0.000914339     0.000684045
379     0.00155608     0.00047582     0.00047582     0.00047582     0.00078542     0.000921041     0.00069045
381     0.00164715     0.000513616     0.000513616     0.000513616     0.000850545     0.000998374     0.000747077
383     0.00161944     0.000515146     0.000515146     0.000515146     0.000843969     0.000988433     0.000742866
385     0.00174218     0.000564802     0.000564802     0.000564802     0.000895067     0.00104038     0.000793419
387     0.0017699     0.000584356     0.000584356     0.000584356     0.000937115     0.00109249     0.000828429
389     0.00172238     0.000579214     0.000579214     0.000579214     0.000911682     0.00105831     0.000809149
391     0.00162735     0.000556803     0.000556803     0.000556803     0.000929692     0.00109431     0.000814591
393     0.00192828     0.000671097     0.000671097     0.000671097     0.00104067     0.001204     0.000926506
395     0.00182929     0.000647801     0.000647801     0.000647801     0.00103294     0.00120326     0.000913834
397     0.00190848     0.000687219     0.000687219     0.000687219     0.00105873     0.00122327     0.000943751
399     0.0018768     0.000687028     0.000687028     0.000687028     0.00103636     0.00119123     0.000928148
401     0.00182137     0.000677681     0.000677681     0.000677681     0.00104562     0.00120895     0.000931538
403     0.00199163     0.000753469     0.000753469     0.000753469     0.00112941     0.00129645     0.00101273
405     0.00187284     0.000720122     0.000720122     0.000720122     0.0011169     0.00129341     0.000993605
407     0.00196391     0.000767202     0.000767202     0.000767202     0.00115735     0.00133111     0.00103601
409     0.00201934     0.000801202     0.000801202     0.000801202     0.00120663     0.00138737     0.00108042
411     0.00200747     0.000808578     0.000808578     0.000808578     0.00120877     0.00138737     0.0010841
413     0.0020827     0.000851997     0.000851997     0.000851997     0.00124099     0.0014147     0.00111973
415     0.00222128     0.000921957     0.000921957     0.000921957     0.00133133     0.00151427     0.00120362
417     0.00234402     0.000987173     0.000987173     0.000987173     0.00141242     0.0016026     0.00127968
419     0.00228067     0.000974159     0.000974159     0.000974159     0.0013853     0.0015693     0.00125685
421     0.0022292     0.000965727     0.000965727     0.000965727     0.00138877     0.00157838     0.00125648
423     0.00229255     0.00100671     0.00100671     0.00100671     0.00144347     0.00163939     0.00130674
425     0.00225691     0.00100409     0.00100409     0.00100409     0.00144899     0.00164886     0.00130957
427     0.0023757     0.0010712     0.0010712     0.0010712     0.00150139     0.00169492     0.00136646
429     0.00253012     0.00115604     0.00115604     0.00115604     0.00159764     0.00179651     0.00145901
431     0.00270038     0.00124995     0.00124995     0.00124995     0.00170735     0.00191346     0.00156367
433     0.00241133     0.00113106     0.00113106     0.00113106     0.00159809     0.00180859     0.00145132
435     0.00265286     0.00126072     0.00126072     0.00126072     0.00177224     0.00200286     0.00161142
437     0.00251428     0.00121062     0.00121062     0.00121062     0.00168896     0.00190473     0.00153849
439     0.00289439     0.00141076     0.00141076     0.00141076     0.00193625     0.00217347     0.00177083
441     0.00266474     0.00131501     0.00131501     0.00131501     0.00179019     0.00200499     0.00164046
443     0.00297754     0.00148775     0.00148775     0.00148775     0.0019894     0.00221657     0.00183111
445     0.00292607     0.00147965     0.00147965     0.00147965     0.00202218     0.00226832     0.00185073
447     0.00319928     0.00163751     0.00163751     0.00163751     0.00218126     0.00242848     0.00200915
449     0.00303298     0.00157038     0.00157038     0.00157038     0.00208942     0.00232585     0.00192491
451     0.00310821     0.00162795     0.00162795     0.00162795     0.00218227     0.00243514     0.00200638
453     0.00310029     0.00164266     0.00164266     0.00164266     0.00220863     0.00246705     0.00202888
455     0.00365858     0.00196055     0.00196055     0.00196055     0.00256425     0.00284009     0.00237243
457     0.00361898     0.00196053     0.00196053     0.00196053     0.00259457     0.00288432     0.00239305
459     0.00354375     0.00194196     0.00194196     0.00194196     0.00259106     0.00288765     0.00238476
461     0.00362294     0.00200719     0.00200719     0.00200719     0.00259543     0.00286403     0.0024085
463     0.00386051     0.00216275     0.00216275     0.00216275     0.00282964     0.00313392     0.00261778
465     0.00376152     0.00213092     0.00213092     0.00213092     0.00276801     0.0030584     0.0025657
467     0.00399513     0.00228832     0.00228832     0.00228832     0.00298602     0.00330373     0.00276457
469     0.00379716     0.00219888     0.00219888     0.00219888     0.00286794     0.00317243     0.00265567
471     0.00406245     0.00237786     0.00237786     0.00237786     0.00308873     0.00341213     0.00286323
473     0.00421687     0.00249461     0.00249461     0.00249461     0.00319055     0.00350709     0.00296975
475     0.00449403     0.00268676     0.00268676     0.00268676     0.00346821     0.00382375     0.00322021
477     0.00468409     0.00283031     0.00283031     0.00283031     0.00361958     0.00397884     0.00336895
479     0.00453759     0.00277136     0.00277136     0.00277136     0.00350319     0.0038366     0.00327063
481     0.00486226     0.00300112     0.00300112     0.00300112     0.00380693     0.0041745     0.00355063
483     0.00479099     0.00298875     0.00298875     0.00298875     0.00380873     0.00418323     0.00354762
485     0.0048781     0.00307602     0.00307602     0.00307602     0.00392574     0.00431444     0.00365489
487     0.00531365     0.00338731     0.00338731     0.00338731     0.00430649     0.00472746     0.0040132
489     0.00549974     0.0035434     0.0035434     0.0035434     0.00443986     0.00485081     0.00415357
491     0.00548391     0.00357181     0.00357181     0.00357181     0.0044825     0.00490028     0.0041915
493     0.00575315     0.00378688     0.00378688     0.00378688     0.00470103     0.00512047     0.00440883
495     0.00585214     0.00389399     0.00389399     0.00389399     0.0048979     0.00535858     0.00457697
497     0.00573731     0.00385884     0.00385884     0.00385884     0.00489015     0.00536336     0.00456041
499     0.00629164     0.00427894     0.00427894     0.00427894     0.0052977     0.00576512     0.00497193
501     0.00661632     0.00454965     0.00454965     0.00454965     0.00560593     0.00609072     0.00526806
503     0.0064421     0.0044795     0.0044795     0.0044795     0.00554091     0.00602821     0.00520121
505     0.00659653     0.00464018     0.00464018     0.00464018     0.00570483     0.00619399     0.00536389
507     0.00686577     0.00488643     0.00488643     0.00488643     0.00604146     0.00657264     0.00567126
509     0.00767351     0.00552779     0.00552779     0.00552779     0.00671165     0.00725682     0.00633188
511     0.00736071     0.00536773     0.00536773     0.00536773     0.00654985     0.00709482     0.0061702
513     0.00802986     0.00592983     0.00592983     0.00592983     0.00718301     0.0077617     0.00678008
515     0.00816053     0.00610284     0.00610284     0.00610284     0.00739933     0.00799891     0.00698199
517     0.00833079     0.0063128     0.0063128     0.0063128     0.00759562     0.00818991     0.00718227
519     0.00861587     0.00661775     0.00661775     0.00661775     0.00797907     0.0086104     0.00753993
521     0.00925335     0.00720763     0.00720763     0.00720763     0.00859662     0.00924154     0.00814817
523     0.00924939     0.00730693     0.00730693     0.00730693     0.00863113     0.00924649     0.00820329
525     0.00941173     0.00754404     0.00754404     0.00754404     0.00891341     0.00955018     0.0084708
527     0.00956219     0.00778324     0.00778324     0.00778324     0.00919612     0.00985317     0.00873924
529     0.0103818     0.00858118     0.00858118     0.00858118     0.0100559     0.0107417     0.00957895
531     0.0105362     0.00885183     0.00885183     0.00885183     0.0103275     0.0110136     0.00985024
533     0.0109401     0.00934695     0.00934695     0.00934695     0.0108618     0.0115658     0.010372
535     0.0110906     0.0096404     0.0096404     0.0096404     0.011174     0.0118864     0.0106783
537     0.0119854     0.0106091     0.0106091     0.0106091     0.0121772     0.012905     0.0116703
539     0.0122467     0.0110473     0.0110473     0.0110473     0.0126239     0.0133554     0.0121144
541     0.0120686     0.0111013     0.0111013     0.0111013     0.0126199     0.0133243     0.0121291
543     0.0125397     0.011774     0.011774     0.011774     0.0133273     0.0140477     0.0128252
545     0.0127535     0.0122317     0.0122317     0.0122317     0.013752     0.0144573     0.0132605
547     0.0131257     0.0128696     0.0128696     0.0128696     0.0143901     0.0150957     0.0138985
549     0.0134385     0.0134844     0.0134844     0.0134844     0.0149742     0.0156657     0.0144923
551     0.0136128     0.0139832     0.0139832     0.0139832     0.0154481     0.0161284     0.0149741
553     0.0140206     0.0147566     0.0147566     0.0147566     0.0162185     0.0168976     0.0157452
555     0.0137593     0.0148438     0.0148438     0.0148438     0.0162184     0.016857     0.0157732
557     0.0140919     0.0155863     0.0155863     0.0155863     0.0169045     0.0175174     0.0164773
559     0.0144759     0.0164202     0.0164202     0.0164202     0.0176895     0.01828     0.0172779
561     0.0141077     0.0164032     0.0164032     0.0164032     0.0175689     0.0181118     0.0171907
563     0.014959     0.0178241     0.0178241     0.0178241     0.0189607     0.0194907     0.0185916
565     0.0143967     0.0175769     0.0175769     0.0175769     0.0185705     0.0190343     0.0182476
567     0.0143809     0.0179846     0.0179846     0.0179846     0.018885     0.0193057     0.0185921
569     0.0142819     0.0182921     0.0182921     0.0182921     0.0190726     0.0194375     0.0188185
571     0.0141948     0.018616     0.018616     0.018616     0.0192832     0.0195953     0.0190659
573     0.0144482     0.0193898     0.0193898     0.0193898     0.0199573     0.0202228     0.0197724
575     0.0140483     0.0192755     0.0192755     0.0192755     0.0197052     0.0199063     0.0195652
577     0.0134346     0.0188294     0.0188294     0.0188294     0.0191181     0.0192531     0.019024
579     0.0130861     0.0187135     0.0187135     0.0187135     0.0188756     0.0189515     0.0188228
581     0.0135256     0.0196916     0.0196916     0.0196916     0.019732     0.0197509     0.0197188
583     0.012904     0.0191     0.0191     0.0191     0.0190076     0.0190377     0.0189643
585     0.0123655     0.0185794     0.0185794     0.0185794     0.0183707     0.0184388     0.018273
587     0.0119418     0.0181955     0.0181955     0.0181955     0.0178759     0.0179802     0.0177261
589     0.0120963     0.0186657     0.0186657     0.0186657     0.0182152     0.0183623     0.018004
591     0.0114034     0.0178125     0.0178125     0.0178125     0.0172697     0.017447     0.017015
593     0.0109163     0.017245     0.017245     0.017245     0.0166064     0.0168152     0.0163066
595     0.0106431     0.0169887     0.0169887     0.0169887     0.0162539     0.0164943     0.0159087
597     0.0100888     0.0162506     0.0162506     0.0162506     0.0154476     0.0157105     0.0150701
599     0.0100294     0.0162762     0.0162762     0.0162762     0.0153788     0.0156728     0.0149566
601     0.00927711     0.0151442     0.0151442     0.0151442     0.0142114     0.0145172     0.0137722
603     0.00890095     0.014592     0.014592     0.014592     0.0136005     0.0139258     0.0131331
605     0.00855648     0.0140711     0.0140711     0.0140711     0.0130473     0.0133834     0.012564
607     0.0086713     0.0142937     0.0142937     0.0142937     0.0131691     0.0135386     0.0126377
609     0.00835058     0.0137924     0.0137924     0.0137924     0.0126382     0.0130178     0.0120924
611     0.00806154     0.0133423     0.0133423     0.0133423     0.0121443     0.0125385     0.0115776
613     0.00751513     0.012465     0.012465     0.012465     0.0112809     0.0116706     0.0107206
615     0.00719045     0.0119535     0.0119535     0.0119535     0.0107585     0.0111519     0.0101927
617     0.00675095     0.0112476     0.0112476     0.0112476     0.0100581     0.0104497     0.00949479
619     0.00634708     0.0105957     0.0105957     0.0105957     0.00942371     0.0098097     0.0088688
621     0.00624413     0.0104417     0.0104417     0.0104417     0.00923538     0.00963281     0.00866394
623     0.00634312     0.0106223     0.0106223     0.0106223     0.00936245     0.00977765     0.00876558
625     0.00574919     0.00963841     0.00963841     0.00963841     0.00842503     0.0088251     0.00784978
627     0.00562645     0.00944121     0.00944121     0.00944121     0.0082107     0.00861664     0.00762715
629     0.00514735     0.00864367     0.00864367     0.00864367     0.00745975     0.00785047     0.00689793
631     0.00504044     0.00846928     0.00846928     0.00846928     0.00727372     0.00766851     0.00670613
633     0.00467221     0.00785485     0.00785485     0.00785485     0.00672032     0.0070951     0.00618135
635     0.00483059     0.00812612     0.00812612     0.00812612     0.00691688     0.00731656     0.00634225
637     0.00437525     0.00736618     0.00736618     0.00736618     0.00623637     0.00661     0.00569918
639     0.00439108     0.00740099     0.00740099     0.00740099     0.00623655     0.00662184     0.00568242
641     0.00420103     0.00709144     0.00709144     0.00709144     0.00594734     0.00632615     0.00540245
643     0.00393574     0.00665643     0.00665643     0.00665643     0.00555526     0.0059201     0.00503033
645     0.00389615     0.00660409     0.00660409     0.00660409     0.00549725     0.00586422     0.00496913
647     0.00381696     0.00648537     0.00648537     0.00648537     0.0053653     0.00573691     0.00483052
649     0.00354771     0.00604252     0.00604252     0.00604252     0.00497231     0.00532757     0.00446105
651     0.00327847     0.00559769     0.00559769     0.00559769     0.00458855     0.00492363     0.00410633
653     0.00336557     0.00575981     0.00575981     0.00575981     0.00468548     0.0050423     0.00417211
655     0.00283104     0.00485625     0.00485625     0.00485625     0.00393205     0.00423904     0.00349044
657     0.00296566     0.0050991     0.0050991     0.0050991     0.00412791     0.00445056     0.00366374
659     0.0028548     0.00491998     0.00491998     0.00491998     0.00393884     0.00426488     0.00346985
661     0.00267662     0.00462373     0.00462373     0.00462373     0.00370165     0.00400819     0.00326062
663     0.00265286     0.00459357     0.00459357     0.00459357     0.00366312     0.00397265     0.00321767
665     0.00262515     0.00455682     0.00455682     0.00455682     0.00361193     0.00392651     0.00315918
667     0.00235986     0.00410626     0.00410626     0.00410626     0.00323652     0.00352631     0.00281936
669     0.00241529     0.00421385     0.00421385     0.00421385     0.00327649     0.00358907     0.00282646
671     0.00222524     0.00389241     0.00389241     0.00389241     0.00303076     0.00331829     0.00261676
673     0.00211833     0.00371536     0.00371536     0.00371536     0.00290548     0.00317584     0.0025161
675     0.00209062     0.00367652     0.00367652     0.00367652     0.00283818     0.00311815     0.00243497
677     0.00215793     0.00380487     0.00380487     0.00380487     0.00295384     0.00323816     0.00254445
679     0.00193619     0.00342268     0.00342268     0.00342268     0.00263655     0.00289922     0.00225825
681     0.0019164     0.00339639     0.00339639     0.00339639     0.00261891     0.00287876     0.00224472
683     0.00188472     0.00334844     0.00334844     0.00334844     0.00255989     0.00282355     0.00218029
685     0.00190848     0.00339921     0.00339921     0.00339921     0.00258094     0.0028546     0.00218691
687     0.00176594     0.00315417     0.00315417     0.00315417     0.00241471     0.00266211     0.00205841
689     0.00168675     0.00302177     0.00302177     0.00302177     0.00229239     0.00253658     0.00194082
691     0.0017303     0.0031102     0.0031102     0.0031102     0.00236352     0.00261367     0.00200329
693     0.00157192     0.0028357     0.0028357     0.0028357     0.00212926     0.00236612     0.00178811
695     0.00140166     0.00253833     0.00253833     0.00253833     0.00186072     0.00208809     0.00153304
697     0.00150857     0.00274307     0.00274307     0.00274307     0.00204237     0.00227771     0.00170321
699     0.00150857     0.00275335     0.00275335     0.00275335     0.00204979     0.00228624     0.0017089
701     0.00138582     0.00253883     0.00253883     0.00253883     0.00186918     0.00209441     0.00154445
703     0.00127892     0.00235149     0.00235149     0.00235149     0.00169557     0.0019163     0.00137727
705     0.00127496     0.00235271     0.00235271     0.00235271     0.00174136     0.00194717     0.00144454
707     0.00131059     0.00242764     0.00242764     0.00242764     0.00176239     0.00198643     0.0014393
709     0.00132643     0.00246652     0.00246652     0.00246652     0.00180698     0.00202916     0.00148652
711     0.00125516     0.0023442     0.0023442     0.0023442     0.00169706     0.00191515     0.00138251
713     0.00132247     0.00248087     0.00248087     0.00248087     0.00182369     0.00204525     0.00150416
715     0.00118785     0.00223923     0.00223923     0.00223923     0.00163742     0.00184039     0.00134464
717     0.00106906     0.00202455     0.00202455     0.00202455     0.00144487     0.00164048     0.00116266
719     0.000970077     0.00184569     0.00184569     0.00184569     0.0013214     0.00149841     0.001066
721     0.00101363     0.00193686     0.00193686     0.00193686     0.00139049     0.0015751     0.00112412
723     0.000993834     0.00190585     0.00190585     0.00190585     0.00135519     0.00154139     0.0010864
725     0.000890887     0.00171463     0.00171463     0.00171463     0.00121349     0.0013831     0.000968621
727     0.000962158     0.00185791     0.00185791     0.00185791     0.00132655     0.00150653     0.00106659
729     0.000811697     0.00157268     0.00157268     0.00157268     0.00110527     0.00126371     0.000876381
731     0.000930482     0.00180981     0.00180981     0.00180981     0.00128838     0.00146525     0.00103285
733     0.000859211     0.00167789     0.00167789     0.00167789     0.0011711     0.00134309     0.000922642
735     0.000803778     0.00157636     0.00157636     0.00157636     0.00111846     0.00127391     0.000893832
737     0.000807738     0.00159087     0.00159087     0.00159087     0.00113016     0.00128663     0.000904052
739     0.000827535     0.00163732     0.00163732     0.00163732     0.00114612     0.00131303     0.00090492
741     0.000684993     0.00136233     0.00136233     0.00136233     0.000947648     0.00108865     0.000743865
743     0.000783981     0.00156711     0.00156711     0.00156711     0.00108803     0.00125103     0.00085237
745     0.000780021     0.00156722     0.00156722     0.00156722     0.00112108     0.00127301     0.000901453
747     0.000677074     0.00136727     0.00136727     0.00136727     0.000930434     0.00107929     0.000715112
749     0.000589965     0.00119737     0.00119737     0.00119737     0.000803726     0.000937967     0.000609509
751     0.000700831     0.00142879     0.00142879     0.00142879     0.000943868     0.00110934     0.000704509
753     0.000744386     0.00152393     0.00152393     0.00152393     0.00106668     0.00122277     0.000840815
755     0.000661236     0.00135887     0.00135887     0.00135887     0.000935231     0.00107992     0.000725907
757     0.000578087     0.00119277     0.00119277     0.00119277     0.000770164     0.000914558     0.000561225
759     0.000637479     0.00132038     0.00132038     0.00132038     0.000893825     0.00103962     0.000682834
761     0.000665196     0.00138327     0.00138327     0.00138327     0.000933877     0.00108758     0.000711456
763     0.000593925     0.00124055     0.00124055     0.00124055     0.000839871     0.000976979     0.000641406
765     0.000566208     0.00118806     0.00118806     0.00118806     0.000789288     0.000925848     0.000591607
767     0.000538492     0.00113502     0.00113502     0.00113502     0.000760416     0.000888798     0.000574516
769     0.000578087     0.00122473     0.00122473     0.00122473     0.000797056     0.000943717     0.000584584
771     0.000673115     0.00143348     0.00143348     0.00143348     0.000969073     0.00112843     0.00073818
773     0.000463261     0.000991705     0.000991705     0.000991705     0.000661159     0.000774669     0.00049671
775     0.00047118     0.00101404     0.00101404     0.00101404     0.000659307     0.000781182     0.000482665
777     0.000467221     0.00101091     0.00101091     0.00101091     0.000678019     0.000792477     0.000512141
779     0.000514735     0.00111892     0.00111892     0.00111892     0.000720577     0.000857625     0.00052189
781     0.000443464     0.000968391     0.000968391     0.000968391     0.000624637     0.000742993     0.000452996
783     0.00047514     0.00104213     0.00104213     0.00104213     0.000690795     0.000811867     0.000515174
785     0.000467221     0.00102907     0.00102907     0.00102907     0.000681414     0.000801322     0.000507439
787     0.000431585     0.000954452     0.000954452     0.000954452     0.000627876     0.000740612     0.000464247
789     0.000419707     0.000932155     0.000932155     0.000932155     0.000608602     0.000720378     0.000446317
791     0.00047118     0.00105089     0.00105089     0.00105089     0.000698322     0.000820211     0.000521326
793     0.000399909     0.000895975     0.000895975     0.000895975     0.000572306     0.000684261     0.000409666
795     0.000403869     0.000909078     0.000909078     0.000909078     0.000569219     0.000686846     0.000398369
797     0.000384071     0.000868489     0.000868489     0.000868489     0.000554477     0.000663212     0.000396516
799     0.000407828     0.000926809     0.000926809     0.000926809     0.000581573     0.000701179     0.000407793
801     0.000368233     0.000840983     0.000840983     0.000840983     0.000548612     0.000649965     0.000401338
803     0.000344476     0.000790751     0.000790751     0.000790751     0.000511553     0.000608399     0.000370796
805     0.000360314     0.000831533     0.000831533     0.000831533     0.000513079     0.000623611     0.000352375
807     0.000356355     0.000826711     0.000826711     0.000826711     0.000513703     0.000622438     0.000355596
809     0.000308841     0.00071997     0.00071997     0.00071997     0.000457632     0.000548832     0.000324949
811     0.000360314     0.000844373     0.000844373     0.000844373     0.000525486     0.00063644     0.000364006
813     0.000296962     0.000699387     0.000699387     0.000699387     0.00044835     0.000535781     0.000321082
815     0.000348436     0.000824711     0.000824711     0.000824711     0.000518519     0.00062525     0.000363119
817     0.0003128     0.000743978     0.000743978     0.000743978     0.000482267     0.000573549     0.000349331
819     0.00031676     0.00075696     0.00075696     0.00075696     0.000488987     0.000582487     0.000352776
821     0.00039595     0.000950278     0.000950278     0.000950278     0.000625976     0.000739144     0.000461143
823     0.00031676     0.000763894     0.000763894     0.000763894     0.000456516     0.000563765     0.000300356
825     0.000273205     0.000661865     0.000661865     0.000661865     0.000399382     0.000490966     0.000266081
827     0.000285084     0.000693949     0.000693949     0.000693949     0.000413287     0.000511226     0.000270746
829     0.00023757     0.00058107     0.00058107     0.00058107     0.000332551     0.000419337     0.000206221
831     0.000265286     0.000652082     0.000652082     0.000652082     0.000403867     0.000490662     0.000277442
833     0.000293003     0.000723671     0.000723671     0.000723671     0.000451419     0.000546792     0.000312339
835     0.000304881     0.000757085     0.000757085     0.000757085     0.000482333     0.000578802     0.000341525
837     0.000277165     0.00069145     0.00069145     0.00069145     0.000427957     0.000520662     0.000292505
839     0.000245489     0.000615469     0.000615469     0.000615469     0.000377288     0.000461216     0.000254565
841     0.000273205     0.000688488     0.000688488     0.000688488     0.00042135     0.00051555     0.000283536
843     0.000269246     0.000681853     0.000681853     0.000681853     0.000428619     0.000517916     0.00029801
845     0.000253408     0.000644648     0.000644648     0.000644648     0.000394132     0.000482439     0.000265046
847     0.000273205     0.000698368     0.000698368     0.000698368     0.00043656     0.000528792     0.000301782
849     0.000201934     0.000518437     0.000518437     0.000518437     0.000303004     0.00037888     0.000192182
851     0.00015838     0.000408613     0.000408613     0.000408613     0.000224244     0.000289195     0.000129367
853     0.000241529     0.000626614     0.000626614     0.000626614     0.00036759     0.000458917     0.00023412
855     0.000253408     0.000660601     0.000660601     0.000660601     0.000414915     0.000501653     0.00028809
857     0.000241529     0.000632772     0.000632772     0.000632772     0.000374212     0.000465636     0.000240436
859     0.000194015     0.000511106     0.000511106     0.000511106     0.000286079     0.000365768     0.000169387
861     0.000209853     0.000555476     0.000555476     0.000555476     0.000316167     0.000401033     0.00019184
863     0.000225691     0.000600305     0.000600305     0.000600305     0.000366246     0.000449338     0.000244432
865     0.000178177     0.000476306     0.000476306     0.000476306     0.000268115     0.000342102     0.000159611
867     0.000194015     0.000521019     0.000521019     0.000521019     0.000320841     0.000392047     0.000216373
869     0.00023361     0.000630546     0.000630546     0.000630546     0.000384229     0.000471918     0.000255534
871     0.000194015     0.000525938     0.000525938     0.000525938     0.000308586     0.000386036     0.000194888
873     0.000197975     0.000539261     0.000539261     0.000539261     0.000324528     0.000401116     0.000212051
875     0.000186096     0.000509158     0.000509158     0.000509158     0.000284233     0.000364522     0.000166253
877     0.000166299     0.000457166     0.000457166     0.000457166     0.000257701     0.000328959     0.000152982
879     0.000209853     0.00057945     0.00057945     0.00057945     0.000349101     0.000431439     0.000228043
881     0.000126704     0.000351618     0.000351618     0.000351618     0.000175616     0.000238549     8.30803e-05
883     0.00015838     0.000441781     0.000441781     0.000441781     0.000261427     0.000325939     0.000166575
885     0.000174218     0.000488339     0.000488339     0.000488339     0.000284202     0.000357238     0.000176831
887     0.000146501     0.000412573     0.000412573     0.000412573     0.000243037     0.000303722     0.000153811
889     0.000194015     0.000548978     0.000548978     0.000548978     0.000317804     0.000400618     0.000195986
891     0.000138582     0.000393992     0.000393992     0.000393992     0.000229608     0.000288578     0.000142809
893     0.000146501     0.000418748     0.000418748     0.000418748     0.00024759     0.000309102     0.000156967
895     0.000150461     0.000432367     0.000432367     0.000432367     0.000232635     0.000304555     0.000126563
897     0.000162339     0.000468659     0.000468659     0.000468659     0.000267417     0.000340013     0.000160241
899     0.000146501     0.0004253     0.0004253     0.0004253     0.000245609     0.000310533     0.00014971
901     0.000174218     0.000508156     0.000508156     0.000508156     0.000298993     0.000374633     0.000187208
903     0.000150461     0.000441021     0.000441021     0.000441021     0.000258671     0.00032463     0.000161182
905     0.00015838     0.000466578     0.000466578     0.000466578     0.000277036     0.000345596     0.000175725
907     0.00015442     0.000457044     0.000457044     0.000457044     0.000269832     0.000337542     0.000169808
909     0.000134623     0.000400554     0.000400554     0.000400554     0.000237188     0.00029628     0.000149901
911     0.000122744     0.000366873     0.000366873     0.000366873     0.000221821     0.000274312     0.000144282
913     0.000162339     0.000487566     0.000487566     0.000487566     0.000297417     0.00036629     0.00019563
915     0.000166299     0.00050199     0.00050199     0.00050199     0.000272031     0.000355426     0.000148697
917     0.000138582     0.000420436     0.000420436     0.000420436     0.000225883     0.000296533     0.000121321
919     0.000142542     0.000434849     0.000434849     0.000434849     0.00025415     0.000319864     0.00015685
921     0.000110866     0.000339809     0.000339809     0.000339809     0.000188643     0.000243684     0.000107071
923     0.000150461     0.000463555     0.000463555     0.000463555     0.000265617     0.000337768     0.000158661
925     0.000146501     0.000453399     0.000453399     0.000453399     0.000274429     0.000339724     0.000177566
927     8.7109e-05     0.000270721     0.000270721     0.000270721     0.000137091     0.000185887     6.46863e-05
929     0.000126704     0.000395899     0.000395899     0.000395899     0.000201161     0.000272334     9.55134e-05
931     0.000114825     0.000360674     0.000360674     0.000360674     0.000206807     0.000263092     0.000123237
933     0.000130663     0.000412308     0.000412308     0.000412308     0.000213687     0.000286399     0.000105657
935     0.000126704     0.000401901     0.000401901     0.000401901     0.000212482     0.000281886     0.000109342
937     0.000118785     0.000378743     0.000378743     0.000378743     0.000197746     0.000264116     9.90977e-05
939     8.7109e-05     0.000279211     0.000279211     0.000279211     0.000137582     0.000189549     6.0321e-05
941     0.000130663     0.000420686     0.000420686     0.000420686     0.00023791     0.000305012     0.000138119
943     7.1271e-05     0.000230563     0.000230563     0.000230563     0.000119288     0.000160158     5.85008e-05
945     0.000102947     0.000334575     0.000334575     0.000334575     0.000195263     0.000246453     0.000119116
947     0.000118785     0.000387785     0.000387785     0.000387785     0.000208286     0.000274278     0.000110103
949     7.52305e-05     0.00024688     0.00024688     0.00024688     0.000131479     0.000173938     6.82896e-05
951     9.89875e-05     0.000326306     0.000326306     0.000326306     0.000180783     0.000234378     0.000100989
953     9.89875e-05     0.000328087     0.000328087     0.000328087     0.000179003     0.00023398     9.71022e-05
955     0.000142542     0.000474393     0.000474393     0.000474393     0.000264777     0.000342185     0.000149359
957     4.35545e-05     0.000145731     0.000145731     0.000145731     5.02122e-05     8.5539e-05     -2.49827e-06
959     8.31495e-05     0.000279642     0.000279642     0.000279642     0.000154373     0.000200772     8.50776e-05
961     9.10685e-05     0.000307707     0.000307707     0.000307707     0.000190795     0.000234159     0.000125977
963     7.1271e-05     0.000242223     0.000242223     0.000242223     0.000120572     0.000165751     5.29944e-05
965     6.3352e-05     0.000216236     0.000216236     0.000216236     0.000115165     0.000152749     5.89222e-05
967     7.1271e-05     0.000244591     0.000244591     0.000244591     0.00013992     0.000178884     8.15728e-05
969     8.31495e-05     0.000286778     0.000286778     0.000286778     0.000152321     0.000202426     7.72474e-05
971     5.14735e-05     0.000178449     0.000178449     0.000178449     8.38964e-05     0.000119168     3.10298e-05
973     7.52305e-05     0.000262053     0.000262053     0.000262053     0.000127005     0.000177431     5.13617e-05
975     6.73115e-05     0.000235586     0.000235586     0.000235586     0.000119849     0.00016311     5.49391e-05
977     7.919e-05     0.000278352     0.000278352     0.000278352     0.000152227     0.000199415     8.13889e-05
979     7.919e-05     0.000279722     0.000279722     0.000279722     0.000161692     0.000205893     9.53197e-05
981     6.73115e-05     0.000238984     0.000238984     0.000238984     0.000126843     0.000168874     6.36883e-05
983     8.31495e-05     0.000296698     0.000296698     0.000296698     0.000154867     0.00020807     7.48812e-05
985     5.14735e-05     0.000184464     0.000184464     0.000184464     0.000100048     0.00013174     5.2392e-05
987     7.919e-05     0.000285337     0.000285337     0.000285337     0.000141711     0.000195672     6.05362e-05
989     0.000102947     0.000372669     0.000372669     0.000372669     0.00020521     0.000268171     0.000110462
991     7.1271e-05     0.000259439     0.000259439     0.000259439     0.000148869     0.000190471     8.62392e-05
993     6.73115e-05     0.000246179     0.000246179     0.000246179     0.000120182     0.000167622     4.87503e-05
995     5.5433e-05     0.000203723     0.000203723     0.000203723     0.000100972     0.000139684     4.26778e-05
997     7.52305e-05     0.000278074     0.000278074     0.000278074     0.000144317     0.000194742     6.83765e-05
999     5.93925e-05     0.00022039     0.00022039     0.00022039     0.000108528     0.000150699     4.50186e-05
