2    0     0     0     0     0     0     0
6    7.32101e-07     6.81858e-10     6.81858e-10     6.81858e-10     6.81858e-10     6.81858e-10     6.81858e-10
10    4.39261e-06     2.0395e-09     2.0395e-09     2.0395e-09     2.0395e-09     2.0395e-09     2.0395e-09
14    5.85681e-06     1.77056e-09     1.77056e-09     1.77056e-09     1.77056e-09     1.77056e-09     1.77056e-09
18    1.68383e-05     3.63825e-09     3.63825e-09     3.63825e-09     3.63825e-09     3.63825e-09     3.63825e-09
22    2.63556e-05     4.37809e-09     4.37809e-09     4.37809e-09     4.37809e-09     4.37809e-09     4.37809e-09
26    2.26951e-05     3.00495e-09     3.00495e-09     3.00495e-09     3.00495e-09     3.00495e-09     3.00495e-09
30    4.68545e-05     5.13984e-09     5.13984e-09     5.13984e-09     5.13984e-09     5.13984e-09     5.13984e-09
34    5.0515e-05     4.71816e-09     4.71816e-09     4.71816e-09     4.71816e-09     4.71816e-09     4.71816e-09
38    3.80693e-05     3.04905e-09     3.04905e-09     3.04905e-09     3.04905e-09     3.04905e-09     3.04905e-09
42    5.85681e-05     4.06787e-09     4.06787e-09     4.06787e-09     4.06787e-09     4.06787e-09     4.06787e-09
46    6.66212e-05     4.10714e-09     4.10714e-09     4.10714e-09     4.10714e-09     4.10714e-09     4.10714e-09
50    8.49237e-05     4.69668e-09     4.69668e-09     4.69668e-09     4.69668e-09     4.69668e-09     4.69668e-09
54    7.17459e-05     3.59446e-09     3.59446e-09     3.59446e-09     3.59446e-09     3.59446e-09     3.59446e-09
58    8.34595e-05     3.84658e-09     3.84658e-09     3.84658e-09     3.84658e-09     3.84658e-09     3.84658e-09
62    9.51731e-05     4.05918e-09     4.05918e-09     4.05918e-09     4.05918e-09     4.05918e-09     4.05918e-09
66    8.63879e-05     3.46156e-09     3.46156e-09     3.46156e-09     3.46156e-09     3.46156e-09     3.46156e-09
70    0.000112011     4.27041e-09     4.27041e-09     4.27041e-09     4.27041e-09     4.27041e-09     4.27041e-09
74    0.000112011     4.10183e-09     4.10183e-09     4.10183e-09     4.10183e-09     4.10183e-09     4.10183e-09
78    0.000131046     4.63748e-09     4.63748e-09     4.63748e-09     4.63748e-09     4.63748e-09     4.63748e-09
82    0.000115672     3.99586e-09     3.99586e-09     3.99586e-09     3.99586e-09     3.99586e-09     3.99586e-09
86    0.000131046     4.45966e-09     4.45966e-09     4.45966e-09     4.45966e-09     4.45966e-09     4.45966e-09
90    0.00015667     5.28742e-09     5.28742e-09     5.28742e-09     5.28742e-09     5.28742e-09     5.28742e-09
94    0.000145688     4.90828e-09     4.90828e-09     4.90828e-09     4.90828e-09     4.90828e-09     4.90828e-09
98    0.000150813     5.10061e-09     5.10061e-09     5.10061e-09     5.10061e-09     5.10061e-09     5.10061e-09
102    0.000161794     5.51571e-09     5.51571e-09     5.51571e-09     5.51571e-09     5.51571e-09     5.51571e-09
106    0.000172776     5.97353e-09     5.97353e-09     5.97353e-09     5.97353e-09     5.97353e-09     5.97353e-09
110    0.000194007     6.86676e-09     6.86676e-09     6.86676e-09     6.86676e-09     6.86676e-09     6.86676e-09
114    0.000194739     7.13072e-09     7.13072e-09     7.13072e-09     7.13072e-09     7.13072e-09     7.13072e-09
118    0.000177901     6.85349e-09     6.85349e-09     6.85349e-09     6.85349e-09     6.85349e-09     6.85349e-09
122    0.000186686     7.73104e-09     7.73104e-09     7.73104e-09     7.73104e-09     7.73104e-09     7.73104e-09
126    0.000212309     9.65467e-09     9.65467e-09     9.65467e-09     9.65467e-09     9.65467e-09     9.65467e-09
130    0.000234272     1.2106e-08     1.2106e-08     1.2106e-08     1.2106e-08     1.2106e-08     1.2106e-08
134    0.000234272     1.41622e-08     1.41622e-08     1.41622e-08     1.41622e-08     1.41622e-08     1.41622e-08
138    0.000224023     1.60689e-08     1.60689e-08     1.60689e-08     1.60689e-08     1.60689e-08     1.60689e-08
142    0.000249646     2.23922e-08     2.23922e-08     2.23922e-08     2.23922e-08     2.23922e-08     2.23922e-08
146    0.000248182     2.88849e-08     2.88849e-08     2.88849e-08     2.88849e-08     2.88849e-08     2.88849e-08
150    0.000227683     3.63008e-08     3.63008e-08     3.63008e-08     3.63008e-08     3.63008e-08     3.63008e-08
154    0.000241593     5.8622e-08     5.8622e-08     5.8622e-08     5.8622e-08     5.8622e-08     5.8622e-08
158    0.000282591     1.27845e-07     1.27845e-07     1.27845e-07     1.27845e-07     1.27845e-07     1.27845e-07
162    0.000259164     3.12421e-07     3.12421e-07     3.12421e-07     3.12421e-07     3.12421e-07     3.12421e-07
166    0.000273806     6.24529e-07     6.24529e-07     6.24529e-07     6.24529e-07     6.24529e-07     6.24529e-07
170    0.00029284     8.9563e-07     8.9563e-07     8.9563e-07     8.9563e-07     8.9563e-07     8.9563e-07
174    0.000273806     1.03114e-06     1.03114e-06     1.03114e-06     1.03114e-06     1.03114e-06     1.03114e-06
178    0.000299429     1.3201e-06     1.3201e-06     1.3201e-06     1.3201e-06     1.3201e-06     1.3201e-06
182    0.000297965     1.58434e-06     1.58434e-06     1.58434e-06     1.58434e-06     1.58434e-06     1.58434e-06
186    0.00033091     2.12039e-06     2.12039e-06     2.12039e-06     2.12039e-06     2.12039e-06     2.12039e-06
190    0.000313339     2.34581e-06     2.34581e-06     2.34581e-06     2.34581e-06     2.34581e-06     2.34581e-06
194    0.000360194     3.05205e-06     3.05205e-06     3.05205e-06     3.05205e-06     3.05205e-06     3.05205e-06
198    0.000329446     3.0745e-06     3.0745e-06     3.0745e-06     3.0745e-06     3.0745e-06     3.0745e-06
202    0.00034848     3.55489e-06     3.55489e-06     3.55489e-06     3.55489e-06     3.55489e-06     3.55489e-06
206    0.00033457     3.72823e-06     3.72823e-06     3.72823e-06     3.72823e-06     3.72823e-06     3.72823e-06
210    0.000351409     4.23032e-06     4.23032e-06     4.23032e-06     0.000100189     0.000140009     7.24663e-05
214    0.000359462     4.65883e-06     4.65883e-06     4.65883e-06     0.000185867     0.000261137     0.000133457
218    0.000354337     4.91997e-06     4.91997e-06     4.91997e-06     0.000176855     0.000248495     0.00012695
222    0.000377032     5.57308e-06     5.57308e-06     5.57308e-06     0.000186968     0.000262673     0.00013418
226    0.000366783     5.78181e-06     5.78181e-06     5.78181e-06     0.0001893     0.000265933     0.000135913
230    0.000403388     6.74052e-06     6.74052e-06     6.74052e-06     0.000180862     0.000253592     0.000130167
234    0.000367515     6.51209e-06     6.51209e-06     6.51209e-06     0.000171066     0.000239812     0.000123088
238    0.000372639     6.99154e-06     6.99154e-06     6.99154e-06     0.000147392     0.000206065     0.000106394
242    0.000361658     7.165e-06     7.165e-06     7.165e-06     0.000163486     0.000228987     0.000117774
246    0.000419494     8.75168e-06     8.75168e-06     8.75168e-06     0.000162193     0.000226552     0.000117246
250    0.000396067     8.70231e-06     8.70231e-06     8.70231e-06     0.000156075     0.00021786     0.000112908
254    0.000400459     9.25087e-06     9.25087e-06     9.25087e-06     0.000143606     0.000199844     0.000104284
258    0.000423154     1.02646e-05     1.02646e-05     1.02646e-05     0.000144233     0.00020018     0.00010505
262    0.0004356     1.10829e-05     1.10829e-05     1.10829e-05     0.000162267     0.000225277     0.000118115
266    0.00043194     1.15094e-05     1.15094e-05     1.15094e-05     0.00015212     0.000210723     0.000111008
270    0.000411441     1.14607e-05     1.14607e-05     1.14607e-05     0.000145857     0.000201961     0.000106497
274    0.000457563     1.33071e-05     1.33071e-05     1.33071e-05     0.000144113     0.000198833     0.000105738
278    0.000432672     1.31521e-05     1.31521e-05     1.31521e-05     0.000144473     0.00019949     0.000105891
282    0.000436332     1.38343e-05     1.38343e-05     1.38343e-05     0.000137523     0.000189315     0.000101161
286    0.00046342     1.53253e-05     1.53253e-05     1.53253e-05     0.000134153     0.000183847     9.92233e-05
290    0.00044585     1.53541e-05     1.53541e-05     1.53541e-05     0.00013953     0.000191471     0.000103006
294    0.000456099     1.63132e-05     1.63132e-05     1.63132e-05     0.000126929     0.000173257     9.43542e-05
298    0.000458295     1.7047e-05     1.7047e-05     1.7047e-05     0.000136628     0.000186802     0.00010136
302    0.000478062     1.84409e-05     1.84409e-05     1.84409e-05     0.000123073     0.000167032     9.21593e-05
306    0.000468545     1.87769e-05     1.87769e-05     1.87769e-05     0.000122816     0.000166511     9.20926e-05
310    0.000458295     1.90281e-05     1.90281e-05     1.90281e-05     0.000132961     0.000180757     9.93314e-05
314    0.000502953     2.1641e-05     2.1641e-05     2.1641e-05     0.000137553     0.000186126     0.000103346
318    0.000515399     2.29774e-05     2.29774e-05     2.29774e-05     0.000128169     0.000172215     9.7122e-05
322    0.000483919     2.23131e-05     2.23131e-05     2.23131e-05     0.000124863     0.000167741     9.45875e-05
326    0.00047733     2.27348e-05     2.27348e-05     2.27348e-05     0.000132451     0.00017827     0.00010009
330    0.000508078     2.49794e-05     2.49794e-05     2.49794e-05     0.000133323     0.000178444     0.000101417
334    0.00058202     2.95277e-05     2.95277e-05     2.95277e-05     0.000133903     0.000177175     0.000103248
338    0.000518328     2.71095e-05     2.71095e-05     2.71095e-05     0.000128925     0.000170865     9.91478e-05
342    0.000545415     2.94415e-05     2.94415e-05     2.94415e-05     0.000141323     0.000186881     0.000108828
346    0.000538826     3.00618e-05     3.00618e-05     3.00618e-05     0.000141902     0.000186795     0.000109735
350    0.00054688     3.17255e-05     3.17255e-05     3.17255e-05     0.000138465     0.000181075     0.000107879
354    0.000549076     3.33557e-05     3.33557e-05     3.33557e-05     0.00014075     0.000183708     0.000109927
358    0.000580556     3.69544e-05     3.69544e-05     3.69544e-05     0.000140567     0.000182243     0.000110707
362    0.000535166     3.56819e-05     3.56819e-05     3.56819e-05     0.000145759     0.000190447     0.000113803
366    0.000549808     3.82584e-05     3.82584e-05     3.82584e-05     0.00014651     0.000190651     0.000114969
370    0.000579824     4.20962e-05     4.20962e-05     4.20962e-05     0.000151734     0.000196619     0.000119685
374    0.000543219     4.11891e-05     4.11891e-05     4.11891e-05     0.000175232     0.000230326     0.000135924
378    0.000619358     4.89853e-05     4.89853e-05     4.89853e-05     0.00016359     0.000210972     0.000129833
382    0.000582753     4.79885e-05     4.79885e-05     4.79885e-05     0.000169704     0.000220398     0.000133644
386    0.000586413     5.01589e-05     5.01589e-05     5.01589e-05     0.000177124     0.000230266     0.000139363
390    0.000603251     5.34652e-05     5.34652e-05     5.34652e-05     0.000172156     0.000222047     0.00013674
394    0.000614233     5.6389e-05     5.6389e-05     5.6389e-05     0.000187882     0.000243384     0.000148522
398    0.000613501     5.82506e-05     5.82506e-05     5.82506e-05     0.000176225     0.000226211     0.000140808
402    0.000599591     5.88504e-05     5.88504e-05     5.88504e-05     0.000183301     0.000236313     0.000145779
406    0.00063766     6.46482e-05     6.46482e-05     6.46482e-05     0.000185623     0.000237371     0.00014903
410    0.000622286     6.51038e-05     6.51038e-05     6.51038e-05     0.000189562     0.000242995     0.000151807
414    0.000653766     7.04552e-05     7.04552e-05     7.04552e-05     0.000200065     0.000255918     0.000160629
418    0.000655963     7.27866e-05     7.27866e-05     7.27866e-05     0.000208877     0.000267716     0.000167358
422    0.000685979     7.82495e-05     7.82495e-05     7.82495e-05     0.00020891     0.000265705     0.000168883
426    0.000641321     7.51857e-05     7.51857e-05     7.51857e-05     0.000219453     0.000282412     0.000175122
430    0.000680122     8.18902e-05     8.18902e-05     8.18902e-05     0.000217463     0.000276825     0.000175693
434    0.000647177     7.9991e-05     7.9991e-05     7.9991e-05     0.000204291     0.000258867     0.000165909
438    0.00066914     8.48433e-05     8.48433e-05     8.48433e-05     0.000215362     0.000272804     0.000174984
442    0.000671337     8.73134e-05     8.73134e-05     8.73134e-05     0.00023201     0.000296025     0.000187068
446    0.000713066     9.50563e-05     9.50563e-05     9.50563e-05     0.000226548     0.000285042     0.000185542
450    0.000694764     9.47355e-05     9.47355e-05     9.47355e-05     0.000219556     0.000275311     0.000180507
454    0.000666212     9.29474e-05     9.29474e-05     9.29474e-05     0.000227347     0.000287582     0.000185191
458    0.000691836     9.86912e-05     9.86912e-05     9.86912e-05     0.000225836     0.000282945     0.000185883
462    0.000732833     0.000106832     0.000106832     0.000106832     0.000230516     0.000286106     0.000191624
466    0.000688907     0.000102667     0.000102667     0.000102667     0.000237002     0.000297355     0.000194755
470    0.000728441     0.000110833     0.000110833     0.000110833     0.000247806     0.000309355     0.000204709
474    0.000706478     0.000109764     0.000109764     0.000109764     0.000241494     0.000300738     0.000200011
478    0.00072112     0.000114323     0.000114323     0.000114323     0.000233796     0.000287622     0.000196117
482    0.000747475     0.000120845     0.000120845     0.000120845     0.000278786     0.000350266     0.000228803
486    0.000770902     0.000127187     0.000127187     0.000127187     0.000272826     0.000338997     0.000226604
490    0.000733565     0.000123361     0.000123361     0.000123361     0.000253941     0.000313428     0.000212412
494    0.00075626     0.000129644     0.000129644     0.000129644     0.000262921     0.000323762     0.000220461
498    0.000734297     0.000128184     0.000128184     0.000128184     0.000278852     0.000347714     0.000230797
502    0.000796526     0.000141625     0.000141625     0.000141625     0.000280603     0.00034428     0.000236202
506    0.000740886     0.000134162     0.000134162     0.000134162     0.000271811     0.000335027     0.000227747
510    0.000741618     0.000136738     0.000136738     0.000136738     0.000287051     0.000356361     0.000238781
514    0.00078408     0.000147129     0.000147129     0.000147129     0.000276442     0.000336268     0.000234811
518    0.000819221     0.000156492     0.000156492     0.000156492     0.000304882     0.000373777     0.000256978
522    0.000833863     0.00016209     0.00016209     0.00016209     0.000327596     0.000404753     0.000274009
526    0.000828738     0.000163775     0.000163775     0.000163775     0.000285282     0.000342015     0.000245884
530    0.000819953     0.000164728     0.000164728     0.000164728     0.000314094     0.000383913     0.000265616
534    0.000847041     0.000172914     0.000172914     0.000172914     0.000331408     0.000405536     0.000279937
538    0.000844113     0.000175124     0.000175124     0.000175124     0.000309612     0.000372523     0.00026592
542    0.000858755     0.000181008     0.000181008     0.000181008     0.000320039     0.000385116     0.000274834
546    0.000890235     0.000190668     0.000190668     0.000190668     0.000371875     0.000456789     0.000312899
550    0.000869736     0.00018935     0.00018935     0.00018935     0.000345684     0.000419055     0.000294733
554    0.000828738     0.000183428     0.000183428     0.000183428     0.000335562     0.000407071     0.000285917
558    0.000890235     0.000200089     0.000200089     0.000200089     0.000355348     0.00042852     0.000304591
562    0.00088511     0.00020186     0.00020186     0.00020186     0.000369248     0.000448418     0.000314382
566    0.000938554     0.000216929     0.000216929     0.000216929     0.000389544     0.000471366     0.000332861
570    0.000934893     0.000219089     0.000219089     0.000219089     0.000400327     0.00048642     0.000340709
574    0.000852166     0.000202829     0.000202829     0.000202829     0.000371736     0.00045211     0.000316098
578    0.000939286     0.000227034     0.000227034     0.000227034     0.000379387     0.000451964     0.000329154
582    0.000950999     0.000233237     0.000233237     0.000233237     0.000393091     0.000469389     0.000340306
586    0.000981748     0.000244214     0.000244214     0.000244214     0.000409927     0.000489163     0.000355117
590    0.000975891     0.000246512     0.000246512     0.000246512     0.000412304     0.000491713     0.00035739
594    0.000970766     0.000249375     0.000249375     0.000249375     0.000418002     0.000498917     0.000362066
598    0.00100298     0.000262157     0.000262157     0.000262157     0.000456777     0.000550396     0.000392094
602    0.000984676     0.000261209     0.000261209     0.000261209     0.000457688     0.000552534     0.00039223
606    0.00102128     0.000274361     0.000274361     0.000274361     0.000428065     0.000502444     0.000376758
610    0.00106008     0.000288457     0.000288457     0.000288457     0.000460308     0.000543663     0.000402839
614    0.00102275     0.0002824     0.0002824     0.0002824     0.000457585     0.000542688     0.00039893
618    0.00105057     0.000294675     0.000294675     0.000294675     0.000458359     0.00053798     0.000403494
622    0.00104032     0.000296448     0.000296448     0.000296448     0.000459182     0.00053849     0.000404555
626    0.00102348     0.000295921     0.000295921     0.000295921     0.000476708     0.000564944     0.000415947
630    0.00106594     0.000312595     0.000312595     0.000312595     0.000550989     0.000667574     0.000470746
634    0.0010674     0.00031736     0.00031736     0.00031736     0.00052329     0.000624226     0.000453854
638    0.0011494     0.000346524     0.000346524     0.000346524     0.000538346     0.000632509     0.000473584
642    0.00115452     0.000353421     0.000353421     0.000353421     0.00052867     0.000614961     0.000469373
646    0.00110035     0.000342388     0.000342388     0.000342388     0.000512524     0.000596461     0.000454867
650    0.00107546     0.000340158     0.000340158     0.000340158     0.000498992     0.000577506     0.00044508
654    0.00109815     0.000352869     0.000352869     0.000352869     0.000534676     0.000624668     0.000472899
658    0.00114354     0.000373201     0.000373201     0.000373201     0.000561268     0.000654451     0.000497313
662    0.00115818     0.000383871     0.000383871     0.000383871     0.000602058     0.000710447     0.000527718
666    0.00122481     0.000412157     0.000412157     0.000412157     0.000593725     0.000684172     0.00053174
670    0.001227     0.000419218     0.000419218     0.000419218     0.000597057     0.000685835     0.000536243
674    0.00115892     0.000401997     0.000401997     0.000401997     0.000576762     0.000664174     0.000516907
678    0.00121822     0.000428841     0.000428841     0.000428841     0.000605494     0.000693959     0.000544937
682    0.00119259     0.000425977     0.000425977     0.000425977     0.000634988     0.000739837     0.00056325
686    0.00119991     0.000434952     0.000434952     0.000434952     0.000613034     0.000702478     0.00055184
690    0.00125555     0.00046217     0.00046217     0.00046217     0.000649266     0.000743474     0.000584854
694    0.0012475     0.000466748     0.000466748     0.000466748     0.00066943     0.000771756     0.000599522
698    0.00120065     0.000456966     0.000456966     0.000456966     0.000678561     0.000790707     0.000601989
702    0.00128777     0.000498361     0.000498361     0.000498361     0.000716747     0.000827632     0.000641107
706    0.00126727     0.000498537     0.000498537     0.000498537     0.000673801     0.000762953     0.00061301
710    0.00130021     0.000520318     0.000520318     0.000520318     0.000702697     0.000795611     0.000639363
714    0.00128923     0.000525632     0.000525632     0.000525632     0.000772185     0.000898015     0.000686446
718    0.00132291     0.000549477     0.000549477     0.000549477     0.000828391     0.000970957     0.000731275
722    0.00129802     0.000548808     0.000548808     0.000548808     0.000804644     0.000935826     0.000715367
726    0.00130168     0.00055969     0.00055969     0.00055969     0.000783816     0.00089903     0.000705459
730    0.00137562     0.0006015     0.0006015     0.0006015     0.000805591     0.000910755     0.000734117
734    0.00135439     0.000602961     0.000602961     0.000602961     0.000842123     0.000965607     0.000758248
738    0.00131559     0.000597122     0.000597122     0.000597122     0.00085789     0.000992751     0.000766332
742    0.00136537     0.000632413     0.000632413     0.000632413     0.00085961     0.000977456     0.000779666
746    0.00133901     0.00063331     0.00063331     0.00063331     0.000903964     0.00104474     0.000808536
750    0.00134487     0.000649197     0.000649197     0.000649197     0.00088543     0.00100863     0.000801983
754    0.00138953     0.00068413     0.00068413     0.00068413     0.000936814     0.00106882     0.000847443
758    0.00144297     0.000724345     0.000724345     0.000724345     0.000980956     0.00111524     0.000890082
762    0.00138294     0.000708262     0.000708262     0.000708262     0.000966105     0.00110136     0.000874612
766    0.00140344     0.000734203     0.000734203     0.000734203     0.000971149     0.00109578     0.000886915
770    0.00143419     0.00076715     0.00076715     0.00076715     0.00107721     0.00124064     0.000966823
774    0.00135878     0.00074406     0.00074406     0.00074406     0.00104363     0.00120189     0.000936796
778    0.0014071     0.000788927     0.000788927     0.000788927     0.00107995     0.00123406     0.000975995
782    0.00132364     0.000759259     0.000759259     0.000759259     0.00104541     0.00119745     0.000942958
786    0.00143492     0.000841998     0.000841998     0.000841998     0.00111132     0.00125484     0.0010147
790    0.00144077     0.000864636     0.000864636     0.000864636     0.0011474     0.00129845     0.00104578
794    0.00143638     0.00088314     0.00088314     0.00088314     0.00123001     0.00141577     0.00110512
798    0.00145029     0.000913879     0.000913879     0.000913879     0.00124666     0.00142522     0.00112668
802    0.00145908     0.000943365     0.000943365     0.000943365     0.00120208     0.00134128     0.00110861
806    0.00144517     0.000959339     0.000959339     0.000959339     0.00131621     0.00150871     0.00118706
810    0.00141222     0.000962683     0.000962683     0.000962683     0.00129094     0.00146847     0.00117193
814    0.00140929     0.000987264     0.000987264     0.000987264     0.00129881     0.00146775     0.00118565
818    0.00142174     0.00102344     0.00102344     0.00102344     0.00137743     0.00156989     0.00124864
822    0.00140929     0.00104206     0.00104206     0.00104206     0.00138407     0.00157026     0.0012595
826    0.00147738     0.00112323     0.00112323     0.00112323     0.00141849     0.00157937     0.00131087
830    0.00144736     0.00113144     0.00113144     0.00113144     0.00145437     0.00163087     0.00133641
834    0.00143565     0.00115557     0.00115557     0.00115557     0.0015161     0.00171408     0.00138399
838    0.0013478     0.00111708     0.00111708     0.00111708     0.00145144     0.00163617     0.00132845
842    0.00137928     0.00117735     0.00117735     0.00117735     0.0014803     0.00164827     0.00136859
846    0.00137269     0.0012065     0.0012065     0.0012065     0.00151762     0.00169005     0.00140291
850    0.00136683     0.00123814     0.00123814     0.00123814     0.00160439     0.00180755     0.00146925
854    0.00127971     0.00119568     0.00119568     0.00119568     0.00150163     0.0016718     0.00138853
858    0.0013295     0.00128145     0.00128145     0.00128145     0.00163964     0.00183973     0.00150685
862    0.00127605     0.00126943     0.00126943     0.00126943     0.00157963     0.0017539     0.00146419
866    0.00134414     0.00137932     0.00137932     0.00137932     0.00169243     0.00186889     0.00157567
870    0.00131485     0.00139152     0.00139152     0.00139152     0.00170604     0.00188376     0.00158856
874    0.00127312     0.00139032     0.00139032     0.00139032     0.00173131     0.00192455     0.00160369
878    0.00127678     0.0014387     0.0014387     0.0014387     0.00177519     0.00196636     0.00164902
882    0.00128777     0.00149709     0.00149709     0.00149709     0.00180379     0.0019785     0.0016886
886    0.00124457     0.00149362     0.00149362     0.00149362     0.00180781     0.00198715     0.00168964
890    0.00125409     0.00155404     0.00155404     0.00155404     0.00186405     0.00204162     0.00174718
894    0.00119406     0.00152848     0.00152848     0.00152848     0.00183894     0.00201759     0.00172156
898    0.00119332     0.00157776     0.00157776     0.00157776     0.00185588     0.00201682     0.00175035
902    0.00115599     0.00157806     0.00157806     0.00157806     0.00183439     0.00198327     0.00173688
906    0.00111792     0.0015754     0.0015754     0.0015754     0.00183336     0.0019833     0.00173518
910    0.00112304     0.00163297     0.00163297     0.00163297     0.0018965     0.00204992     0.00179609
914    0.00111719     0.00167627     0.00167627     0.00167627     0.00192243     0.00206611     0.00182847
918    0.00109596     0.001697     0.001697     0.001697     0.00193383     0.00207262     0.00184319
922    0.00108058     0.00172622     0.00172622     0.00172622     0.00196126     0.00209978     0.00187099
926    0.00102201     0.00168171     0.00168171     0.00168171     0.00190203     0.0020323     0.00181724
930    0.00107253     0.00181919     0.00181919     0.00181919     0.0020251     0.00214723     0.0019457
934    0.00101396     0.00177063     0.00177063     0.00177063     0.00196451     0.00207984     0.0018896
938    0.000998586     0.00179639     0.00179639     0.00179639     0.00197163     0.00207615     0.00190381
942    0.000948071     0.00175483     0.00175483     0.00175483     0.00191968     0.00201827     0.00185576
946    0.000991265     0.00188659     0.00188659     0.00188659     0.00205228     0.00215156     0.00198794
950    0.000929036     0.00181661     0.00181661     0.00181661     0.00195076     0.00203137     0.00189858
954    0.000925376     0.00185864     0.00185864     0.00185864     0.00198532     0.00193591     0.00206174
958    0.000914394     0.00188576     0.00188576     0.00188576     0.00199799     0.00195409     0.00206604
962    0.00095466     0.00201951     0.00201951     0.00201951     0.00211999     0.00208054     0.00218128
966    0.000838988     0.00182032     0.00182032     0.00182032     0.00190043     0.0018689     0.00194947
970    0.00083972     0.00186745     0.00186745     0.00186745     0.0019359     0.0019089     0.00197795
974    0.000855094     0.00194672     0.00194672     0.00194672     0.00199872     0.00197816     0.00203078
978    0.000819221     0.0019084     0.0019084     0.0019084     0.00194644     0.00193136     0.00196998
982    0.000799454     0.00190354     0.00190354     0.00190354     0.00192338     0.0019155     0.00193572
986    0.000746011     0.00181491     0.00181491     0.00181491     0.0018212     0.0018187     0.00182511
990    0.000768706     0.00190901     0.00190901     0.00190901     0.00190273     0.00189759     0.00190644
994    0.00075626     0.00191702     0.00191702     0.00191702     0.00189608     0.00188296     0.00190445
998    0.000699157     0.00180676     0.00180676     0.00180676     0.00177432     0.00175394     0.0017873
1002    0.000707942     0.00186371     0.00186371     0.00186371     0.00181427     0.00178307     0.0018341
1006    0.000672069     0.0018024     0.0018024     0.0018024     0.00174134     0.00170269     0.00176588
1010    0.000661087     0.00180428     0.00180428     0.00180428     0.0017319     0.00168594     0.00176106
1014    0.000633268     0.00175722     0.00175722     0.00175722     0.00167524     0.00162302     0.00170832
1018    0.000616429     0.00173923     0.00173923     0.00173923     0.00164471     0.0015843     0.00168293
1022    0.000611304     0.00175153     0.00175153     0.00175153     0.00163934     0.00156732     0.00168483
1026    0.000577628     0.00167966     0.00167966     0.00167966     0.00156447     0.00149027     0.00161128
1030    0.000609108     0.00179642     0.00179642     0.00179642     0.00165589     0.00156504     0.00171312
1034    0.000588609     0.00176052     0.00176052     0.00176052     0.00161592     0.00152211     0.00167493
1038    0.000554933     0.00168234     0.00168234     0.00168234     0.0015298     0.00143047     0.00159219
1042    0.000548344     0.00168343     0.00168343     0.00168343     0.0015162     0.00140677     0.0015848
1046    0.00056445     0.00175444     0.00175444     0.00175444     0.00157884     0.0014635     0.00165104
1050    0.000502221     0.00157961     0.00157961     0.00157961     0.00140524     0.00129026     0.00147711
1054    0.000507346     0.00161323     0.00161323     0.00161323     0.00142013     0.00129237     0.00149989
1058    0.000468545     0.00150619     0.00150619     0.00150619     0.00131178     0.00118264     0.00139227
1062    0.00047733     0.00155051     0.00155051     0.00155051     0.00133367     0.00118889     0.00142372
1066    0.00045976     0.00150806     0.00150806     0.00150806     0.00129573     0.00115342     0.00138412
1070    0.000429011     0.00142087     0.00142087     0.00142087     0.00123071     0.0011027     0.00131007
1074    0.000431208     0.00144089     0.00144089     0.00144089     0.00123646     0.00109833     0.00132197
1078    0.000394603     0.00133019     0.00133019     0.00133019     0.0011209     0.000978915     0.00120864
1082    0.000398263     0.00135402     0.00135402     0.00135402     0.00114482     0.00100215     0.00123281
1086    0.00039387     0.00134998     0.00134998     0.00134998     0.00112011     0.000962679     0.00121703
1090    0.000359462     0.00124191     0.00124191     0.00124191     0.00101245     0.00085467     0.00110944
1094    0.000371907     0.00129455     0.00129455     0.00129455     0.00107428     0.000922189     0.00116761
1098    0.00034482     0.00120861     0.00120861     0.00120861     0.000986695     0.000832815     0.00108094
1102    0.000329446     0.00116311     0.00116311     0.00116311     0.000951855     0.000804541     0.00104187
1106    0.000366783     0.0013041     0.0013041     0.0013041     0.0010609     0.000890559     0.0011648
1110    0.000349212     0.0012495     0.0012495     0.0012495     0.00100507     0.000833231     0.00110973
1114    0.000322857     0.00116273     0.00116273     0.00116273     0.000940004     0.000782733     0.00103561
1118    0.000345552     0.00125226     0.00125226     0.00125226     0.00100682     0.000832755     0.00111243
1122    0.000292108     0.0010651     0.0010651     0.0010651     0.000844693     0.000687517     0.000939846
1126    0.00032066     0.00117588     0.00117588     0.00117588     0.000921616     0.000739505     0.00103166
1130    0.000305286     0.00112604     0.00112604     0.00112604     0.000876719     0.000697399     0.000984889
1134    0.000281859     0.00104541     0.00104541     0.00104541     0.000821019     0.000658899     0.000918632
1138    0.000263556     0.000982798     0.000982798     0.000982798     0.00074238     0.00056795     0.000847213
1142    0.00026136     0.000979854     0.000979854     0.000979854     0.000747629     0.000578174     0.000849222
1146    0.000259896     0.000979653     0.000979653     0.000979653     0.000743669     0.00057069     0.000847167
1150    0.000265753     0.00100687     0.00100687     0.00100687     0.000767268     0.000590838     0.000872621
1154    0.000263556     0.00100349     0.00100349     0.00100349     0.000753779     0.00056916     0.000863832
1158    0.000267217     0.00102265     0.00102265     0.00102265     0.000778619     0.000597409     0.000886441
1162    0.000268681     0.00103331     0.00103331     0.00103331     0.000759592     0.000555146     0.00088093
1166    0.00021597     0.000834455     0.000834455     0.000834455     0.000606153     0.000434931     0.000707594
1170    0.000221095     0.000858463     0.000858463     0.000858463     0.000613136     0.000428255     0.000722439
1174    0.000222559     0.000868202     0.000868202     0.000868202     0.000640088     0.00046747     0.000741958
1178    0.000213041     0.000834997     0.000834997     0.000834997     0.000612101     0.000442684     0.000711891
1182    0.000228416     0.00089934     0.00089934     0.00089934     0.000655708     0.000469447     0.000765137
1186    0.000194739     0.000770301     0.000770301     0.000770301     0.000557313     0.000393721     0.00065322
1190    0.000213041     0.000846392     0.000846392     0.000846392     0.000618775     0.000443266     0.000721493
1194    0.000190346     0.000759743     0.000759743     0.000759743     0.000544733     0.000378139     0.000642029
1198    0.000207185     0.000830756     0.000830756     0.000830756     0.000593687     0.00040924     0.000701211
1202    0.000172044     0.000692866     0.000692866     0.000692866     0.000474023     0.000302756     0.000573599
1206    0.000200596     0.000811368     0.000811368     0.000811368     0.000573793     0.000387058     0.000682155
1210    0.00017424     0.000707848     0.000707848     0.000707848     0.000506067     0.000346793     0.000598316
1214    0.000140563     0.000573689     0.000573689     0.000573689     0.000382313     0.000230532     0.000470032
1218    0.000174972     0.000717077     0.000717077     0.000717077     0.000507916     0.000341349     0.000604004
1222    0.000149349     0.000614875     0.000614875     0.000614875     0.00043374     0.000288642     0.000517218
1226    0.000143492     0.00059324     0.00059324     0.00059324     0.000398836     0.000242416     0.000488649
1230    0.000143492     0.00059585     0.00059585     0.00059585     0.000416667     0.000271831     0.000499654
1234    0.000166187     0.000693098     0.000693098     0.000693098     0.000482702     0.000311902     0.000580371
1238    0.000128118     0.000536668     0.000536668     0.000536668     0.000372333     0.000238358     0.000448793
1242    0.000140563     0.00059133     0.00059133     0.00059133     0.000399     0.000241305     0.00048877
1246    0.000154473     0.00065269     0.00065269     0.00065269     0.000420989     0.000230089     0.000529413
1250    0.000136903     0.000580851     0.000580851     0.000580851     0.00038875     0.000229829     0.000478843
1254    0.000142028     0.000605266     0.000605266     0.000605266     0.000403853     0.000236522     0.000498531
1258    0.000136171     0.000582781     0.000582781     0.000582781     0.000367959     0.000188684     0.000469179
1262    0.000131046     0.000563416     0.000563416     0.000563416     0.000381364     0.000228537     0.000467412
1266    0.000117868     0.000508828     0.000508828     0.000508828     0.000333565     0.000185816     0.000416597
1270    0.000129582     0.000561835     0.000561835     0.000561835     0.00037777     0.000221942     0.00046517
1274    0.000127386     0.000554753     0.000554753     0.000554753     0.000371572     0.000215734     0.000458776
1278    0.000122261     0.000534679     0.000534679     0.000534679     0.000347141     0.000186902     0.000436625
1282    0.000103226     0.00045339     0.00045339     0.00045339     0.000301585     0.000171102     0.000374242
1286    9.95658e-05     0.000439265     0.000439265     0.000439265     0.000291096     0.000163172     0.000362182
1290    9.81016e-05     0.000434758     0.000434758     0.000434758     0.000277006     0.000140176     0.00035288
1294    0.000109815     0.000488706     0.000488706     0.000488706     0.00032194     0.000176718     0.000402319
1298    9.95658e-05     0.000445032     0.000445032     0.000445032     0.000281676     0.000138752     0.000360602
1302    0.000110547     0.000496177     0.000496177     0.000496177     0.000324232     0.00017289     0.000407564
1306    9.88337e-05     0.000445653     0.000445653     0.000445653     0.000290498     0.000153286     0.000365877
1310    0.000101762     0.000460838     0.000460838     0.000460838     0.000278456     0.000116465     0.000367265
1314    0.000103958     0.000472884     0.000472884     0.000472884     0.000306098     0.000157257     0.000387513
1318    0.000103958     0.000474937     0.000474937     0.000474937     0.00028497     0.000114711     0.000377901
1322    8.19953e-05     0.000376226     0.000376226     0.000376226     0.000242001     0.000120975     0.00030787
1326    8.12632e-05     0.000374442     0.000374442     0.000374442     0.00024024     0.000118711     0.000306244
1330    7.90669e-05     0.00036598     0.00036598     0.00036598     0.000233992     0.000113896     0.000299065
1334    7.90669e-05     0.000367558     0.000367558     0.000367558     0.000234294     0.000112527     0.000300136
1338    9.4441e-05     0.000441034     0.000441034     0.000441034     0.000280491     0.000133074     0.000360009
1342    7.90669e-05     0.000370826     0.000370826     0.000370826     0.000234864     0.000109266     0.000302417
1346    7.61385e-05     0.000358612     0.000358612     0.000358612     0.00022667     0.000104275     0.000292365
1350    7.61385e-05     0.00036029     0.00036029     0.00036029     0.000216042     8.16067e-05     0.000288033
1354    7.68706e-05     0.000365303     0.000365303     0.000365303     0.000218469     8.09647e-05     0.000291927
1358    8.19953e-05     0.000391455     0.000391455     0.000391455     0.00023418     8.62049e-05     0.000313045
1362    7.2478e-05     0.000347562     0.000347562     0.000347562     0.00020579     7.15861e-05     0.000277102
1366    7.17459e-05     0.000345588     0.000345588     0.000345588     0.000215467     9.16838e-05     0.000281077
1370    6.88175e-05     0.000332877     0.000332877     0.000332877     0.000195814     6.48497e-05     0.000265079
1374    6.88175e-05     0.000334354     0.000334354     0.000334354     0.000184823     4.13554e-05     0.000260546
1378    6.58891e-05     0.000321636     0.000321636     0.000321636     0.000175973     3.55228e-05     0.000249916
1382    7.02817e-05     0.000344475     0.000344475     0.000344475     0.000212303     8.40754e-05     0.000279602
1386    6.36928e-05     0.000313569     0.000313569     0.000313569     0.000193075     7.57301e-05     0.000254545
1390    6.07644e-05     0.00030048     0.00030048     0.00030048     0.000172916     4.80771e-05     0.00023815
1394    4.61224e-05     0.000229105     0.000229105     0.000229105     0.000128543     2.96387e-05     0.000180093
1398    6.07644e-05     0.000303143     0.000303143     0.000303143     0.000173622     4.56321e-05     0.000240174
1402    6.07644e-05     0.000304589     0.000304589     0.000304589     0.000185471     6.70351e-05     0.000246863
1406    5.56397e-05     0.000280066     0.000280066     0.000280066     0.000170331     6.07615e-05     0.000227001
1410    5.56397e-05     0.000281381     0.000281381     0.000281381     0.000170735     5.9661e-05     0.000228025
1414    4.83187e-05     0.000245441     0.000245441     0.000245441     0.000148596     5.09631e-05     0.000198843
1418    3.5873e-05     0.000183083     0.000183083     0.000183083     0.000110555     3.70843e-05     0.000148272
1422    5.27113e-05     0.000270163     0.000270163     0.000270163     0.000150679     2.89041e-05     0.000213002
1426    6.14965e-05     0.000316634     0.000316634     0.000316634     0.000178289     3.6662e-05     0.000250602
1430    5.19792e-05     0.000268788     0.000268788     0.000268788     0.000161211     5.05093e-05     0.000217581
1434    4.90508e-05     0.000254769     0.000254769     0.000254769     0.000140556     2.25785e-05     0.000200514
1438    4.3194e-05     0.000225347     0.000225347     0.000225347     0.000134665     4.05085e-05     0.000182388
1442    4.90508e-05     0.000257057     0.000257057     0.000257057     0.000153355     4.5011e-05     0.000208093
1446    4.24619e-05     0.000223469     0.000223469     0.000223469     0.000132903     3.78593e-05     0.000180807
1450    5.85681e-05     0.000309586     0.000309586     0.000309586     0.000183758     5.11102e-05     0.000250455
1454    5.12471e-05     0.000272207     0.000272207     0.000272207     0.000161341     4.38296e-05     0.000220259
1458    4.02656e-05     0.000214802     0.000214802     0.000214802     0.00012716     3.38631e-05     0.00017383
1462    3.80693e-05     0.000203898     0.000203898     0.000203898     0.00012034     3.08375e-05     0.000164963
1466    3.66051e-05     0.000196995     0.000196995     0.000196995     0.000103673     3.21446e-06     0.000153628
1470    3.88014e-05     0.000209743     0.000209743     0.000209743     0.000123325     2.98471e-05     0.000169689
1474    4.61224e-05     0.000250388     0.000250388     0.000250388     0.000147056     3.48231e-05     0.0002026
1478    3.51409e-05     0.000191644     0.000191644     0.000191644     9.99873e-05     -5.2385e-08     0.000149367
1482    3.88014e-05     0.000212548     0.000212548     0.000212548     0.000111972     1.50552e-06     0.000166315
1486    4.46582e-05     0.00024571     0.00024571     0.00024571     0.000131112     4.57405e-06     0.000193186
1490    3.80693e-05     0.00021041     0.00021041     0.00021041     0.000122758     2.55312e-05     0.000170335
1494    4.09977e-05     0.000227538     0.000227538     0.000227538     0.000132523     2.6707e-05     0.000184192
1498    3.95335e-05     0.000220372     0.000220372     0.000220372     0.000127999     2.46141e-05     0.000178344
1502    3.80693e-05     0.000213208     0.000213208     0.000213208     0.000123812     2.31276e-05     0.000172675
1506    2.56235e-05     0.000144139     0.000144139     0.000144139     8.35528e-05     1.49738e-05     0.000116745
1510    3.88014e-05     0.000219216     0.000219216     0.000219216     0.000126905     2.18957e-05     0.000177591
1514    3.14803e-05     0.000178569     0.000178569     0.000178569     9.06152e-05     -9.78782e-06     0.000138985
1518    3.73372e-05     0.000212787     0.000212787     0.000212787     0.000110046     -7.87666e-06     0.000166686
1522    3.00161e-05     0.000171753     0.000171753     0.000171753     9.9045e-05     1.50624e-05     0.000139242
1526    2.78198e-05     0.000159954     0.000159954     0.000159954     9.20226e-05     1.31231e-05     0.000129672
1530    3.44088e-05     0.000198638     0.000198638     0.000198638     8.84701e-05     -4.00957e-05     0.000149658
1534    2.85519e-05     0.000165498     0.000165498     0.000165498     9.48855e-05     1.22197e-05     0.00013416
1538    3.44088e-05     0.000200433     0.000200433     0.000200433     0.00011479     1.39788e-05     0.000162541
1542    3.07482e-05     0.000179859     0.000179859     0.000179859     0.000102862     1.16514e-05     0.000145912
1546    2.04988e-05     0.000120371     0.000120371     0.000120371     5.58479e-05     -2.096e-05     9.20022e-05
1550    2.41593e-05     0.000142567     0.000142567     0.000142567     6.8427e-05     -2.03054e-05     0.000110069
1554    2.70877e-05     0.000160497     0.000160497     0.000160497     7.85862e-05     -1.97925e-05     0.000124664
1558    2.56235e-05     0.000152534     0.000152534     0.000152534     8.68036e-05     7.45174e-06     0.000123863
1562    2.85519e-05     0.000170647     0.000170647     0.000170647     8.41021e-05     -2.10436e-05     0.000133032
1566    2.85519e-05     0.000171364     0.000171364     0.000171364     8.42629e-05     -2.20531e-05     0.000133608
1570    3.07482e-05     0.000185379     0.000185379     0.000185379     9.21204e-05     -2.22922e-05     0.000145071
1574    1.61062e-05     9.75228e-05     9.75228e-05     9.75228e-05     5.52652e-05     3.18465e-06     7.93057e-05
1578    2.34272e-05     0.000142444     0.000142444     0.000142444     8.06038e-05     4.03502e-06     0.000115854
1582    2.26951e-05     0.000138602     0.000138602     0.000138602     7.83815e-05     3.35196e-06     0.000112803
1586    2.04988e-05     0.000125691     0.000125691     0.000125691     7.09738e-05     2.44586e-06     0.000102318
1590    2.12309e-05     0.000130751     0.000130751     0.000130751     7.37889e-05     2.1668e-06     0.000106475
1594    2.34272e-05     0.000144905     0.000144905     0.000144905     8.16812e-05     1.73706e-06     0.000118047
1598    2.48914e-05     0.000154611     0.000154611     0.000154611     8.70102e-05     1.17659e-06     0.000125962
1602    2.26951e-05     0.00014159     0.00014159     0.00014159     6.65417e-05     -2.93457e-05     0.0001099
1606    2.48914e-05     0.000155912     0.000155912     0.000155912     8.766e-05     1.34476e-07     0.000127154
1610    1.31778e-05     8.29187e-05     8.29187e-05     8.29187e-05     4.66137e-05     -2.42052e-07     6.76787e-05
1614    2.34272e-05     0.000148005     0.000148005     0.000148005     8.31781e-05     -7.90966e-07     0.000120849
1618    2.04988e-05     0.000130025     0.000130025     0.000130025     7.29102e-05     -1.44692e-06     0.000106171
1622    1.4642e-05     9.32578e-05     9.32578e-05     9.32578e-05     3.89642e-05     -3.21688e-05     7.06638e-05
1626    2.26951e-05     0.000145157     0.000145157     0.000145157     8.12214e-05     -2.86372e-06     0.000118611
1630    1.39099e-05     8.9375e-05     8.9375e-05     8.9375e-05     5.0002e-05     -2.03966e-06     7.30758e-05
1634    1.83025e-05     0.000118058     0.000118058     0.000118058     6.59993e-05     -3.145e-06     9.6569e-05
1638    1.75704e-05     0.000113813     0.000113813     0.000113813     6.34924e-05     -3.68312e-06     9.31027e-05
1642    1.53741e-05     0.00010004     0.00010004     0.00010004     5.57965e-05     -3.63164e-06     8.18975e-05
1646    1.97667e-05     0.000129214     0.000129214     0.000129214     4.54104e-05     -6.77192e-05     9.49497e-05
1650    1.90346e-05     0.000124855     0.000124855     0.000124855     6.95586e-05     -5.34846e-06     0.000102293
1654    1.39099e-05     9.15795e-05     9.15795e-05     9.15795e-05     5.10448e-05     -4.10634e-06     7.50838e-05
1658    1.53741e-05     0.000101692     0.000101692     0.000101692     4.32598e-05     -3.6714e-05     7.7997e-05
1662    1.24457e-05     8.267e-05     8.267e-05     8.267e-05     4.60604e-05     -4.36084e-06     6.78795e-05
1666    1.75704e-05     0.00011719     0.00011719     0.00011719     6.51968e-05     -6.74352e-06     9.62437e-05
1670    1.39099e-05     9.31615e-05     9.31615e-05     9.31615e-05     5.17654e-05     -5.8113e-06     7.65358e-05
1674    1.4642e-05     9.84675e-05     9.84675e-05     9.84675e-05     5.46813e-05     -6.43958e-06     8.09194e-05
1678    1.17136e-05     7.90661e-05     7.90661e-05     7.90661e-05     4.38918e-05     -5.46916e-06     6.50144e-05
1682    1.83025e-05     0.000124078     0.000124078     0.000124078     6.88014e-05     -9.25756e-06     0.000102078
1686    1.02494e-05     6.97556e-05     6.97556e-05     6.97556e-05     3.8668e-05     -5.43088e-06     5.74162e-05
1690    1.31778e-05     9.00864e-05     9.00864e-05     9.00864e-05     4.992e-05     -7.31675e-06     7.41875e-05
1694    1.39099e-05     9.54758e-05     9.54758e-05     9.54758e-05     5.28915e-05     -8.07915e-06     7.86689e-05
1698    1.31778e-05     9.08251e-05     9.08251e-05     9.08251e-05     5.03185e-05     -7.96436e-06     7.48864e-05
1702    1.39099e-05     9.62178e-05     9.62178e-05     9.62178e-05     2.63644e-05     -7.47698e-05     6.88361e-05
1706    1.4642e-05     0.000101729     0.000101729     0.000101729     5.62322e-05     -9.99187e-06     8.39519e-05
1710    1.17136e-05     8.17284e-05     8.17284e-05     8.17284e-05     3.17579e-05     -4.12359e-05     6.22457e-05
1714    5.12471e-06     3.58611e-05     3.58611e-05     3.58611e-05     1.98229e-05     -3.69129e-06     2.96223e-05
1718    8.78521e-06     6.17585e-05     6.17585e-05     6.17585e-05     3.41604e-05     -6.55387e-06     5.10637e-05
1722    1.39099e-05     9.8163e-05     9.8163e-05     9.8163e-05     5.43102e-05     -1.07917e-05     8.12341e-05
1726    1.17136e-05     8.30389e-05     8.30389e-05     8.30389e-05     4.58941e-05     -9.50902e-06     6.87413e-05
1730    8.05311e-06     5.72639e-05     5.72639e-05     5.72639e-05     3.16379e-05     -6.70978e-06     4.74199e-05
1734    1.24457e-05     8.89211e-05     8.89211e-05     8.89211e-05     4.91245e-05     -1.08102e-05     7.36938e-05
1738    1.09815e-05     7.87227e-05     7.87227e-05     7.87227e-05     4.34799e-05     -9.82877e-06     6.52748e-05
1742    1.31778e-05     9.48717e-05     9.48717e-05     9.48717e-05     5.24942e-05     -1.20135e-05     7.87641e-05
1746    1.53741e-05     0.000111072     0.000111072     0.000111072     6.13532e-05     -1.4625e-05     9.22193e-05
1750    9.51731e-06     6.90471e-05     6.90471e-05     6.90471e-05     3.81255e-05     -9.37594e-06     5.73604e-05
1754    5.85681e-06     4.26462e-05     4.26462e-05     4.26462e-05     1.01406e-05     -3.99839e-05     3.03903e-05
1758    1.39099e-05     0.000101766     0.000101766     0.000101766     5.61797e-05     -1.45222e-05     8.464e-05
1762    1.31778e-05     9.6703e-05     9.6703e-05     9.6703e-05     5.33949e-05     -1.41952e-05     8.04967e-05
1766    9.51731e-06     7.01499e-05     7.01499e-05     7.01499e-05     3.86707e-05     -1.06949e-05     5.84056e-05
1770    7.32101e-06     5.41691e-05     5.41691e-05     5.41691e-05     2.98641e-05     -8.42411e-06     4.51272e-05
1774    8.78521e-06     6.52935e-05     6.52935e-05     6.52935e-05     3.60115e-05     -1.03571e-05     5.44356e-05
1778    5.85681e-06     4.3677e-05     4.3677e-05     4.3677e-05     2.40807e-05     -7.08091e-06     3.64296e-05
1782    1.17136e-05     8.76772e-05     8.76772e-05     8.76772e-05     4.84287e-05     -1.43666e-05     7.32189e-05
1786    1.02494e-05     7.70302e-05     7.70302e-05     7.70302e-05     4.24851e-05     -1.30325e-05     6.43403e-05
1790    3.66051e-06     2.76125e-05     2.76125e-05     2.76125e-05     1.76596e-06     -3.98958e-05     1.81358e-05
1794    1.09815e-05     8.3159e-05     8.3159e-05     8.3159e-05     4.59187e-05     -1.44878e-05     6.95591e-05
1798    4.39261e-06     3.33835e-05     3.33835e-05     3.33835e-05     1.84409e-05     -5.91816e-06     2.79439e-05
1802    6.58891e-06     5.03288e-05     5.03288e-05     5.03288e-05     2.7761e-05     -9.25677e-06     4.21455e-05
1806    1.09815e-05     8.41391e-05     8.41391e-05     8.41391e-05     3.2988e-05     -5.13678e-05     6.56541e-05
1810    8.05311e-06     6.19515e-05     6.19515e-05     6.19515e-05     3.4182e-05     -1.18362e-05     5.19473e-05
1814    1.09815e-05     8.47824e-05     8.47824e-05     8.47824e-05     4.67678e-05     -1.64479e-05     7.11179e-05
1818    4.39261e-06     3.40353e-05     3.40353e-05     3.40353e-05     1.87684e-05     -6.74692e-06     2.85651e-05
1822    4.39261e-06     3.4154e-05     3.4154e-05     3.4154e-05     5.38401e-06     -4.29938e-05     2.3886e-05
1826    8.78521e-06     6.85993e-05     6.85993e-05     6.85993e-05     3.78695e-05     -1.40161e-05     5.76609e-05
1830    8.78521e-06     6.88427e-05     6.88427e-05     6.88427e-05     3.8019e-05     -1.43208e-05     5.79111e-05
1834    8.05311e-06     6.3354e-05     6.3354e-05     6.3354e-05     3.50052e-05     -1.34171e-05     5.33389e-05
1838    7.32101e-06     5.78101e-05     5.78101e-05     5.78101e-05     3.19558e-05     -1.23278e-05     4.8693e-05
1842    8.78521e-06     6.9648e-05     6.9648e-05     6.9648e-05     3.84691e-05     -1.52616e-05     5.86969e-05
1846    5.85681e-06     4.65829e-05     4.65829e-05     4.65829e-05     1.23977e-05     -4.67972e-05     3.46128e-05
1850    4.39261e-06     3.50755e-05     3.50755e-05     3.50755e-05     1.94036e-05     -7.88165e-06     2.96076e-05
1854    5.12471e-06     4.10693e-05     4.10693e-05     4.10693e-05     2.27081e-05     -9.35155e-06     3.46752e-05
1858    5.85681e-06     4.71114e-05     4.71114e-05     4.71114e-05     2.6087e-05     -1.08193e-05     3.98148e-05
1862    5.12471e-06     4.13727e-05     4.13727e-05     4.13727e-05     2.29266e-05     -9.65221e-06     3.49966e-05
1866    8.05311e-06     6.52285e-05     6.52285e-05     6.52285e-05     3.61081e-05     -1.55516e-05     5.51919e-05
1870    3.66051e-06     2.9758e-05     2.9758e-05     2.9758e-05     1.64758e-05     -7.18293e-06     2.51925e-05
1874    3.66051e-06     2.98562e-05     2.98562e-05     2.98562e-05     1.65442e-05     -7.2533e-06     2.52914e-05
1878    6.58891e-06     5.39553e-05     5.39553e-05     5.39553e-05     2.99315e-05     -1.32741e-05     4.57502e-05
1882    5.12471e-06     4.21083e-05     4.21083e-05     4.21083e-05     2.33152e-05     -1.06911e-05     3.57154e-05
1886    1.4642e-06     1.20825e-05     1.20825e-05     1.20825e-05     6.69246e-06     -3.0904e-06     1.02526e-05
1890    2.9284e-06     2.42481e-05     2.42481e-05     2.42481e-05     6.48346e-08     -4.40195e-05     1.60617e-05
1894    6.58891e-06     5.47458e-05     5.47458e-05     5.47458e-05     3.03814e-05     -1.43015e-05     4.6531e-05
1898    6.58891e-06     5.49236e-05     5.49236e-05     5.49236e-05     3.05339e-05     -1.44041e-05     4.67257e-05
1902    6.58891e-06     5.51562e-05     5.51562e-05     5.51562e-05     3.06447e-05     -1.47899e-05     4.69501e-05
1906    5.12471e-06     4.30574e-05     4.30574e-05     4.30574e-05     2.39392e-05     -1.16796e-05     3.66789e-05
1910    3.66051e-06     3.08738e-05     3.08738e-05     3.08738e-05     1.71742e-05     -8.46286e-06     2.63166e-05
1914    7.32101e-06     6.19681e-05     6.19681e-05     6.19681e-05     3.44902e-05     -1.71772e-05     5.28569e-05
1918    4.39261e-06     3.73194e-05     3.73194e-05     3.73194e-05     2.078e-05     -1.04299e-05     3.18484e-05
1922    2.9284e-06     2.4953e-05     2.4953e-05     2.4953e-05     1.39034e-05     -7.07179e-06     2.13125e-05
1926    4.39261e-06     3.75513e-05     3.75513e-05     3.75513e-05     2.09433e-05     -1.06768e-05     3.20903e-05
1930    6.58891e-06     5.65339e-05     5.65339e-05     5.65339e-05     3.1553e-05     -1.63063e-05     4.83543e-05
1934    2.1963e-06     1.8916e-05     1.8916e-05     1.8916e-05     1.05553e-05     -5.50421e-06     1.61833e-05
1938    5.85681e-06     5.06001e-05     5.06001e-05     5.06001e-05     2.82637e-05     -1.48943e-05     4.33284e-05
1942    8.05311e-06     6.98126e-05     6.98126e-05     6.98126e-05     3.90079e-05     -2.08646e-05     5.98237e-05
1946    4.39261e-06     3.8222e-05     3.8222e-05     3.8222e-05     2.13856e-05     -1.14981e-05     3.27806e-05
1950    3.66051e-06     3.19874e-05     3.19874e-05     3.19874e-05     1.78904e-05     -9.79839e-06     2.74489e-05
1954    4.39261e-06     3.85035e-05     3.85035e-05     3.85035e-05     2.15433e-05     -1.18734e-05     3.30547e-05
1958    3.66051e-06     3.21944e-05     3.21944e-05     3.21944e-05     1.80332e-05     -9.97777e-06     2.76568e-05
1962    5.85681e-06     5.16733e-05     5.16733e-05     5.16733e-05     2.89882e-05     -1.61438e-05     4.44333e-05
1966    5.12471e-06     4.53646e-05     4.53646e-05     4.53646e-05     2.54284e-05     -1.43662e-05     3.90164e-05
1970    7.32101e-07     6.50993e-06     6.50993e-06     6.50993e-06     3.65324e-06     -2.09615e-06     5.60543e-06
1974    3.66051e-06     3.26249e-05     3.26249e-05     3.26249e-05     1.83084e-05     -1.0505e-05     2.8092e-05
1978    3.66051e-06     3.27864e-05     3.27864e-05     3.27864e-05     5.24671e-06     -5.04997e-05     2.4101e-05
1982    2.1963e-06     1.97492e-05     1.97492e-05     1.97492e-05     1.11069e-05     -6.48799e-06     1.70343e-05
1986    3.66051e-06     3.29667e-05     3.29667e-05     3.29667e-05     1.85435e-05     -1.09216e-05     2.84465e-05
1990    3.66051e-06     3.31183e-05     3.31183e-05     3.31183e-05     1.8656e-05     -1.11259e-05     2.86108e-05
1994    5.12471e-06     4.65134e-05     4.65134e-05     4.65134e-05     2.61688e-05     -1.57263e-05     4.01726e-05
1998    3.66051e-06     3.33104e-05     3.33104e-05     3.33104e-05     1.87094e-05     -1.13581e-05     2.87596e-05
2002    5.12471e-06     4.68142e-05     4.68142e-05     4.68142e-05     4.68142e-05     4.68142e-05     4.68142e-05
2006    2.1963e-06     2.01398e-05     2.01398e-05     2.01398e-05     2.01398e-05     2.01398e-05     2.01398e-05
2010    6.58891e-06     6.05771e-05     6.05771e-05     6.05771e-05     6.05771e-05     6.05771e-05     6.05771e-05
2014    3.66051e-06     3.37511e-05     3.37511e-05     3.37511e-05     3.37511e-05     3.37511e-05     3.37511e-05
2018    1.4642e-06     1.35656e-05     1.35656e-05     1.35656e-05     1.35656e-05     1.35656e-05     1.35656e-05
2022    6.58891e-06     6.12002e-05     6.12002e-05     6.12002e-05     6.12002e-05     6.12002e-05     6.12002e-05
2026    3.66051e-06     3.41091e-05     3.41091e-05     3.41091e-05     3.41091e-05     3.41091e-05     3.41091e-05
2030    1.4642e-06     1.36822e-05     1.36822e-05     1.36822e-05     1.36822e-05     1.36822e-05     1.36822e-05
2034    2.1963e-06     2.05915e-05     2.05915e-05     2.05915e-05     2.05915e-05     2.05915e-05     2.05915e-05
2038    4.39261e-06     4.13405e-05     4.13405e-05     4.13405e-05     4.13405e-05     4.13405e-05     4.13405e-05
2042    7.32101e-06     6.91249e-05     6.91249e-05     6.91249e-05     6.91249e-05     6.91249e-05     6.91249e-05
2046    4.39261e-06     4.15807e-05     4.15807e-05     4.15807e-05     4.15807e-05     4.15807e-05     4.15807e-05
2050    2.1963e-06     2.08644e-05     2.08644e-05     2.08644e-05     2.08644e-05     2.08644e-05     2.08644e-05
2054    2.1963e-06     2.09538e-05     2.09538e-05     2.09538e-05     2.09538e-05     2.09538e-05     2.09538e-05
2058    2.9284e-06     2.8031e-05     2.8031e-05     2.8031e-05     2.8031e-05     2.8031e-05     2.8031e-05
2062    7.32101e-07     7.02656e-06     7.02656e-06     7.02656e-06     7.02656e-06     7.02656e-06     7.02656e-06
2066    3.66051e-06     3.52662e-05     3.52662e-05     3.52662e-05     3.52662e-05     3.52662e-05     3.52662e-05
2070    5.12471e-06     4.94921e-05     4.94921e-05     4.94921e-05     4.94921e-05     4.94921e-05     4.94921e-05
2074    5.85681e-06     5.67831e-05     5.67831e-05     5.67831e-05     5.67831e-05     5.67831e-05     5.67831e-05
2078    2.9284e-06     2.84783e-05     2.84783e-05     2.84783e-05     2.84783e-05     2.84783e-05     2.84783e-05
2082    2.1963e-06     2.14262e-05     2.14262e-05     2.14262e-05     2.14262e-05     2.14262e-05     2.14262e-05
2086    2.9284e-06     2.86689e-05     2.86689e-05     2.86689e-05     2.86689e-05     2.86689e-05     2.86689e-05
2090    1.4642e-06     1.43923e-05     1.43923e-05     1.43923e-05     1.43923e-05     1.43923e-05     1.43923e-05
2094    3.66051e-06     3.6078e-05     3.6078e-05     3.6078e-05     3.6078e-05     3.6078e-05     3.6078e-05
2098    7.32101e-07     7.24268e-06     7.24268e-06     7.24268e-06     7.24268e-06     7.24268e-06     7.24268e-06
2102    2.9284e-06     2.90465e-05     2.90465e-05     2.90465e-05     2.90465e-05     2.90465e-05     2.90465e-05
2106    2.1963e-06     2.18395e-05     2.18395e-05     2.18395e-05     2.18395e-05     2.18395e-05     2.18395e-05
2110    2.1963e-06     2.19226e-05     2.19226e-05     2.19226e-05     2.19226e-05     2.19226e-05     2.19226e-05
2114    1.4642e-06     1.46433e-05     1.46433e-05     1.46433e-05     1.46433e-05     1.46433e-05     1.46433e-05
2118    2.1963e-06     2.20498e-05     2.20498e-05     2.20498e-05     2.20498e-05     2.20498e-05     2.20498e-05
2122    1.4642e-06     1.47431e-05     1.47431e-05     1.47431e-05     1.47431e-05     1.47431e-05     1.47431e-05
2126    2.1963e-06     2.22007e-05     2.22007e-05     2.22007e-05     2.22007e-05     2.22007e-05     2.22007e-05
2130    3.66051e-06     3.71298e-05     3.71298e-05     3.71298e-05     3.71298e-05     3.71298e-05     3.71298e-05
2134    2.1963e-06     2.234e-05     2.234e-05     2.234e-05     2.234e-05     2.234e-05     2.234e-05
2138    7.32101e-07     7.45835e-06     7.45835e-06     7.45835e-06     7.45835e-06     7.45835e-06     7.45835e-06
2142    1.4642e-06     1.49717e-05     1.49717e-05     1.49717e-05     1.49717e-05     1.49717e-05     1.49717e-05
2146    2.1963e-06     2.25219e-05     2.25219e-05     2.25219e-05     2.25219e-05     2.25219e-05     2.25219e-05
2150    4.39261e-06     4.52201e-05     4.52201e-05     4.52201e-05     4.52201e-05     4.52201e-05     4.52201e-05
2154    7.32101e-07     7.56092e-06     7.56092e-06     7.56092e-06     7.56092e-06     7.56092e-06     7.56092e-06
2158    1.4642e-06     1.51584e-05     1.51584e-05     1.51584e-05     1.51584e-05     1.51584e-05     1.51584e-05
2162    1.4642e-06     1.52184e-05     1.52184e-05     1.52184e-05     1.52184e-05     1.52184e-05     1.52184e-05
2166    0     0     0     0     0     0     0
2170    1.4642e-06     1.52924e-05     1.52924e-05     1.52924e-05     1.52924e-05     1.52924e-05     1.52924e-05
2174    2.1963e-06     2.30032e-05     2.30032e-05     2.30032e-05     2.30032e-05     2.30032e-05     2.30032e-05
2178    2.9284e-06     3.08077e-05     3.08077e-05     3.08077e-05     3.08077e-05     3.08077e-05     3.08077e-05
2182    2.1963e-06     2.31618e-05     2.31618e-05     2.31618e-05     2.31618e-05     2.31618e-05     2.31618e-05
2186    7.32101e-07     7.75017e-06     7.75017e-06     7.75017e-06     7.75017e-06     7.75017e-06     7.75017e-06
2190    2.1963e-06     2.33044e-05     2.33044e-05     2.33044e-05     2.33044e-05     2.33044e-05     2.33044e-05
2194    7.32101e-07     7.78525e-06     7.78525e-06     7.78525e-06     7.78525e-06     7.78525e-06     7.78525e-06
2198    7.32101e-07     7.81959e-06     7.81959e-06     7.81959e-06     7.81959e-06     7.81959e-06     7.81959e-06
2202    1.4642e-06     1.56873e-05     1.56873e-05     1.56873e-05     1.56873e-05     1.56873e-05     1.56873e-05
2206    1.4642e-06     1.57178e-05     1.57178e-05     1.57178e-05     1.57178e-05     1.57178e-05     1.57178e-05
2210    1.4642e-06     1.57541e-05     1.57541e-05     1.57541e-05     1.57541e-05     1.57541e-05     1.57541e-05
2214    7.32101e-07     7.90939e-06     7.90939e-06     7.90939e-06     7.90939e-06     7.90939e-06     7.90939e-06
2218    2.1963e-06     2.38019e-05     2.38019e-05     2.38019e-05     2.38019e-05     2.38019e-05     2.38019e-05
2222    7.32101e-07     7.95803e-06     7.95803e-06     7.95803e-06     7.95803e-06     7.95803e-06     7.95803e-06
2226    2.1963e-06     2.39286e-05     2.39286e-05     2.39286e-05     2.39286e-05     2.39286e-05     2.39286e-05
2230    7.32101e-07     8.00547e-06     8.00547e-06     8.00547e-06     8.00547e-06     8.00547e-06     8.00547e-06
2234    2.9284e-06     3.20932e-05     3.20932e-05     3.20932e-05     3.20932e-05     3.20932e-05     3.20932e-05
2238    1.4642e-06     1.61105e-05     1.61105e-05     1.61105e-05     1.61105e-05     1.61105e-05     1.61105e-05
2242    1.4642e-06     1.61488e-05     1.61488e-05     1.61488e-05     1.61488e-05     1.61488e-05     1.61488e-05
2246    7.32101e-07     8.1003e-06     8.1003e-06     8.1003e-06     8.1003e-06     8.1003e-06     8.1003e-06
2250    1.4642e-06     1.62421e-05     1.62421e-05     1.62421e-05     1.62421e-05     1.62421e-05     1.62421e-05
2254    2.9284e-06     3.26144e-05     3.26144e-05     3.26144e-05     3.26144e-05     3.26144e-05     3.26144e-05
2258    7.32101e-07     8.16403e-06     8.16403e-06     8.16403e-06     8.16403e-06     8.16403e-06     8.16403e-06
2262    0     0     0     0     0     0     0
2266    0     0     0     0     0     0     0
2270    2.1963e-06     2.47396e-05     2.47396e-05     2.47396e-05     2.47396e-05     2.47396e-05     2.47396e-05
2274    1.4642e-06     1.65359e-05     1.65359e-05     1.65359e-05     1.65359e-05     1.65359e-05     1.65359e-05
2278    7.32101e-07     8.29512e-06     8.29512e-06     8.29512e-06     8.29512e-06     8.29512e-06     8.29512e-06
2282    1.4642e-06     1.66442e-05     1.66442e-05     1.66442e-05     1.66442e-05     1.66442e-05     1.66442e-05
2286    1.4642e-06     1.6687e-05     1.6687e-05     1.6687e-05     1.6687e-05     1.6687e-05     1.6687e-05
2290    7.32101e-07     8.36043e-06     8.36043e-06     8.36043e-06     8.36043e-06     8.36043e-06     8.36043e-06
2294    0     0     0     0     0     0     0
2298    7.32101e-07     8.41059e-06     8.41059e-06     8.41059e-06     8.41059e-06     8.41059e-06     8.41059e-06
2302    7.32101e-07     8.4274e-06     8.4274e-06     8.4274e-06     8.4274e-06     8.4274e-06     8.4274e-06
2306    1.4642e-06     1.6921e-05     1.6921e-05     1.6921e-05     1.6921e-05     1.6921e-05     1.6921e-05
2310    2.1963e-06     2.54528e-05     2.54528e-05     2.54528e-05     2.54528e-05     2.54528e-05     2.54528e-05
2314    7.32101e-07     8.4992e-06     8.4992e-06     8.4992e-06     8.4992e-06     8.4992e-06     8.4992e-06
2318    0     0     0     0     0     0     0
2322    2.9284e-06     3.41965e-05     3.41965e-05     3.41965e-05     3.41965e-05     3.41965e-05     3.41965e-05
2326    2.1963e-06     2.5735e-05     2.5735e-05     2.5735e-05     2.5735e-05     2.5735e-05     2.5735e-05
2330    1.4642e-06     1.71931e-05     1.71931e-05     1.71931e-05     1.71931e-05     1.71931e-05     1.71931e-05
2334    7.32101e-07     8.61824e-06     8.61824e-06     8.61824e-06     8.61824e-06     8.61824e-06     8.61824e-06
2338    2.1963e-06     2.59666e-05     2.59666e-05     2.59666e-05     2.59666e-05     2.59666e-05     2.59666e-05
2342    7.32101e-07     8.68362e-06     8.68362e-06     8.68362e-06     8.68362e-06     8.68362e-06     8.68362e-06
2346    7.32101e-07     8.70778e-06     8.70778e-06     8.70778e-06     8.70778e-06     8.70778e-06     8.70778e-06
2350    0     0     0     0     0     0     0
2354    7.32101e-07     8.73398e-06     8.73398e-06     8.73398e-06     8.73398e-06     8.73398e-06     8.73398e-06
2358    2.1963e-06     2.63199e-05     2.63199e-05     2.63199e-05     2.63199e-05     2.63199e-05     2.63199e-05
2362    7.32101e-07     8.79361e-06     8.79361e-06     8.79361e-06     8.79361e-06     8.79361e-06     8.79361e-06
2366    7.32101e-07     8.81147e-06     8.81147e-06     8.81147e-06     8.81147e-06     8.81147e-06     8.81147e-06
2370    7.32101e-07     8.84079e-06     8.84079e-06     8.84079e-06     8.84079e-06     8.84079e-06     8.84079e-06
2374    7.32101e-07     8.87156e-06     8.87156e-06     8.87156e-06     8.87156e-06     8.87156e-06     8.87156e-06
2378    1.4642e-06     1.77708e-05     1.77708e-05     1.77708e-05     1.77708e-05     1.77708e-05     1.77708e-05
2382    7.32101e-07     8.92443e-06     8.92443e-06     8.92443e-06     8.92443e-06     8.92443e-06     8.92443e-06
2386    7.32101e-07     8.93264e-06     8.93264e-06     8.93264e-06     8.93264e-06     8.93264e-06     8.93264e-06
2390    1.4642e-06     1.79143e-05     1.79143e-05     1.79143e-05     1.79143e-05     1.79143e-05     1.79143e-05
2394    0     0     0     0     0     0     0
2398    0     0     0     0     0     0     0
2402    0     0     0     0     0     0     0
2406    7.32101e-07     9.0534e-06     9.0534e-06     9.0534e-06     9.0534e-06     9.0534e-06     9.0534e-06
2410    0     0     0     0     0     0     0
2414    0     0     0     0     0     0     0
2418    0     0     0     0     0     0     0
2422    7.32101e-07     9.1612e-06     9.1612e-06     9.1612e-06     9.1612e-06     9.1612e-06     9.1612e-06
2426    7.32101e-07     9.17259e-06     9.17259e-06     9.17259e-06     9.17259e-06     9.17259e-06     9.17259e-06
2430    0     0     0     0     0     0     0
2434    0     0     0     0     0     0     0
2438    7.32101e-07     9.26344e-06     9.26344e-06     9.26344e-06     9.26344e-06     9.26344e-06     9.26344e-06
2442    7.32101e-07     9.26887e-06     9.26887e-06     9.26887e-06     9.26887e-06     9.26887e-06     9.26887e-06
2446    7.32101e-07     9.29395e-06     9.29395e-06     9.29395e-06     9.29395e-06     9.29395e-06     9.29395e-06
2450    0     0     0     0     0     0     0
2454    1.4642e-06     1.87086e-05     1.87086e-05     1.87086e-05     1.87086e-05     1.87086e-05     1.87086e-05
2458    2.1963e-06     2.81335e-05     2.81335e-05     2.81335e-05     2.81335e-05     2.81335e-05     2.81335e-05
2462    7.32101e-07     9.40724e-06     9.40724e-06     9.40724e-06     9.40724e-06     9.40724e-06     9.40724e-06
2466    0     0     0     0     0     0     0
2470    1.4642e-06     1.89089e-05     1.89089e-05     1.89089e-05     1.89089e-05     1.89089e-05     1.89089e-05
2474    0     0     0     0     0     0     0
2478    7.32101e-07     9.4889e-06     9.4889e-06     9.4889e-06     9.4889e-06     9.4889e-06     9.4889e-06
2482    0     0     0     0     0     0     0
2486    0     0     0     0     0     0     0
2490    0     0     0     0     0     0     0
2494    7.32101e-07     9.59517e-06     9.59517e-06     9.59517e-06     9.59517e-06     9.59517e-06     9.59517e-06
2498    0     0     0     0     0     0     0
2502    1.4642e-06     1.92952e-05     1.92952e-05     1.92952e-05     1.92952e-05     1.92952e-05     1.92952e-05
2506    0     0     0     0     0     0     0
2510    7.32101e-07     9.70615e-06     9.70615e-06     9.70615e-06     9.70615e-06     9.70615e-06     9.70615e-06
2514    7.32101e-07     9.70714e-06     9.70714e-06     9.70714e-06     9.70714e-06     9.70714e-06     9.70714e-06
2518    7.32101e-07     9.73817e-06     9.73817e-06     9.73817e-06     9.73817e-06     9.73817e-06     9.73817e-06
2522    1.4642e-06     1.95356e-05     1.95356e-05     1.95356e-05     1.95356e-05     1.95356e-05     1.95356e-05
2526    2.1963e-06     2.93757e-05     2.93757e-05     2.93757e-05     2.93757e-05     2.93757e-05     2.93757e-05
2530    7.32101e-07     9.82222e-06     9.82222e-06     9.82222e-06     9.82222e-06     9.82222e-06     9.82222e-06
2534    0     0     0     0     0     0     0
2538    0     0     0     0     0     0     0
2542    0     0     0     0     0     0     0
2546    7.32101e-07     9.92128e-06     9.92128e-06     9.92128e-06     9.92128e-06     9.92128e-06     9.92128e-06
2550    0     0     0     0     0     0     0
2554    0     0     0     0     0     0     0
2558    0     0     0     0     0     0     0
2562    7.32101e-07     1.0006e-05     1.0006e-05     1.0006e-05     1.0006e-05     1.0006e-05     1.0006e-05
2566    0     0     0     0     0     0     0
2570    7.32101e-07     1.0064e-05     1.0064e-05     1.0064e-05     1.0064e-05     1.0064e-05     1.0064e-05
2574    0     0     0     0     0     0     0
2578    0     0     0     0     0     0     0
2582    1.4642e-06     2.02861e-05     2.02861e-05     2.02861e-05     2.02861e-05     2.02861e-05     2.02861e-05
2586    0     0     0     0     0     0     0
2590    0     0     0     0     0     0     0
2594    0     0     0     0     0     0     0
2598    0     0     0     0     0     0     0
2602    7.32101e-07     1.02514e-05     1.02514e-05     1.02514e-05     1.02514e-05     1.02514e-05     1.02514e-05
2606    0     0     0     0     0     0     0
2610    7.32101e-07     1.02993e-05     1.02993e-05     1.02993e-05     1.02993e-05     1.02993e-05     1.02993e-05
2614    7.32101e-07     1.03279e-05     1.03279e-05     1.03279e-05     1.03279e-05     1.03279e-05     1.03279e-05
2618    0     0     0     0     0     0     0
2622    7.32101e-07     1.03966e-05     1.03966e-05     1.03966e-05     1.03966e-05     1.03966e-05     1.03966e-05
2626    0     0     0     0     0     0     0
2630    7.32101e-07     1.04306e-05     1.04306e-05     1.04306e-05     1.04306e-05     1.04306e-05     1.04306e-05
2634    0     0     0     0     0     0     0
2638    0     0     0     0     0     0     0
2642    0     0     0     0     0     0     0
2646    0     0     0     0     0     0     0
2650    0     0     0     0     0     0     0
2654    7.32101e-07     1.05734e-05     1.05734e-05     1.05734e-05     1.05734e-05     1.05734e-05     1.05734e-05
2658    7.32101e-07     1.06182e-05     1.06182e-05     1.06182e-05     1.06182e-05     1.06182e-05     1.06182e-05
2662    0     0     0     0     0     0     0
2666    7.32101e-07     1.06698e-05     1.06698e-05     1.06698e-05     1.06698e-05     1.06698e-05     1.06698e-05
2670    0     0     0     0     0     0     0
2674    0     0     0     0     0     0     0
2678    0     0     0     0     0     0     0
2682    7.32101e-07     1.07633e-05     1.07633e-05     1.07633e-05     1.07633e-05     1.07633e-05     1.07633e-05
2686    1.4642e-06     2.15718e-05     2.15718e-05     2.15718e-05     2.15718e-05     2.15718e-05     2.15718e-05
2690    1.4642e-06     2.16246e-05     2.16246e-05     2.16246e-05     2.16246e-05     2.16246e-05     2.16246e-05
2694    0     0     0     0     0     0     0
2698    7.32101e-07     1.087e-05     1.087e-05     1.087e-05     1.087e-05     1.087e-05     1.087e-05
2702    0     0     0     0     0     0     0
2706    0     0     0     0     0     0     0
2710    0     0     0     0     0     0     0
2714    7.32101e-07     1.09541e-05     1.09541e-05     1.09541e-05     1.09541e-05     1.09541e-05     1.09541e-05
2718    0     0     0     0     0     0     0
2722    0     0     0     0     0     0     0
2726    0     0     0     0     0     0     0
2730    0     0     0     0     0     0     0
2734    0     0     0     0     0     0     0
2738    0     0     0     0     0     0     0
2742    7.32101e-07     1.11339e-05     1.11339e-05     1.11339e-05     1.11339e-05     1.11339e-05     1.11339e-05
2746    7.32101e-07     1.1165e-05     1.1165e-05     1.1165e-05     1.1165e-05     1.1165e-05     1.1165e-05
2750    0     0     0     0     0     0     0
2754    0     0     0     0     0     0     0
2758    7.32101e-07     1.12215e-05     1.12215e-05     1.12215e-05     1.12215e-05     1.12215e-05     1.12215e-05
2762    0     0     0     0     0     0     0
2766    0     0     0     0     0     0     0
2770    0     0     0     0     0     0     0
2774    0     0     0     0     0     0     0
2778    0     0     0     0     0     0     0
2782    0     0     0     0     0     0     0
2786    7.32101e-07     1.14124e-05     1.14124e-05     1.14124e-05     1.14124e-05     1.14124e-05     1.14124e-05
2790    0     0     0     0     0     0     0
2794    0     0     0     0     0     0     0
2798    0     0     0     0     0     0     0
2802    0     0     0     0     0     0     0
2806    0     0     0     0     0     0     0
2810    0     0     0     0     0     0     0
2814    7.32101e-07     1.15944e-05     1.15944e-05     1.15944e-05     1.15944e-05     1.15944e-05     1.15944e-05
2818    0     0     0     0     0     0     0
2822    0     0     0     0     0     0     0
2826    0     0     0     0     0     0     0
2830    0     0     0     0     0     0     0
2834    2.1963e-06     3.51043e-05     3.51043e-05     3.51043e-05     3.51043e-05     3.51043e-05     3.51043e-05
2838    7.32101e-07     1.17297e-05     1.17297e-05     1.17297e-05     1.17297e-05     1.17297e-05     1.17297e-05
2842    0     0     0     0     0     0     0
2846    0     0     0     0     0     0     0
2850    0     0     0     0     0     0     0
2854    0     0     0     0     0     0     0
2858    0     0     0     0     0     0     0
2862    0     0     0     0     0     0     0
2866    0     0     0     0     0     0     0
2870    7.32101e-07     1.19404e-05     1.19404e-05     1.19404e-05     1.19404e-05     1.19404e-05     1.19404e-05
2874    0     0     0     0     0     0     0
2878    0     0     0     0     0     0     0
2882    0     0     0     0     0     0     0
2886    0     0     0     0     0     0     0
2890    0     0     0     0     0     0     0
2894    0     0     0     0     0     0     0
2898    2.1963e-06     3.63482e-05     3.63482e-05     3.63482e-05     3.63482e-05     3.63482e-05     3.63482e-05
2902    0     0     0     0     0     0     0
2906    0     0     0     0     0     0     0
2910    0     0     0     0     0     0     0
2914    0     0     0     0     0     0     0
2918    0     0     0     0     0     0     0
2922    0     0     0     0     0     0     0
2926    0     0     0     0     0     0     0
2930    0     0     0     0     0     0     0
2934    0     0     0     0     0     0     0
2938    0     0     0     0     0     0     0
2942    0     0     0     0     0     0     0
2946    0     0     0     0     0     0     0
2950    7.32101e-07     1.24569e-05     1.24569e-05     1.24569e-05     1.24569e-05     1.24569e-05     1.24569e-05
2954    0     0     0     0     0     0     0
2958    0     0     0     0     0     0     0
2962    0     0     0     0     0     0     0
2966    0     0     0     0     0     0     0
2970    7.32101e-07     1.25796e-05     1.25796e-05     1.25796e-05     1.25796e-05     1.25796e-05     1.25796e-05
2974    0     0     0     0     0     0     0
2978    0     0     0     0     0     0     0
2982    7.32101e-07     1.26433e-05     1.26433e-05     1.26433e-05     1.26433e-05     1.26433e-05     1.26433e-05
2986    0     0     0     0     0     0     0
2990    0     0     0     0     0     0     0
2994    0     0     0     0     0     0     0
2998    0     0     0     0     0     0     0
3002    7.32101e-07     1.27821e-05     1.27821e-05     1.27821e-05     1.27821e-05     1.27821e-05     1.27821e-05
3006    7.32101e-07     1.28141e-05     1.28141e-05     1.28141e-05     1.28141e-05     1.28141e-05     1.28141e-05
3010    0     0     0     0     0     0     0
3014    0     0     0     0     0     0     0
3018    0     0     0     0     0     0     0
3022    0     0     0     0     0     0     0
3026    0     0     0     0     0     0     0
3030    0     0     0     0     0     0     0
3034    7.32101e-07     1.29805e-05     1.29805e-05     1.29805e-05     1.29805e-05     1.29805e-05     1.29805e-05
3038    0     0     0     0     0     0     0
3042    0     0     0     0     0     0     0
3046    0     0     0     0     0     0     0
3050    0     0     0     0     0     0     0
3054    0     0     0     0     0     0     0
3058    0     0     0     0     0     0     0
3062    0     0     0     0     0     0     0
3066    0     0     0     0     0     0     0
3070    0     0     0     0     0     0     0
3074    0     0     0     0     0     0     0
3078    0     0     0     0     0     0     0
3082    0     0     0     0     0     0     0
3086    0     0     0     0     0     0     0
3090    0     0     0     0     0     0     0
3094    0     0     0     0     0     0     0
3098    0     0     0     0     0     0     0
3102    0     0     0     0     0     0     0
3106    0     0     0     0     0     0     0
3110    0     0     0     0     0     0     0
3114    0     0     0     0     0     0     0
3118    0     0     0     0     0     0     0
3122    0     0     0     0     0     0     0
3126    0     0     0     0     0     0     0
3130    0     0     0     0     0     0     0
3134    7.32101e-07     1.36215e-05     1.36215e-05     1.36215e-05     1.36215e-05     1.36215e-05     1.36215e-05
3138    0     0     0     0     0     0     0
3142    0     0     0     0     0     0     0
3146    0     0     0     0     0     0     0
3150    0     0     0     0     0     0     0
3154    0     0     0     0     0     0     0
3158    0     0     0     0     0     0     0
3162    0     0     0     0     0     0     0
3166    0     0     0     0     0     0     0
3170    0     0     0     0     0     0     0
3174    0     0     0     0     0     0     0
3178    0     0     0     0     0     0     0
3182    0     0     0     0     0     0     0
3186    0     0     0     0     0     0     0
3190    0     0     0     0     0     0     0
3194    0     0     0     0     0     0     0
3198    0     0     0     0     0     0     0
3202    0     0     0     0     0     0     0
3206    0     0     0     0     0     0     0
3210    0     0     0     0     0     0     0
3214    0     0     0     0     0     0     0
3218    0     0     0     0     0     0     0
3222    0     0     0     0     0     0     0
3226    0     0     0     0     0     0     0
3230    0     0     0     0     0     0     0
3234    0     0     0     0     0     0     0
3238    0     0     0     0     0     0     0
3242    0     0     0     0     0     0     0
3246    0     0     0     0     0     0     0
3250    0     0     0     0     0     0     0
3254    0     0     0     0     0     0     0
3258    0     0     0     0     0     0     0
3262    0     0     0     0     0     0     0
3266    0     0     0     0     0     0     0
3270    0     0     0     0     0     0     0
3274    7.32101e-07     1.45325e-05     1.45325e-05     1.45325e-05     1.45325e-05     1.45325e-05     1.45325e-05
3278    0     0     0     0     0     0     0
3282    0     0     0     0     0     0     0
3286    0     0     0     0     0     0     0
3290    0     0     0     0     0     0     0
3294    0     0     0     0     0     0     0
3298    0     0     0     0     0     0     0
3302    0     0     0     0     0     0     0
3306    0     0     0     0     0     0     0
3310    0     0     0     0     0     0     0
3314    0     0     0     0     0     0     0
3318    0     0     0     0     0     0     0
3322    0     0     0     0     0     0     0
3326    0     0     0     0     0     0     0
3330    0     0     0     0     0     0     0
3334    0     0     0     0     0     0     0
3338    0     0     0     0     0     0     0
3342    0     0     0     0     0     0     0
3346    0     0     0     0     0     0     0
3350    0     0     0     0     0     0     0
3354    0     0     0     0     0     0     0
3358    0     0     0     0     0     0     0
3362    0     0     0     0     0     0     0
3366    0     0     0     0     0     0     0
3370    0     0     0     0     0     0     0
3374    0     0     0     0     0     0     0
3378    0     0     0     0     0     0     0
3382    0     0     0     0     0     0     0
3386    0     0     0     0     0     0     0
3390    0     0     0     0     0     0     0
3394    0     0     0     0     0     0     0
3398    0     0     0     0     0     0     0
3402    0     0     0     0     0     0     0
3406    0     0     0     0     0     0     0
3410    0     0     0     0     0     0     0
3414    0     0     0     0     0     0     0
3418    0     0     0     0     0     0     0
3422    0     0     0     0     0     0     0
3426    0     0     0     0     0     0     0
3430    0     0     0     0     0     0     0
3434    0     0     0     0     0     0     0
3438    0     0     0     0     0     0     0
3442    0     0     0     0     0     0     0
3446    0     0     0     0     0     0     0
3450    0     0     0     0     0     0     0
3454    0     0     0     0     0     0     0
3458    0     0     0     0     0     0     0
3462    0     0     0     0     0     0     0
3466    0     0     0     0     0     0     0
3470    0     0     0     0     0     0     0
3474    0     0     0     0     0     0     0
3478    0     0     0     0     0     0     0
3482    0     0     0     0     0     0     0
3486    0     0     0     0     0     0     0
3490    0     0     0     0     0     0     0
3494    0     0     0     0     0     0     0
3498    0     0     0     0     0     0     0
3502    0     0     0     0     0     0     0
3506    0     0     0     0     0     0     0
3510    0     0     0     0     0     0     0
3514    0     0     0     0     0     0     0
3518    0     0     0     0     0     0     0
3522    0     0     0     0     0     0     0
3526    0     0     0     0     0     0     0
3530    0     0     0     0     0     0     0
3534    0     0     0     0     0     0     0
3538    0     0     0     0     0     0     0
3542    0     0     0     0     0     0     0
3546    0     0     0     0     0     0     0
3550    0     0     0     0     0     0     0
3554    0     0     0     0     0     0     0
3558    0     0     0     0     0     0     0
3562    0     0     0     0     0     0     0
3566    0     0     0     0     0     0     0
3570    0     0     0     0     0     0     0
3574    0     0     0     0     0     0     0
3578    0     0     0     0     0     0     0
3582    0     0     0     0     0     0     0
3586    0     0     0     0     0     0     0
3590    0     0     0     0     0     0     0
3594    0     0     0     0     0     0     0
3598    0     0     0     0     0     0     0
3602    0     0     0     0     0     0     0
3606    0     0     0     0     0     0     0
3610    0     0     0     0     0     0     0
3614    0     0     0     0     0     0     0
3618    0     0     0     0     0     0     0
3622    0     0     0     0     0     0     0
3626    0     0     0     0     0     0     0
3630    0     0     0     0     0     0     0
3634    0     0     0     0     0     0     0
3638    0     0     0     0     0     0     0
3642    0     0     0     0     0     0     0
3646    0     0     0     0     0     0     0
3650    0     0     0     0     0     0     0
3654    0     0     0     0     0     0     0
3658    0     0     0     0     0     0     0
3662    0     0     0     0     0     0     0
3666    0     0     0     0     0     0     0
3670    0     0     0     0     0     0     0
3674    0     0     0     0     0     0     0
3678    0     0     0     0     0     0     0
3682    0     0     0     0     0     0     0
3686    0     0     0     0     0     0     0
3690    0     0     0     0     0     0     0
3694    0     0     0     0     0     0     0
3698    0     0     0     0     0     0     0
3702    0     0     0     0     0     0     0
3706    0     0     0     0     0     0     0
3710    0     0     0     0     0     0     0
3714    0     0     0     0     0     0     0
3718    0     0     0     0     0     0     0
3722    0     0     0     0     0     0     0
3726    0     0     0     0     0     0     0
3730    0     0     0     0     0     0     0
3734    0     0     0     0     0     0     0
3738    0     0     0     0     0     0     0
3742    0     0     0     0     0     0     0
3746    0     0     0     0     0     0     0
3750    0     0     0     0     0     0     0
3754    0     0     0     0     0     0     0
3758    0     0     0     0     0     0     0
3762    0     0     0     0     0     0     0
3766    0     0     0     0     0     0     0
3770    0     0     0     0     0     0     0
3774    0     0     0     0     0     0     0
3778    0     0     0     0     0     0     0
3782    0     0     0     0     0     0     0
3786    0     0     0     0     0     0     0
3790    0     0     0     0     0     0     0
3794    0     0     0     0     0     0     0
3798    0     0     0     0     0     0     0
3802    0     0     0     0     0     0     0
3806    0     0     0     0     0     0     0
3810    0     0     0     0     0     0     0
3814    0     0     0     0     0     0     0
3818    0     0     0     0     0     0     0
3822    0     0     0     0     0     0     0
3826    0     0     0     0     0     0     0
3830    0     0     0     0     0     0     0
3834    0     0     0     0     0     0     0
3838    0     0     0     0     0     0     0
3842    0     0     0     0     0     0     0
3846    0     0     0     0     0     0     0
3850    0     0     0     0     0     0     0
3854    0     0     0     0     0     0     0
3858    0     0     0     0     0     0     0
3862    0     0     0     0     0     0     0
3866    0     0     0     0     0     0     0
3870    0     0     0     0     0     0     0
3874    0     0     0     0     0     0     0
3878    0     0     0     0     0     0     0
3882    0     0     0     0     0     0     0
3886    7.32101e-07     1.85444e-05     1.85444e-05     1.85444e-05     1.85444e-05     1.85444e-05     1.85444e-05
3890    0     0     0     0     0     0     0
3894    0     0     0     0     0     0     0
3898    0     0     0     0     0     0     0
3902    0     0     0     0     0     0     0
3906    0     0     0     0     0     0     0
3910    0     0     0     0     0     0     0
3914    0     0     0     0     0     0     0
3918    0     0     0     0     0     0     0
3922    0     0     0     0     0     0     0
3926    0     0     0     0     0     0     0
3930    0     0     0     0     0     0     0
3934    0     0     0     0     0     0     0
3938    0     0     0     0     0     0     0
3942    0     0     0     0     0     0     0
3946    0     0     0     0     0     0     0
3950    0     0     0     0     0     0     0
3954    0     0     0     0     0     0     0
3958    0     0     0     0     0     0     0
3962    0     0     0     0     0     0     0
3966    0     0     0     0     0     0     0
3970    0     0     0     0     0     0     0
3974    0     0     0     0     0     0     0
3978    0     0     0     0     0     0     0
3982    0     0     0     0     0     0     0
3986    0     0     0     0     0     0     0
3990    0     0     0     0     0     0     0
3994    0     0     0     0     0     0     0
3998    0     0     0     0     0     0     0
