2    0     0     0     0     0     0     0
6    0     0     0     0     0     0     0
10    0     0     0     0     0     0     0
14    0     0     0     0     0     0     0
18    0     0     0     0     0     0     0
22    0     0     0     0     0     0     0
26    3.34604e-05     7.417e-09     7.417e-09     7.417e-09     7.417e-09     7.417e-09     7.417e-09
30    4.58886e-05     8.34289e-09     8.34289e-09     8.34289e-09     8.34289e-09     8.34289e-09     8.34289e-09
34    4.78006e-05     7.3396e-09     7.3396e-09     7.3396e-09     7.3396e-09     7.3396e-09     7.3396e-09
38    6.59648e-05     8.70572e-09     8.70572e-09     8.70572e-09     8.70572e-09     8.70572e-09     8.70572e-09
42    6.50088e-05     7.47188e-09     7.47188e-09     7.47188e-09     7.47188e-09     7.47188e-09     7.47188e-09
46    7.36129e-05     7.51309e-09     7.51309e-09     7.51309e-09     7.51309e-09     7.51309e-09     7.51309e-09
50    8.6041e-05     7.85274e-09     7.85274e-09     7.85274e-09     7.85274e-09     7.85274e-09     7.85274e-09
54    9.27331e-05     7.70972e-09     7.70972e-09     7.70972e-09     7.70972e-09     7.70972e-09     7.70972e-09
58    9.65572e-05     7.34471e-09     7.34471e-09     7.34471e-09     7.34471e-09     7.34471e-09     7.34471e-09
62    0.000110897     7.86442e-09     7.86442e-09     7.86442e-09     7.86442e-09     7.86442e-09     7.86442e-09
66    0.000120457     7.9848e-09     7.9848e-09     7.9848e-09     7.9848e-09     7.9848e-09     7.9848e-09
70    0.000125238     7.8957e-09     7.8957e-09     7.8957e-09     7.8957e-09     7.8957e-09     7.8957e-09
74    0.00013671     8.27736e-09     8.27736e-09     8.27736e-09     8.27736e-09     8.27736e-09     8.27736e-09
78    0.000148182     8.65793e-09     8.65793e-09     8.65793e-09     8.65793e-09     8.65793e-09     8.65793e-09
82    0.000149138     8.52728e-09     8.52728e-09     8.52728e-09     8.52728e-09     8.52728e-09     8.52728e-09
86    0.00016061     9.04117e-09     9.04117e-09     9.04117e-09     9.04117e-09     9.04117e-09     9.04117e-09
90    0.000168258     9.39689e-09     9.39689e-09     9.39689e-09     9.39689e-09     9.39689e-09     9.39689e-09
94    0.000204586     1.14061e-08     1.14061e-08     1.14061e-08     1.14061e-08     1.14061e-08     1.14061e-08
98    0.000210323     1.17736e-08     1.17736e-08     1.17736e-08     1.17736e-08     1.17736e-08     1.17736e-08
102    0.00019407     1.0952e-08     1.0952e-08     1.0952e-08     1.0952e-08     1.0952e-08     1.0952e-08
106    0.000219883     1.25853e-08     1.25853e-08     1.25853e-08     1.25853e-08     1.25853e-08     1.25853e-08
110    0.000217971     1.27545e-08     1.27545e-08     1.27545e-08     1.27545e-08     1.27545e-08     1.27545e-08
114    0.000227531     1.37966e-08     1.37966e-08     1.37966e-08     1.37966e-08     1.37966e-08     1.37966e-08
118    0.000219883     1.40634e-08     1.40634e-08     1.40634e-08     1.40634e-08     1.40634e-08     1.40634e-08
122    0.000256211     1.75852e-08     1.75852e-08     1.75852e-08     1.75852e-08     1.75852e-08     1.75852e-08
126    0.000252387     1.91167e-08     1.91167e-08     1.91167e-08     1.91167e-08     1.91167e-08     1.91167e-08
130    0.000252387     2.16229e-08     2.16229e-08     2.16229e-08     2.16229e-08     2.16229e-08     2.16229e-08
134    0.000272463     2.6993e-08     2.6993e-08     2.6993e-08     2.6993e-08     2.6993e-08     2.6993e-08
138    0.0003021     3.60407e-08     3.60407e-08     3.60407e-08     3.60407e-08     3.60407e-08     3.60407e-08
142    0.00029732     4.40932e-08     4.40932e-08     4.40932e-08     4.40932e-08     4.40932e-08     4.40932e-08
146    0.000298276     5.77096e-08     5.77096e-08     5.77096e-08     5.77096e-08     5.77096e-08     5.77096e-08
150    0.000293496     7.75696e-08     7.75696e-08     7.75696e-08     7.75696e-08     7.75696e-08     7.75696e-08
154    0.000278199     1.11347e-07     1.11347e-07     1.11347e-07     1.11347e-07     1.11347e-07     1.11347e-07
158    0.000299232     2.29161e-07     2.29161e-07     2.29161e-07     2.29161e-07     2.29161e-07     2.29161e-07
162    0.000274375     5.53094e-07     5.53094e-07     5.53094e-07     5.53094e-07     5.53094e-07     5.53094e-07
166    0.000351812     1.32372e-06     1.32372e-06     1.32372e-06     1.32372e-06     1.32372e-06     1.32372e-06
170    0.00034034     1.72524e-06     1.72524e-06     1.72524e-06     1.72524e-06     1.72524e-06     1.72524e-06
174    0.00033078     2.05738e-06     2.05738e-06     2.05738e-06     2.05738e-06     2.05738e-06     2.05738e-06
178    0.00034512     2.53298e-06     2.53298e-06     2.53298e-06     2.53298e-06     2.53298e-06     2.53298e-06
182    0.000365196     3.22247e-06     3.22247e-06     3.22247e-06     3.22247e-06     3.22247e-06     3.22247e-06
186    0.000353724     3.76831e-06     3.76831e-06     3.76831e-06     3.76831e-06     3.76831e-06     3.76831e-06
190    0.000378581     4.69735e-06     4.69735e-06     4.69735e-06     4.69735e-06     4.69735e-06     4.69735e-06
194    0.000382405     5.36018e-06     5.36018e-06     5.36018e-06     5.36018e-06     5.36018e-06     5.36018e-06
198    0.000371889     5.76072e-06     5.76072e-06     5.76072e-06     5.76072e-06     5.76072e-06     5.76072e-06
202    0.000385273     6.52341e-06     6.52341e-06     6.52341e-06     6.52341e-06     6.52341e-06     6.52341e-06
206    0.000421601     7.75206e-06     7.75206e-06     7.75206e-06     7.75206e-06     7.75206e-06     7.75206e-06
210    0.000390053     7.79224e-06     7.79224e-06     7.79224e-06     0.000152166     0.000212164     0.000110396
214    0.000412997     8.84835e-06     8.84835e-06     8.84835e-06     0.000291139     0.000408526     0.00020942
218    0.000449325     1.0328e-05     1.0328e-05     1.0328e-05     0.000295067     0.000413697     0.000212506
222    0.000455062     1.11418e-05     1.11418e-05     1.11418e-05     0.00029372     0.000411739     0.000211574
226    0.000430205     1.12124e-05     1.12124e-05     1.12124e-05     0.000282674     0.000396136     0.00020366
230    0.000435941     1.2074e-05     1.2074e-05     1.2074e-05     0.00028621     0.000400843     0.000206369
234    0.000408217     1.19742e-05     1.19742e-05     1.19742e-05     0.000284593     0.000398632     0.000205148
238    0.000421601     1.30988e-05     1.30988e-05     1.30988e-05     0.000269923     0.000377409     0.00019499
242    0.000482786     1.5839e-05     1.5839e-05     1.5839e-05     0.000269677     0.000376012     0.000195474
246    0.000479918     1.6596e-05     1.6596e-05     1.6596e-05     0.000272361     0.000379622     0.000197494
250    0.000482786     1.75439e-05     1.75439e-05     1.75439e-05     0.00026231     0.000364921     0.000190656
254    0.000461754     1.76816e-05     1.76816e-05     1.76816e-05     0.000256024     0.000355779     0.000186294
258    0.000469402     1.88525e-05     1.88525e-05     1.88525e-05     0.000260933     0.000361974     0.000190173
262    0.00051529     2.17145e-05     2.17145e-05     2.17145e-05     0.000265756     0.000367434     0.000194461
266    0.000523894     2.3129e-05     2.3129e-05     2.3129e-05     0.00025185     0.00034722     0.000184989
270    0.000516246     2.38387e-05     2.38387e-05     2.38387e-05     0.000238713     0.00032844     0.000175789
274    0.000559267     2.69922e-05     2.69922e-05     2.69922e-05     0.000241102     0.000330656     0.00017828
278    0.00050095     2.52498e-05     2.52498e-05     2.52498e-05     0.000243288     0.000334614     0.000179231
282    0.00050573     2.65932e-05     2.65932e-05     2.65932e-05     0.000235007     0.000322308     0.000173709
286    0.000565003     3.09591e-05     3.09591e-05     3.09591e-05     0.000234132     0.000319106     0.000174438
290    0.000550663     3.14323e-05     3.14323e-05     3.14323e-05     0.000229142     0.000311848     0.000171029
294    0.000567871     3.36659e-05     3.36659e-05     3.36659e-05     0.000235357     0.000319847     0.000175983
298    0.000539191     3.32476e-05     3.32476e-05     3.32476e-05     0.0002319     0.000315291     0.000173283
302    0.000546839     3.49707e-05     3.49707e-05     3.49707e-05     0.00022314     0.000302216     0.000167545
306    0.000570739     3.79256e-05     3.79256e-05     3.79256e-05     0.000224864     0.000303356     0.000169661
310    0.000597507     4.11325e-05     4.11325e-05     4.11325e-05     0.000225208     0.000302415     0.000170867
314    0.00061854     4.41331e-05     4.41331e-05     4.41331e-05     0.000231841     0.000310487     0.000176439
318    0.00064244     4.74147e-05     4.74147e-05     4.74147e-05     0.000230351     0.000306933     0.000176363
322    0.000599419     4.58365e-05     4.58365e-05     4.58365e-05     0.000233347     0.000311758     0.000177999
326    0.000554487     4.37577e-05     4.37577e-05     4.37577e-05     0.000237859     0.000318899     0.000180607
330    0.000676856     5.5168e-05     5.5168e-05     5.5168e-05     0.000235942     0.000311217     0.000182709
334    0.000646264     5.43354e-05     5.43354e-05     5.43354e-05     0.0002435     0.000321921     0.00018795
338    0.000606111     5.25526e-05     5.25526e-05     5.25526e-05     0.000233735     0.000308364     0.000180735
342    0.000652     5.8366e-05     5.8366e-05     5.8366e-05     0.000241337     0.000315864     0.000188198
346    0.000693108     6.41279e-05     6.41279e-05     6.41279e-05     0.000245566     0.000318387     0.0001934
350    0.000648176     6.23507e-05     6.23507e-05     6.23507e-05     0.000243236     0.000315458     0.000191397
354    0.000649132     6.52949e-05     6.52949e-05     6.52949e-05     0.000250433     0.000324487     0.000197289
358    0.000713185     7.52335e-05     7.52335e-05     7.52335e-05     0.000275853     0.00035655     0.000218032
362    0.000702669     7.76258e-05     7.76258e-05     7.76258e-05     0.000283284     0.000366787     0.000223579
366    0.000673032     7.76366e-05     7.76366e-05     7.76366e-05     0.000282775     0.000366418     0.00022302
370    0.000681636     8.20846e-05     8.20846e-05     8.20846e-05     0.000299672     0.000388742     0.000236076
374    0.000702669     8.82088e-05     8.82088e-05     8.82088e-05     0.000311644     0.000403511     0.000246104
378    0.000689284     9.03744e-05     9.03744e-05     9.03744e-05     0.000289546     0.000371895     0.000230881
382    0.000747601     0.000101968     0.000101968     0.000101968     0.000325679     0.000418851     0.000259398
386    0.000769589     0.000109044     0.000109044     0.000109044     0.00033556     0.000430363     0.000268191
390    0.000732305     0.000107537     0.000107537     0.000107537     0.000339188     0.000436582     0.000270053
394    0.000770545     0.000117171     0.000117171     0.000117171     0.000358698     0.000460634     0.000286403
398    0.00081261     0.000127739     0.000127739     0.000127739     0.000351327     0.000446051     0.0002842
402    0.000745689     0.000121153     0.000121153     0.000121153     0.000350717     0.000448501     0.000281508
406    0.000780105     0.000130906     0.000130906     0.000130906     0.000372523     0.000475866     0.000299448
410    0.000808786     0.000140032     0.000140032     0.000140032     0.000381351     0.000484972     0.00030814
414    0.000797314     0.000142282     0.000142282     0.000142282     0.000371295     0.000469978     0.00030162
418    0.000853718     0.000156826     0.000156826     0.000156826     0.000389032     0.00048942     0.000318192
422    0.000824082     0.000155617     0.000155617     0.000155617     0.000393902     0.00049747     0.000320911
426    0.000804006     0.000155996     0.000155996     0.000155996     0.000392777     0.000496116     0.000320012
430    0.000869015     0.000173048     0.000173048     0.000173048     0.000404328     0.000505605     0.000333066
434    0.000842246     0.000172221     0.000172221     0.000172221     0.000425006     0.000535999     0.00034695
438    0.000907255     0.00019024     0.00019024     0.00019024     0.000438928     0.000548371     0.000361996
442    0.000938803     0.000201812     0.000201812     0.000201812     0.000434264     0.000537097     0.000362071
446    0.000911079     0.000200712     0.000200712     0.000200712     0.000453068     0.000565306     0.000374378
450    0.000921595     0.00020774     0.00020774     0.00020774     0.000445294     0.000551425     0.000370966
454    0.000981824     0.000226322     0.000226322     0.000226322     0.00047491     0.000586336     0.00039693
458    0.000950276     0.000224006     0.000224006     0.000224006     0.00049316     0.000614057     0.000408586
462    0.000912991     0.000219914     0.000219914     0.000219914     0.000463905     0.000573566     0.000387183
466    0.000976088     0.000240189     0.000240189     0.000240189     0.000494529     0.000608792     0.000414541
470    0.00101433     0.00025503     0.00025503     0.00025503     0.000514036     0.000630415     0.000432544
474    0.00107934     0.000276969     0.000276969     0.000276969     0.000533886     0.00064943     0.000452979
478    0.00102962     0.000269454     0.000269454     0.000269454     0.00051443     0.000624799     0.000437164
482    0.0010105     0.000269787     0.000269787     0.000269787     0.00052935     0.00064682     0.000447207
486    0.00104396     0.000284153     0.000284153     0.000284153     0.000565285     0.000693015     0.000476062
490    0.00103632     0.000287512     0.000287512     0.000287512     0.000544596     0.00066173     0.000462824
494    0.0010583     0.000299167     0.000299167     0.000299167     0.000560102     0.000679231     0.000476967
498    0.00109941     0.000316518     0.000316518     0.000316518     0.000602897     0.000733791     0.00051156
502    0.00112905     0.000330956     0.000330956     0.000330956     0.000597178     0.000719159     0.000512122
506    0.00110324     0.000329148     0.000329148     0.000329148     0.000614027     0.000744921     0.000522795
510    0.00112905     0.000343039     0.000343039     0.000343039     0.000607484     0.000729401     0.000522574
514    0.00115295     0.000356551     0.000356551     0.000356551     0.000641086     0.000772716     0.000549487
518    0.00116442     0.00036636     0.00036636     0.00036636     0.000662207     0.000799564     0.000566704
522    0.00120075     0.000384455     0.000384455     0.000384455     0.000635681     0.000752799     0.000554341
526    0.00125142     0.000407245     0.000407245     0.000407245     0.000688651     0.000820057     0.000597395
530    0.00130018     0.000430084     0.000430084     0.000430084     0.000709747     0.000840466     0.00061898
534    0.001304     0.000438278     0.000438278     0.000438278     0.000745834     0.000889675     0.000645959
538    0.00129444     0.000441955     0.000441955     0.000441955     0.000712824     0.000839535     0.000624827
542    0.00127628     0.000442765     0.000442765     0.000442765     0.000733496     0.000869583     0.000638966
546    0.00134033     0.000472333     0.000472333     0.000472333     0.000757607     0.000891285     0.00066476
550    0.00135084     0.000483836     0.000483836     0.000483836     0.000763301     0.00089445     0.000672226
554    0.00137857     0.000501804     0.000501804     0.000501804     0.000839354     0.000998045     0.000729193
558    0.00143689     0.000531378     0.000531378     0.000531378     0.000835001     0.000978095     0.000735742
562    0.00141012     0.000529059     0.000529059     0.000529059     0.000845244     0.000994791     0.000741606
566    0.00145505     0.000553323     0.000553323     0.000553323     0.000864917     0.00101266     0.000762572
570    0.0014235     0.000549041     0.000549041     0.000549041     0.00085334     0.000997899     0.000753239
574    0.0014474     0.000566958     0.000566958     0.000566958     0.000868282     0.00101164     0.000769038
578    0.00155447     0.000618467     0.000618467     0.000618467     0.00094444     0.00109973     0.000836961
582    0.00160132     0.000646659     0.000646659     0.000646659     0.000960595     0.00111044     0.000856932
586    0.00163096     0.000668187     0.000668187     0.000668187     0.000988519     0.00114167     0.000882578
590    0.00172369     0.000717364     0.000717364     0.000717364     0.00105434     0.00121576     0.000942724
594    0.0016539     0.000700378     0.000700378     0.000700378     0.00107066     0.00124839     0.000947808
598    0.00173707     0.000748876     0.000748876     0.000748876     0.00110068     0.00126991     0.000983756
602    0.00169023     0.000740127     0.000740127     0.000740127     0.00113686     0.00132838     0.00100469
606    0.00174281     0.000773414     0.000773414     0.000773414     0.001141     0.0013189     0.00101829
610    0.00174855     0.000786764     0.000786764     0.000786764     0.00114712     0.00132189     0.00102662
614    0.00180304     0.000824286     0.000824286     0.000824286     0.00119525     0.00137548     0.00107104
618    0.0018126     0.000842729     0.000842729     0.000842729     0.00123242     0.00142198     0.0011018
622    0.0019235     0.000909513     0.000909513     0.000909513     0.00127813     0.00145777     0.00115439
626    0.00193401     0.00092952     0.00092952     0.00092952     0.00134174     0.00154296     0.00120318
630    0.00194166     0.000948244     0.000948244     0.000948244     0.00139249     0.00160975     0.00124295
634    0.00206881     0.00102658     0.00102658     0.00102658     0.00145944     0.00167155     0.00131353
638    0.00211757     0.00106799     0.00106799     0.00106799     0.00150991     0.00172685     0.00136071
642    0.00201527     0.00103455     0.00103455     0.00103455     0.00145997     0.00166944     0.00131602
646    0.00216919     0.00113516     0.00113516     0.00113516     0.00156238     0.00177317     0.00141759
650    0.00212043     0.00113135     0.00113135     0.00113135     0.0015611     0.00177351     0.00141525
654    0.00223133     0.00121344     0.00121344     0.00121344     0.00168649     0.00192063     0.00152577
658    0.00224854     0.00124693     0.00124693     0.00124693     0.00171133     0.00194143     0.0015534
662    0.00222177     0.00125592     0.00125592     0.00125592     0.00170825     0.00193295     0.00155413
666    0.00238716     0.00137679     0.00137679     0.00137679     0.00187012     0.00211584     0.00170171
670    0.00238429     0.00140329     0.00140329     0.00140329     0.00195349     0.00222815     0.00176535
674    0.00245982     0.00147757     0.00147757     0.00147757     0.00198447     0.00223797     0.00181088
678    0.00253056     0.00155183     0.00155183     0.00155183     0.00205505     0.00230707     0.00188255
682    0.00245982     0.00154015     0.00154015     0.00154015     0.00204027     0.00229115     0.00186861
686    0.002521     0.00161273     0.00161273     0.00161273     0.00212342     0.00237995     0.00194791
690    0.00255637     0.00167251     0.00167251     0.00167251     0.00217173     0.00242303     0.0019999
694    0.00254203     0.00170472     0.00170472     0.00170472     0.00225561     0.00253366     0.00206564
698    0.00261947     0.00180218     0.00180218     0.00180218     0.002341     0.0026137     0.00215481
702    0.00262712     0.00185395     0.00185395     0.00185395     0.00243297     0.00272697     0.00223242
706    0.00265389     0.00192223     0.00192223     0.00192223     0.00246803     0.00274566     0.00227873
710    0.00265293     0.0019754     0.0019754     0.0019754     0.00252439     0.0028041     0.00233374
714    0.0027753     0.00212823     0.00212823     0.00212823     0.00266419     0.00293769     0.00247782
718    0.00276383     0.00218499     0.00218499     0.00218499     0.00275087     0.00304013     0.00255383
722    0.00274184     0.00223261     0.00223261     0.00223261     0.0027821     0.00306386     0.00259035
726    0.00287186     0.00240792     0.00240792     0.00240792     0.00297063     0.0032599     0.0027739
730    0.00278008     0.00240163     0.00240163     0.00240163     0.00294466     0.00322447     0.0027545
734    0.00273419     0.00243724     0.00243724     0.00243724     0.00296944     0.00324422     0.0027828
738    0.00280589     0.00258549     0.00258549     0.00258549     0.00311645     0.00339104     0.00293002
742    0.00277721     0.00264916     0.00264916     0.00264916     0.00317411     0.0034464     0.0029894
746    0.00286325     0.00282963     0.00282963     0.00282963     0.00335274     0.0036248     0.00316832
750    0.00277243     0.00283972     0.00283972     0.00283972     0.00338318     0.00366651     0.00319124
754    0.00279825     0.00296572     0.00296572     0.00296572     0.00346242     0.00372191     0.00328674
758    0.00274567     0.00301118     0.00301118     0.00301118     0.00352305     0.00379091     0.00334178
762    0.00269404     0.00305842     0.00305842     0.00305842     0.00352745     0.00377349     0.00336102
766    0.00276287     0.0032503     0.0032503     0.0032503     0.00371839     0.00396454     0.00355201
770    0.00268926     0.00328145     0.00328145     0.00328145     0.00373095     0.0039679     0.00357091
774    0.00264337     0.00334556     0.00334556     0.00334556     0.00376191     0.00398188     0.00361342
778    0.00247033     0.00324295     0.00324295     0.00324295     0.00362114     0.0038214     0.00348605
782    0.00250666     0.00340756     0.00340756     0.00340756     0.0037613     0.00394927     0.00363465
786    0.00254108     0.00357132     0.00357132     0.00357132     0.0039008     0.00407636     0.0037826
790    0.00247798     0.00359777     0.00359777     0.00359777     0.00389678     0.0040565     0.00378933
794    0.00230877     0.00346265     0.00346265     0.00346265     0.00372784     0.00386983     0.00363237
798    0.0023862     0.00369645     0.00369645     0.00369645     0.00394272     0.00407487     0.00385393
802    0.00226288     0.00361919     0.00361919     0.00361919     0.00380877     0.00374028     0.00391077
806    0.00213191     0.00351399     0.00351399     0.00351399     0.0036743     0.0036163     0.00376075
810    0.00213382     0.00362326     0.00362326     0.00362326     0.00375178     0.0037052     0.00382127
814    0.00210801     0.00368158     0.00368158     0.00368158     0.0037774     0.0037426     0.00382935
818    0.00195218     0.00350076     0.00350076     0.00350076     0.00355963     0.00353821     0.00359164
822    0.00196747     0.00361563     0.00361563     0.00361563     0.0036354     0.0036282     0.00364616
826    0.00187091     0.00351899     0.00351899     0.00351899     0.00350607     0.00349474     0.00351507
830    0.00191011     0.00367297     0.00367297     0.00367297     0.00362764     0.00360283     0.00364421
834    0.00180591     0.00354789     0.00354789     0.00354789     0.00347375     0.00343301     0.00350093
838    0.00171126     0.00342868     0.00342868     0.00342868     0.00332761     0.00327177     0.00336479
842    0.00162522     0.00331714     0.00331714     0.00331714     0.00318301     0.00310865     0.00323247
846    0.00162235     0.0033669     0.0033669     0.0033669     0.00320243     0.00311127     0.00326307
850    0.00160323     0.00337941     0.00337941     0.00337941     0.00318352     0.00307485     0.0032558
854    0.00156308     0.00334416     0.00334416     0.00334416     0.00312602     0.0030047     0.00320665
858    0.00146079     0.00317008     0.00317008     0.00317008     0.00293027     0.00279631     0.00301917
862    0.00133555     0.00293563     0.00293563     0.00293563     0.00268613     0.00254596     0.00277898
866    0.00125907     0.00279933     0.00279933     0.00279933     0.00254163     0.00239641     0.00263773
870    0.00130113     0.00292284     0.00292284     0.00292284     0.00263338     0.00246977     0.00274153
874    0.00123421     0.00279915     0.00279915     0.00279915     0.00249713     0.00232595     0.00261018
878    0.00119979     0.00274382     0.00274382     0.00274382     0.00242847     0.0022493     0.00254671
882    0.00117781     0.00271564     0.00271564     0.00271564     0.0023749     0.0021808     0.00250288
886    0.00109272     0.00253924     0.00253924     0.00253924     0.002208     0.00201892     0.00233258
890    0.00109941     0.00257372     0.00257372     0.00257372     0.00221854     0.00201508     0.00235244
894    0.00103249     0.00243464     0.00243464     0.00243464     0.0020791     0.00187445     0.00221356
898    0.000998076     0.0023693     0.0023693     0.0023693     0.00200957     0.00180141     0.00214607
902    0.000936891     0.00223774     0.00223774     0.00223774     0.00188035     0.00167275     0.00201631
906    0.000940715     0.00225946     0.00225946     0.00225946     0.00188782     0.0016718     0.00202926
910    0.000845114     0.00204075     0.00204075     0.00204075     0.00169669     0.00149639     0.00182778
914    0.00084607     0.0020539     0.0020539     0.0020539     0.00168107     0.00146344     0.00182338
918    0.000758117     0.00184992     0.00184992     0.00184992     0.00150032     0.00129544     0.00163412
922    0.000816434     0.0020018     0.0020018     0.0020018     0.00161445     0.00138617     0.00176321
926    0.000743777     0.00183156     0.00183156     0.00183156     0.00146816     0.00125328     0.00160802
930    0.000720833     0.0017829     0.0017829     0.0017829     0.0014073     0.00118453     0.00155215
934    0.000698844     0.00173606     0.00173606     0.00173606     0.00135126     0.00112239     0.00149993
938    0.00065678     0.00163903     0.00163903     0.00163903     0.00126777     0.00104635     0.00141147
942    0.00066634     0.00166997     0.00166997     0.00166997     0.00129526     0.00107118     0.00144056
946    0.000599419     0.00150806     0.00150806     0.00150806     0.00116019     0.000951694     0.00129528
950    0.000600375     0.00151618     0.00151618     0.00151618     0.00116117     0.000947765     0.0012993
954    0.000541103     0.00137185     0.00137185     0.00137185     0.00103564     0.000832779     0.00116677
958    0.000577431     0.00147018     0.00147018     0.00147018     0.00110357     0.000881284     0.00124698
962    0.00048661     0.0012447     0.0012447     0.0012447     0.000938446     0.000751603     0.0010587
966    0.000494258     0.00126992     0.00126992     0.00126992     0.000952152     0.000757565     0.00107724
970    0.000482786     0.00124613     0.00124613     0.00124613     0.000914891     0.000711272     0.00104559
974    0.00045793     0.00118688     0.00118688     0.00118688     0.000858918     0.000656616     0.000988601
978    0.00045793     0.00119175     0.00119175     0.00119175     0.000877159     0.000682453     0.00100182
982    0.000428293     0.00111941     0.00111941     0.00111941     0.000804839     0.000609399     0.000929805
986    0.000420645     0.00110436     0.00110436     0.00110436     0.000789989     0.000594121     0.000915094
990    0.000411085     0.00108435     0.00108435     0.00108435     0.000780843     0.000591263     0.000901825
994    0.000433073     0.00114799     0.00114799     0.00114799     0.000808281     0.000595497     0.000943942
998    0.000382405     0.00101877     0.00101877     0.00101877     0.000711535     0.000518504     0.000834453
1002    0.000374757     0.0010034     0.0010034     0.0010034     0.000676335     0.000470003     0.000807531
1006    0.000366152     0.000985341     0.000985341     0.000985341     0.000676442     0.000480946     0.000800588
1010    0.00033556     0.000907796     0.000907796     0.000907796     0.000624879     0.000445271     0.000738806
1014    0.00033078     0.000899846     0.000899846     0.000899846     0.000613565     0.0004312     0.000729099
1018    0.0003499     0.000957088     0.000957088     0.000957088     0.000654309     0.0004608     0.000776744
1022    0.000322176     0.000886163     0.000886163     0.000886163     0.000603213     0.00042156     0.000717951
1026    0.000298276     0.000825107     0.000825107     0.000825107     0.000550793     0.000374124     0.00066225
1030    0.000293496     0.000816612     0.000816612     0.000816612     0.000544933     0.000369312     0.000655568
1034    0.000259079     0.000725174     0.000725174     0.000725174     0.000486482     0.000331631     0.000583894
1038    0.000240915     0.000678362     0.000678362     0.000678362     0.000447057     0.000296443     0.000541665
1042    0.000251431     0.000712264     0.000712264     0.000712264     0.000462961     0.000299833     0.000565235
1046    0.000233267     0.000664906     0.000664906     0.000664906     0.000422493     0.00026331     0.00052216
1050    0.000273419     0.000784285     0.000784285     0.000784285     0.000504563     0.000320158     0.000619844
1054    0.000245695     0.000709207     0.000709207     0.000709207     0.00046445     0.00030252     0.000565538
1058    0.000208411     0.000605603     0.000605603     0.000605603     0.000380147     0.000230393     0.000473486
1062    0.000228487     0.000668287     0.000668287     0.000668287     0.000427633     0.000266958     0.000527579
1066    0.000214147     0.000630378     0.000630378     0.000630378     0.000402826     0.000250318     0.000497546
1070    0.000197894     0.000586406     0.000586406     0.000586406     0.000370286     0.000224831     0.000460473
1074    0.000193114     0.000576021     0.000576021     0.000576021     0.000363519     0.000219902     0.000452414
1078    0.000195026     0.00058566     0.00058566     0.00058566     0.000373769     0.000230027     0.000462603
1082    0.00019407     0.000586843     0.000586843     0.000586843     0.000359487     0.000204426     0.000455111
1086    0.00017017     0.000518098     0.000518098     0.000518098     0.000312001     0.000170829     0.00039891
1090    0.000185466     0.000568466     0.000568466     0.000568466     0.000360476     0.0002175     0.00044837
1094    0.000193114     0.000596101     0.000596101     0.000596101     0.000364879     0.000205228     0.000462842
1098    0.000176862     0.000549689     0.000549689     0.000549689     0.000330889     0.000179169     0.000423811
1102    0.00019407     0.000607564     0.000607564     0.000607564     0.000365691     0.000197029     0.000468748
1106    0.000142446     0.000449037     0.000449037     0.000449037     0.000279547     0.0001609     0.000351935
1110    0.000154874     0.000491883     0.000491883     0.000491883     0.000294027     0.00015484     0.000378775
1114    0.000140534     0.000449326     0.000449326     0.000449326     0.000278179     0.000157334     0.000351642
1118    0.000134798     0.000434156     0.000434156     0.000434156     0.000248886     0.000117499     0.000328607
1122    0.00013671     0.000443324     0.000443324     0.000443324     0.000265527     0.000138733     0.000342286
1126    0.000113765     0.000371712     0.000371712     0.000371712     0.000211862     9.74244e-05     0.000281025
1130    0.000108029     0.000355498     0.000355498     0.000355498     0.000200271     8.86442e-05     0.00026761
1134    0.00013671     0.000453087     0.000453087     0.000453087     0.000271497     0.000140334     0.000350479
1138    0.000121413     0.000405412     0.000405412     0.000405412     0.000233886     0.000109439     0.000308679
1142    0.000117589     0.000395543     0.000395543     0.000395543     0.00023154     0.000111867     0.000303287
1146    0.000118545     0.000401706     0.000401706     0.000401706     0.000218772     8.46717e-05     0.000299006
1150    0.000111853     0.000381721     0.000381721     0.000381721     0.000212677     8.82271e-05     0.000286998
1154    0.000134798     0.000463416     0.000463416     0.000463416     0.000283514     0.000150536     0.000362791
1158    0.00012715     0.000440272     0.000440272     0.000440272     0.000265734     0.000136126     0.000342852
1162    0.000104205     0.000363526     0.000363526     0.000363526     0.000209528     9.45044e-05     0.000277796
1166    9.56012e-05     0.000336177     0.000336177     0.000336177     0.000179569     6.20279e-05     0.000249184
1170    9.94252e-05     0.000352069     0.000352069     0.000352069     0.000197446     8.09e-05     0.000266344
1174    0.000108029     0.00038528     0.00038528     0.00038528     0.000224755     0.000103321     0.000296429
1178    0.000108029     0.000388257     0.000388257     0.000388257     0.000226993     0.00010442     0.00029919
1182    0.000108985     0.000394543     0.000394543     0.000394543     0.000221137     8.85653e-05     0.000299024
1186    0.000100381     0.000366033     0.000366033     0.000366033     0.00020395     7.95124e-05     0.000276916
1190    7.83929e-05     0.00028795     0.00028795     0.00028795     0.000157401     5.67299e-05     0.000216317
1194    8.69971e-05     0.000321933     0.000321933     0.000321933     0.000182684     7.48291e-05     0.000245683
1198    7.64809e-05     0.000285092     0.000285092     0.000285092     0.000148195     4.1684e-05     0.000210284
1202    8.4129e-05     0.000315957     0.000315957     0.000315957     0.00018159     7.6435e-05     0.000242729
1206    7.64809e-05     0.000289366     0.000289366     0.000289366     0.000153524     4.67202e-05     0.000215494
1210    7.64809e-05     0.000291552     0.000291552     0.000291552     0.000166158     6.71084e-05     0.000223506
1214    8.0305e-05     0.000308404     0.000308404     0.000308404     0.000157431     3.7748e-05     0.000226613
1218    6.69208e-05     0.000258919     0.000258919     0.000258919     0.000137656     4.10871e-05     0.000193364
1222    7.17009e-05     0.000279351     0.000279351     0.000279351     0.000157597     6.00656e-05     0.000213708
1226    6.11847e-05     0.000240153     0.000240153     0.000240153     0.000131281     4.37174e-05     0.000181568
1230    6.40528e-05     0.000253306     0.000253306     0.000253306     0.0001385     4.57293e-05     0.000191663
1234    4.97126e-05     0.000198069     0.000198069     0.000198069     9.75357e-05     1.5928e-05     0.000144203
1238    6.88328e-05     0.000276007     0.000276007     0.000276007     0.000156234     5.85883e-05     0.00021196
1242    5.64047e-05     0.000227948     0.000227948     0.000227948     0.000116976     2.5988e-05     0.000168773
1246    5.44927e-05     0.000221815     0.000221815     0.000221815     0.000119905     3.59898e-05     0.000167579
1250    5.44927e-05     0.00022339     0.00022339     0.00022339     0.000113708     2.30179e-05     0.000165133
1254    5.25806e-05     0.000217241     0.000217241     0.000217241     0.000104234     1.033e-05     0.000157361
1258    6.40528e-05     0.000266554     0.000266554     0.000266554     0.000138015     3.0745e-05     0.00019858
1262    5.16246e-05     0.000216312     0.000216312     0.000216312     0.000116452     3.26229e-05     0.000163652
1266    6.21408e-05     0.000262256     0.000262256     0.000262256     0.000142659     4.18057e-05     0.000199328
1270    5.54487e-05     0.000235697     0.000235697     0.000235697     0.000122868     2.73102e-05     0.000176454
1274    4.78006e-05     0.000204632     0.000204632     0.000204632     0.000100573     1.20595e-05     0.000150107
1278    4.11085e-05     0.000177222     0.000177222     0.000177222     8.88782e-05     1.33942e-05     0.000131031
1282    4.68446e-05     0.000203447     0.000203447     0.000203447     0.000103643     1.78579e-05     0.000151412
1286    4.30205e-05     0.000188217     0.000188217     0.000188217     9.45329e-05     1.36429e-05     0.000139481
1290    3.63284e-05     0.000159976     0.000159976     0.000159976     7.82918e-05     7.47712e-06     0.000117569
1294    3.34604e-05     0.000148454     0.000148454     0.000148454     7.58072e-05     1.2563e-05     0.000110817
1298    5.64047e-05     0.000252042     0.000252042     0.000252042     0.000129787     2.28238e-05     0.000188855
1302    3.82405e-05     0.000172033     0.000172033     0.000172033     8.57018e-05     9.7153e-06     0.000127541
1306    4.58886e-05     0.000208034     0.000208034     0.000208034     9.87999e-05     2.13681e-06     0.000151887
1310    4.01525e-05     0.000183265     0.000183265     0.000183265     9.31031e-05     1.30262e-05     0.000137005
1314    4.49325e-05     0.000206444     0.000206444     0.000206444     0.000107152     1.8571e-05     0.000155612
1318    3.63284e-05     0.000168057     0.000168057     0.000168057     8.52769e-05     1.10848e-05     0.000125773
1322    4.20645e-05     0.000196081     0.000196081     0.000196081     0.000108035     2.86464e-05     0.000151242
1326    3.44164e-05     0.000161523     0.000161523     0.000161523     8.14224e-05     8.85733e-06     0.000120826
1330    3.34604e-05     0.000158071     0.000158071     0.000158071     8.35629e-05     1.57729e-05     0.000120296
1334    4.58886e-05     0.000218328     0.000218328     0.000218328     0.000116769     2.39472e-05     0.000166953
1338    3.44164e-05     0.000164759     0.000164759     0.000164759     8.70182e-05     1.56334e-05     0.000125524
1342    3.05924e-05     0.00014756     0.00014756     0.00014756     7.71538e-05     1.21145e-05     0.000112135
1346    3.34604e-05     0.000162355     0.000162355     0.000162355     8.96116e-05     2.21541e-05     0.000125825
1350    4.49325e-05     0.000219755     0.000219755     0.000219755     0.000113743     1.48227e-05     0.000166683
1354    2.48563e-05     0.000122368     0.000122368     0.000122368     6.72836e-05     1.56745e-05     9.48476e-05
1358    3.63284e-05     0.000179951     0.000179951     0.000179951     9.00455e-05     5.45556e-06     0.000135128
1362    3.34604e-05     0.000166933     0.000166933     0.000166933     7.52167e-05     -1.16045e-05     0.000121351
1366    2.29443e-05     0.000115211     0.000115211     0.000115211     5.86679e-05     4.87532e-06     8.71792e-05
1370    2.58123e-05     0.000130533     0.000130533     0.000130533     6.70087e-05     6.28692e-06     9.91174e-05
1374    2.29443e-05     0.000116782     0.000116782     0.000116782     6.37525e-05     1.28437e-05     9.06145e-05
1378    2.29443e-05     0.00011756     0.00011756     0.00011756     6.39194e-05     1.21992e-05     9.11489e-05
1382    2.58123e-05     0.000133024     0.000133024     0.000133024     5.73976e-05     -1.59719e-05     9.59049e-05
1386    2.67683e-05     0.000139038     0.000139038     0.000139038     7.54859e-05     1.34784e-05     0.000107937
1390    2.67683e-05     0.000139915     0.000139915     0.000139915     7.57386e-05     1.28725e-05     0.000108572
1394    2.19883e-05     0.000115639     0.000115639     0.000115639     5.79914e-05     1.31684e-06     8.75368e-05
1398    2.19883e-05     0.000116392     0.000116392     0.000116392     5.84151e-05     1.12292e-06     8.82056e-05
1402    2.48563e-05     0.000132397     0.000132397     0.000132397     6.68467e-05     1.67146e-06     0.00010063
1406    2.29443e-05     0.000123047     0.000123047     0.000123047     5.58061e-05     -1.1382e-05     9.05432e-05
1410    2.39003e-05     0.000128995     0.000128995     0.000128995     6.34089e-05     -2.39648e-06     9.73592e-05
1414    2.29443e-05     0.00012451     0.00012451     0.00012451     6.23758e-05     -2.19928e-07     9.4603e-05
1418    1.81642e-05     9.93553e-05     9.93553e-05     9.93553e-05     4.41979e-05     -1.16768e-05     7.28818e-05
1422    1.14721e-05     6.3145e-05     6.3145e-05     6.3145e-05     3.373e-05     3.75069e-06     4.90728e-05
1426    1.62522e-05     9.00294e-05     9.00294e-05     9.00294e-05     4.19973e-05     -7.22914e-06     6.71167e-05
1430    2.00762e-05     0.000111864     0.000111864     0.000111864     5.51419e-05     -3.13912e-06     8.48423e-05
1434    1.91202e-05     0.000107219     0.000107219     0.000107219     5.26328e-05     -3.74487e-06     8.12867e-05
1438    2.19883e-05     0.000124028     0.000124028     0.000124028     6.60038e-05     5.75625e-06     9.654e-05
1442    2.00762e-05     0.000113895     0.000113895     0.000113895     6.06164e-05     4.95351e-06     8.87385e-05
1446    1.52962e-05     8.7417e-05     8.7417e-05     8.7417e-05     4.63714e-05     3.26885e-06     6.80886e-05
1450    6.69208e-06     3.8482e-05     3.8482e-05     3.8482e-05     2.03874e-05     1.29657e-06     2.99826e-05
1454    1.24282e-05     7.19059e-05     7.19059e-05     7.19059e-05     3.80804e-05     2.28118e-06     5.60437e-05
1458    1.72082e-05     0.00010019     0.00010019     0.00010019     4.84807e-05     -6.56451e-06     7.60165e-05
1462    1.52962e-05     8.95808e-05     8.95808e-05     8.95808e-05     4.27121e-05     -7.49135e-06     6.77418e-05
1466    1.62522e-05     9.57602e-05     9.57602e-05     9.57602e-05     5.04935e-05     1.80853e-06     7.4714e-05
1470    1.72082e-05     0.000102064     0.000102064     0.000102064     4.14845e-05     -2.40249e-05     7.39816e-05
1474    2.00762e-05     0.000119734     0.000119734     0.000119734     6.30309e-05     1.4753e-06     9.35035e-05
1478    1.43402e-05     8.60857e-05     8.60857e-05     8.60857e-05     4.06682e-05     -8.90352e-06     6.51367e-05
1482    1.62522e-05     9.81451e-05     9.81451e-05     9.81451e-05     5.00345e-05     -2.80667e-06     7.60293e-05
1486    1.33842e-05     8.13508e-05     8.13508e-05     8.13508e-05     3.50078e-05     -1.61719e-05     6.01121e-05
1490    1.05161e-05     6.43026e-05     6.43026e-05     6.43026e-05     3.37218e-05     -2.11877e-07     5.03239e-05
1494    1.52962e-05     9.40058e-05     9.40058e-05     9.40058e-05     4.92414e-05     -6.03552e-07     7.35823e-05
1498    1.33842e-05     8.28088e-05     8.28088e-05     8.28088e-05     4.32585e-05     -1.00638e-06     6.48142e-05
1502    1.24282e-05     7.7418e-05     7.7418e-05     7.7418e-05     3.5858e-05     -1.09501e-05     5.85742e-05
1506    1.72082e-05     0.000107719     0.000107719     0.000107719     5.62678e-05     -1.98348e-06     8.44582e-05
1510    1.33842e-05     8.42485e-05     8.42485e-05     8.42485e-05     3.77927e-05     -1.50262e-05     6.32949e-05
1514    1.43402e-05     9.07849e-05     9.07849e-05     9.07849e-05     3.64885e-05     -2.55686e-05     6.6365e-05
1518    1.43402e-05     9.134e-05     9.134e-05     9.134e-05     4.28795e-05     -1.27415e-05     6.95952e-05
1522    1.33842e-05     8.56516e-05     8.56516e-05     8.56516e-05     4.46333e-05     -2.74573e-06     6.73103e-05
1526    7.64809e-06     4.92872e-05     4.92872e-05     4.92872e-05     2.56368e-05     -1.81149e-06     3.87399e-05
1530    1.24282e-05     8.05658e-05     8.05658e-05     8.05658e-05     3.71687e-05     -1.33863e-05     6.12526e-05
1534    1.43402e-05     9.35251e-05     9.35251e-05     9.35251e-05     4.84772e-05     -4.35016e-06     7.35517e-05
1538    1.05161e-05     6.89472e-05     6.89472e-05     6.89472e-05     3.41747e-05     -6.75612e-06     5.35625e-05
1542    4.78006e-06     3.15385e-05     3.15385e-05     3.15385e-05     1.1647e-05     -1.19165e-05     2.27688e-05
1546    5.73607e-06     3.80181e-05     3.80181e-05     3.80181e-05     1.65297e-05     -9.04094e-06     2.85685e-05
1550    9.56012e-06     6.37956e-05     6.37956e-05     6.37956e-05     2.51544e-05     -2.10501e-05     4.68491e-05
1554    9.56012e-06     6.41724e-05     6.41724e-05     6.41724e-05     2.84699e-05     -1.44551e-05     4.8563e-05
1558    9.56012e-06     6.45184e-05     6.45184e-05     6.45184e-05     2.54697e-05     -2.1671e-05     4.74859e-05
1562    1.24282e-05     8.42965e-05     8.42965e-05     8.42965e-05     3.72734e-05     -1.9856e-05     6.38588e-05
1566    1.05161e-05     7.17633e-05     7.17633e-05     7.17633e-05     3.22559e-05     -1.59974e-05     5.4644e-05
1570    9.56012e-06     6.55771e-05     6.55771e-05     6.55771e-05     2.90672e-05     -1.56678e-05     4.97855e-05
1574    7.64809e-06     5.27228e-05     5.27228e-05     5.27228e-05     2.71751e-05     -4.28144e-06     4.17035e-05
1578    1.24282e-05     8.62067e-05     8.62067e-05     8.62067e-05     3.96493e-05     -1.79965e-05     6.6188e-05
1582    8.6041e-06     6.00496e-05     6.00496e-05     6.00496e-05     3.09168e-05     -5.38008e-06     4.75687e-05
1586    8.6041e-06     6.03055e-05     6.03055e-05     6.03055e-05     2.15718e-05     -2.69162e-05     4.3756e-05
1590    1.72082e-05     0.000121386     0.000121386     0.000121386     6.24149e-05     -1.18086e-05     9.62683e-05
1594    1.33842e-05     9.48218e-05     9.48218e-05     9.48218e-05     4.87459e-05     -9.44127e-06     7.52343e-05
1598    1.05161e-05     7.49259e-05     7.49259e-05     7.49259e-05     3.84448e-05     -7.87554e-06     5.94652e-05
1602    5.73607e-06     4.11168e-05     4.11168e-05     4.11168e-05     1.63837e-05     -1.52173e-05     3.0673e-05
1606    6.69208e-06     4.82773e-05     4.82773e-05     4.82773e-05     2.47762e-05     -5.43824e-06     3.839e-05
1610    9.56012e-06     6.92621e-05     6.92621e-05     6.92621e-05     3.08476e-05     -1.87153e-05     5.31336e-05
1614    3.82405e-06     2.78523e-05     2.78523e-05     2.78523e-05     9.58141e-06     -1.40844e-05     2.01987e-05
1618    6.69208e-06     4.9014e-05     4.9014e-05     4.9014e-05     2.03891e-05     -1.68771e-05     3.70586e-05
1622    7.64809e-06     5.63323e-05     5.63323e-05     5.63323e-05     2.88155e-05     -7.23571e-06     4.48813e-05
1626    9.56012e-06     7.07556e-05     7.07556e-05     7.07556e-05     3.62213e-05     -9.22083e-06     5.64214e-05
1630    8.6041e-06     6.39843e-05     6.39843e-05     6.39843e-05     3.27701e-05     -8.4936e-06     5.10637e-05
1634    9.56012e-06     7.15305e-05     7.15305e-05     7.15305e-05     3.6602e-05     -9.84904e-06     5.71232e-05
1638    5.73607e-06     4.30823e-05     4.30823e-05     4.30823e-05     2.201e-05     -6.12019e-06     3.44095e-05
1642    5.73607e-06     4.34096e-05     4.34096e-05     4.34096e-05     2.21896e-05     -6.31345e-06     3.47083e-05
1646    2.86803e-06     2.17616e-05     2.17616e-05     2.17616e-05     1.11207e-05     -3.20266e-06     1.74036e-05
1650    6.69208e-06     5.10602e-05     5.10602e-05     5.10602e-05     2.13468e-05     -1.89173e-05     3.89388e-05
1654    3.82405e-06     2.9304e-05     2.9304e-05     2.9304e-05     1.49962e-05     -4.4645e-06     2.34803e-05
1658    4.78006e-06     3.69314e-05     3.69314e-05     3.69314e-05     1.41038e-05     -1.71393e-05     2.76745e-05
1662    4.78006e-06     3.70815e-05     3.70815e-05     3.70815e-05     1.89907e-05     -5.92507e-06     2.97727e-05
1666    5.73607e-06     4.47063e-05     4.47063e-05     4.47063e-05     2.28651e-05     -7.33975e-06     3.59044e-05
1670    9.56012e-06     7.49541e-05     7.49541e-05     7.49541e-05     3.8284e-05     -1.27906e-05     6.02386e-05
1674    3.82405e-06     3.01263e-05     3.01263e-05     3.01263e-05     1.53878e-05     -5.23076e-06     2.42274e-05
1678    5.73607e-06     4.53928e-05     4.53928e-05     4.53928e-05     2.31898e-05     -7.96802e-06     3.65229e-05
1682    5.73607e-06     4.56414e-05     4.56414e-05     4.56414e-05     2.32937e-05     -8.26484e-06     3.67472e-05
1686    4.78006e-06     3.82394e-05     3.82394e-05     3.82394e-05     1.95175e-05     -7.08778e-06     3.08162e-05
1690    5.73607e-06     4.60544e-05     4.60544e-05     4.60544e-05     2.3506e-05     -8.60318e-06     3.71254e-05
1694    5.73607e-06     4.62954e-05     4.62954e-05     4.62954e-05     1.88822e-05     -2.04257e-05     3.5486e-05
1698    5.73607e-06     4.65119e-05     4.65119e-05     4.65119e-05     2.37629e-05     -8.96949e-06     3.75605e-05
1702    3.82405e-06     3.11983e-05     3.11983e-05     3.11983e-05     1.11403e-05     -1.78997e-05     2.33358e-05
1706    9.56012e-06     7.82991e-05     7.82991e-05     7.82991e-05     3.99249e-05     -1.58446e-05     6.32911e-05
1710    1.91202e-06     1.57438e-05     1.57438e-05     1.57438e-05     8.031e-06     -3.24176e-06     1.27378e-05
1714    4.78006e-06     3.95263e-05     3.95263e-05     3.95263e-05     2.0168e-05     -8.21388e-06     3.19959e-05
1718    6.69208e-06     5.56671e-05     5.56671e-05     5.56671e-05     2.84464e-05     -1.17112e-05     4.51185e-05
1722    7.64809e-06     6.39355e-05     6.39355e-05     6.39355e-05     3.27051e-05     -1.36584e-05     5.18793e-05
1726    3.82405e-06     3.20728e-05     3.20728e-05     3.20728e-05     1.48186e-05     -1.08693e-05     2.54237e-05
1730    8.6041e-06     7.26292e-05     7.26292e-05     7.26292e-05     3.71203e-05     -1.61481e-05     5.90094e-05
1734    4.78006e-06     4.05058e-05     4.05058e-05     4.05058e-05     2.07057e-05     -9.09617e-06     3.29269e-05
1738    4.78006e-06     4.06818e-05     4.06818e-05     4.06818e-05     2.08009e-05     -9.27121e-06     3.30957e-05
1742    0     0     0     0     0     0     0
1746    4.78006e-06     4.11159e-05     4.11159e-05     4.11159e-05     2.10363e-05     -9.68305e-06     3.35073e-05
1750    3.82405e-06     3.30196e-05     3.30196e-05     3.30196e-05     1.68923e-05     -7.84961e-06     2.69193e-05
1754    9.56012e-07     8.30848e-06     8.30848e-06     8.30848e-06     4.25529e-06     -2.03098e-06     6.78575e-06
1758    9.56012e-07     8.3532e-06     8.3532e-06     8.3532e-06     4.27819e-06     -2.04192e-06     6.82228e-06
1762    4.78006e-06     4.18922e-05     4.18922e-05     4.18922e-05     2.14666e-05     -1.04113e-05     3.42488e-05
1766    9.56012e-07     8.39692e-06     8.39692e-06     8.39692e-06     4.30278e-06     -2.08684e-06     6.86485e-06
1770    6.69208e-06     5.91791e-05     5.91791e-05     5.91791e-05     3.02879e-05     -1.52049e-05     4.84281e-05
1774    1.91202e-06     1.70101e-05     1.70101e-05     1.70101e-05     3.97391e-06     -1.6667e-05     1.21759e-05
1778    5.73607e-06     5.12069e-05     5.12069e-05     5.12069e-05     2.62377e-05     -1.34678e-05     4.19724e-05
1782    9.56012e-07     8.55543e-06     8.55543e-06     8.55543e-06     4.39523e-06     -2.26084e-06     7.0229e-06
1786    1.91202e-06     1.72115e-05     1.72115e-05     1.72115e-05     8.82125e-06     -4.68668e-06     1.41329e-05
1790    3.82405e-06     3.46097e-05     3.46097e-05     3.46097e-05     1.30394e-05     -2.18204e-05     2.67139e-05
1794    2.86803e-06     2.60596e-05     2.60596e-05     2.60596e-05     1.33996e-05     -7.15295e-06     2.14387e-05
1798    2.86803e-06     2.61571e-05     2.61571e-05     2.61571e-05     1.34603e-05     -7.23763e-06     2.1535e-05
1802    1.91202e-06     1.75492e-05     1.75492e-05     1.75492e-05     9.01451e-06     -4.9848e-06     1.44544e-05
1806    2.86803e-06     2.63929e-05     2.63929e-05     2.63929e-05     8.83669e-06     -2.00051e-05     2.00331e-05
1810    9.56012e-07     8.85658e-06     8.85658e-06     8.85658e-06     4.5546e-06     -2.59029e-06     7.30899e-06
1814    9.56012e-07     8.87147e-06     8.87147e-06     8.87147e-06     4.56226e-06     -2.59464e-06     7.32128e-06
1818    2.86803e-06     2.67661e-05     2.67661e-05     2.67661e-05     1.37599e-05     -7.97717e-06     2.21058e-05
1822    1.91202e-06     1.7933e-05     1.7933e-05     1.7933e-05     9.23065e-06     -5.40272e-06     1.48271e-05
1826    5.73607e-06     5.40858e-05     5.40858e-05     5.40858e-05     2.78896e-05     -1.64317e-05     4.47736e-05
1830    0     0     0     0     0     0     0
1834    1.91202e-06     1.81656e-05     1.81656e-05     1.81656e-05     9.37095e-06     -5.60129e-06     1.50518e-05
1838    4.78006e-06     4.56382e-05     4.56382e-05     4.56382e-05     2.35783e-05     -1.42061e-05     3.78591e-05
1842    1.91202e-06     1.83156e-05     1.83156e-05     1.83156e-05     4.74683e-06     -1.86362e-05     1.35498e-05
1846    2.86803e-06     2.75883e-05     2.75883e-05     2.75883e-05     9.57926e-06     -2.15536e-05     2.12756e-05
1850    2.86803e-06     2.77203e-05     2.77203e-05     2.77203e-05     1.43577e-05     -8.86049e-06     2.30519e-05
1854    1.91202e-06     1.85441e-05     1.85441e-05     1.85441e-05     9.58324e-06     -6.04887e-06     1.54218e-05
1858    0     0     0     0     0     0     0
1862    4.78006e-06     4.68361e-05     4.68361e-05     4.68361e-05     2.42932e-05     -1.55213e-05     3.90439e-05
1866    2.86803e-06     2.82371e-05     2.82371e-05     2.82371e-05     9.95217e-06     -2.25391e-05     2.1942e-05
1870    3.82405e-06     3.78147e-05     3.78147e-05     3.78147e-05     1.96231e-05     -1.28486e-05     3.15704e-05
1874    1.91202e-06     1.89922e-05     1.89922e-05     1.89922e-05     9.86991e-06     -6.48687e-06     1.58703e-05
1878    5.73607e-06     5.71434e-05     5.71434e-05     5.71434e-05     2.97271e-05     -1.95798e-05     4.77796e-05
1882    1.91202e-06     1.91456e-05     1.91456e-05     1.91456e-05     5.26938e-06     -1.98397e-05     1.44253e-05
1886    3.82405e-06     3.84435e-05     3.84435e-05     3.84435e-05     1.99756e-05     -1.35939e-05     3.218e-05
1890    9.56012e-07     9.63035e-06     9.63035e-06     9.63035e-06     5.00506e-06     -3.4151e-06     8.0632e-06
1894    0     0     0     0     0     0     0
1898    9.56012e-07     9.74104e-06     9.74104e-06     9.74104e-06     1.98678e-06     -1.23004e-05     7.13466e-06
1902    9.56012e-07     9.778e-06     9.778e-06     9.778e-06     5.10357e-06     -3.56095e-06     8.21308e-06
1906    2.86803e-06     2.94252e-05     2.94252e-05     2.94252e-05     1.5371e-05     -1.07834e-05     2.47326e-05
1910    9.56012e-07     9.84351e-06     9.84351e-06     9.84351e-06     5.14413e-06     -3.61859e-06     8.27653e-06
1914    1.91202e-06     1.97822e-05     1.97822e-05     1.97822e-05     1.03496e-05     -7.34455e-06     1.66495e-05
1918    0     0     0     0     0     0     0
1922    9.56012e-07     9.97146e-06     9.97146e-06     9.97146e-06     5.22886e-06     -3.77382e-06     8.40893e-06
1926    9.56012e-07     9.99739e-06     9.99739e-06     9.99739e-06     5.24246e-06     -3.78363e-06     8.4308e-06
1930    9.56012e-07     1.00525e-05     1.00525e-05     1.00525e-05     5.28537e-06     -3.81777e-06     8.48813e-06
1934    3.82405e-06     4.04343e-05     4.04343e-05     4.04343e-05     2.12758e-05     -1.56876e-05     3.4191e-05
1938    1.91202e-06     2.03075e-05     2.03075e-05     2.03075e-05     1.06893e-05     -7.89477e-06     1.71763e-05
1942    1.91202e-06     2.03536e-05     2.03536e-05     2.03536e-05     1.07202e-05     -8.00344e-06     1.72298e-05
1946    1.91202e-06     2.04271e-05     2.04271e-05     2.04271e-05     6.18146e-06     -2.1614e-05     1.58198e-05
1950    2.86803e-06     3.07672e-05     3.07672e-05     3.07672e-05     1.62368e-05     -1.22261e-05     2.60804e-05
1954    1.91202e-06     2.05843e-05     2.05843e-05     2.05843e-05     1.08575e-05     -8.2698e-06     1.74553e-05
1958    3.82405e-06     4.14045e-05     4.14045e-05     4.14045e-05     2.18894e-05     -1.67119e-05     3.51514e-05
1962    0     0     0     0     0     0     0
1966    1.91202e-06     2.08419e-05     2.08419e-05     2.08419e-05     1.10332e-05     -8.53793e-06     1.77177e-05
1970    1.91202e-06     2.09062e-05     2.09062e-05     2.09062e-05     1.10584e-05     -8.64719e-06     1.77758e-05
1974    4.78006e-06     5.25494e-05     5.25494e-05     5.25494e-05     2.78666e-05     -2.18673e-05     4.47403e-05
1978    0     0     0     0     0     0     0
1982    9.56012e-07     1.05815e-05     1.05815e-05     1.05815e-05     5.62851e-06     -4.45526e-06     9.02555e-06
1986    0     0     0     0     -4.54774e-06     -1.38595e-05     -1.42299e-06
1990    2.86803e-06     3.19634e-05     3.19634e-05     3.19634e-05     1.70091e-05     -1.36107e-05     2.72841e-05
1994    2.86803e-06     3.21221e-05     3.21221e-05     3.21221e-05     1.71247e-05     -1.37592e-05     2.74478e-05
1998    1.91202e-06     2.14787e-05     2.14787e-05     2.14787e-05     1.14156e-05     -9.30702e-06     1.83423e-05
2002    9.56012e-07     1.08129e-05     1.08129e-05     1.08129e-05     1.08129e-05     1.08129e-05     1.08129e-05
2006    9.56012e-07     1.08492e-05     1.08492e-05     1.08492e-05     1.08492e-05     1.08492e-05     1.08492e-05
2010    1.91202e-06     2.17697e-05     2.17697e-05     2.17697e-05     2.17697e-05     2.17697e-05     2.17697e-05
2014    0     0     0     0     0     0     0
2018    1.91202e-06     2.19218e-05     2.19218e-05     2.19218e-05     2.19218e-05     2.19218e-05     2.19218e-05
2022    0     0     0     0     0     0     0
2026    0     0     0     0     0     0     0
2030    9.56012e-07     1.1082e-05     1.1082e-05     1.1082e-05     1.1082e-05     1.1082e-05     1.1082e-05
2034    9.56012e-07     1.11256e-05     1.11256e-05     1.11256e-05     1.11256e-05     1.11256e-05     1.11256e-05
2038    1.91202e-06     2.23073e-05     2.23073e-05     2.23073e-05     2.23073e-05     2.23073e-05     2.23073e-05
2042    0     0     0     0     0     0     0
2046    9.56012e-07     1.12724e-05     1.12724e-05     1.12724e-05     1.12724e-05     1.12724e-05     1.12724e-05
2050    9.56012e-07     1.128e-05     1.128e-05     1.128e-05     1.128e-05     1.128e-05     1.128e-05
2054    9.56012e-07     1.13282e-05     1.13282e-05     1.13282e-05     1.13282e-05     1.13282e-05     1.13282e-05
2058    1.91202e-06     2.27187e-05     2.27187e-05     2.27187e-05     2.27187e-05     2.27187e-05     2.27187e-05
2062    2.86803e-06     3.42474e-05     3.42474e-05     3.42474e-05     3.42474e-05     3.42474e-05     3.42474e-05
2066    9.56012e-07     1.14466e-05     1.14466e-05     1.14466e-05     1.14466e-05     1.14466e-05     1.14466e-05
2070    0     0     0     0     0     0     0
2074    9.56012e-07     1.15336e-05     1.15336e-05     1.15336e-05     1.15336e-05     1.15336e-05     1.15336e-05
2078    1.91202e-06     2.31919e-05     2.31919e-05     2.31919e-05     2.31919e-05     2.31919e-05     2.31919e-05
2082    0     0     0     0     0     0     0
2086    0     0     0     0     0     0     0
2090    9.56012e-07     1.17196e-05     1.17196e-05     1.17196e-05     1.17196e-05     1.17196e-05     1.17196e-05
2094    1.91202e-06     2.34874e-05     2.34874e-05     2.34874e-05     2.34874e-05     2.34874e-05     2.34874e-05
2098    0     0     0     0     0     0     0
2102    0     0     0     0     0     0     0
2106    1.91202e-06     2.37647e-05     2.37647e-05     2.37647e-05     2.37647e-05     2.37647e-05     2.37647e-05
2110    9.56012e-07     1.19156e-05     1.19156e-05     1.19156e-05     1.19156e-05     1.19156e-05     1.19156e-05
2114    0     0     0     0     0     0     0
2118    0     0     0     0     0     0     0
2122    1.91202e-06     2.4102e-05     2.4102e-05     2.4102e-05     2.4102e-05     2.4102e-05     2.4102e-05
2126    9.56012e-07     1.20916e-05     1.20916e-05     1.20916e-05     1.20916e-05     1.20916e-05     1.20916e-05
2130    0     0     0     0     0     0     0
2134    0     0     0     0     0     0     0
2138    0     0     0     0     0     0     0
2142    0     0     0     0     0     0     0
2146    0     0     0     0     0     0     0
2150    0     0     0     0     0     0     0
2154    0     0     0     0     0     0     0
2158    9.56012e-07     1.24278e-05     1.24278e-05     1.24278e-05     1.24278e-05     1.24278e-05     1.24278e-05
2162    0     0     0     0     0     0     0
2166    0     0     0     0     0     0     0
2170    0     0     0     0     0     0     0
2174    9.56012e-07     1.26208e-05     1.26208e-05     1.26208e-05     1.26208e-05     1.26208e-05     1.26208e-05
2178    0     0     0     0     0     0     0
2182    1.91202e-06     2.54189e-05     2.54189e-05     2.54189e-05     2.54189e-05     2.54189e-05     2.54189e-05
2186    0     0     0     0     0     0     0
2190    0     0     0     0     0     0     0
2194    1.91202e-06     2.56576e-05     2.56576e-05     2.56576e-05     2.56576e-05     2.56576e-05     2.56576e-05
2198    2.86803e-06     3.85825e-05     3.85825e-05     3.85825e-05     3.85825e-05     3.85825e-05     3.85825e-05
2202    0     0     0     0     0     0     0
2206    0     0     0     0     0     0     0
2210    0     0     0     0     0     0     0
2214    0     0     0     0     0     0     0
2218    9.56012e-07     1.30578e-05     1.30578e-05     1.30578e-05     1.30578e-05     1.30578e-05     1.30578e-05
2222    0     0     0     0     0     0     0
2226    0     0     0     0     0     0     0
2230    0     0     0     0     0     0     0
2234    9.56012e-07     1.32563e-05     1.32563e-05     1.32563e-05     1.32563e-05     1.32563e-05     1.32563e-05
2238    0     0     0     0     0     0     0
2242    9.56012e-07     1.33369e-05     1.33369e-05     1.33369e-05     1.33369e-05     1.33369e-05     1.33369e-05
2246    0     0     0     0     0     0     0
2250    0     0     0     0     0     0     0
2254    0     0     0     0     0     0     0
2258    0     0     0     0     0     0     0
2262    0     0     0     0     0     0     0
2266    9.56012e-07     1.3575e-05     1.3575e-05     1.3575e-05     1.3575e-05     1.3575e-05     1.3575e-05
2270    0     0     0     0     0     0     0
2274    0     0     0     0     0     0     0
2278    1.91202e-06     2.74661e-05     2.74661e-05     2.74661e-05     2.74661e-05     2.74661e-05     2.74661e-05
2282    0     0     0     0     0     0     0
2286    0     0     0     0     0     0     0
2290    0     0     0     0     0     0     0
2294    0     0     0     0     0     0     0
2298    0     0     0     0     0     0     0
2302    0     0     0     0     0     0     0
2306    1.91202e-06     2.80524e-05     2.80524e-05     2.80524e-05     2.80524e-05     2.80524e-05     2.80524e-05
2310    0     0     0     0     0     0     0
2314    0     0     0     0     0     0     0
2318    9.56012e-07     1.41668e-05     1.41668e-05     1.41668e-05     1.41668e-05     1.41668e-05     1.41668e-05
2322    9.56012e-07     1.4196e-05     1.4196e-05     1.4196e-05     1.4196e-05     1.4196e-05     1.4196e-05
2326    0     0     0     0     0     0     0
2330    0     0     0     0     0     0     0
2334    9.56012e-07     1.43287e-05     1.43287e-05     1.43287e-05     1.43287e-05     1.43287e-05     1.43287e-05
2338    0     0     0     0     0     0     0
2342    9.56012e-07     1.44126e-05     1.44126e-05     1.44126e-05     1.44126e-05     1.44126e-05     1.44126e-05
2346    0     0     0     0     0     0     0
2350    0     0     0     0     0     0     0
2354    9.56012e-07     1.45629e-05     1.45629e-05     1.45629e-05     1.45629e-05     1.45629e-05     1.45629e-05
2358    0     0     0     0     0     0     0
2362    9.56012e-07     1.46095e-05     1.46095e-05     1.46095e-05     1.46095e-05     1.46095e-05     1.46095e-05
2366    9.56012e-07     1.46802e-05     1.46802e-05     1.46802e-05     1.46802e-05     1.46802e-05     1.46802e-05
2370    0     0     0     0     0     0     0
2374    0     0     0     0     0     0     0
2378    0     0     0     0     0     0     0
2382    0     0     0     0     0     0     0
2386    0     0     0     0     0     0     0
2390    0     0     0     0     0     0     0
2394    0     0     0     0     0     0     0
2398    0     0     0     0     0     0     0
2402    9.56012e-07     1.50704e-05     1.50704e-05     1.50704e-05     1.50704e-05     1.50704e-05     1.50704e-05
2406    0     0     0     0     0     0     0
2410    0     0     0     0     0     0     0
2414    0     0     0     0     0     0     0
2418    0     0     0     0     0     0     0
2422    0     0     0     0     0     0     0
2426    0     0     0     0     0     0     0
2430    9.56012e-07     1.53545e-05     1.53545e-05     1.53545e-05     1.53545e-05     1.53545e-05     1.53545e-05
2434    1.91202e-06     3.08085e-05     3.08085e-05     3.08085e-05     3.08085e-05     3.08085e-05     3.08085e-05
2438    9.56012e-07     1.54804e-05     1.54804e-05     1.54804e-05     1.54804e-05     1.54804e-05     1.54804e-05
2442    0     0     0     0     0     0     0
2446    0     0     0     0     0     0     0
2450    0     0     0     0     0     0     0
2454    9.56012e-07     1.56568e-05     1.56568e-05     1.56568e-05     1.56568e-05     1.56568e-05     1.56568e-05
2458    0     0     0     0     0     0     0
2462    0     0     0     0     0     0     0
2466    9.56012e-07     1.57802e-05     1.57802e-05     1.57802e-05     1.57802e-05     1.57802e-05     1.57802e-05
2470    0     0     0     0     0     0     0
2474    0     0     0     0     0     0     0
2478    9.56012e-07     1.59045e-05     1.59045e-05     1.59045e-05     1.59045e-05     1.59045e-05     1.59045e-05
2482    0     0     0     0     0     0     0
2486    0     0     0     0     0     0     0
2490    0     0     0     0     0     0     0
2494    0     0     0     0     0     0     0
2498    0     0     0     0     0     0     0
2502    0     0     0     0     0     0     0
2506    0     0     0     0     0     0     0
2510    9.56012e-07     1.62786e-05     1.62786e-05     1.62786e-05     1.62786e-05     1.62786e-05     1.62786e-05
2514    0     0     0     0     0     0     0
2518    0     0     0     0     0     0     0
2522    0     0     0     0     0     0     0
2526    0     0     0     0     0     0     0
2530    0     0     0     0     0     0     0
2534    0     0     0     0     0     0     0
2538    0     0     0     0     0     0     0
2542    0     0     0     0     0     0     0
2546    0     0     0     0     0     0     0
2550    0     0     0     0     0     0     0
2554    9.56012e-07     1.6736e-05     1.6736e-05     1.6736e-05     1.6736e-05     1.6736e-05     1.6736e-05
2558    0     0     0     0     0     0     0
2562    0     0     0     0     0     0     0
2566    0     0     0     0     0     0     0
2570    0     0     0     0     0     0     0
2574    0     0     0     0     0     0     0
2578    0     0     0     0     0     0     0
2582    0     0     0     0     0     0     0
2586    0     0     0     0     0     0     0
2590    0     0     0     0     0     0     0
2594    0     0     0     0     0     0     0
2598    0     0     0     0     0     0     0
2602    0     0     0     0     0     0     0
2606    9.56012e-07     1.73181e-05     1.73181e-05     1.73181e-05     1.73181e-05     1.73181e-05     1.73181e-05
2610    0     0     0     0     0     0     0
2614    0     0     0     0     0     0     0
2618    0     0     0     0     0     0     0
2622    0     0     0     0     0     0     0
2626    0     0     0     0     0     0     0
2630    9.56012e-07     1.75922e-05     1.75922e-05     1.75922e-05     1.75922e-05     1.75922e-05     1.75922e-05
2634    0     0     0     0     0     0     0
2638    0     0     0     0     0     0     0
2642    0     0     0     0     0     0     0
2646    0     0     0     0     0     0     0
2650    0     0     0     0     0     0     0
2654    0     0     0     0     0     0     0
2658    0     0     0     0     0     0     0
2662    0     0     0     0     0     0     0
2666    0     0     0     0     0     0     0
2670    0     0     0     0     0     0     0
2674    0     0     0     0     0     0     0
2678    0     0     0     0     0     0     0
2682    0     0     0     0     0     0     0
2686    9.56012e-07     1.82233e-05     1.82233e-05     1.82233e-05     1.82233e-05     1.82233e-05     1.82233e-05
2690    0     0     0     0     0     0     0
2694    0     0     0     0     0     0     0
2698    0     0     0     0     0     0     0
2702    0     0     0     0     0     0     0
2706    0     0     0     0     0     0     0
2710    0     0     0     0     0     0     0
2714    0     0     0     0     0     0     0
2718    0     0     0     0     0     0     0
2722    0     0     0     0     0     0     0
2726    0     0     0     0     0     0     0
2730    0     0     0     0     0     0     0
2734    9.56012e-07     1.87755e-05     1.87755e-05     1.87755e-05     1.87755e-05     1.87755e-05     1.87755e-05
2738    0     0     0     0     0     0     0
2742    0     0     0     0     0     0     0
2746    0     0     0     0     0     0     0
2750    0     0     0     0     0     0     0
2754    0     0     0     0     0     0     0
2758    0     0     0     0     0     0     0
2762    0     0     0     0     0     0     0
2766    0     0     0     0     0     0     0
2770    0     0     0     0     0     0     0
2774    0     0     0     0     0     0     0
2778    0     0     0     0     0     0     0
2782    0     0     0     0     0     0     0
2786    0     0     0     0     0     0     0
2790    0     0     0     0     0     0     0
2794    0     0     0     0     0     0     0
2798    0     0     0     0     0     0     0
2802    0     0     0     0     0     0     0
2806    0     0     0     0     0     0     0
2810    0     0     0     0     0     0     0
2814    0     0     0     0     0     0     0
2818    0     0     0     0     0     0     0
2822    0     0     0     0     0     0     0
2826    0     0     0     0     0     0     0
2830    0     0     0     0     0     0     0
2834    0     0     0     0     0     0     0
2838    0     0     0     0     0     0     0
2842    0     0     0     0     0     0     0
2846    0     0     0     0     0     0     0
2850    0     0     0     0     0     0     0
2854    0     0     0     0     0     0     0
2858    0     0     0     0     0     0     0
2862    0     0     0     0     0     0     0
2866    0     0     0     0     0     0     0
2870    0     0     0     0     0     0     0
2874    0     0     0     0     0     0     0
2878    0     0     0     0     0     0     0
2882    0     0     0     0     0     0     0
2886    0     0     0     0     0     0     0
2890    0     0     0     0     0     0     0
2894    0     0     0     0     0     0     0
2898    0     0     0     0     0     0     0
2902    0     0     0     0     0     0     0
2906    0     0     0     0     0     0     0
2910    0     0     0     0     0     0     0
2914    9.56012e-07     2.07911e-05     2.07911e-05     2.07911e-05     2.07911e-05     2.07911e-05     2.07911e-05
2918    0     0     0     0     0     0     0
2922    0     0     0     0     0     0     0
2926    0     0     0     0     0     0     0
2930    0     0     0     0     0     0     0
2934    0     0     0     0     0     0     0
2938    0     0     0     0     0     0     0
2942    0     0     0     0     0     0     0
2946    0     0     0     0     0     0     0
2950    0     0     0     0     0     0     0
2954    0     0     0     0     0     0     0
2958    0     0     0     0     0     0     0
2962    0     0     0     0     0     0     0
2966    0     0     0     0     0     0     0
2970    0     0     0     0     0     0     0
2974    0     0     0     0     0     0     0
2978    0     0     0     0     0     0     0
2982    0     0     0     0     0     0     0
2986    0     0     0     0     0     0     0
2990    0     0     0     0     0     0     0
2994    0     0     0     0     0     0     0
2998    0     0     0     0     0     0     0
3002    0     0     0     0     0     0     0
3006    0     0     0     0     0     0     0
3010    0     0     0     0     0     0     0
3014    0     0     0     0     0     0     0
3018    0     0     0     0     0     0     0
3022    0     0     0     0     0     0     0
3026    0     0     0     0     0     0     0
3030    0     0     0     0     0     0     0
3034    0     0     0     0     0     0     0
3038    0     0     0     0     0     0     0
3042    0     0     0     0     0     0     0
3046    0     0     0     0     0     0     0
3050    0     0     0     0     0     0     0
3054    0     0     0     0     0     0     0
3058    0     0     0     0     0     0     0
3062    0     0     0     0     0     0     0
3066    0     0     0     0     0     0     0
3070    0     0     0     0     0     0     0
3074    0     0     0     0     0     0     0
3078    0     0     0     0     0     0     0
3082    0     0     0     0     0     0     0
3086    0     0     0     0     0     0     0
3090    0     0     0     0     0     0     0
3094    0     0     0     0     0     0     0
3098    0     0     0     0     0     0     0
3102    0     0     0     0     0     0     0
3106    0     0     0     0     0     0     0
3110    0     0     0     0     0     0     0
3114    0     0     0     0     0     0     0
3118    0     0     0     0     0     0     0
3122    0     0     0     0     0     0     0
3126    0     0     0     0     0     0     0
3130    0     0     0     0     0     0     0
3134    0     0     0     0     0     0     0
3138    0     0     0     0     0     0     0
3142    0     0     0     0     0     0     0
3146    0     0     0     0     0     0     0
3150    0     0     0     0     0     0     0
3154    0     0     0     0     0     0     0
3158    0     0     0     0     0     0     0
3162    0     0     0     0     0     0     0
3166    0     0     0     0     0     0     0
3170    0     0     0     0     0     0     0
3174    0     0     0     0     0     0     0
3178    0     0     0     0     0     0     0
3182    0     0     0     0     0     0     0
3186    0     0     0     0     0     0     0
3190    0     0     0     0     0     0     0
3194    0     0     0     0     0     0     0
3198    0     0     0     0     0     0     0
3202    0     0     0     0     0     0     0
3206    0     0     0     0     0     0     0
3210    0     0     0     0     0     0     0
3214    0     0     0     0     0     0     0
3218    0     0     0     0     0     0     0
3222    0     0     0     0     0     0     0
3226    0     0     0     0     0     0     0
3230    0     0     0     0     0     0     0
3234    0     0     0     0     0     0     0
3238    0     0     0     0     0     0     0
3242    0     0     0     0     0     0     0
3246    0     0     0     0     0     0     0
3250    0     0     0     0     0     0     0
3254    0     0     0     0     0     0     0
3258    0     0     0     0     0     0     0
3262    0     0     0     0     0     0     0
3266    0     0     0     0     0     0     0
3270    0     0     0     0     0     0     0
3274    0     0     0     0     0     0     0
3278    0     0     0     0     0     0     0
3282    0     0     0     0     0     0     0
3286    0     0     0     0     0     0     0
3290    0     0     0     0     0     0     0
3294    0     0     0     0     0     0     0
3298    0     0     0     0     0     0     0
3302    0     0     0     0     0     0     0
3306    0     0     0     0     0     0     0
3310    0     0     0     0     0     0     0
3314    0     0     0     0     0     0     0
3318    0     0     0     0     0     0     0
3322    0     0     0     0     0     0     0
3326    0     0     0     0     0     0     0
3330    0     0     0     0     0     0     0
3334    0     0     0     0     0     0     0
3338    0     0     0     0     0     0     0
3342    0     0     0     0     0     0     0
3346    0     0     0     0     0     0     0
3350    0     0     0     0     0     0     0
3354    0     0     0     0     0     0     0
3358    0     0     0     0     0     0     0
3362    0     0     0     0     0     0     0
3366    0     0     0     0     0     0     0
3370    0     0     0     0     0     0     0
3374    0     0     0     0     0     0     0
3378    0     0     0     0     0     0     0
3382    0     0     0     0     0     0     0
3386    0     0     0     0     0     0     0
3390    0     0     0     0     0     0     0
3394    0     0     0     0     0     0     0
3398    0     0     0     0     0     0     0
3402    0     0     0     0     0     0     0
3406    0     0     0     0     0     0     0
3410    0     0     0     0     0     0     0
3414    0     0     0     0     0     0     0
3418    0     0     0     0     0     0     0
3422    0     0     0     0     0     0     0
3426    0     0     0     0     0     0     0
3430    0     0     0     0     0     0     0
3434    0     0     0     0     0     0     0
3438    0     0     0     0     0     0     0
3442    0     0     0     0     0     0     0
3446    0     0     0     0     0     0     0
3450    0     0     0     0     0     0     0
3454    0     0     0     0     0     0     0
3458    0     0     0     0     0     0     0
3462    0     0     0     0     0     0     0
3466    0     0     0     0     0     0     0
3470    0     0     0     0     0     0     0
3474    0     0     0     0     0     0     0
3478    0     0     0     0     0     0     0
3482    0     0     0     0     0     0     0
3486    0     0     0     0     0     0     0
3490    0     0     0     0     0     0     0
3494    0     0     0     0     0     0     0
3498    0     0     0     0     0     0     0
3502    0     0     0     0     0     0     0
3506    0     0     0     0     0     0     0
3510    0     0     0     0     0     0     0
3514    0     0     0     0     0     0     0
3518    0     0     0     0     0     0     0
3522    0     0     0     0     0     0     0
3526    0     0     0     0     0     0     0
3530    0     0     0     0     0     0     0
3534    0     0     0     0     0     0     0
3538    0     0     0     0     0     0     0
3542    0     0     0     0     0     0     0
3546    0     0     0     0     0     0     0
3550    0     0     0     0     0     0     0
3554    0     0     0     0     0     0     0
3558    0     0     0     0     0     0     0
3562    0     0     0     0     0     0     0
3566    0     0     0     0     0     0     0
3570    0     0     0     0     0     0     0
3574    0     0     0     0     0     0     0
3578    0     0     0     0     0     0     0
3582    0     0     0     0     0     0     0
3586    0     0     0     0     0     0     0
3590    0     0     0     0     0     0     0
3594    0     0     0     0     0     0     0
3598    0     0     0     0     0     0     0
3602    0     0     0     0     0     0     0
3606    0     0     0     0     0     0     0
3610    0     0     0     0     0     0     0
3614    0     0     0     0     0     0     0
3618    0     0     0     0     0     0     0
3622    0     0     0     0     0     0     0
3626    0     0     0     0     0     0     0
3630    0     0     0     0     0     0     0
3634    0     0     0     0     0     0     0
3638    0     0     0     0     0     0     0
3642    0     0     0     0     0     0     0
3646    0     0     0     0     0     0     0
3650    0     0     0     0     0     0     0
3654    0     0     0     0     0     0     0
3658    0     0     0     0     0     0     0
3662    0     0     0     0     0     0     0
3666    0     0     0     0     0     0     0
3670    0     0     0     0     0     0     0
3674    0     0     0     0     0     0     0
3678    0     0     0     0     0     0     0
3682    0     0     0     0     0     0     0
3686    0     0     0     0     0     0     0
3690    0     0     0     0     0     0     0
3694    0     0     0     0     0     0     0
3698    0     0     0     0     0     0     0
3702    0     0     0     0     0     0     0
3706    0     0     0     0     0     0     0
3710    0     0     0     0     0     0     0
3714    0     0     0     0     0     0     0
3718    0     0     0     0     0     0     0
3722    0     0     0     0     0     0     0
3726    0     0     0     0     0     0     0
3730    0     0     0     0     0     0     0
3734    0     0     0     0     0     0     0
3738    0     0     0     0     0     0     0
3742    0     0     0     0     0     0     0
3746    0     0     0     0     0     0     0
3750    0     0     0     0     0     0     0
3754    0     0     0     0     0     0     0
3758    0     0     0     0     0     0     0
3762    0     0     0     0     0     0     0
3766    0     0     0     0     0     0     0
3770    0     0     0     0     0     0     0
3774    0     0     0     0     0     0     0
3778    0     0     0     0     0     0     0
3782    0     0     0     0     0     0     0
3786    0     0     0     0     0     0     0
3790    0     0     0     0     0     0     0
3794    0     0     0     0     0     0     0
3798    0     0     0     0     0     0     0
3802    0     0     0     0     0     0     0
3806    0     0     0     0     0     0     0
3810    0     0     0     0     0     0     0
3814    0     0     0     0     0     0     0
3818    0     0     0     0     0     0     0
3822    0     0     0     0     0     0     0
3826    0     0     0     0     0     0     0
3830    0     0     0     0     0     0     0
3834    0     0     0     0     0     0     0
3838    0     0     0     0     0     0     0
3842    0     0     0     0     0     0     0
3846    0     0     0     0     0     0     0
3850    0     0     0     0     0     0     0
3854    0     0     0     0     0     0     0
3858    0     0     0     0     0     0     0
3862    0     0     0     0     0     0     0
3866    0     0     0     0     0     0     0
3870    0     0     0     0     0     0     0
3874    0     0     0     0     0     0     0
3878    0     0     0     0     0     0     0
3882    0     0     0     0     0     0     0
3886    0     0     0     0     0     0     0
3890    0     0     0     0     0     0     0
3894    0     0     0     0     0     0     0
3898    0     0     0     0     0     0     0
3902    0     0     0     0     0     0     0
3906    0     0     0     0     0     0     0
3910    0     0     0     0     0     0     0
3914    0     0     0     0     0     0     0
3918    0     0     0     0     0     0     0
3922    0     0     0     0     0     0     0
3926    0     0     0     0     0     0     0
3930    0     0     0     0     0     0     0
3934    0     0     0     0     0     0     0
3938    0     0     0     0     0     0     0
3942    0     0     0     0     0     0     0
3946    0     0     0     0     0     0     0
3950    0     0     0     0     0     0     0
3954    0     0     0     0     0     0     0
3958    0     0     0     0     0     0     0
3962    0     0     0     0     0     0     0
3966    0     0     0     0     0     0     0
3970    0     0     0     0     0     0     0
3974    0     0     0     0     0     0     0
3978    0     0     0     0     0     0     0
3982    0     0     0     0     0     0     0
3986    0     0     0     0     0     0     0
3990    0     0     0     0     0     0     0
3994    0     0     0     0     0     0     0
3998    0     0     0     0     0     0     0
