1     0     0     0     0     0     0     0
3     0     0     0     0     0     0     0
5     0     0     0     0     0     0     0
7     0     0     0     0     0     0     0
9     0     0     0     0     0     0     0
11     0     0     0     0     0     0     0
13     5.37843e-05     1.19086e-07     1.19086e-07     1.19086e-07     1.19086e-07     1.19086e-07     1.19086e-07
15     5.37843e-05     9.9669e-08     9.9669e-08     9.9669e-08     9.9669e-08     9.9669e-08     9.9669e-08
17     3.58562e-05     5.67106e-08     5.67106e-08     5.67106e-08     5.67106e-08     5.67106e-08     5.67106e-08
19     0.000125497     1.77357e-07     1.77357e-07     1.77357e-07     1.77357e-07     1.77357e-07     1.77357e-07
21     5.37843e-05     6.5888e-08     6.5888e-08     6.5888e-08     6.5888e-08     6.5888e-08     6.5888e-08
23     5.37843e-05     5.78219e-08     5.78219e-08     5.78219e-08     5.78219e-08     5.78219e-08     5.78219e-08
25     0.000107569     1.03854e-07     1.03854e-07     1.03854e-07     1.03854e-07     1.03854e-07     1.03854e-07
27     0.000143425     1.26064e-07     1.26064e-07     1.26064e-07     1.26064e-07     1.26064e-07     1.26064e-07
29     8.96406e-05     7.17686e-08     7.17686e-08     7.17686e-08     7.17686e-08     7.17686e-08     7.17686e-08
31     0.000161353     1.17746e-07     1.17746e-07     1.17746e-07     1.17746e-07     1.17746e-07     1.17746e-07
33     0.000143425     9.44353e-08     9.44353e-08     9.44353e-08     9.44353e-08     9.44353e-08     9.44353e-08
35     0.000161353     9.99671e-08     9.99671e-08     9.99671e-08     9.99671e-08     9.99671e-08     9.99671e-08
37     0.000233065     1.33493e-07     1.33493e-07     1.33493e-07     1.33493e-07     1.33493e-07     1.33493e-07
39     0.000161353     8.50283e-08     8.50283e-08     8.50283e-08     8.50283e-08     8.50283e-08     8.50283e-08
41     5.37843e-05     2.66126e-08     2.66126e-08     2.66126e-08     2.66126e-08     2.66126e-08     2.66126e-08
43     0.000161353     7.46233e-08     7.46233e-08     7.46233e-08     7.46233e-08     7.46233e-08     7.46233e-08
45     0.000143425     6.20649e-08     6.20649e-08     6.20649e-08     6.20649e-08     6.20649e-08     6.20649e-08
47     0.000197209     8.12852e-08     8.12852e-08     8.12852e-08     8.12852e-08     8.12852e-08     8.12852e-08
49     0.000268922     1.04692e-07     1.04692e-07     1.04692e-07     1.04692e-07     1.04692e-07     1.04692e-07
51     0.000412347     1.525e-07     1.525e-07     1.525e-07     1.525e-07     1.525e-07     1.525e-07
53     0.00037649     1.32646e-07     1.32646e-07     1.32646e-07     1.32646e-07     1.32646e-07     1.32646e-07
55     0.00037649     1.27318e-07     1.27318e-07     1.27318e-07     1.27318e-07     1.27318e-07     1.27318e-07
57     0.00028685     9.26748e-08     9.26748e-08     9.26748e-08     9.26748e-08     9.26748e-08     9.26748e-08
59     0.000591628     1.84085e-07     1.84085e-07     1.84085e-07     1.84085e-07     1.84085e-07     1.84085e-07
61     0.000448203     1.34322e-07     1.34322e-07     1.34322e-07     1.34322e-07     1.34322e-07     1.34322e-07
63     0.000501987     1.44977e-07     1.44977e-07     1.44977e-07     1.44977e-07     1.44977e-07     1.44977e-07
65     0.000304778     8.52682e-08     8.52682e-08     8.52682e-08     8.52682e-08     8.52682e-08     8.52682e-08
67     0.000322706     8.82031e-08     8.82031e-08     8.82031e-08     8.82031e-08     8.82031e-08     8.82031e-08
69     0.000358562     9.52482e-08     9.52482e-08     9.52482e-08     9.52482e-08     9.52482e-08     9.52482e-08
71     0.000322706     8.36407e-08     8.36407e-08     8.36407e-08     8.36407e-08     8.36407e-08     8.36407e-08
73     0.000448203     1.13625e-07     1.13625e-07     1.13625e-07     1.13625e-07     1.13625e-07     1.13625e-07
75     0.000394418     9.8414e-08     9.8414e-08     9.8414e-08     9.8414e-08     9.8414e-08     9.8414e-08
77     0.000340634     8.36296e-08     8.36296e-08     8.36296e-08     8.36296e-08     8.36296e-08     8.36296e-08
79     0.000609556     1.47521e-07     1.47521e-07     1.47521e-07     1.47521e-07     1.47521e-07     1.47521e-07
81     0.000322706     7.7214e-08     7.7214e-08     7.7214e-08     7.7214e-08     7.7214e-08     7.7214e-08
83     0.000555771     1.3174e-07     1.3174e-07     1.3174e-07     1.3174e-07     1.3174e-07     1.3174e-07
85     0.000466131     1.09551e-07     1.09551e-07     1.09551e-07     1.09551e-07     1.09551e-07     1.09551e-07
87     0.000519915     1.21565e-07     1.21565e-07     1.21565e-07     1.21565e-07     1.21565e-07     1.21565e-07
89     0.000591628     1.3779e-07     1.3779e-07     1.3779e-07     1.3779e-07     1.3779e-07     1.3779e-07
91     0.0005737     1.33281e-07     1.33281e-07     1.33281e-07     1.33281e-07     1.33281e-07     1.33281e-07
93     0.000591628     1.37344e-07     1.37344e-07     1.37344e-07     1.37344e-07     1.37344e-07     1.37344e-07
95     0.000717125     1.66589e-07     1.66589e-07     1.66589e-07     1.66589e-07     1.66589e-07     1.66589e-07
97     0.000466131     1.08533e-07     1.08533e-07     1.08533e-07     1.08533e-07     1.08533e-07     1.08533e-07
99     0.000645412     1.50712e-07     1.50712e-07     1.50712e-07     1.50712e-07     1.50712e-07     1.50712e-07
101     0.000788837     1.85038e-07     1.85038e-07     1.85038e-07     1.85038e-07     1.85038e-07     1.85038e-07
103     0.000519915     1.22603e-07     1.22603e-07     1.22603e-07     1.22603e-07     1.22603e-07     1.22603e-07
105     0.000501987     1.19142e-07     1.19142e-07     1.19142e-07     1.19142e-07     1.19142e-07     1.19142e-07
107     0.00066334     1.58817e-07     1.58817e-07     1.58817e-07     1.58817e-07     1.58817e-07     1.58817e-07
109     0.000681268     1.6498e-07     1.6498e-07     1.6498e-07     1.6498e-07     1.6498e-07     1.6498e-07
111     0.00066334     1.63017e-07     1.63017e-07     1.63017e-07     1.63017e-07     1.63017e-07     1.63017e-07
113     0.000555771     1.38964e-07     1.38964e-07     1.38964e-07     1.38964e-07     1.38964e-07     1.38964e-07
115     0.000860549     2.20146e-07     2.20146e-07     2.20146e-07     2.20146e-07     2.20146e-07     2.20146e-07
117     0.000537843     1.41077e-07     1.41077e-07     1.41077e-07     1.41077e-07     1.41077e-07     1.41077e-07
119     0.000842621     2.27611e-07     2.27611e-07     2.27611e-07     2.27611e-07     2.27611e-07     2.27611e-07
121     0.000914334     2.56825e-07     2.56825e-07     2.56825e-07     2.56825e-07     2.56825e-07     2.56825e-07
123     0.000968118     2.82813e-07     2.82813e-07     2.82813e-07     2.82813e-07     2.82813e-07     2.82813e-07
125     0.000806765     2.47746e-07     2.47746e-07     2.47746e-07     2.47746e-07     2.47746e-07     2.47746e-07
127     0.00105776     3.41271e-07     3.41271e-07     3.41271e-07     3.41271e-07     3.41271e-07     3.41271e-07
129     0.000860549     2.97658e-07     2.97658e-07     2.97658e-07     2.97658e-07     2.97658e-07     2.97658e-07
131     0.00103983     3.84042e-07     3.84042e-07     3.84042e-07     3.84042e-07     3.84042e-07     3.84042e-07
133     0.000699196     2.79518e-07     2.79518e-07     2.79518e-07     2.79518e-07     2.79518e-07     2.79518e-07
135     0.00100397     4.36674e-07     4.36674e-07     4.36674e-07     4.36674e-07     4.36674e-07     4.36674e-07
137     0.000968118     4.56606e-07     4.56606e-07     4.56606e-07     4.56606e-07     4.56606e-07     4.56606e-07
139     0.00116533     6.0633e-07     6.0633e-07     6.0633e-07     6.0633e-07     6.0633e-07     6.0633e-07
141     0.000896406     5.25123e-07     5.25123e-07     5.25123e-07     5.25123e-07     5.25123e-07     5.25123e-07
143     0.000627484     4.13714e-07     4.13714e-07     4.13714e-07     4.13714e-07     4.13714e-07     4.13714e-07
145     0.0012729     9.49679e-07     9.49679e-07     9.49679e-07     9.49679e-07     9.49679e-07     9.49679e-07
147     0.00112947     9.68928e-07     9.68928e-07     9.68928e-07     9.68928e-07     9.68928e-07     9.68928e-07
149     0.0011474     1.15276e-06     1.15276e-06     1.15276e-06     1.15276e-06     1.15276e-06     1.15276e-06
151     0.00116533     1.40859e-06     1.40859e-06     1.40859e-06     1.40859e-06     1.40859e-06     1.40859e-06
153     0.0010219     1.5325e-06     1.5325e-06     1.5325e-06     1.5325e-06     1.5325e-06     1.5325e-06
155     0.0012729     2.36231e-06     2.36231e-06     2.36231e-06     2.36231e-06     2.36231e-06     2.36231e-06
157     0.00116533     2.84316e-06     2.84316e-06     2.84316e-06     2.84316e-06     2.84316e-06     2.84316e-06
159     0.00129082     4.92573e-06     4.92573e-06     4.92573e-06     4.92573e-06     4.92573e-06     4.92573e-06
161     0.0011474     7.49648e-06     7.49648e-06     7.49648e-06     7.49648e-06     7.49648e-06     7.49648e-06
163     0.00168524     1.73837e-05     1.73837e-05     1.73837e-05     1.73837e-05     1.73837e-05     1.73837e-05
165     0.000968118     1.38452e-05     1.38452e-05     1.38452e-05     1.38452e-05     1.38452e-05     1.38452e-05
167     0.00136254     2.35919e-05     2.35919e-05     2.35919e-05     2.35919e-05     2.35919e-05     2.35919e-05
169     0.00136254     2.72248e-05     2.72248e-05     2.72248e-05     2.72248e-05     2.72248e-05     2.72248e-05
171     0.0012729     2.85843e-05     2.85843e-05     2.85843e-05     2.85843e-05     2.85843e-05     2.85843e-05
173     0.00139839     3.48687e-05     3.48687e-05     3.48687e-05     3.48687e-05     3.48687e-05     3.48687e-05
175     0.0012729     3.4813e-05     3.4813e-05     3.4813e-05     3.4813e-05     3.4813e-05     3.4813e-05
177     0.00161353     4.73592e-05     4.73592e-05     4.73592e-05     4.73592e-05     4.73592e-05     4.73592e-05
179     0.00163146     5.14278e-05     5.14278e-05     5.14278e-05     5.14278e-05     5.14278e-05     5.14278e-05
181     0.00152389     5.33441e-05     5.33441e-05     5.33441e-05     5.33441e-05     5.33441e-05     5.33441e-05
183     0.00130875     5.0803e-05     5.0803e-05     5.0803e-05     5.0803e-05     5.0803e-05     5.0803e-05
185     0.00148803     6.36243e-05     6.36243e-05     6.36243e-05     6.36243e-05     6.36243e-05     6.36243e-05
187     0.00190038     8.8427e-05     8.8427e-05     8.8427e-05     8.8427e-05     8.8427e-05     8.8427e-05
189     0.00190038     9.51674e-05     9.51674e-05     9.51674e-05     9.51674e-05     9.51674e-05     9.51674e-05
191     0.00152389     8.17995e-05     8.17995e-05     8.17995e-05     8.17995e-05     8.17995e-05     8.17995e-05
193     0.00181074     0.000103358     0.000103358     0.000103358     0.000103358     0.000103358     0.000103358
195     0.00173903     0.000105034     0.000105034     0.000105034     0.000105034     0.000105034     0.000105034
197     0.00181074     0.000114614     0.000114614     0.000114614     0.000114614     0.000114614     0.000114614
199     0.00186452     0.000123705     0.000123705     0.000123705     0.000123705     0.000123705     0.000123705
201     0.00154182     0.000106572     0.000106572     0.000106572     0.000106572     0.000106572     0.000106572
203     0.00197209     0.000142918     0.000142918     0.000142918     0.000142918     0.000142918     0.000142918
205     0.00200795     0.000151619     0.000151619     0.000151619     0.000151619     0.000151619     0.000151619
207     0.00177488     0.000139871     0.000139871     0.000139871     0.000139871     0.000139871     0.000139871
209     0.0020438     0.000167439     0.000167439     0.000167439     0.000167439     0.000167439     0.000167439
211     0.00211552     0.000179815     0.000179815     0.000179815     0.000811262     0.00108414     0.000623503
213     0.0018466     0.000163136     0.000163136     0.000163136     0.000767355     0.001029     0.000587383
215     0.00202588     0.0001852     0.0001852     0.0001852     0.000797081     0.00106248     0.000614438
217     0.00238444     0.000225791     0.000225791     0.000225791     0.000842378     0.00111031     0.000658123
219     0.00245615     0.00024039     0.00024039     0.00024039     0.000848107     0.00111252     0.000666287
221     0.00199002     0.000201084     0.000201084     0.000201084     0.000825401     0.00109725     0.000638386
223     0.00207966     0.000216939     0.000216939     0.000216939     0.000837562     0.00110798     0.000651525
225     0.00211552     0.000227756     0.000227756     0.000227756     0.000859978     0.00113552     0.000670353
227     0.00215137     0.000238687     0.000238687     0.000238687     0.000846622     0.00111161     0.000664187
229     0.00222309     0.000254172     0.000254172     0.000254172     0.000886928     0.00116278     0.000696984
231     0.00256372     0.000302237     0.000302237     0.000302237     0.000926663     0.001199     0.000739176
233     0.00254579     0.000309368     0.000309368     0.000309368     0.000941159     0.00121669     0.00075136
235     0.00240237     0.000300392     0.000300392     0.000300392     0.000922185     0.00119336     0.000735332
237     0.00267129     0.000343634     0.000343634     0.000343634     0.000959634     0.0012283     0.000774437
239     0.00243822     0.000322199     0.000322199     0.000322199     0.000953754     0.00122929     0.000763829
241     0.00277886     0.000377342     0.000377342     0.000377342     0.000997525     0.00126822     0.000810861
243     0.00310156     0.000433017     0.000433017     0.000433017     0.00105089     0.0013207     0.000864806
245     0.00281471     0.000403186     0.000403186     0.000403186     0.00104101     0.00131967     0.000848786
247     0.00254579     0.000374228     0.000374228     0.000374228     0.00101089     0.0012891     0.000818966
249     0.00249201     0.000375605     0.000375605     0.000375605     0.000991143     0.00126003     0.000805607
251     0.00297607     0.000460803     0.000460803     0.000460803     0.0010796     0.00134963     0.000893129
253     0.00267129     0.000423796     0.000423796     0.000423796     0.00103819     0.00130594     0.000853198
255     0.00285057     0.000463748     0.000463748     0.000463748     0.00107704     0.00134378     0.00089253
257     0.00285057     0.000475608     0.000475608     0.000475608     0.00109868     0.00136925     0.000911397
259     0.00320913     0.000548647     0.000548647     0.000548647     0.00117591     0.00144786     0.000987515
261     0.00346013     0.00060555     0.00060555     0.00060555     0.00123947     0.00151407     0.00104918
263     0.00322706     0.000577601     0.000577601     0.000577601     0.00120256     0.00147307     0.00101502
265     0.0033167     0.000608272     0.000608272     0.000608272     0.00124141     0.00151536     0.00105137
267     0.00315535     0.000592204     0.000592204     0.000592204     0.00121767     0.00148839     0.00102992
269     0.00358562     0.00068795     0.00068795     0.00068795     0.00128918     0.00154947     0.00110855
271     0.00329877     0.000647067     0.000647067     0.000647067     0.00124889     0.00150961     0.001068
273     0.00362148     0.000726562     0.000726562     0.000726562     0.00132196     0.0015801     0.00114285
275     0.00347805     0.000713909     0.000713909     0.000713909     0.00132745     0.00159362     0.00114272
277     0.00360355     0.00075554     0.00075554     0.00075554     0.00137921     0.00164995     0.00119135
279     0.00356769     0.00076468     0.00076468     0.00076468     0.0013834     0.00165194     0.00119695
281     0.0038904     0.000852097     0.000852097     0.000852097     0.0014808     0.00175355     0.00129138
283     0.00394418     0.000881492     0.000881492     0.000881492     0.0014965     0.00176299     0.00131131
285     0.00378283     0.000863689     0.000863689     0.000863689     0.00146304     0.00172248     0.00128268
287     0.00414139     0.00096441     0.00096441     0.00096441     0.00158619     0.00185503     0.00139917
289     0.00419518     0.000997258     0.000997258     0.000997258     0.00160371     0.00186575     0.00142131
291     0.0040159     0.000974139     0.000974139     0.000974139     0.00157795     0.00183886     0.00139626
293     0.00471509     0.0011657     0.0011657     0.0011657     0.00179566     0.0020681     0.00160597
295     0.00442824     0.00111655     0.00111655     0.00111655     0.00174222     0.00201306     0.00155365
297     0.00430275     0.00110623     0.00110623     0.00110623     0.00174297     0.0020189     0.0015509
299     0.00466131     0.00122043     0.00122043     0.00122043     0.00182825     0.00209179     0.00164477
301     0.00476888     0.00127295     0.00127295     0.00127295     0.00190543     0.00217976     0.00171443
303     0.00494816     0.00134635     0.00134635     0.00134635     0.00199464     0.00227577     0.00179885
305     0.00489437     0.00135684     0.00135684     0.00135684     0.00200942     0.00229226     0.00181236
307     0.00555771     0.00156919     0.00156919     0.00156919     0.00221789     0.00249881     0.00202207
309     0.00550393     0.00158269     0.00158269     0.00158269     0.00224028     0.00252477     0.00204184
311     0.00487645     0.00142744     0.00142744     0.00142744     0.00204873     0.00231729     0.00186131
313     0.00457167     0.00136274     0.00136274     0.00136274     0.00202828     0.00231577     0.00182758
315     0.00557564     0.00169156     0.00169156     0.00169156     0.00235487     0.00264124     0.00215486
317     0.005486     0.0016941     0.0016941     0.0016941     0.00235797     0.0026445     0.00215781
319     0.00643619     0.00202183     0.00202183     0.00202183     0.00271804     0.00301834     0.00250814
321     0.00634655     0.00202821     0.00202821     0.00202821     0.00273852     0.00304486     0.00252437
323     0.00699196     0.00227205     0.00227205     0.00227205     0.0029795     0.00328447     0.00276619
325     0.00643619     0.00212464     0.00212464     0.00212464     0.00285948     0.00317627     0.00263794
327     0.00629277     0.00211264     0.00211264     0.00211264     0.00286754     0.00319267     0.00263994
329     0.0076553     0.00260952     0.00260952     0.00260952     0.00334776     0.00366548     0.00312531
331     0.00726089     0.00251513     0.00251513     0.00251513     0.00324109     0.00355312     0.00302248
333     0.00729674     0.00256778     0.00256778     0.00256778     0.00335675     0.00369522     0.00311939
335     0.00722503     0.00258278     0.00258278     0.00258278     0.00339827     0.0037474     0.00315325
337     0.00742224     0.0026938     0.0026938     0.0026938     0.00347189     0.00380432     0.00323842
339     0.00745809     0.00274927     0.00274927     0.00274927     0.00359147     0.0039505     0.00333909
341     0.0083545     0.00312942     0.00312942     0.00312942     0.00398431     0.00434802     0.00372841
343     0.00874892     0.00333001     0.00333001     0.00333001     0.00419229     0.00455861     0.0039344
345     0.00862342     0.00333732     0.00333732     0.00333732     0.00426585     0.00466104     0.00398773
347     0.00899991     0.00354485     0.00354485     0.00354485     0.00449273     0.00489764     0.00420798
349     0.00901784     0.00362277     0.00362277     0.00362277     0.004641     0.00507623     0.00433497
351     0.0104879     0.00430389     0.00430389     0.00430389     0.00535406     0.00580344     0.00503807
353     0.00978875     0.00410901     0.00410901     0.00410901     0.00518109     0.00564088     0.00485799
355     0.0102728     0.00441479     0.00441479     0.00441479     0.00558329     0.00608574     0.00523044
357     0.0106493     0.0046903     0.0046903     0.0046903     0.00590506     0.00642861     0.00553747
359     0.010237     0.00461273     0.00461277     0.00461273     0.00583259     0.00635972     0.00546276
361     0.012227     0.00564091     0.00564098     0.00564091     0.00700951     0.00760175     0.00659404
363     0.0128007     0.00603625     0.00603633     0.00603625     0.00746334     0.00808165     0.00702969
365     0.0129082     0.00622192     0.00622201     0.00622192     0.00772574     0.00837807     0.00726834
367     0.0135537     0.00667399     0.00667411     0.00667399     0.00824737     0.00893081     0.00776836
369     0.0131055     0.00659327     0.00659339     0.00659327     0.00826312     0.00898928     0.00775417
371     0.0135895     0.00698393     0.00698407     0.00698393     0.0086634     0.00939475     0.00815088
373     0.0152927     0.00803272     0.0080329     0.00803272     0.00989304     0.0107044     0.00932462
375     0.0151134     0.00811038     0.00811058     0.00811038     0.0100599     0.0109116     0.00946347
377     0.0165118     0.0090523     0.00905255     0.0090523     0.0110873     0.0119778     0.0104639
379     0.017713     0.00990984     0.00991015     0.00990984     0.0120627     0.0130062     0.0114024
381     0.0185556     0.0106013     0.0106017     0.0106013     0.012975     0.0140171     0.012246
383     0.020205     0.0117717     0.0117721     0.0117717     0.0143291     0.0154536     0.0135429
385     0.0200078     0.0118845     0.011885     0.0118845     0.0144808     0.0156235     0.0136818
387     0.020958     0.0126859     0.0126865     0.0126859     0.0155155     0.0167624     0.0146437
389     0.0217827     0.0134327     0.0134334     0.0134327     0.0163315     0.0176107     0.0154376
391     0.0238802     0.0149955     0.0149964     0.0149955     0.0182975     0.0197562     0.0172783
393     0.0258523     0.0165238     0.0165249     0.0165238     0.0200486     0.0216074     0.0189595
395     0.02743     0.0178477     0.017849     0.0178477     0.0216714     0.0233643     0.0204891
397     0.0279858     0.0185322     0.0185338     0.0185322     0.0224249     0.0241503     0.0212202
399     0.029922     0.0201663     0.0201683     0.0201663     0.0242689     0.0260897     0.022998
401     0.0320734     0.0220013     0.0220038     0.0220013     0.0264314     0.0283997     0.0250577
403     0.0333821     0.02331     0.023313     0.02331     0.0279968     0.0300826     0.0265421
405     0.0383662     0.0272685     0.0272725     0.0272685     0.0326249     0.0350117     0.0309605
407     0.0398542     0.0288356     0.0288404     0.0288356     0.0344045     0.03689     0.0326725
409     0.0424179     0.0312594     0.0312655     0.0312594     0.0371868     0.0398357     0.0353416
411     0.0450892     0.0338335     0.0338411     0.0338335     0.0400601     0.0428465     0.0381203
413     0.0496788     0.0379608     0.0379709     0.0379608     0.0446985     0.0477178     0.0425983
415     0.0532824     0.0414772     0.04149     0.0414772     0.0486865     0.0519206     0.0464375
417     0.0565991     0.0449044     0.0449206     0.0449044     0.0524648     0.0558624     0.0501048
419     0.0627663     0.0507889     0.0508106     0.0507889     0.0589096     0.0625664     0.0563729
421     0.0678041     0.0559868     0.0560151     0.0559868     0.0645872     0.0684695     0.0618977
423     0.0727523     0.0613784     0.0614151     0.0613784     0.0703861     0.074464     0.0675663
425     0.0780052     0.0673137     0.0673615     0.0673137     0.076652     0.0808951     0.0737257
427     0.0866466     0.0765665     0.0766312     0.0765665     0.0864033     0.0908925     0.0833174
429     0.0920071     0.083441     0.0835254     0.083441     0.0934485     0.0980396     0.0903068
431     0.10176     0.0948905     0.0950054     0.0948905     0.105374     0.110212     0.102081
433     0.107963     0.103731     0.10388     0.103731     0.114151     0.118997     0.110876
435     0.117106     0.116211     0.116407     0.116211     0.126724     0.13166     0.123418
437     0.125049     0.128439     0.128692     0.128439     0.138636     0.143487     0.135429
439     0.131449     0.14006     0.140378     0.14006     0.149659     0.15431     0.146638
441     0.13767     0.15239     0.152781     0.15239     0.161194     0.165565     0.15842
443     0.145182     0.167046     0.16752     0.167046     0.174845     0.178852     0.172384
445     0.146885     0.175568     0.176106     0.175568     0.181896     0.185304     0.179896
447     0.151475     0.187864     0.188466     0.187864     0.192564     0.195302     0.191077
449     0.151869     0.194826     0.195458     0.194826     0.197565     0.199445     0.196697
451     0.150955     0.199459     0.200093     0.199459     0.200226     0.20121     0.199983
453     0.141865     0.192129     0.192707     0.192129     0.190893     0.191864     0.190329
455     0.135913     0.187651     0.188169     0.187651     0.18459     0.186081     0.183191
457     0.129531     0.181432     0.181879     0.181432     0.176597     0.178581     0.174388
459     0.123327     0.174484     0.174857     0.174484     0.168217     0.170582     0.165353
461     0.111853     0.159263     0.159551     0.159263     0.152121     0.154679     0.148859
463     0.103499     0.1479     0.148125     0.1479     0.139903     0.142668     0.136255
465     0.096758     0.138495     0.13867     0.138495     0.129843     0.132765     0.125898
467     0.0863059     0.12358     0.123709     0.12358     0.114887     0.117775     0.110928
469     0.0806048     0.115373     0.115471     0.115373     0.1063     0.109277     0.10217
471     0.0721965     0.103261     0.103334     0.103261     0.0943212     0.09723     0.0902549
473     0.0680551     0.0972629     0.0973187     0.0972629     0.0882117     0.0911391     0.0840943
475     0.0604895     0.0864018     0.0864423     0.0864018     0.0777136     0.0805114     0.0737606
477     0.0547883     0.0782456     0.0782757     0.0782456     0.0698708     0.0725602     0.0660586
479     0.0494637     0.0706652     0.0706875     0.0706652     0.0626996     0.0652532     0.0590706
481     0.0468103     0.0669354     0.0669527     0.0669354     0.0589674     0.0615191     0.0553328
483     0.0430454     0.0616447     0.0616579     0.0616447     0.0539477     0.0564116     0.0504321
485     0.0389399     0.055878     0.055888     0.055878     0.048581     0.0509169     0.045243
487     0.0362865     0.0522011     0.0522088     0.0522011     0.0450939     0.0473694     0.041839
489     0.0343144     0.049509     0.0495151     0.049509     0.0425878     0.0448042     0.0394151
491     0.0318224     0.0460625     0.0460673     0.0460625     0.0393936     0.0415294     0.0363342
493     0.0283802     0.0412266     0.0412302     0.0412266     0.0351004     0.0370621     0.0322894
495     0.026677     0.0389045     0.0389073     0.0389045     0.0328764     0.0348063     0.0301102
497     0.0252786     0.0370184     0.0370207     0.0370184     0.0310897     0.0329876     0.0283697
499     0.0232886     0.0342594     0.0342612     0.0342594     0.0287151     0.0304898     0.0261713
501     0.0220516     0.0325939     0.0325954     0.0325939     0.0272135     0.028936     0.0247441
503     0.0209221     0.0310816     0.0310828     0.0310816     0.0258175     0.0275033     0.0234006
505     0.0190934     0.0285177     0.0285187     0.0285177     0.0236014     0.0251767     0.0213426
507     0.0168345     0.0252841     0.0252848     0.0252841     0.0207469     0.0222016     0.0186602
509     0.0171931     0.0259723     0.0259729     0.0259723     0.0213583     0.0228391     0.0192336
511     0.015956     0.0242438     0.0242443     0.0242438     0.0198054     0.0212312     0.0177589
513     0.0148624     0.0227198     0.0227202     0.0227198     0.0185053     0.0198608     0.0165592
515     0.0145935     0.0224503     0.0224506     0.0224503     0.0182011     0.0195692     0.016236
517     0.0134102     0.0207622     0.0207625     0.0207622     0.0168003     0.0180774     0.0149653
519     0.01246     0.0194151     0.0194153     0.0194151     0.0155836     0.0168198     0.0138068
521     0.0118684     0.0186108     0.0186109     0.0186108     0.014953     0.0161341     0.0132549
523     0.0102549     0.0161854     0.0161856     0.0161854     0.0130099     0.014036     0.0115342
525     0.010219     0.0162333     0.0162334     0.0162333     0.012979     0.014031     0.0114657
527     0.0104879     0.0167723     0.0167724     0.0167723     0.0133353     0.0144468     0.0117371
529     0.00998596     0.0160725     0.0160726     0.0160725     0.0127743     0.0138411     0.0112409
531     0.00930469     0.0150712     0.0150712     0.0150712     0.0119366     0.0129504     0.0104793
533     0.00858757     0.0139987     0.0139987     0.0139987     0.0110303     0.0119902     0.00965081
535     0.00826486     0.0135628     0.0135628     0.0135628     0.0106247     0.0115746     0.00925997
537     0.00842621     0.0139183     0.0139183     0.0139183     0.0109672     0.0119211     0.00959718
539     0.0077808     0.0129364     0.0129364     0.0129364     0.0101445     0.0110468     0.00884922
541     0.00724296     0.0121229     0.0121229     0.0121229     0.0094716     0.0103285     0.00824188
543     0.00647205     0.010908     0.010908     0.010908     0.00845953     0.00925084     0.00732371
545     0.00672304     0.0114071     0.0114072     0.0114071     0.00887976     0.00969682     0.00770733
547     0.0065079     0.0111193     0.0111193     0.0111193     0.00863869     0.00944084     0.0074876
549     0.00609556     0.0104914     0.0104914     0.0104914     0.00814812     0.00890616     0.00706051
551     0.00634655     0.0110019     0.0110019     0.0110019     0.00850177     0.00931081     0.00734099
553     0.00523501     0.00913984     0.00913984     0.00913984     0.00695851     0.00766468     0.00594536
555     0.0050378     0.0088593     0.0088593     0.0088593     0.00674006     0.00742642     0.00575524
557     0.00480473     0.00850665     0.00850665     0.00850665     0.00647534     0.00713349     0.00553075
559     0.00557564     0.00994154     0.00994154     0.00994154     0.00763983     0.00838613     0.00656892
561     0.00536051     0.00961707     0.00961707     0.00961707     0.00734766     0.00808399     0.00629077
563     0.00467924     0.00844666     0.00844666     0.00844666     0.00643773     0.0070901     0.00550117
565     0.00414139     0.00751765     0.00751765     0.00751765     0.00572277     0.00630612     0.00488499
567     0.00383662     0.00700569     0.00700569     0.00700569     0.00525893     0.00582712     0.00444289
569     0.00405175     0.00744438     0.00744438     0.00744438     0.00563609     0.0062247     0.00479062
571     0.00415932     0.00769199     0.00769199     0.00769199     0.00582876     0.00643559     0.00495721
573     0.00380076     0.00707817     0.00707817     0.00707817     0.00532334     0.00589503     0.00450225
575     0.00362148     0.00679247     0.00679247     0.00679247     0.0051219     0.00566622     0.00434016
577     0.00363941     0.00687412     0.00687412     0.00687412     0.00518711     0.00573686     0.00439762
579     0.00363941     0.00692283     0.00692283     0.00692283     0.00516659     0.00573898     0.00434464
581     0.00301192     0.00576804     0.00576804     0.00576804     0.0042959     0.00477583     0.0036068
583     0.00347805     0.00670199     0.00670199     0.00670199     0.00504235     0.00558364     0.00426532
585     0.00288643     0.00559866     0.00559866     0.00559866     0.00413547     0.00461288     0.00345016
587     0.00313742     0.00612364     0.00612364     0.00612364     0.00459907     0.00509672     0.00388454
589     0.00306571     0.00602557     0.00602557     0.00602557     0.00447846     0.00498375     0.00375304
591     0.00281471     0.00557478     0.00557478     0.00557478     0.00413879     0.00460797     0.00346492
593     0.00265336     0.00529539     0.00529539     0.00529539     0.00388997     0.00434943     0.00323007
595     0.00250994     0.00505157     0.00505157     0.00505157     0.0036766     0.00412642     0.00303066
597     0.00245615     0.00498237     0.00498237     0.00498237     0.00365289     0.00408812     0.00302791
599     0.00231273     0.00472646     0.00472646     0.00472646     0.00345787     0.0038734     0.00286089
601     0.0022948     0.0047209     0.0047209     0.0047209     0.00341588     0.00384369     0.00280131
603     0.00245615     0.00508317     0.00508317     0.00508317     0.00368054     0.00414073     0.00301914
605     0.00283264     0.00589686     0.00589686     0.00589686     0.0043659     0.00486861     0.00364335
607     0.00193624     0.00405154     0.00405154     0.00405154     0.00291331     0.00328737     0.00237556
609     0.00211552     0.00445259     0.00445259     0.00445259     0.00325333     0.00364772     0.00268629
611     0.00188245     0.00398708     0.00398708     0.00398708     0.00286648     0.00323515     0.00233637
613     0.0022948     0.00489137     0.00489137     0.00489137     0.00357782     0.00401015     0.00295621
615     0.00193624     0.004156     0.004156     0.004156     0.0030006     0.00338098     0.00245367
617     0.00206173     0.00445576     0.00445576     0.00445576     0.00322309     0.00362896     0.00263954
619     0.0018466     0.0040204     0.0040204     0.0040204     0.00288973     0.00326212     0.00235439
621     0.00134461     0.00294827     0.00294827     0.00294827     0.0020791     0.00236548     0.00166747
623     0.00181074     0.00399724     0.00399724     0.00399724     0.00290915     0.00326776     0.00239363
625     0.00141632     0.0031476     0.0031476     0.0031476     0.00221705     0.00252387     0.00177595
627     0.00170317     0.00380869     0.00380869     0.00380869     0.00271908     0.00307849     0.00220231
629     0.00186452     0.0041968     0.0041968     0.0041968     0.00298752     0.00338662     0.00241367
631     0.00181074     0.00410011     0.00410011     0.00410011     0.00291718     0.00330779     0.00235559
633     0.0018466     0.0042058     0.0042058     0.0042058     0.00302467     0.00341485     0.00246357
635     0.00118326     0.00271032     0.00271032     0.00271032     0.00187286     0.00214966     0.00147485
637     0.00132668     0.00305719     0.00305719     0.00305719     0.00214116     0.00244409     0.00170554
639     0.00141632     0.0032831     0.0032831     0.0032831     0.00231263     0.00263374     0.00185081
641     0.00125497     0.00292888     0.00292888     0.00292888     0.00204915     0.00234043     0.00163018
643     0.00152389     0.00358126     0.00358126     0.00358126     0.00254791     0.00289029     0.00205532
645     0.00136254     0.00322488     0.00322488     0.00322488     0.00229639     0.00260427     0.00185346
647     0.00130875     0.00311974     0.00311974     0.00311974     0.00219727     0.00250332     0.00175684
649     0.00105776     0.00254059     0.00254059     0.00254059     0.00175895     0.00201842     0.0013856
651     0.00103983     0.00251538     0.00251538     0.00251538     0.00175264     0.0020059     0.00138816
653     0.00136254     0.00331686     0.00331686     0.00331686     0.0023195     0.00265075     0.00184291
655     0.00138046     0.00338312     0.00338312     0.00338312     0.00239092     0.0027205     0.00191682
657     0.00125497     0.00309515     0.00309515     0.00309515     0.00219338     0.00249297     0.0017624
659     0.00123704     0.00307044     0.00307044     0.00307044     0.00212459     0.00243891     0.00167248
661     0.00103983     0.00259686     0.00259686     0.00259686     0.00180343     0.00206724     0.001424
663     0.00107569     0.00270324     0.00270324     0.00270324     0.00188225     0.00215537     0.00148927
665     0.000878478     0.00222099     0.00222099     0.00222099     0.00150584     0.00174394     0.00116313
667     0.00121911     0.00310265     0.00310265     0.00310265     0.00216543     0.00247771     0.0017159
669     0.000770909     0.0019737     0.0019737     0.0019737     0.00126334     0.00150023     0.000922297
671     0.00103983     0.00267796     0.00267796     0.00267796     0.00182891     0.00211223     0.0014209
673     0.00100397     0.00260093     0.00260093     0.00260093     0.00181409     0.00207675     0.00143573
675     0.00103983     0.00271082     0.00271082     0.00271082     0.00185167     0.00213859     0.0014384
677     0.000627484     0.00164501     0.00164501     0.00164501     0.00109525     0.0012789     0.00083074
679     0.000824693     0.00217395     0.00217395     0.00217395     0.00147895     0.00171117     0.00114445
681     0.000860549     0.00228215     0.00228215     0.00228215     0.00157785     0.00181324     0.00123883
683     0.000645412     0.00172046     0.00172046     0.00172046     0.00113937     0.00133366     0.000859667
685     0.00095019     0.00254682     0.00254682     0.00254682     0.00173234     0.00200474     0.00134015
687     0.000806765     0.00217284     0.00217284     0.00217284     0.00150773     0.00173029     0.00118729
689     0.00066334     0.00179754     0.00179754     0.00179754     0.00121123     0.00140752     0.000928621
691     0.000699196     0.00190585     0.00190585     0.00190585     0.0013038     0.0015055     0.00101334
693     0.000519915     0.00142592     0.00142592     0.00142592     0.000928666     0.00109536     0.000688484
695     0.000519915     0.00143478     0.00143478     0.00143478     0.000885542     0.00106984     0.000619941
697     0.000806765     0.00224055     0.00224055     0.00224055     0.00151975     0.00176181     0.0011708
699     0.000699196     0.00195387     0.00195387     0.00195387     0.00131619     0.00153053     0.00100719
701     0.000824693     0.00231916     0.00231916     0.00231916     0.00156804     0.00182064     0.00120376
703     0.000519915     0.00147057     0.00147057     0.00147057     0.000909498     0.00109828     0.000637207
705     0.000735053     0.00209054     0.00209054     0.00209054     0.00143425     0.00165519     0.00111561
707     0.000537843     0.00153837     0.00153837     0.00153837     0.000983121     0.00117012     0.00071345
709     0.0005737     0.00165082     0.00165082     0.00165082     0.00109288     0.00128086     0.000821811
711     0.000735053     0.0021287     0.0021287     0.0021287     0.00142175     0.00165999     0.0010781
713     0.0005737     0.00167327     0.00167327     0.00167327     0.00112797     0.00131181     0.000862847
715     0.0005737     0.0016832     0.0016832     0.0016832     0.00113618     0.00132067     0.000870076
717     0.000501987     0.00148307     0.00148307     0.00148307     0.000952624     0.00113162     0.000694445
719     0.000645412     0.00191843     0.00191843     0.00191843     0.00128852     0.00150122     0.000981702
721     0.000501987     0.00150047     0.00150047     0.00150047     0.000989615     0.00116222     0.000740563
723     0.000519915     0.00156164     0.00156164     0.00156164     0.00101944     0.00120278     0.000754781
725     0.000394418     0.00119205     0.00119205     0.00119205     0.000758793     0.000905428     0.000547093
727     0.000394418     0.00119767     0.00119767     0.00119767     0.000775244     0.000918323     0.000568585
729     0.000466131     0.0014227     0.0014227     0.0014227     0.000928458     0.00109599     0.000686433
731     0.000555771     0.00170476     0.00170476     0.00170476     0.00114319     0.00133367     0.000867989
733     0.000537843     0.00165933     0.00165933     0.00165933     0.00108554     0.00128027     0.000804244
735     0.000430275     0.00133493     0.00133493     0.00133493     0.000886803     0.00103894     0.000666972
737     0.000484059     0.00150983     0.00150983     0.00150983     0.00101616     0.00118382     0.000773868
739     0.000609556     0.00191295     0.00191295     0.00191295     0.00128096     0.00149571     0.000970615
741     0.00037649     0.00119054     0.00119054     0.00119054     0.000773044     0.000915002     0.000567879
743     0.0005737     0.00182516     0.00182516     0.00182516     0.00121257     0.00142099     0.000911223
745     0.000466131     0.00149242     0.00149242     0.00149242     0.00102451     0.00118385     0.000794132
747     0.000358562     0.00115554     0.00115554     0.00115554     0.000725116     0.000871805     0.000512968
749     0.000430275     0.00139386     0.00139386     0.00139386     0.000892207     0.00106328     0.000644704
751     0.000519915     0.00169381     0.00169381     0.00169381     0.00106696     0.00128087     0.000757504
753     0.00037649     0.00123356     0.00123356     0.00123356     0.000816107     0.000958613     0.000609895
755     0.000448203     0.00147577     0.00147577     0.00147577     0.00097292     0.00114466     0.000724424
757     0.000358562     0.00118677     0.00118677     0.00118677     0.000709916     0.000872843     0.000474191
759     0.000501987     0.00166944     0.00166944     0.00166944     0.0010945     0.00129102     0.000810118
761     0.000519915     0.0017381     0.0017381     0.0017381     0.00113737     0.0013428     0.000840026
763     0.000322706     0.00108465     0.00108465     0.00108465     0.000689926     0.000824995     0.000494384
765     0.000591628     0.00199976     0.00199976     0.00199976     0.00131932     0.00155234     0.000981962
767     0.000358562     0.00121848     0.00121848     0.00121848     0.000782266     0.000931762     0.000565792
769     0.000394418     0.00134957     0.00134957     0.00134957     0.00083669     0.00101257     0.000581917
771     0.000340634     0.00117197     0.00117197     0.00117197     0.000744649     0.000891281     0.000532168
773     0.000322706     0.00111753     0.00111753     0.00111753     0.000717731     0.000855021     0.000518832
775     0.000340634     0.00118616     0.00118616     0.00118616     0.000743655     0.000895688     0.000523332
777     0.000322706     0.00113057     0.00113057     0.00113057     0.000733455     0.00086998     0.000535536
779     0.000358562     0.00126412     0.00126412     0.00126412     0.000780889     0.000947141     0.000539861
781     0.000340634     0.00120705     0.00120705     0.00120705     0.000757661     0.000912388     0.000533278
783     0.000179281     0.000639034     0.000639034     0.000639034     0.000380934     0.000469877     0.000251918
785     0.000358562     0.00128402     0.00128402     0.00128402     0.000829874     0.000986511     0.00060261
787     0.000430275     0.00154837     0.00154837     0.00154837     0.00101258     0.00119754     0.000744129
789     0.000340634     0.00123253     0.00123253     0.00123253     0.000789478     0.000942535     0.000567257
791     0.000304778     0.00110778     0.00110778     0.00110778     0.000710949     0.000848142     0.000511728
793     0.000250994     0.000916582     0.000916582     0.000916582     0.000558245     0.000682191     0.000378209
795     0.000340634     0.00125099     0.00125099     0.00125099     0.000772632     0.000938193     0.000532157
797     0.000107569     0.000397215     0.000397215     0.000397215     0.000203199     0.000270383     0.000105602
799     0.000215137     0.000799178     0.000799178     0.000799178     0.000462342     0.000579038     0.00029279
801     0.000250994     0.000937962     0.000937962     0.000937962     0.000594556     0.000713602     0.000421596
803     0.00028685     0.001078     0.001078     0.001078     0.000687798     0.00082315     0.000491077
805     0.000197209     0.00074524     0.00074524     0.00074524     0.000425116     0.000536227     0.00026355
807     0.000322706     0.00122744     0.00122744     0.00122744     0.000760666     0.000922815     0.000524889
809     0.000340634     0.00130334     0.00130334     0.00130334     0.000836397     0.000998745     0.000600278
811     0.000215137     0.000827547     0.000827547     0.000827547     0.000487532     0.000605852     0.000315385
813     0.000161353     0.000624185     0.000624185     0.000624185     0.000379987     0.000465037     0.000256201
815     0.000250994     0.000976555     0.000976555     0.000976555     0.000598439     0.000730224     0.000406524
817     0.00028685     0.00112224     0.00112224     0.00112224     0.000724403     0.000863163     0.000522297
819     0.000250994     0.000986969     0.000986969     0.000986969     0.000629002     0.000753902     0.000447071
821     0.000233065     0.000921201     0.000921201     0.000921201     0.000590236     0.000705729     0.000422018
823     0.000179281     0.000712753     0.000712753     0.000712753     0.000395047     0.0005059     0.000233639
825     0.000143425     0.000573162     0.000573162     0.000573162     0.000317611     0.000406777     0.00018783
827     0.000179281     0.000719407     0.000719407     0.000719407     0.000406434     0.000515648     0.000247461
829     0.000197209     0.000796071     0.000796071     0.000796071     0.000453221     0.000572934     0.000278929
831     0.000250994     0.0010189     0.0010189     0.0010189     0.000634023     0.000768606     0.000437993
833     0.000250994     0.00102504     0.00102504     0.00102504     0.000636379     0.000772531     0.000437833
835     0.000215137     0.000882812     0.000882812     0.000882812     0.000551599     0.000667878     0.000381823
837     0.000161353     0.000665921     0.000665921     0.000665921     0.000393434     0.000489302     0.000253357
839     0.000179281     0.000743805     0.000743805     0.000743805     0.000447124     0.000551667     0.000294259
841     0.000215137     0.000897954     0.000897954     0.000897954     0.000543116     0.000668241     0.00036008
843     0.000179281     0.000751572     0.000751572     0.000751572     0.000461151     0.000563561     0.000311382
845     0.000179281     0.000755828     0.000755828     0.000755828     0.000452069     0.000559131     0.000295537
847     0.000161353     0.000683699     0.000683699     0.000683699     0.000412361     0.00050795     0.000272659
849     0.000179281     0.000764099     0.000764099     0.000764099     0.000450072     0.000560674     0.000288532
851     0.000107569     0.000461198     0.000461198     0.000461198     0.00024179     0.000319086     0.000128881
853     0.000233065     0.0010034     0.0010034     0.0010034     0.000598024     0.000740952     0.000389142
855     0.000125497     0.00054342     0.00054342     0.00054342     0.000325514     0.000402445     0.000213044
857     0.000125497     0.000546897     0.000546897     0.000546897     0.00029924     0.000386808     0.000171105
859     0.000197209     0.000864014     0.000864014     0.000864014     0.000500606     0.0006293     0.000312178
861     0.00028685     0.00126279     0.00126279     0.00126279     0.000764756     0.000941372     0.000506019
863     0.000143425     0.000634834     0.000634834     0.000634834     0.000376004     0.00046789     0.000241298
865     0.000215137     0.000957341     0.000957341     0.000957341     0.000569261     0.000707177     0.000366978
867     0.000250994     0.0011227     0.0011227     0.0011227     0.000706119     0.000854283     0.000488732
869     0.000179281     0.00080631     0.00080631     0.00080631     0.000486737     0.000600506     0.000319727
871     0.000143425     0.000648628     0.000648628     0.000648628     0.000374773     0.000472356     0.000231517
873     0.000143425     0.000651118     0.000651118     0.000651118     0.00038603     0.000480577     0.000247176
875     0.000268922     0.00122748     0.00122748     0.00122748     0.000736073     0.000911483     0.000478347
877     7.17125e-05     0.00032894     0.00032894     0.00032894     0.000158671     0.000219499     6.92689e-05
879     7.17125e-05     0.000330589     0.000330589     0.000330589     0.000174396     0.000230227     9.232e-05
881     0.000233065     0.00108057     0.00108057     0.00108057     0.00063205     0.000792429     0.000396207
883     0.000125497     0.000584759     0.000584759     0.000584759     0.000344243     0.000430275     0.000217783
885     8.96406e-05     0.000419703     0.000419703     0.000419703     0.000227049     0.000295977     0.000125717
887     0.000179281     0.00084402     0.00084402     0.00084402     0.00051308     0.000631538     0.000338888
889     0.000215137     0.00101767     0.00101767     0.00101767     0.000607799     0.000754629     0.000391815
891     0.000107569     0.000511461     0.000511461     0.000511461     0.000296172     0.000373402     0.000182494
893     0.000125497     0.000600682     0.000600682     0.000600682     0.000355924     0.000443886     0.000226331
895     0.000161353     0.000776227     0.000776227     0.000776227     0.000438481     0.000560098     0.000259116
897     0.000161353     0.000780652     0.000780652     0.000780652     0.000455845     0.000573028     0.000282895
899     0.000179281     0.000872097     0.000872097     0.000872097     0.000523916     0.000649717     0.000338073
901     0.000161353     0.000788588     0.000788588     0.000788588     0.000468629     0.000584338     0.00029765
903     0.000143425     0.000704238     0.000704238     0.000704238     0.000418443     0.00052182     0.00026565
905     0.000143425     0.000708255     0.000708255     0.000708255     0.000423496     0.000526497     0.00027131
907     0.000215137     0.00106803     0.00106803     0.00106803     0.000653578     0.000803473     0.000432147
909     0.000125497     0.0006269     0.0006269     0.0006269     0.000374822     0.000465993     0.000240127
911     0.000107569     0.000540114     0.000540114     0.000540114     0.000327225     0.000404265     0.000213411
913     5.37843e-05     0.000271128     0.000271128     0.000271128     0.000152693     0.000195591     8.92946e-05
915     0.000107569     0.000545687     0.000545687     0.000545687     0.000283677     0.000378696     0.00014317
917     7.17125e-05     0.000365548     0.000365548     0.000365548     0.000177196     0.000245602     7.59855e-05
919     8.96406e-05     0.000459121     0.000459121     0.000459121     0.000261338     0.000333265     0.000154814
921     0     0     0     0     -3.63499e-05     -2.31145e-05     -5.59625e-05
923     0     0     0     0     -3.80417e-05     -2.4175e-05     -5.86e-05
925     0     0     0     0     -1.82551e-05     -1.15942e-05     -2.81345e-05
927     0     0     0     0     -4.55416e-05     -2.89098e-05     -7.02189e-05
929     0     0     0     0     -6.43456e-05     -4.08284e-05     -9.92579e-05
931     0     0     0     0     -2.76374e-05     -1.75275e-05     -4.26479e-05
933     0     0     0     0     -6.01534e-05     -3.81322e-05     -9.28707e-05
935     0     0     0     0     -5.26618e-05     -3.33662e-05     -8.13367e-05
937     0     0     0     0     -5.26558e-05     -3.33475e-05     -8.1358e-05
939     0     0     0     0     -4.94909e-05     -3.13313e-05     -7.64892e-05
941     0     0     0     0     -3.41695e-05     -2.16249e-05     -5.28231e-05
943     0     0     0     0     -3.27183e-05     -2.07012e-05     -5.05896e-05
945     0     0     0     0     -2.00631e-05     -1.26909e-05     -3.10293e-05
947     0     0     0     0     -4.39387e-05     -2.77847e-05     -6.79725e-05
949     0     0     0     0     -2.96767e-05     -1.87578e-05     -4.59265e-05
951     0     0     0     0     -2.97805e-05     -1.88127e-05     -4.61099e-05
953     0     0     0     0     -3.30194e-05     -2.08443e-05     -5.11644e-05
955     0     0     0     0     -3.94368e-05     -2.48734e-05     -6.11513e-05
957     0     0     0     0     -5.21249e-05     -3.28469e-05     -8.08922e-05
959     0     0     0     0     -2.39529e-05     -1.50808e-05     -3.72028e-05
961     0     0     0     0     0     0     0
963     0     0     0     0     -3.81398e-05     -2.39753e-05     -5.93268e-05
965     0     0     0     0     -2.39242e-05     -1.50278e-05     -3.72358e-05
967     0     0     0     0     -1.43766e-05     -9.02484e-06     -2.23906e-05
969     0     0     0     0     -3.19476e-05     -2.00424e-05     -4.97874e-05
971     0     0     0     0     -3.3651e-05     -2.10979e-05     -5.24703e-05
973     0     0     0     0     -4.47439e-05     -2.80368e-05     -6.9806e-05
975     0     0     0     0     -3.21813e-05     -2.01524e-05     -5.02298e-05
977     0     0     0     0     -2.41779e-05     -1.5132e-05     -3.77573e-05
979     0     0     0     0     -1.29005e-05     -8.06989e-06     -2.0157e-05
981     0     0     0     0     -2.57469e-05     -1.60969e-05     -4.02453e-05
983     0     0     0     0     -3.41214e-05     -2.13219e-05     -5.33622e-05
985     0     0     0     0     -1.62421e-05     -1.01443e-05     -2.54115e-05
987     0     0     0     0     -4.21769e-05     -2.63293e-05     -6.60154e-05
989     0     0     0     0     -2.77971e-05     -1.7346e-05     -4.35265e-05
991     0     0     0     0     -1.14612e-05     -7.14893e-06     -1.79524e-05
993     0     0     0     0     -3.77244e-05     -2.35204e-05     -5.91092e-05
995     0     0     0     0     -2.94735e-05     -1.83693e-05     -4.61969e-05
997     0     0     0     0     -3.12459e-05     -1.94678e-05     -4.89889e-05
999     0     0     0     0     -3.14959e-05     -1.96236e-05     -4.93808e-05
