1     0     0     0     0     0     0     0
3     0     0     0     0     0     0     0
5     0     0     0     0     0     0     0
7     0     0     0     0     0     0     0
9     9.67071e-06     1.59066e-08     1.59066e-08     1.59066e-08     1.59066e-08     1.59066e-08     1.59066e-08
11     2.90121e-05     3.62222e-08     3.62222e-08     3.62222e-08     3.62222e-08     3.62222e-08     3.62222e-08
13     1.93414e-05     2.03635e-08     2.03635e-08     2.03635e-08     2.03635e-08     2.03635e-08     2.03635e-08
15     0     0     0     0     0     0     0
17     0     0     0     0     0     0     0
19     2.90121e-05     1.87318e-08     1.87318e-08     1.87318e-08     1.87318e-08     1.87318e-08     1.87318e-08
21     2.90121e-05     1.67681e-08     1.67681e-08     1.67681e-08     1.67681e-08     1.67681e-08     1.67681e-08
23     1.93414e-05     1.03567e-08     1.03567e-08     1.03567e-08     1.03567e-08     1.03567e-08     1.03567e-08
25     1.93414e-05     8.51897e-09     8.51897e-09     8.51897e-09     8.51897e-09     8.51897e-09     8.51897e-09
27     9.67071e-06     3.94102e-09     3.94102e-09     3.94102e-09     3.94102e-09     3.94102e-09     3.94102e-09
29     4.83536e-05     1.82964e-08     1.82964e-08     1.82964e-08     1.82964e-08     1.82964e-08     1.82964e-08
31     9.67071e-05     3.32273e-08     3.32273e-08     3.32273e-08     3.32273e-08     3.32273e-08     3.32273e-08
33     7.73657e-05     2.45485e-08     2.45485e-08     2.45485e-08     2.45485e-08     2.45485e-08     2.45485e-08
35     1.93414e-05     5.69566e-09     5.69566e-09     5.69566e-09     5.69566e-09     5.69566e-09     5.69566e-09
37     7.73657e-05     2.07208e-08     2.07208e-08     2.07208e-08     2.07208e-08     2.07208e-08     2.07208e-08
39     1.93414e-05     4.87041e-09     4.87041e-09     4.87041e-09     4.87041e-09     4.87041e-09     4.87041e-09
41     4.83536e-05     1.14061e-08     1.14061e-08     1.14061e-08     1.14061e-08     1.14061e-08     1.14061e-08
43     7.73657e-05     1.69418e-08     1.69418e-08     1.69418e-08     1.69418e-08     1.69418e-08     1.69418e-08
45     4.83536e-05     9.94404e-09     9.94404e-09     9.94404e-09     9.94404e-09     9.94404e-09     9.94404e-09
47     7.73657e-05     1.49929e-08     1.49929e-08     1.49929e-08     1.49929e-08     1.49929e-08     1.49929e-08
49     7.73657e-05     1.43496e-08     1.43496e-08     1.43496e-08     1.43496e-08     1.43496e-08     1.43496e-08
51     9.67071e-05     1.68628e-08     1.68628e-08     1.68628e-08     1.68628e-08     1.68628e-08     1.68628e-08
53     9.67071e-05     1.59563e-08     1.59563e-08     1.59563e-08     1.59563e-08     1.59563e-08     1.59563e-08
55     7.73657e-05     1.23212e-08     1.23212e-08     1.23212e-08     1.23212e-08     1.23212e-08     1.23212e-08
57     0.000106378     1.61756e-08     1.61756e-08     1.61756e-08     1.61756e-08     1.61756e-08     1.61756e-08
59     9.67071e-05     1.40094e-08     1.40094e-08     1.40094e-08     1.40094e-08     1.40094e-08     1.40094e-08
61     9.67071e-05     1.35651e-08     1.35651e-08     1.35651e-08     1.35651e-08     1.35651e-08     1.35651e-08
63     8.70364e-05     1.18529e-08     1.18529e-08     1.18529e-08     1.18529e-08     1.18529e-08     1.18529e-08
65     8.70364e-05     1.14315e-08     1.14315e-08     1.14315e-08     1.14315e-08     1.14315e-08     1.14315e-08
67     9.67071e-05     1.23907e-08     1.23907e-08     1.23907e-08     1.23907e-08     1.23907e-08     1.23907e-08
69     8.70364e-05     1.08301e-08     1.08301e-08     1.08301e-08     1.08301e-08     1.08301e-08     1.08301e-08
71     0.000164402     2.00225e-08     2.00225e-08     2.00225e-08     2.00225e-08     2.00225e-08     2.00225e-08
73     0.000125719     1.49931e-08     1.49931e-08     1.49931e-08     1.49931e-08     1.49931e-08     1.49931e-08
75     0.000193414     2.26826e-08     2.26826e-08     2.26826e-08     2.26826e-08     2.26826e-08     2.26826e-08
77     0.000106378     1.22608e-08     1.22608e-08     1.22608e-08     1.22608e-08     1.22608e-08     1.22608e-08
79     9.67071e-05     1.09958e-08     1.09958e-08     1.09958e-08     1.09958e-08     1.09958e-08     1.09958e-08
81     0.000154731     1.74076e-08     1.74076e-08     1.74076e-08     1.74076e-08     1.74076e-08     1.74076e-08
83     0.000164402     1.83264e-08     1.83264e-08     1.83264e-08     1.83264e-08     1.83264e-08     1.83264e-08
85     0.000106378     1.17509e-08     1.17509e-08     1.17509e-08     1.17509e-08     1.17509e-08     1.17509e-08
87     0.000261109     2.8668e-08     2.8668e-08     2.8668e-08     2.8668e-08     2.8668e-08     2.8668e-08
89     0.000212756     2.32774e-08     2.32774e-08     2.32774e-08     2.32774e-08     2.32774e-08     2.32774e-08
91     0.00013539     1.47772e-08     1.47772e-08     1.47772e-08     1.47772e-08     1.47772e-08     1.47772e-08
93     0.000174073     1.89824e-08     1.89824e-08     1.89824e-08     1.89824e-08     1.89824e-08     1.89824e-08
95     0.000251438     2.74313e-08     2.74313e-08     2.74313e-08     2.74313e-08     2.74313e-08     2.74313e-08
97     0.00013539     1.48041e-08     1.48041e-08     1.48041e-08     1.48041e-08     1.48041e-08     1.48041e-08
99     0.00027078     2.97026e-08     2.97026e-08     2.97026e-08     2.97026e-08     2.97026e-08     2.97026e-08
101     0.000116049     1.27774e-08     1.27774e-08     1.27774e-08     1.27774e-08     1.27774e-08     1.27774e-08
103     0.000261109     2.89094e-08     2.89094e-08     2.89094e-08     2.89094e-08     2.89094e-08     2.89094e-08
105     0.00027078     3.01842e-08     3.01842e-08     3.01842e-08     3.01842e-08     3.01842e-08     3.01842e-08
107     0.00027078     3.04834e-08     3.04834e-08     3.04834e-08     3.04834e-08     3.04834e-08     3.04834e-08
109     0.000203085     2.30543e-08     2.30543e-08     2.30543e-08     2.30543e-08     2.30543e-08     2.30543e-08
111     0.000241768     2.78899e-08     2.78899e-08     2.78899e-08     2.78899e-08     2.78899e-08     2.78899e-08
113     0.000261109     3.06536e-08     3.06536e-08     3.06536e-08     3.06536e-08     3.06536e-08     3.06536e-08
115     0.000145061     1.74119e-08     1.74119e-08     1.74119e-08     1.74119e-08     1.74119e-08     1.74119e-08
117     0.000386828     4.75166e-08     4.75166e-08     4.75166e-08     4.75166e-08     4.75166e-08     4.75166e-08
119     0.000232097     2.94936e-08     2.94936e-08     2.94936e-08     2.94936e-08     2.94936e-08     2.94936e-08
121     0.000299792     3.94037e-08     3.94037e-08     3.94037e-08     3.94037e-08     3.94037e-08     3.94037e-08
123     0.000251438     3.45568e-08     3.45568e-08     3.45568e-08     3.45568e-08     3.45568e-08     3.45568e-08
125     0.000193414     2.77625e-08     2.77625e-08     2.77625e-08     2.77625e-08     2.77625e-08     2.77625e-08
127     0.000290121     4.4283e-08     4.4283e-08     4.4283e-08     4.4283e-08     4.4283e-08     4.4283e-08
129     0.000203085     3.27244e-08     3.27244e-08     3.27244e-08     3.27244e-08     3.27244e-08     3.27244e-08
131     0.00027078     4.69164e-08     4.69164e-08     4.69164e-08     4.69164e-08     4.69164e-08     4.69164e-08
133     0.000348146     6.57304e-08     6.57304e-08     6.57304e-08     6.57304e-08     6.57304e-08     6.57304e-08
135     0.000261109     5.28217e-08     5.28217e-08     5.28217e-08     5.28217e-08     5.28217e-08     5.28217e-08
137     0.000299792     6.6747e-08     6.6747e-08     6.6747e-08     6.6747e-08     6.6747e-08     6.6747e-08
139     0.000290121     7.135e-08     7.135e-08     7.135e-08     7.135e-08     7.135e-08     7.135e-08
141     0.000232097     6.38387e-08     6.38387e-08     6.38387e-08     6.38387e-08     6.38387e-08     6.38387e-08
143     0.000435182     1.34915e-07     1.34915e-07     1.34915e-07     1.34915e-07     1.34915e-07     1.34915e-07
145     0.00027078     9.5217e-08     9.5217e-08     9.5217e-08     9.5217e-08     9.5217e-08     9.5217e-08
147     0.000328804     1.3337e-07     1.3337e-07     1.3337e-07     1.3337e-07     1.3337e-07     1.3337e-07
149     0.000367487     1.74045e-07     1.74045e-07     1.74045e-07     1.74045e-07     1.74045e-07     1.74045e-07
151     0.000203085     1.15286e-07     1.15286e-07     1.15286e-07     1.15286e-07     1.15286e-07     1.15286e-07
153     0.000309463     2.13737e-07     2.13737e-07     2.13737e-07     2.13737e-07     2.13737e-07     2.13737e-07
155     0.000309463     2.67976e-07     2.67976e-07     2.67976e-07     2.67976e-07     2.67976e-07     2.67976e-07
157     0.000222426     2.62736e-07     2.62736e-07     2.62736e-07     2.62736e-07     2.62736e-07     2.62736e-07
159     0.000367487     6.70146e-07     6.70146e-07     6.70146e-07     6.70146e-07     6.70146e-07     6.70146e-07
161     0.000357816     1.13057e-06     1.13057e-06     1.13057e-06     1.13057e-06     1.13057e-06     1.13057e-06
163     0.000444853     2.22236e-06     2.22236e-06     2.22236e-06     2.22236e-06     2.22236e-06     2.22236e-06
165     0.000319133     2.10745e-06     2.10745e-06     2.10745e-06     2.10745e-06     2.10745e-06     2.10745e-06
167     0.000377158     3.07451e-06     3.07451e-06     3.07451e-06     3.07451e-06     3.07451e-06     3.07451e-06
169     0.000386828     3.60926e-06     3.60926e-06     3.60926e-06     3.60926e-06     3.60926e-06     3.60926e-06
171     0.000396499     4.1484e-06     4.1484e-06     4.1484e-06     4.1484e-06     4.1484e-06     4.1484e-06
173     0.00040617     4.71844e-06     4.71844e-06     4.71844e-06     4.71844e-06     4.71844e-06     4.71844e-06
175     0.000357816     4.56631e-06     4.56631e-06     4.56631e-06     4.56631e-06     4.56631e-06     4.56631e-06
177     0.000367487     5.04185e-06     5.04185e-06     5.04185e-06     5.04185e-06     5.04185e-06     5.04185e-06
179     0.000357816     5.31449e-06     5.31449e-06     5.31449e-06     5.31449e-06     5.31449e-06     5.31449e-06
181     0.000367487     6.04028e-06     6.04028e-06     6.04028e-06     6.04028e-06     6.04028e-06     6.04028e-06
183     0.000444853     8.05635e-06     8.05635e-06     8.05635e-06     8.05635e-06     8.05635e-06     8.05635e-06
185     0.000396499     7.95935e-06     7.95935e-06     7.95935e-06     7.95935e-06     7.95935e-06     7.95935e-06
187     0.000425511     9.2544e-06     9.2544e-06     9.2544e-06     9.2544e-06     9.2544e-06     9.2544e-06
189     0.000415841     9.74689e-06     9.74689e-06     9.74689e-06     9.74689e-06     9.74689e-06     9.74689e-06
191     0.000386828     9.70352e-06     9.70352e-06     9.70352e-06     9.70352e-06     9.70352e-06     9.70352e-06
193     0.000435182     1.15914e-05     1.15914e-05     1.15914e-05     1.15914e-05     1.15914e-05     1.15914e-05
195     0.000444853     1.26066e-05     1.26066e-05     1.26066e-05     1.26066e-05     1.26066e-05     1.26066e-05
197     0.000493206     1.46534e-05     1.46534e-05     1.46534e-05     1.46534e-05     1.46534e-05     1.46534e-05
199     0.000280451     8.66424e-06     8.66424e-06     8.66424e-06     8.66424e-06     8.66424e-06     8.66424e-06
201     0.000319133     1.03742e-05     1.03742e-05     1.03742e-05     1.03742e-05     1.03742e-05     1.03742e-05
203     0.000435182     1.47522e-05     1.47522e-05     1.47522e-05     1.47522e-05     1.47522e-05     1.47522e-05
205     0.000435182     1.53732e-05     1.53732e-05     1.53732e-05     1.53732e-05     1.53732e-05     1.53732e-05
207     0.000444853     1.6362e-05     1.6362e-05     1.6362e-05     1.6362e-05     1.6362e-05     1.6362e-05
209     0.000483536     1.85594e-05     1.85594e-05     1.85594e-05     1.85594e-05     1.85594e-05     1.85594e-05
211     0.000309463     1.234e-05     1.234e-05     1.234e-05     0.000250038     0.0003527     0.00017936
213     0.000396499     1.63688e-05     1.63688e-05     1.63688e-05     0.000305611     0.000430811     0.000219442
215     0.000609255     2.60845e-05     2.60845e-05     2.60845e-05     0.000311755     0.000435632     0.000226537
217     0.000493206     2.18276e-05     2.18276e-05     2.18276e-05     0.000293039     0.000410813     0.000212035
219     0.000512548     2.34355e-05     2.34355e-05     2.34355e-05     0.000295055     0.000413266     0.000213808
221     0.000415841     1.96298e-05     1.96298e-05     1.96298e-05     0.000293537     0.000412737     0.000211505
223     0.000560901     2.73633e-05     2.73633e-05     2.73633e-05     0.000303411     0.000423657     0.000220638
225     0.000493206     2.48833e-05     2.48833e-05     2.48833e-05     0.000307799     0.000431139     0.000222916
227     0.000473865     2.46387e-05     2.46387e-05     2.46387e-05     0.000290926     0.000407028     0.000211009
229     0.00054156     2.8973e-05     2.8973e-05     2.8973e-05     0.000294596     0.000410416     0.000214862
231     0.000551231     3.0374e-05     3.0374e-05     3.0374e-05     0.000300069     0.000417644     0.000219085
233     0.000589913     3.35075e-05     3.35075e-05     3.35075e-05     0.000301019     0.000417669     0.000220669
235     0.000589913     3.44788e-05     3.44788e-05     3.44788e-05     0.000305148     0.000423159     0.000223783
237     0.000609255     3.65931e-05     3.65931e-05     3.65931e-05     0.000287499     0.000396879     0.000212105
239     0.000667279     4.11715e-05     4.11715e-05     4.11715e-05     0.000312872     0.00043141     0.000231181
241     0.000551231     3.4998e-05     3.4998e-05     3.4998e-05     0.000295003     0.000408504     0.000216745
243     0.000570572     3.72561e-05     3.72561e-05     3.72561e-05     0.000291331     0.000402316     0.000214833
245     0.000396499     2.65454e-05     2.65454e-05     2.65454e-05     0.000284403     0.000397047     0.000206725
247     0.000522218     3.59041e-05     3.59041e-05     3.59041e-05     0.000293652     0.000406306     0.000215993
249     0.000628596     4.43003e-05     4.43003e-05     4.43003e-05     0.000286798     0.000392746     0.000213712
251     0.000638267     4.61997e-05     4.61997e-05     4.61997e-05     0.000292286     0.000399665     0.000218127
253     0.000531889     3.94248e-05     3.94248e-05     3.94248e-05     0.00028416     0.000390806     0.000210469
255     0.000657608     4.99815e-05     4.99815e-05     4.99815e-05     0.000301025     0.000410222     0.000225515
257     0.000734974     5.72456e-05     5.72456e-05     5.72456e-05     0.000305994     0.000414041     0.000231233
259     0.000570572     4.55676e-05     4.55676e-05     4.55676e-05     0.0002913     0.000397867     0.000217485
261     0.000647938     5.29238e-05     5.29238e-05     5.29238e-05     0.00029698     0.000402695     0.000223694
263     0.000667279     5.57289e-05     5.57289e-05     5.57289e-05     0.000294073     0.000397263     0.000222565
265     0.000638267     5.45271e-05     5.45271e-05     5.45271e-05     0.000299026     0.000404835     0.000225635
267     0.000638267     5.58429e-05     5.58429e-05     5.58429e-05     0.000290682     0.000392327     0.000220186
269     0.000725303     6.49331e-05     6.49331e-05     6.49331e-05     0.000290606     0.000388289     0.000222812
271     0.00082201     7.52109e-05     7.52109e-05     7.52109e-05     0.0003085     0.000409545     0.000238372
273     0.000696291     6.5214e-05     6.5214e-05     6.5214e-05     0.000285176     0.000380539     0.000219008
275     0.000618926     5.92536e-05     5.92536e-05     5.92536e-05     0.000286406     0.000384931     0.000218021
277     0.00067695     6.6262e-05     6.6262e-05     6.6262e-05     0.000297479     0.000397831     0.000227829
279     0.000589913     5.90377e-05     5.90377e-05     5.90377e-05     0.000288868     0.000388625     0.000219613
281     0.00067695     6.90958e-05     6.90958e-05     6.90958e-05     0.000291305     0.0003877     0.000224363
283     0.00067695     7.04847e-05     7.04847e-05     7.04847e-05     0.000295257     0.00039264     0.000227568
285     0.000667279     7.10339e-05     7.10339e-05     7.10339e-05     0.000283696     0.000375757     0.000219689
287     0.000667279     7.24148e-05     7.24148e-05     7.24148e-05     0.00028936     0.000383158     0.000224089
289     0.000657608     7.28181e-05     7.28181e-05     7.28181e-05     0.000280847     0.000370721     0.000218269
291     0.000589913     6.6707e-05     6.6707e-05     6.6707e-05     0.00027435     0.000364092     0.000211876
293     0.000725303     8.3514e-05     8.3514e-05     8.3514e-05     0.000288531     0.000377203     0.000226796
295     0.00067695     7.95795e-05     7.95795e-05     7.95795e-05     0.000295299     0.000388662     0.0002303
297     0.000744645     8.9155e-05     8.9155e-05     8.9155e-05     0.000305616     0.000399403     0.000240329
299     0.000725303     8.85275e-05     8.85275e-05     8.85275e-05     0.000284377     0.000369314     0.000225259
301     0.000851023     0.000105768     0.000105768     0.000105768     0.00030993     0.00039849     0.000248257
303     0.000880035     0.000111446     0.000111446     0.000111446     0.000317962     0.000407514     0.000255593
305     0.000928388     0.00011989     0.00011989     0.00011989     0.000328323     0.000418667     0.000265374
307     0.000773657     0.000101636     0.000101636     0.000101636     0.000303881     0.000391463     0.000242818
309     0.000792998     0.000106204     0.000106204     0.000106204     0.000312649     0.00040196     0.00025034
311     0.000705962     9.62524e-05     9.62524e-05     9.62524e-05     0.000292604     0.000377483     0.00023336
313     0.000802669     0.000111368     0.000111368     0.000111368     0.000317262     0.000406222     0.000255168
315     0.000831681     0.000117551     0.000117551     0.000117551     0.000317427     0.000403728     0.00025716
317     0.000802669     0.000115371     0.000115371     0.000115371     0.000312893     0.000398126     0.000253354
319     0.00082201     0.00012015     0.00012015     0.00012015     0.000326027     0.00041482     0.000263958
321     0.000880035     0.000130891     0.000130891     0.000130891     0.00033575     0.000424093     0.000273988
323     0.000889705     0.000134448     0.000134448     0.000134448     0.000333328     0.000419055     0.000273371
325     0.000986413     0.000151538     0.000151538     0.000151538     0.000359155     0.000448649     0.000296562
327     0.000870364     0.00013587     0.00013587     0.00013587     0.000343846     0.000433443     0.000281158
329     0.000889705     0.000141074     0.000141074     0.000141074     0.000328391     0.000409014     0.000271939
331     0.000967071     0.000155798     0.000155798     0.000155798     0.000347893     0.000430456     0.000290047
333     0.000909047     0.000148697     0.000148697     0.000148697     0.000361525     0.000452833     0.000297488
335     0.000976742     0.000162293     0.000162293     0.000162293     0.000379056     0.000471869     0.000313935
337     0.000938059     0.000158308     0.000158308     0.000158308     0.00035237     0.000435285     0.000294144
339     0.000841352     0.00014427     0.00014427     0.00014427     0.000352171     0.0004408     0.000289866
341     0.000909047     0.000158269     0.000158269     0.000158269     0.000366039     0.000454419     0.000303846
343     0.000870364     0.000153977     0.000153977     0.000153977     0.000346318     0.000428032     0.00028879
345     0.000696291     0.000125168     0.000125168     0.000125168     0.000330752     0.000418234     0.000269171
347     0.000870364     0.000159344     0.000159344     0.000159344     0.000363766     0.000451098     0.000302353
349     0.000851023     0.000158787     0.000158787     0.000158787     0.000384857     0.000481482     0.000316911
351     0.000938059     0.000178546     0.000178546     0.000178546     0.000393563     0.000485574     0.000328861
353     0.00103477     0.000201564     0.000201565     0.000201564     0.000424141     0.000519579     0.00035706
355     0.000928388     0.00018536     0.000185363     0.00018536     0.000419612     0.000520346     0.000348878
357     0.00114114     0.000233266     0.000233269     0.000233266     0.000468178     0.000569437     0.000397098
359     0.00107345     0.000224728     0.000224731     0.000224728     0.000455124     0.000554673     0.000385268
361     0.00104444     0.000223643     0.000223647     0.000223643     0.000466234     0.00057123     0.000392603
363     0.000967071     0.000211477     0.00021148     0.000211477     0.000456045     0.000561993     0.000381733
365     0.000909047     0.000203371     0.000203374     0.000203371     0.000447164     0.000552908     0.000373009
367     0.00108312     0.000247586     0.00024759     0.000247586     0.00050396     0.000615283     0.000425894
369     0.00109279     0.000255227     0.000255232     0.000255227     0.000526355     0.000644244     0.000443721
371     0.00114114     0.000271814     0.000271819     0.000271814     0.000527421     0.000638728     0.000449418
373     0.00117016     0.000285202     0.000285208     0.000285202     0.000546628     0.000660624     0.000466747
375     0.00121851     0.000302844     0.00030285     0.000302844     0.000573171     0.000691244     0.000490467
377     0.00119917     0.000304791     0.000304797     0.000304791     0.000561916     0.000674427     0.000483152
379     0.00109279     0.000283512     0.000283518     0.000283512     0.000536824     0.000647822     0.00045913
381     0.00117016     0.000309743     0.000309749     0.000309743     0.000586449     0.000707878     0.000501473
383     0.0010251     0.000276328     0.000276334     0.000276328     0.000546446     0.00066515     0.000463401
385     0.00122818     0.000337454     0.000337462     0.000337454     0.000606757     0.000725256     0.000523878
387     0.00121851     0.000341078     0.000341086     0.000341078     0.000628028     0.000754428     0.000539617
389     0.00109279     0.00031126     0.000311267     0.00031126     0.000578479     0.000696325     0.00049607
391     0.00116049     0.000336386     0.000336394     0.000336386     0.000639825     0.000773793     0.000546157
393     0.00117983     0.000348121     0.000348129     0.000348121     0.00064338     0.000773851     0.000552156
395     0.00117016     0.000351317     0.000351326     0.000351317     0.000659408     0.000795713     0.000564144
397     0.00145061     0.000442721     0.000442732     0.000442721     0.000738973     0.000870172     0.000647285
399     0.00115081     0.000356867     0.000356877     0.000356867     0.000631164     0.00075276     0.000546194
401     0.00125719     0.000396228     0.000396239     0.000396228     0.000687041     0.000816118     0.000596856
403     0.00129588     0.000415349     0.00041536     0.000415349     0.000708241     0.000838411     0.000617328
405     0.0012862     0.000418876     0.000418889     0.000418876     0.000730412     0.000869014     0.000633613
407     0.00138291     0.000457302     0.000457316     0.000457302     0.000761535     0.000897062     0.000666913
409     0.00131522     0.000442039     0.000442052     0.000442039     0.000754683     0.000894091     0.00065736
411     0.00148929     0.000507823     0.000507839     0.000507823     0.000817042     0.00095505     0.000720712
413     0.00145061     0.000502134     0.00050215     0.000502134     0.000798881     0.000931431     0.000706382
415     0.00132489     0.000465412     0.000465427     0.000465412     0.000771557     0.000908358     0.000676054
417     0.00149896     0.00053377     0.000533788     0.00053377     0.000850044     0.000991514     0.000751319
419     0.00124752     0.000450666     0.000450681     0.000450666     0.000750679     0.000884982     0.000656944
421     0.00148929     0.000545559     0.000545578     0.000545559     0.000861134     0.00100256     0.000762451
423     0.00147962     0.000548927     0.000548947     0.000548927     0.000871328     0.00101599     0.000770405
425     0.00134423     0.000505578     0.000505597     0.000505578     0.00083158     0.000978058     0.000729416
427     0.00157633     0.000600354     0.000600376     0.000600354     0.000913395     0.00105425     0.000815206
429     0.00140225     0.000541309     0.00054133     0.000541309     0.000852702     0.000992934     0.000754942
431     0.00174073     0.000680566     0.000680594     0.000680566     0.00100489     0.00115107     0.000903011
433     0.0015183     0.000601054     0.000601078     0.000601054     0.000935934     0.0010869     0.000830692
435     0.00153764     0.000616829     0.000616855     0.000616829     0.000977305     0.00113985     0.000863967
437     0.0017504     0.00071075     0.000710781     0.00071075     0.00105218     0.00120625     0.000944785
439     0.00155698     0.000639884     0.000639912     0.000639884     0.00099641     0.00115739     0.000884195
441     0.00180842     0.000752394     0.000752427     0.000752394     0.0010826     0.0012319     0.000978547
443     0.00181809     0.000765507     0.000765543     0.000765507     0.00110147     0.00125362     0.00099546
445     0.00195348     0.000832413     0.000832452     0.000832413     0.00120656     0.0013764     0.00108833
447     0.00182776     0.000787571     0.000787608     0.000787571     0.00114275     0.00130428     0.00103035
449     0.00201151     0.000876657     0.000876702     0.000876657     0.00122142     0.00137851     0.00111215
451     0.00185678     0.000818019     0.00081806     0.000818019     0.00118183     0.0013478     0.00106639
453     0.00185678     0.000827122     0.000827164     0.000827122     0.00119855     0.00136821     0.00108059
455     0.00173106     0.000779303     0.000779346     0.000779303     0.00114402     0.00131071     0.00102814
457     0.00174073     0.000792122     0.000792166     0.000792122     0.00118136     0.00135928     0.00105765
459     0.00192447     0.000885203     0.000885251     0.000885203     0.00129578     0.00148336     0.00116527
461     0.00189546     0.000880872     0.000880924     0.000880872     0.00123127     0.00139131     0.00111992
463     0.00221459     0.00103981     0.00103987     0.00103981     0.00144985     0.00163698     0.00131959
465     0.00183744     0.000871807     0.000871859     0.000871807     0.00124473     0.0014148     0.00112633
467     0.00186645     0.000894672     0.000894729     0.000894672     0.00130043     0.00148528     0.00117164
469     0.00203085     0.000983502     0.000983566     0.000983502     0.00138322     0.00156523     0.0012564
471     0.00205986     0.00100715     0.00100722     0.00100715     0.0014231     0.00161238     0.00129113
473     0.00238867     0.00117951     0.00117959     0.00117951     0.00158292     0.00176649     0.00145493
475     0.0023113     0.00115201     0.00115209     0.00115201     0.00160017     0.00180418     0.00145794
477     0.00239834     0.0012069     0.00120699     0.0012069     0.00164804     0.00184893     0.00150796
479     0.00219525     0.00111519     0.00111528     0.00111519     0.00150374     0.00168084     0.00138027
481     0.00211789     0.00108577     0.00108585     0.00108577     0.00150514     0.00169652     0.00137175
483     0.00266912     0.00138132     0.00138143     0.00138132     0.00184561     0.00205776     0.00169776
485     0.00239834     0.00125302     0.00125312     0.00125302     0.00171907     0.00193234     0.00157052
487     0.00227262     0.00119798     0.00119808     0.00119798     0.00167615     0.00189526     0.00152358
489     0.00259175     0.00137865     0.00137876     0.00137865     0.00183738     0.00204778     0.00169088
491     0.00276582     0.00148421     0.00148434     0.00148421     0.00196502     0.0021857     0.00181139
493     0.00265945     0.00144003     0.00144017     0.00144003     0.00188721     0.00209253     0.00174428
495     0.00278516     0.00152073     0.00152088     0.00152073     0.00205095     0.0022944     0.00188145
497     0.00285286     0.00157135     0.0015715     0.00157135     0.00214594     0.00240975     0.00196223
499     0.00291088     0.00161641     0.00161658     0.00161641     0.00212334     0.00235609     0.00196124
501     0.00278516     0.00155949     0.00155966     0.00155949     0.00205489     0.00228239     0.00189643
503     0.00288187     0.0016271     0.00162727     0.0016271     0.00215554     0.00239832     0.00198641
505     0.00293023     0.00166841     0.0016686     0.00166841     0.00218801     0.00242697     0.00202162
507     0.00312364     0.00179326     0.00179347     0.00179326     0.00239203     0.00266764     0.00220011
509     0.00296891     0.00171824     0.00171845     0.00171824     0.00223414     0.00247192     0.00206865
511     0.0027078     0.00157995     0.00158014     0.00157995     0.00211815     0.0023665     0.0019453
513     0.00330738     0.00194565     0.00194591     0.00194565     0.00252664     0.00279518     0.00233983
515     0.0030366     0.00180119     0.00180143     0.00180119     0.00240027     0.00267757     0.00220743
517     0.00289154     0.00172859     0.00172883     0.00172859     0.00228607     0.00254453     0.00210644
519     0.00292055     0.00175971     0.00175998     0.00175971     0.00237917     0.00266671     0.00217934
521     0.00345244     0.00209695     0.00209726     0.00209695     0.00271484     0.00300205     0.00251535
523     0.00342343     0.00209496     0.00209527     0.00209496     0.0026524     0.00291172     0.00247229
525     0.00391664     0.00241481     0.00241521     0.00241481     0.0030667     0.00337016     0.00285599
527     0.00352981     0.00219288     0.00219324     0.00219288     0.0028628     0.00317466     0.00264617
529     0.00363619     0.00227548     0.00227586     0.00227548     0.00292905     0.00323339     0.00271768
531     0.00378125     0.00238359     0.00238405     0.00238359     0.00305803     0.00337202     0.00283991
533     0.00377158     0.00239498     0.00239543     0.00239498     0.00308956     0.00341285     0.00286496
535     0.00390697     0.00249911     0.00249958     0.00249911     0.00324899     0.00359784     0.00300657
537     0.00414874     0.00267282     0.0026734     0.00267282     0.00338759     0.00371996     0.00315656
539     0.00414874     0.00269218     0.00269276     0.00269218     0.00342696     0.00376849     0.00318949
541     0.00425511     0.00278094     0.00278153     0.00278094     0.00352978     0.00387778     0.0032878
543     0.00441952     0.00290925     0.00290995     0.00290925     0.00370867     0.00408021     0.00345031
545     0.00461293     0.00305855     0.0030593     0.00305855     0.00385484     0.00422499     0.00359742
547     0.00448721     0.00299717     0.0029979     0.00299717     0.00379005     0.00415876     0.00353366
549     0.00453556     0.00305271     0.00305353     0.00305271     0.00383614     0.00420058     0.0035827
551     0.00440017     0.00298391     0.00298475     0.00298391     0.00378204     0.00415349     0.00352377
553     0.00479667     0.0032785     0.00327942     0.0032785     0.0041748     0.00459202     0.00388464
555     0.00453556     0.00312353     0.00312447     0.00312353     0.00398918     0.00439238     0.00370882
557     0.00491272     0.00340899     0.0034101     0.00340899     0.00429601     0.00470952     0.00400858
559     0.00498042     0.00348095     0.00348207     0.00348095     0.00435841     0.00476778     0.00407391
561     0.00481601     0.00338957     0.00339071     0.00338957     0.00427397     0.00468699     0.00398701
563     0.00512548     0.00363109     0.00363246     0.00363109     0.00453559     0.00495864     0.00424187
565     0.00521251     0.00371707     0.00371846     0.00371707     0.0046119     0.00503089     0.00432107
567     0.00529955     0.00380428     0.00380572     0.00380428     0.00475108     0.00519491     0.0044431
569     0.00537692     0.00388766     0.00388936     0.00388766     0.00481923     0.00525649     0.00451599
571     0.00598617     0.00436078     0.00436267     0.00436078     0.00537024     0.00584442     0.00504151
573     0.0059765     0.00438913     0.00439102     0.00438913     0.00541018     0.00588982     0.00507754
575     0.0062086     0.00459882     0.00460113     0.00459882     0.00562491     0.00610738     0.00529058
577     0.00621827     0.00464466     0.004647     0.00464466     0.00566848     0.00614989     0.00533484
579     0.00655674     0.00494106     0.00494353     0.00494106     0.00605546     0.00657949     0.00569226
581     0.00625695     0.00475513     0.00475784     0.00475513     0.00578993     0.00627694     0.00545257
583     0.00657608     0.00504034     0.0050433     0.00504034     0.00610021     0.00659943     0.00575459
585     0.00642135     0.00496412     0.00496702     0.00496412     0.00602696     0.00652765     0.00568018
587     0.00641168     0.00500151     0.00500476     0.00500151     0.00601446     0.00649246     0.00568382
589     0.00675016     0.00531564     0.00531928     0.00531564     0.00639672     0.00690726     0.00604364
591     0.00731106     0.00581894     0.00582288     0.00581894     0.00695477     0.0074916     0.0065836
593     0.0070983     0.00571499     0.00571918     0.00571499     0.00683497     0.00736492     0.00646878
595     0.00699192     0.00569552     0.00570004     0.00569552     0.00680677     0.00733334     0.00644323
597     0.00770756     0.00635392     0.0063589     0.00635392     0.00752542     0.00808113     0.0071419
599     0.0075625     0.00631045     0.0063156     0.00631045     0.0074446     0.00798341     0.00707306
601     0.00785262     0.00662952     0.00663557     0.00662952     0.00780727     0.00836805     0.00742118
603     0.0073304     0.00626058     0.00626623     0.00626058     0.00736437     0.00789044     0.00700222
605     0.00797834     0.00688958     0.00689588     0.00688958     0.00801838     0.00855743     0.00764772
607     0.00794932     0.00694594     0.00695318     0.00694594     0.00806985     0.008608     0.0077005
609     0.00827813     0.00732286     0.0073304     0.00732286     0.00844076     0.0089769     0.00807319
611     0.00788163     0.00706529     0.00707246     0.00706529     0.00813031     0.00864136     0.00777992
613     0.00840385     0.00764061     0.00764954     0.00764061     0.00873731     0.00926524     0.00837635
615     0.00867463     0.00800617     0.00801543     0.00800617     0.00911624     0.00965099     0.00875079
617     0.00899376     0.00843375     0.00844336     0.00843375     0.00955106     0.0100896     0.00918311
619     0.00851023     0.00811264     0.00812292     0.00811264     0.00915149     0.0096537     0.00880934
621     0.0085199     0.00825527     0.00826581     0.00825527     0.00925457     0.00973836     0.00892531
623     0.00872298     0.00859821     0.008609     0.00859821     0.00958088     0.0100573     0.00925702
625     0.00894541     0.00897208     0.00898413     0.00897208     0.00996281     0.0104445     0.00963616
627     0.00872298     0.00890154     0.00891378     0.00890154     0.00983277     0.0102867     0.00952556
629     0.00859726     0.00892897     0.00894104     0.00892897     0.00982427     0.0102611     0.0095288
631     0.00892607     0.00943779     0.00945095     0.00943779     0.0103175     0.0107482     0.010027
633     0.00893574     0.00961657     0.0096304     0.00961657     0.0104457     0.0108535     0.0101718
635     0.00872298     0.00955999     0.0095735     0.00955999     0.0103341     0.0107156     0.0100783
637     0.00844253     0.00943383     0.00944722     0.00943383     0.0101389     0.0104876     0.0099057
639     0.00881969     0.0100413     0.0100559     0.0100413     0.0107304     0.0110731     0.0105024
641     0.00855858     0.00994187     0.00995606     0.00994187     0.0105604     0.0108691     0.0103556
643     0.00799768     0.00947566     0.00948899     0.00947566     0.0100114     0.0102802     0.00983393
645     0.00875199     0.0105789     0.0105939     0.0105789     0.0111029     0.011368     0.0109292
647     0.0085199     0.0105066     0.0105212     0.0105066     0.0109702     0.0112061     0.0108164
649     0.00792031     0.00996246     0.00997605     0.00996246     0.0103443     0.0105403     0.0102176
651     0.00784295     0.0100577     0.0100711     0.0100577     0.0103815     0.0105496     0.010274
653     0.00774624     0.0101298     0.010143     0.0101298     0.0103998     0.010542     0.0103101
655     0.00781393     0.0104095     0.0104228     0.0104095     0.0106209     0.0107353     0.0105507
657     0.00763019     0.0103502     0.0103627     0.0103502     0.0104978     0.010581     0.0104488
659     0.00753348     0.0103967     0.0104091     0.0103967     0.0104875     0.0105432     0.0104573
661     0.00737875     0.0103605     0.0103726     0.0103605     0.010392     0.0104191     0.0103815
663     0.00713698     0.0101829     0.010194     0.0101829     0.0101491     0.0101714     0.0101329
665     0.00699192     0.0101366     0.0101471     0.0101366     0.0100479     0.010088     0.0100054
667     0.00687588     0.0101235     0.0101338     0.0101235     0.00997448     0.0100344     0.00990302
669     0.00688555     0.0102837     0.0102934     0.0102837     0.0100672     0.0101491     0.00996335
671     0.00730139     0.0110602     0.01107     0.0110602     0.0107761     0.0108807     0.0106396
673     0.00638267     0.0097934     0.00980189     0.0097934     0.00949008     0.00959985     0.00934428
675     0.00638267     0.00991854     0.00992659     0.00991854     0.00954668     0.00967891     0.00936783
677     0.00616991     0.00970136     0.00970838     0.00970136     0.00929353     0.00943678     0.0090973
679     0.00566704     0.00901523     0.00902168     0.00901523     0.0085828     0.00873374     0.0083747
681     0.00575407     0.00924877     0.00925506     0.00924877     0.00875966     0.00892943     0.00852422
683     0.00504811     0.00819337     0.00819816     0.00819337     0.00771012     0.00787649     0.00747752
685     0.00514482     0.00842746     0.00843235     0.00842746     0.00788353     0.00807033     0.00762158
687     0.00545428     0.0090153     0.00902042     0.0090153     0.00840212     0.00861239     0.00810667
689     0.00533823     0.00889909     0.00890323     0.00889909     0.00824462     0.00846788     0.00792911
691     0.00510614     0.00858595     0.00858992     0.00858595     0.00791446     0.00814339     0.00759046
693     0.0049514     0.00839376     0.0083976     0.00839376     0.00768908     0.00792919     0.00734873
695     0.00480634     0.00821319     0.00821628     0.00821319     0.00746834     0.00772137     0.0071082
697     0.00500943     0.00862569     0.00862882     0.00862569     0.00781764     0.00809213     0.0074265
699     0.00460326     0.00798292     0.0079858     0.00798292     0.00719717     0.00746412     0.0068164
701     0.00437116     0.00763253     0.00763483     0.00763253     0.00683858     0.00710788     0.00645355
703     0.00395532     0.00694832     0.00695028     0.00694832     0.00617541     0.00643747     0.00580039
705     0.00414874     0.00733075     0.00733281     0.00733075     0.00651377     0.00679087     0.00611713
707     0.00409071     0.00726836     0.00727015     0.00726836     0.00640666     0.00669865     0.00598815
709     0.00372322     0.00665246     0.00665392     0.00665246     0.00584177     0.00611633     0.00544783
711     0.00339442     0.0061009     0.00610223     0.0061009     0.00531949     0.00558416     0.00493969
713     0.00361685     0.00653714     0.00653844     0.00653714     0.00569347     0.00597919     0.00528321
715     0.00325903     0.0059248     0.00592581     0.0059248     0.00513189     0.00540031     0.00474618
717     0.0033364     0.00609811     0.00609914     0.00609811     0.0052414     0.00553152     0.00482442
719     0.00351047     0.00645018     0.0064512     0.00645018     0.00553074     0.00584222     0.00508289
721     0.00313331     0.00578356     0.00578431     0.00578356     0.00493343     0.00522143     0.00451898
723     0.00294957     0.00546595     0.00546666     0.00546595     0.00463181     0.00491458     0.00422466
725     0.00278516     0.00517954     0.00518019     0.00517954     0.00436975     0.00464448     0.00397407
727     0.00309463     0.00577535     0.00577593     0.00577535     0.00486445     0.00517356     0.00441882
729     0.0028722     0.00537828     0.00537882     0.00537828     0.00450241     0.00479985     0.00407351
731     0.00274648     0.00516053     0.00516104     0.00516053     0.00430571     0.00459617     0.00388685
733     0.00274648     0.0051797     0.0051801     0.0051797     0.00428991     0.00459228     0.00385362
735     0.00244669     0.00463197     0.00463232     0.00463197     0.00383326     0.00410478     0.00344145
737     0.00275615     0.0052385     0.0052389     0.0052385     0.00432614     0.00463644     0.00387846
739     0.00240801     0.00459656     0.00459685     0.00459656     0.00376209     0.00404593     0.00335233
741     0.00222426     0.00426491     0.00426516     0.00426491     0.00347822     0.00374596     0.00309168
743     0.00225328     0.00434042     0.00434067     0.00434042     0.00351944     0.00379902     0.00311564
745     0.00211789     0.00409773     0.00409793     0.00409773     0.003337     0.00359627     0.00296245
747     0.00220492     0.00428509     0.00428528     0.00428509     0.0034397     0.00372801     0.00302308
749     0.00219525     0.00428336     0.00428355     0.00428336     0.00342404     0.00371728     0.00300013
751     0.00189546     0.00371281     0.00371295     0.00371281     0.00292432     0.00319353     0.00253506
753     0.00181809     0.00357299     0.00357311     0.00357299     0.002849     0.0030963     0.00249144
755     0.00177941     0.00350818     0.0035083     0.00350818     0.00277793     0.00302746     0.00241711
757     0.00179875     0.00355708     0.00355719     0.00355708     0.00276743     0.00303731     0.00237705
759     0.0017504     0.00347199     0.00347207     0.00347199     0.00271901     0.00297647     0.00234656
761     0.00184711     0.00367585     0.00367594     0.00367585     0.00286844     0.00314468     0.00246882
763     0.00180842     0.00361144     0.00361153     0.00361144     0.00281667     0.00308872     0.002423
765     0.00156666     0.00314019     0.00314025     0.00314019     0.00242338     0.00266891     0.00206803
767     0.00176974     0.00356086     0.00356093     0.00356086     0.00275751     0.00303289     0.00235885
769     0.00157633     0.00318447     0.00318452     0.00318447     0.00242542     0.00268577     0.00204836
771     0.00146995     0.00298192     0.00298196     0.00298192     0.00228155     0.00252195     0.00193337
773     0.00139258     0.00283764     0.00283768     0.00283764     0.0021697     0.00239909     0.00183733
775     0.00153764     0.0031472     0.00314724     0.0031472     0.00238906     0.00264958     0.00201153
777     0.00152797     0.0031409     0.00314093     0.0031409     0.00239683     0.00265267     0.00202599
779     0.00137324     0.00283441     0.00283444     0.00283441     0.00211888     0.00236508     0.00176199
781     0.000967071     0.00200356     0.00200358     0.00200356     0.00148339     0.00166251     0.00122371
783     0.00121851     0.00253318     0.0025332     0.00253318     0.0019011     0.00211894     0.00158519
785     0.00137324     0.00286465     0.00286467     0.00286465     0.00215041     0.00239678     0.00179294
787     0.00127653     0.00267146     0.00267148     0.00267146     0.0019958     0.00222906     0.00165727
789     0.00108312     0.00227415     0.00227416     0.00227415     0.00168493     0.0018885     0.0013894
791     0.00108312     0.00228179     0.0022818     0.00228179     0.00169222     0.00189606     0.00139628
793     0.00127653     0.00269919     0.0026992     0.00269919     0.00198828     0.00223419     0.00163105
795     0.00121851     0.0025869     0.00258691     0.0025869     0.00188498     0.00212793     0.00153208
797     0.00109279     0.00232857     0.00232858     0.00232857     0.00169946     0.00191729     0.00138292
799     0.0010251     0.00219365     0.00219365     0.00219365     0.00157962     0.00179236     0.00127054
801     0.00126686     0.00272242     0.00272243     0.00272242     0.0020011     0.00225116     0.00163776
803     0.000996083     0.0021498     0.0021498     0.0021498     0.00156643     0.00176879     0.00127233
805     0.00114114     0.00247324     0.00247324     0.00247324     0.00177568     0.0020178     0.00142362
807     0.000870364     0.0018951     0.00189511     0.0018951     0.00134541     0.00153637     0.00106779
809     0.000831681     0.00181913     0.00181913     0.00181913     0.00130494     0.00148369     0.00104491
811     0.000870364     0.00191147     0.00191147     0.00191147     0.00135057     0.00154575     0.00106659
813     0.00094773     0.00208999     0.00208999     0.00208999     0.00150517     0.00170885     0.00120868
815     0.0009574     0.00212135     0.00212135     0.00212135     0.00150696     0.00172112     0.00119514
817     0.000870364     0.0019363     0.00193631     0.0019363     0.0013893     0.00158009     0.00111142
819     0.000763986     0.00170669     0.0017067     0.00170669     0.00121594     0.00138717     0.00096649
821     0.000734974     0.00164781     0.00164781     0.00164781     0.00117527     0.00134019     0.000935113
823     0.000705962     0.00158928     0.00158928     0.00158928     0.00108403     0.00126032     0.000827341
825     0.000657608     0.00148629     0.0014863     0.00148629     0.0010211     0.00118341     0.00078485
827     0.000783328     0.00177734     0.00177735     0.00177734     0.00122084     0.00141504     0.000938174
829     0.000715633     0.00163033     0.00163033     0.00163033     0.00110748     0.00129007     0.000841704
831     0.000715633     0.00163736     0.00163736     0.00163736     0.00113722     0.00131209     0.000882469
833     0.000686621     0.00157742     0.00157742     0.00157742     0.00109046     0.00126107     0.00084171
835     0.00067695     0.00156228     0.00156229     0.00156228     0.00108728     0.00125407     0.00084385
837     0.000628596     0.00145736     0.00145736     0.00145736     0.000999182     0.00116037     0.000763604
839     0.000531889     0.00123808     0.00123809     0.00123808     0.00084168     0.000981366     0.000637433
841     0.000618926     0.00144744     0.00144745     0.00144744     0.000983104     0.00114685     0.000743557
843     0.000628596     0.00147622     0.00147622     0.00147622     0.00101545     0.00117793     0.000777805
845     0.000599584     0.00141371     0.00141372     0.00141371     0.000958624     0.00111905     0.000724126
847     0.000705962     0.00167129     0.0016713     0.00167129     0.00114646     0.00133136     0.000876282
849     0.000493206     0.00117255     0.00117255     0.00117255     0.000777773     0.000916818     0.000574695
851     0.000589913     0.0014091     0.0014091     0.0014091     0.00093745     0.00110361     0.000694768
853     0.00054156     0.00129927     0.00129927     0.00129927     0.000854972     0.00101165     0.000626079
855     0.000599584     0.0014452     0.00144521     0.0014452     0.0009847     0.00114728     0.000746986
857     0.00054156     0.001311     0.00131101     0.001311     0.000863939     0.00102202     0.000632635
859     0.000522218     0.00126991     0.00126991     0.00126991     0.000825704     0.000983015     0.000595355
861     0.000628596     0.00153544     0.00153544     0.00153544     0.00101043     0.0011966     0.000737631
863     0.000609255     0.00149529     0.0014953     0.00149529     0.00100334     0.00117799     0.000747308
865     0.00040617     0.0010011     0.0010011     0.0010011     0.000640658     0.000768756     0.000452804
867     0.000522218     0.00129249     0.0012925     0.00129249     0.000868325     0.00101921     0.000646988
869     0.000560901     0.00139406     0.00139407     0.00139406     0.000927039     0.0010933     0.000683003
871     0.000464194     0.00115886     0.00115887     0.00115886     0.000755377     0.000899157     0.00054431
873     0.000531889     0.00133352     0.00133353     0.00133352     0.000883584     0.00104407     0.000647907
875     0.000377158     0.000949408     0.000949411     0.000949408     0.00059366     0.00072065     0.000407082
877     0.000493206     0.00124694     0.00124694     0.00124694     0.000807005     0.000964174     0.000576037
879     0.000415841     0.00105527     0.00105527     0.00105527     0.000686574     0.000818369     0.000492832
881     0.000425511     0.00108491     0.00108491     0.00108491     0.000677458     0.000823173     0.000463276
883     0.000444853     0.00113917     0.00113917     0.00113917     0.00074509     0.000886054     0.000537888
885     0.000386828     0.00099398     0.000993984     0.00099398     0.000636184     0.000764201     0.000447991
887     0.000464194     0.00119864     0.00119865     0.00119864     0.000783837     0.000932318     0.000565503
889     0.00040617     0.0010539     0.0010539     0.0010539     0.000668086     0.000806302     0.00046478
891     0.000357816     0.000932419     0.000932422     0.000932419     0.000600077     0.000719301     0.000424592
893     0.000367487     0.000962697     0.000962701     0.000962697     0.000621629     0.000744208     0.000441067
895     0.000280451     0.000737789     0.000737792     0.000737789     0.000441123     0.00054795     0.000283573
897     0.000444853     0.00117609     0.0011761     0.00117609     0.00074936     0.000903319     0.00052211
899     0.000328804     0.000873259     0.000873262     0.000873259     0.000552564     0.000668437     0.000381412
901     0.000299792     0.000799908     0.000799911     0.000799908     0.000501973     0.000609719     0.000342744
903     0.000280451     0.000751739     0.000751742     0.000751739     0.000472842     0.000573726     0.000323737
905     0.000299792     0.000807125     0.000807128     0.000807125     0.000511705     0.000618566     0.000353804
907     0.000444853     0.00120291     0.00120291     0.00120291     0.000774784     0.000929629     0.000546047
909     0.000338475     0.00091976     0.000919763     0.00091976     0.000588963     0.000708606     0.000412225
911     0.000183744     0.000501251     0.000501253     0.000501251     0.00031708     0.000383729     0.00021863
913     0.00027078     0.000742332     0.000742334     0.000742332     0.000474848     0.000571734     0.000331663
915     0.000377158     0.00103896     0.00103897     0.00103896     0.000629636     0.000778083     0.000410128
917     0.00027078     0.000749627     0.000749629     0.000749627     0.000444584     0.000555372     0.000280669
919     0.000280451     0.000779936     0.000779938     0.000779936     0.00048714     0.000593623     0.00032946
921     0.000232097     0.000648462     0.000648464     0.000648462     0.000394047     0.000486685     0.000256778
923     0.000299792     0.000841305     0.000841307     0.000841305     0.000518398     0.000636104     0.000343893
925     0.00027078     0.000763465     0.000763467     0.000763465     0.000485239     0.000586749     0.000334658
927     0.000251438     0.000712064     0.000712067     0.000712064     0.000425737     0.000530307     0.000270587
929     0.000309463     0.000880274     0.000880277     0.000880274     0.000516431     0.000649412     0.000319041
931     0.000203085     0.000580458     0.00058046     0.000580458     0.000353609     0.000436593     0.000230402
933     0.000309463     0.000888573     0.000888576     0.000888573     0.000523158     0.000656934     0.000324409
935     0.000241768     0.000697239     0.000697241     0.000697239     0.000404452     0.000511734     0.000245027
937     0.000241768     0.000700888     0.00070089     0.000700888     0.00040628     0.0005143     0.000245682
939     0.00027078     0.000788559     0.000788562     0.000788559     0.000465948     0.000584325     0.000289937
941     0.000348146     0.00101828     0.00101828     0.00101828     0.000627878     0.000771208     0.000414754
943     0.000280451     0.000824044     0.000824046     0.000824044     0.000502338     0.0006205     0.000326616
945     0.000145061     0.000428251     0.000428253     0.000428251     0.000258912     0.000321137     0.000166352
947     0.000241768     0.000716832     0.000716834     0.000716832     0.000420247     0.000529288     0.000258019
949     0.000241768     0.000720174     0.000720176     0.000720174     0.000436178     0.000540671     0.000280673
951     0.00013539     0.00040497     0.000404971     0.00040497     0.000232447     0.000295987     0.000137838
953     0.000203085     0.000610519     0.000610521     0.000610519     0.000360831     0.0004529     0.000223653
955     0.000203085     0.000613186     0.000613188     0.000613186     0.000355745     0.000450816     0.000213994
957     0.000280451     0.000850644     0.000850646     0.000850644     0.000495206     0.000626664     0.000299043
959     0.000183744     0.000560015     0.000560016     0.000560015     0.000333946     0.000417682     0.000208892
961     0.000183744     0.000562405     0.000562407     0.000562405     0.000358723     0.000434273     0.000245812
963     0.00013539     0.000416665     0.000416666     0.000416665     0.000229466     0.000298998     0.000125494
965     0.00013539     0.000418583     0.000418585     0.000418583     0.000243492     0.000308596     0.000146042
967     0.000261109     0.000811019     0.000811022     0.000811019     0.000501454     0.000616693     0.00032889
969     0.000174073     0.00054341     0.000543412     0.00054341     0.000314506     0.000399808     0.000186698
971     0.000212756     0.000667083     0.000667085     0.000667083     0.000390526     0.000493695     0.000235878
973     0.000212756     0.000670187     0.000670189     0.000670187     0.000382208     0.000489751     0.000220949
975     0.000261109     0.000826371     0.000826373     0.000826371     0.000491143     0.000616449     0.000303135
977     0.000183744     0.000584493     0.000584494     0.000584493     0.000345601     0.000434982     0.000211443
979     0.000106378     0.000339852     0.000339853     0.000339852     0.000201835     0.000253522     0.000124215
981     0.000154731     0.000496376     0.000496377     0.000496376     0.000288307     0.000366294     0.000171127
983     0.000203085     0.000654687     0.000654688     0.000654687     0.000378076     0.000481839     0.000222096
985     0.000183744     0.000595224     0.000595225     0.000595224     0.000357459     0.000446724     0.000223229
987     0.000154731     0.000503806     0.000503806     0.000503806     0.000275497     0.000361282     0.000146469
989     0.000145061     0.000474466     0.000474466     0.000474466     0.000269616     0.000346635     0.000153711
991     0.00013539     0.000444734     0.000444734     0.000444734     0.000266342     0.000333462     0.000165307
993     0.000116049     0.000383213     0.000383213     0.000383213     0.000202541     0.000270567     0.000100123
995     0.000125719     0.000417119     0.000417119     0.000417119     0.000231507     0.000301437     0.000126191
997     0.000174073     0.000580295     0.000580295     0.000580295     0.00033056     0.000424696     0.000188732
999     7.73657e-05     0.000259236     0.000259236     0.000259236     0.000130203     0.000178842     5.69235e-05
